x_corr,y_corr,z_corr,theta,dist_out,cur_phi,phi_bin_cur,emb,rel_theta,phi_abs,low_dorsal_margin,high_ventral_margin,high_margin,uniform
46.760289552484416,-88.64280062511126,294.3323483889609,0.2178136720990886,14.18883289673073,-1.6923603519576471,5,D06_px-1055_py-0118,0.14084003594842556,1.6923603519576471,1.9595112117660807,2.0887640402001604,2.17334136927927,2.2349904799695626
72.7105045758367,-80.81550417918282,294.2575795116271,0.2356734352599304,13.021001260485605,-1.4451210877157976,6,D06_px-1055_py-0118,0.15238829947735144,1.4451210877157976,1.7248014463249042,1.9991440419680837,2.3273982286665813,2.1713567274180754
91.93080142324683,-63.87409105390055,294.8366052516495,0.2419553396978578,11.96141749677696,-1.2142112142686972,6,D06_px-1055_py-0118,0.15645022836517525,1.2142112142686972,1.4563827467166102,2.5257406445634105,1.8787555763975616,2.4303608347946355
63.98313911331666,-55.416540577084994,291.9781841727372,0.186252919192356,18.52707276803113,-1.3207531778267994,6,D06_px-1055_py-0118,0.12043260453649174,1.3207531778267994,2.177410352944083,2.234877839011003,1.1934965604895642,1.6731420899002187
111.15280278938764,-42.63866308369188,292.5913848640251,0.2585540386336702,12.99258614298401,-0.9732720417310028,7,D06_px-1055_py-0118,0.16718307783365768,0.9732720417310028,1.3483931508731373,1.9423664860347938,2.803137780258366,1.5272905973218773
77.63128681363224,-35.67705329992026,290.64560727837403,0.1887956162997845,19.74036713509315,-1.0377637673986184,7,D06_px-1055_py-0118,0.1220767325132391,1.0377637673986184,1.8123356826853114,2.517004664493834,2.24185210447782,2.1258004392990024
63.165391953914245,-14.517684570251784,293.21590701025184,0.1426990570238943,19.417060535366204,-0.8328922072761562,7,D06_px-1055_py-0118,0.09227033421441407,0.8328922072761562,2.2138958334875376,2.2712054064934724,1.8620198882055536,2.9580197510015136
104.2326587796327,-10.886685473269432,294.5074840685415,0.2273033433717284,13.3609728466742,-0.7110482105725571,8,D06_px-1055_py-0118,0.14697613213695734,0.7110482105725571,2.109018922732394,2.5224053165587583,2.3047677647872704,2.0692228434515596
40.59557227075349,-8.59876636462314,293.740807921611,0.0915675950565392,20.66731158234313,-0.8157097881083923,8,D06_px-1055_py-0118,0.05920832817880682,0.8157097881083923,2.1635481601189435,1.6508071497290777,1.9582001838778493,2.3451156216660034
-34.44794543999478,-0.58239494669701,293.5082240703928,0.076151389322614,21.282572253444982,2.5515180332108907,18,D06_px-1055_py-0118,0.049240088128353926,2.5515180332108907,1.8655574599507625,1.849892920463879,2.224274520068306,1.0648244640751097
136.16346647406473,13.797132127576177,294.6428375380357,0.2932200913662631,7.864445794638925,-0.5059964893709521,8,D06_px-1055_py-0118,0.18959842057131326,0.5059964893709521,1.8370139502639868,1.8518383578169029,1.951581550384061,1.886734815117313
86.31489251006856,18.1637445152924,295.1083916667462,0.1918889504836157,15.01772665737616,-0.3995699695126657,9,D06_px-1055_py-0118,0.12407690676057967,0.3995699695126657,2.4557434750253835,2.054170664432415,2.6166268250965654,2.4191774904341843
3.247060782658414,18.04391532804656,293.02260878545496,0.0406465976356573,22.3790560228278,0.7857691626612017,12,D06_px-1055_py-0118,0.02628241017663426,0.7857691626612017,0.960066055683434,2.032839826537028,1.8500024186683677,2.6325258268909253
34.36252865242488,22.456859378539686,294.5370445660136,0.0903444840498722,19.9007192703873,-0.0281284783938757,10,D06_px-1055_py-0118,0.05841745496828802,0.0281284783938757,2.5660933885157533,2.2753314407152687,2.344762613809087,1.7878554216296711
60.07217051958212,27.351820671267607,293.1732648047043,0.1453115947457632,19.347912533963893,-0.1797136175234004,9,D06_px-1055_py-0118,0.09395962168254529,0.1797136175234004,2.6407786329215783,1.8772741284844363,2.386571964042865,2.6727553745566865
112.11025739437348,34.44713758578228,294.7633547272392,0.2530822789091702,11.181977501441168,-0.3088744269191975,9,D06_px-1055_py-0118,0.16364499489849121,0.3088744269191975,1.843211015309151,2.2637506041296716,1.530085624754629,2.0464901887053157
44.68744491385013,51.72253339531485,289.1516625143327,0.1524629794504137,23.09870771307743,0.2512600714950912,11,D06_px-1055_py-0118,0.09858376335913296,0.2512600714950912,0.9803744563064509,1.187262279274524,3.0048636795407013,2.1264213560793177
132.8014503854072,52.71554806438924,293.5945326011149,0.3063711964265777,7.710208046839511,-0.2291051469761265,9,D06_px-1055_py-0118,0.19810202868556248,0.2291051469761265,1.5601511594980333,2.963573750510321,1.4497719562610327,0.9499546820246039
75.83171436222598,56.75528744041598,293.7546268096214,0.2065963883384231,15.506776511941382,0.0355207314080586,10,D06_px-1055_py-0118,0.1335868519179157,0.0355207314080586,1.932344511692178,1.4070401943169886,1.7161605339061416,1.5139220487005485
-9.94794337625815,61.13368105956344,294.6768795871098,0.1357820587606409,18.22954013317764,1.1251273473926835,13,D06_px-1055_py-0118,0.08779774865693528,1.1251273473926835,1.8946619548701935,2.4509944221876507,1.0464320485401428,1.4574180463896649
105.98904318131136,73.86831570193137,294.50051316449725,0.2777686323165573,9.40515265044968,0.0016917685598039,10,D06_px-1055_py-0118,0.1796073854492104,0.0016917685598039,2.8223741796933197,1.9746206142036127,1.5573773656850673,1.839036137057805
-78.69650575422489,75.96911848972188,293.7899782479629,0.2374390523747074,13.373265543697414,1.7668472190939823,15,D06_px-1055_py-0118,0.15352996141032332,1.7668472190939823,1.5877043164653601,1.4447751494762024,2.025142425888598,1.094140802209502
39.64988473095113,82.63840020818441,295.85311497590794,0.1987185718979764,13.851609254590812,0.5164595749204411,12,D06_px-1055_py-0118,0.12849299375935683,0.5164595749204411,2.4961740587025973,1.6301379040312358,1.4915722201658184,1.923792317239662
-32.85532478705888,89.99145933807111,293.93572737295807,0.2087657298930393,15.184425756210544,1.3138744295246203,14,D06_px-1055_py-0118,0.13498956525354858,1.3138744295246203,2.1554364256549094,1.9763726852025012,2.2254391043244084,1.7139323000383853
71.73875172278241,94.99158157857164,291.5424590954071,0.2594155860888338,14.00873467633761,0.3169885477232803,11,D06_px-1055_py-0118,0.16774016120398585,0.3169885477232803,1.021041357143758,2.295033915418355,1.303110686644906,2.7421839941020547
14.141847491984857,106.92723690702144,295.8177775503869,0.2327036306164125,11.631916263301209,0.832323202249342,13,D06_px-1055_py-0118,0.15046800040373506,0.832323202249342,2.134743605536097,2.715366272695518,1.5546981152210595,2.2665129992776833
-76.60374633021459,121.45068811954458,294.5350341616468,0.3068762219891487,6.674373520101938,1.5265327489944984,15,D06_px-1055_py-0118,0.19842858219206147,1.5265327489944984,1.3663603471049914,1.8581977531554568,2.574982661610443,1.953591847150564
50.84898116680646,125.249475031401,294.60032334093967,0.2898538001481945,8.21956706521837,0.578164533241993,12,D06_px-1055_py-0118,0.18742175015573914,0.578164533241993,2.4329856436248134,2.0962482370060105,3.343031016894889,2.335012452286011
-24.796892682358283,129.38336711388175,294.2552957206302,0.2831843298717248,9.182404462787986,1.1531750210176743,13,D06_px-1055_py-0118,0.18310921814412315,1.1531750210176743,1.8044658425980513,2.130640700222925,1.7770479014927814,1.415373244229128
48.31973953846981,-127.47903609823292,292.7452988125713,0.2939323267729706,9.780735531091691,-1.8154673957189853,5,D06_px-1055_py-0118,0.19005895759508096,1.8154673957189853,1.4658170816717986,2.1635736763235274,2.937900387274502,2.0169303914272936
-30.805960210120787,-122.1177389024767,292.64714180641386,0.2727616393659864,11.762434585426092,-2.424884599622399,3,D06_px-1055_py-0118,0.17636982437071616,2.424884599622399,0.85783350540345,2.2711214259542922,1.7964810705271645,1.588348932363955
-16.828390843636324,-103.05819153106216,294.1616800494985,0.2267715935550805,13.752994713035378,-2.3396375197080954,3,D06_px-1055_py-0118,0.14663229851728363,2.3396375197080954,1.4338490707821236,1.6113339131394047,2.1850657566269387,2.409498486739933
80.79214799728666,-101.00919161103216,293.0708706834437,0.2793717889581622,10.752012768015902,-1.5031267120123497,5,D06_px-1055_py-0118,0.1806439991606393,1.5031267120123497,2.295286638178835,2.308447884162567,2.271989405643338,2.195861517662363
108.1235947516986,-90.6121059037799,293.226680393237,0.3030817160010319,8.414055831279256,-1.304490224096288,6,D06_px-1055_py-0118,0.19597502473341963,1.304490224096288,1.610873611871681,1.6304248185279433,2.7025892467711863,2.0148842455438345
12.13101364239247,-90.75318241031655,292.97030783966693,0.2004137889879267,16.68980248246578,-2.0448931679002262,4,D06_px-1055_py-0118,0.12958913448178297,2.0448931679002262,1.9304613054583413,0.9386067513012464,1.8272508426506555,2.3528664632065803
-16.482688608061046,-71.23977136617677,294.5053138165889,0.1600066215898346,17.327956192026647,-2.405144261446153,3,D06_px-1055_py-0118,0.10346154178258642,2.405144261446153,3.129986956277317,1.305661896950006,2.0566536809744997,1.5357110122998092
-69.53395438756152,-63.05351138908551,291.9541852261054,0.206014859699487,17.382638636003264,-3.0120118958854323,1,D06_px-1055_py-0118,0.13321083091967673,3.0120118958854323,2.2782320402916114,1.575111168445457,1.9572363490465192,1.555784331866227
-118.0434463403616,-57.799266420781805,291.84926703517243,0.2847717332251289,11.547380953344202,2.9899416690340948,19,D06_px-1055_py-0118,0.18413564565532353,2.9899416690340948,2.400302862347936,2.168227064083043,1.7766792761393662,2.2635148453158243
42.42728343711379,-44.94126809181597,294.5929461158368,0.1355315037713824,18.32442168402406,-1.4211442378828736,6,D06_px-1055_py-0118,0.08763573782743064,1.4211442378828736,2.26035673999583,1.242735373963051,2.24145405514703,1.665948184567264
-39.010234320718816,-36.84126285683647,293.5919880986172,0.1182402256105276,19.98755951434476,-2.991761204415856,1,D06_px-1055_py-0118,0.07645506117706345,2.991761204415856,2.677953322210895,2.37318056493762,1.8867114035479016,1.213913309457456
-97.68727659398276,-30.024082084460133,293.20996688002833,0.2227938193087252,15.003273422259156,2.832798363008986,19,D06_px-1055_py-0118,0.14406023835938617,2.832798363008986,2.096560635132163,2.345935258255924,1.5610013942743457,2.1709038641073954
-89.76917572543987,-34.96533155443278,296.4420701129848,0.2081779413792944,12.660132701071802,2.9060374302847256,19,D06_px-1055_py-0118,0.13460949657095347,2.9060374302847256,2.546961876665594,2.0764966633391766,1.4478616381130762,2.423334079749891
145.75683770803315,-32.710854697526635,293.6912057432492,0.3193012725895511,6.3177908217635945,-0.8277425403138745,7,D06_px-1055_py-0118,0.2064627177738976,0.8277425403138745,2.2115892758168223,1.2086769289520563,1.6830731171859923,2.3893806640792263
-5.274680199249727,-24.639917894187505,294.74344097749685,0.0555126276099113,20.445716425676835,-2.3886634423721,3,D06_px-1055_py-0118,0.035894902247526006,2.3886634423721,2.692726590247122,1.8606456890481624,2.2636471745941678,2.439365850270053
17.126301223946886,-28.5507477580677,292.68049989778734,0.0738055639148498,22.164422819501283,-1.6374631778714883,5,D06_px-1055_py-0118,0.04772325894323307,1.6374631778714883,2.4218821411617526,1.3511047419125477,2.454543284344633,2.684799908658446
-69.06366438876769,-14.654600357164938,295.01914428650275,0.1543154471042513,17.076867605094606,2.7437016320858936,18,D06_px-1055_py-0118,0.09978158353472366,2.7437016320858936,2.139914319682359,2.381223409834192,2.127117671626763,1.3090122988298882
153.2695913406109,-2.7069706688194644,292.31983798494394,0.3285111246478393,6.808705479539697,-0.6246391943758202,8,D06_px-1055_py-0118,0.21241788065448533,0.6246391943758202,1.9882120091225208,2.2327480733936476,1.4010541817928486,1.684514398088162
-124.5739213618046,14.059294745217654,294.6256797067973,0.2698330490552348,9.957058465149714,2.4222296083392054,17,D06_px-1055_py-0118,0.17447617480928354,2.4222296083392054,1.3377767257152284,2.347231863637098,1.9544413211969358,2.0938768849186244
-60.510438840608366,25.92510987804023,295.74704563950155,0.1436862868300969,16.81739919571271,2.1298321314266286,16,D06_px-1055_py-0118,0.09290868478283788,2.1298321314266286,2.3286238889103,2.863683914481134,2.315819765471543,1.9920443935293732
-20.81686850429509,27.53027980402215,295.0637959182083,0.0758866904156142,19.728445088214528,1.6112387728238415,15,D06_px-1055_py-0118,0.049068931730235806,1.6112387728238415,2.344190983658319,2.3429574585412,1.5226833444702037,1.956566206548668
17.329753742678104,37.11144564172409,293.1552555919104,0.0905664991370651,21.282239024808632,0.5269445148572715,12,D06_px-1055_py-0118,0.05856101167232777,0.5269445148572715,1.456718991008925,1.0039718458248692,0.58003076332631,1.7818183786723942
-88.863924550878,41.467191749267855,295.142557999838,0.2126996301274293,13.696829858147224,2.0980103550576046,16,D06_px-1055_py-0118,0.1375332561297437,2.0980103550576046,2.103779826728836,1.9696344063080466,1.697915195067388,2.3137952399977104
-143.16831086719554,49.70678237479651,292.8856918060807,0.3244524419911156,6.635833627147065,2.200442732806782,17,D06_px-1055_py-0118,0.20979350448118353,2.200442732806782,1.9974020567626043,1.7282267430927707,1.8786547025746072,0.8240062583042866
-49.798700662259286,53.642223315521015,295.167211728282,0.1598096028356868,16.666994451010794,1.7120753509885454,15,D06_px-1055_py-0118,0.10333414790437262,1.7120753509885454,2.0879817013530735,2.087398790116991,1.0591513310058636,2.472885707405961
-113.10881508842078,57.62012163320238,294.68636164930626,0.2730043323234896,9.624147453770831,2.0634563350573383,16,D06_px-1055_py-0118,0.17652675154856395,2.0634563350573383,2.299859117082679,1.430947982680407,1.4883501630547038,1.6423620450474918
15.792751194023207,72.36488132026658,289.22061906790606,0.1649496638882069,22.443551492267886,0.7489479743711663,12,D06_px-1055_py-0118,0.10665775186567354,0.7489479743711663,1.470669253888342,1.7824883544183674,1.486005102863764,1.7710851461309312
112.09974270079066,104.52139455034276,292.7329809210185,0.3280293001475833,6.422970222651884,0.1434485506619526,10,D06_px-1055_py-0118,0.2121063291376181,0.1434485506619526,2.403268703394402,2.318619013571135,1.825279152826344,2.121044885997333
19.62069236821933,-140.71387362474576,292.43797049770245,0.3058790419944562,8.9709634431278,-2.0392323324925257,4,D06_px-1055_py-0118,0.19778379775338925,2.0392323324925257,1.6373017303887227,1.633088260288185,2.2210145371609076,1.9551141665809317
-0.6927175096092679,-127.5892423409462,293.36928277059053,0.2755066557595766,10.777324446894228,-2.1832050836213357,3,D06_px-1055_py-0118,0.17814477359142616,2.1832050836213357,1.4147370148950156,1.9458640228469877,2.0707903141729194,1.511144946762823
25.100814252037235,-120.84617465975086,289.09869838851324,0.2706943234234238,15.619959672697178,-1.9729790958162887,4,D06_px-1055_py-0118,0.17503308159942302,1.9729790958162887,1.967217268547157,1.785972521628123,1.6948400685207001,2.118800220501696
-47.723408464840894,-93.64543669079984,294.8046431424915,0.2277203600595285,13.026752712964026,-2.6490882995187954,2,D06_px-1055_py-0118,0.1472457784118438,2.6490882995187954,2.3720048377886016,1.7557732374710588,1.4174709067170523,2.5237767579165835
-74.87993858579871,-94.14743360058064,293.1416887496143,0.2606668767525866,12.253152737039043,-2.849673547506178,1,D06_px-1055_py-0118,0.1685492556027282,2.849673547506178,0.8882614292681024,1.8027468141605212,1.86307028124436,2.481156619608498
23.53297634450209,-73.7457132613635,291.5339970239147,0.1709074077117561,19.79969225731781,-1.8688806761592176,4,D06_px-1055_py-0118,0.11051007594704922,1.8688806761592176,0.9278818346171986,0.4369221354744688,2.5507121162990893,1.4216071468673463
134.19094952916873,-68.76735179903596,291.8734995383524,0.323966514865966,7.75402752903625,-1.080544542207696,7,D06_px-1055_py-0118,0.20947930017474656,1.080544542207696,1.5244482123798981,2.4194298999195203,1.3323063429973994,2.39178707061845
12.706543470054871,-57.697979582212255,294.7952004600824,0.1295384934322398,18.35791281093504,-1.961010853244705,4,D06_px-1055_py-0118,0.0837606101393021,1.961010853244705,2.3397567350380264,1.7012315684825015,1.3511575225240202,1.8906135982310257
-142.55560754163918,-30.700681112578405,290.5628605525578,0.3153292603822195,10.011621343114484,2.746732716849876,18,D06_px-1055_py-0118,0.20389438339581653,2.746732716849876,1.6761286579732193,2.3244307173549563,1.6671761938157736,1.3622222201410472
-94.61918764343532,8.34335237204781,297.23135733841883,0.2048081890972162,12.067795823009815,2.4466623730315726,17,D06_px-1055_py-0118,0.1324305882041303,2.4466623730315726,1.8154721988981426,2.496450642740982,1.4910831708011343,2.7041705460633776
-76.55071497335265,19.604126221481604,289.8596023273777,0.1753814711287099,21.268584827374585,2.283907848714521,17,D06_px-1055_py-0118,0.1134030405915856,2.283907848714521,1.5490073854933848,1.5004835440633901,1.8666266671751077,2.308455043292572
64.41437707057459,67.80272243988276,290.14844956596073,0.2065244793377789,19.195773199690507,0.2040401578920243,11,D06_px-1055_py-0118,0.1335403549917212,0.2040401578920243,2.410534017083245,1.7644702991315793,1.5038791911059362,2.349522278617795
1.7534121826699551,90.21747707787952,290.96197723955885,0.1989153819152467,18.829165792191983,0.9443838478791284,13,D06_px-1055_py-0118,0.12862025266666155,0.9443838478791284,1.428855849624191,1.8676142820789097,1.7701016346952136,2.350824141450179
-62.71836444525434,96.84538567069318,293.9704370033492,0.2497899923150491,12.257666098616935,1.5385123983563176,15,D06_px-1055_py-0118,0.16151617645564528,1.5385123983563176,2.2616643716748985,2.0915559816041656,2.365154487450694,2.493304376139478
-13.661466751337825,95.5751043280347,285.2466119107096,0.2165536576436509,23.575657987935244,1.1057946522101894,13,D06_px-1055_py-0118,0.14002530067726843,1.1057946522101894,1.5574742489345355,2.010123931175576,1.3972569433802557,2.4017057203536982
30.058838036360907,113.21168388096024,290.96215905173034,0.2559353996672198,14.885090770940169,0.7042945576097278,12,D06_px-1055_py-0118,0.16548984525272473,0.7042945576097278,2.6625806080680094,1.4328636902985528,2.0674706234625457,1.8470025244024244
11.9850342640157,139.88421416955913,293.1743964951876,0.3017684564213423,8.594669927736561,0.878347277185661,13,D06_px-1055_py-0118,0.19512586074554583,0.878347277185661,2.6015182404807904,1.3141715507008787,1.53797796880427,2.0498264875308556
-1.4450087853363305,-63.78955581743814,289.9414949073142,0.1420783348462404,22.751160842995773,-2.200424733912045,3,D06_px-1055_py-0118,0.09186897036533949,2.200424733912045,0.8136683278646568,2.4602215674708674,2.2986885000854076,2.132468966444177
5.095748031645301,-45.860828262653705,290.01403529080994,0.1030527418647281,24.08305520877417,-2.067116473910843,4,D06_px-1055_py-0118,0.06663471456561912,2.067116473910843,1.2586844029596005,2.487672803317568,2.5765634636478945,1.6635573623057631
-75.54555707137882,-38.802660393208285,290.23354719122045,0.1879577209932761,20.20707661023164,3.0091072313580614,19,D06_px-1055_py-0118,0.12153494280852314,3.0091072313580614,1.6477692426715875,2.2215284121234453,1.8213327056631468,2.2624211456611474
-81.63599320256445,-20.928110123715424,289.7605558392042,0.1868451477791518,20.750768847467786,2.7855675817236967,18,D06_px-1055_py-0118,0.12081554420529296,2.7855675817236967,2.4730584514938343,1.7832768064547246,1.5065702671678607,1.363730500188264
18.313699086141312,-7.425061509444591,286.3673415956184,0.0448251991407566,28.9886082144194,-0.9921646554757082,7,D06_px-1055_py-0118,0.028984326821814368,0.9921646554757082,2.750938307899953,2.8618839110462577,1.231642215950596,1.6318722357839606
3.7042850320102176,0.1970961763423089,286.6608871586062,0.0084111031159804,28.97286199535773,-0.5538220416467048,8,D06_px-1055_py-0118,0.005438685523292964,0.5538220416467048,2.1542262103490186,1.420382912725318,1.8993722431399345,1.1864462393848672
-50.2565496851445,2.560816690912413,287.0455515954878,0.1134616306898583,26.74072868876448,2.483702268315314,18,D06_px-1055_py-0118,0.07336518406363847,2.483702268315314,3.081585590643785,1.6735924216101605,2.314813775541447,2.4922507745846447
-95.37012319770209,10.575531994783557,293.0041581297746,0.2097353072636816,16.074996202534464,2.424174952011372,17,D06_px-1055_py-0118,0.13561650161810296,2.424174952011372,2.8322733245836496,1.1634907759724902,1.97398720783617,1.649819021631168
67.04315138277286,11.44506207367534,290.4581480525322,0.1510433488446868,21.840681462620186,-0.4378975765577269,9,D06_px-1055_py-0118,0.0976658190280117,0.4378975765577269,2.8407725713655463,1.7387482361653936,2.870942813193838,1.8812947395525097
-2.625181380889829,36.39771119355469,285.6204901788507,0.0828570175065688,29.040153924539027,1.035817022018526,13,D06_px-1055_py-0118,0.05357600012774086,1.035817022018526,1.7066863722119099,2.832273460603558,2.9768079264546223,1.765622993053316
-45.12246908122961,36.60431849432135,289.7090927123557,0.1296297498737653,23.483519617154684,1.8530671378513257,16,D06_px-1055_py-0118,0.08381961727315698,1.8530671378513257,2.5222384778953137,1.7079612590787883,1.6727282911913979,2.4868119783142184
-62.72837387361191,38.60230254838362,288.7549486953498,0.1643048445053163,22.9469862090844,1.9829555223338893,16,D06_px-1055_py-0118,0.10624080657389572,1.9829555223338893,1.5874218306592645,1.6959947284210872,2.282739114846282,2.426730400023385
35.69043482933221,41.12448453988953,289.59970075990515,0.1216133792472283,23.889348917483574,0.2490430893250576,11,D06_px-1055_py-0118,0.07863616888657567,0.2490430893250576,1.9048233854814929,1.09009442632642,1.7572071094485606,3.401586390092845
84.38261208897687,42.81606930135861,289.3999014823365,0.2094115562611823,19.78038001372244,-0.1374263346451182,10,D06_px-1055_py-0118,0.13540716166992195,0.1374263346451182,2.0470412913322766,0.8543853778057808,2.2372451404117837,1.9741077308669075
58.86752390969473,48.247476700407,290.0724684436477,0.1689302114292791,21.382669256937618,0.0795953789765669,10,D06_px-1055_py-0118,0.10923160525777828,0.0795953789765669,3.1493408805700023,1.5678403370518579,2.8393882705292377,2.1325759707142877
103.04766456801048,57.02057970031415,290.63606669862565,0.2575438505098939,15.095276044122102,-0.1015742642211938,10,D06_px-1055_py-0118,0.16652988223626378,0.1015742642211938,2.5270131305168273,1.5006590445589194,2.882487240763118,1.8092165199818682
2.388836041812615,69.07951792868087,287.4745440718909,0.1550328335839323,24.67965474556115,0.9292496096080513,13,D06_px-1055_py-0118,0.10024545128284748,0.9292496096080513,2.605293454545346,1.9741707826698005,2.1400672747265848,1.5862276330911915
-31.98588111984813,70.98343446484583,289.501611748498,0.1730593197121735,21.7522934630544,1.3871783000186206,14,D06_px-1055_py-0118,0.11190151919565648,1.3871783000186206,2.4407373400761334,2.2254819649184143,3.0443210964045857,2.546249056680299
-49.2456024309122,72.63645616415286,288.9413139879755,0.1949097661583382,21.12592203335328,1.5596065056411068,15,D06_px-1055_py-0118,0.1260301899687519,1.5596065056411068,0.7327965619816212,1.8050943765583343,2.4135685336244634,1.739819091481257
-136.74054879772248,85.84443432555058,288.75853332673177,0.348592660358797,8.4063570508809,1.9740095826532205,16,D06_px-1055_py-0118,0.22540275981369723,1.9740095826532205,2.231740162131672,1.5407125858719273,2.4424735430744158,1.7841746482708163
-107.25301685771,92.6227249677316,289.5845607489324,0.3079649797086322,11.762435134577911,1.8222815883930656,16,D06_px-1055_py-0118,0.19913258150887855,1.8222815883930656,1.8332935259780088,1.996612495858479,1.333763171945738,2.8151487004212967
20.018007879461774,90.07504667215794,289.56091536256326,0.2042433066375965,19.93662243652761,0.7451337696115862,12,D06_px-1055_py-0118,0.13206533075654786,0.7451337696115862,2.3495852613492616,2.5477365157202385,2.037872893575449,1.6678214861294878
-48.14598875063902,95.20035985061956,289.62607820436494,0.2350007934555656,17.83220609710429,1.4320404890314844,14,D06_px-1055_py-0118,0.15195336398871023,1.4320404890314844,2.4323714099706706,1.2927891720138143,2.125120044149236,2.226617490180021
-100.61832202884874,-94.22113673249214,291.4174407206109,0.2982899822188617,10.763043942646334,-2.99599534103878,1,D06_px-1055_py-0118,0.19287665192866235,2.99599534103878,1.6907750659428507,2.2013038896679884,1.7829673314121701,2.629614496071294
-34.95992353313105,-84.253627839938,286.6293612142222,0.203983170321982,22.94616444995779,-2.5710920315522734,2,D06_px-1055_py-0118,0.13189712456595587,2.5710920315522734,1.1693320799132179,1.5300176309018758,1.8443387619559106,1.0403598498397986
-142.07557782460918,-72.77774074679961,289.54375506756503,0.3441007675908353,8.0698978471911,3.0080099930066515,19,D06_px-1055_py-0118,0.22249826657036953,3.0080099930066515,1.5365424466489113,1.9692308103733764,1.6142760420606317,1.561141081228851
45.34328939836568,-75.44417452608023,283.18433307883816,0.1993549954866367,26.73762835607738,-1.636608335391129,5,D06_px-1055_py-0118,0.12890451026445743,1.636608335391129,2.472271157734732,1.960753432153584,1.6499760003543051,2.0208993790836893
-47.460739365166354,-72.52079776217434,287.95779075247435,0.1931991199379208,22.22708770073081,-2.757268220638811,2,D06_px-1055_py-0118,0.12492407264904104,2.757268220638811,2.101029081084414,2.550644251277279,1.6262964233328865,1.5113004818609015
-26.453492679694712,-60.20849456722772,287.5672459140517,0.14756756980951,24.916921319649305,-2.591750430162814,2,D06_px-1055_py-0118,0.09541835292753485,2.591750430162814,2.293035098782732,2.139792396755248,2.2511647407116717,2.020041612997218
-19.54384267409628,-45.58948270225703,290.6173138321289,0.1104890212257156,23.24360514974296,-2.5827694312988703,2,D06_px-1055_py-0118,0.07144307137091443,2.5827694312988703,2.6445558154974513,2.314756470333915,1.779983317637373,2.213737209989617
-113.70160889300092,-29.05954274388696,289.7664947942212,0.2574117821097826,16.004926513373107,2.784834019221258,18,D06_px-1055_py-0118,0.16644448576853946,2.784834019221258,2.069877372526356,1.748031729658778,2.1903375267565544,1.335413347637763
33.00783474407047,-27.353068665082848,286.73208895251344,0.0968754370887734,27.561050366501263,-1.2989677320440522,6,D06_px-1055_py-0118,0.06264042064308678,1.2989677320440522,2.3387501045594172,1.9583256615285436,1.4299449519114764,3.0870192402296657
4.323488452471688,-14.400067969830491,289.64349235970013,0.0337280663562832,25.835572439550845,-1.886098127910338,4,D06_px-1055_py-0118,0.021808833358857298,1.886098127910338,1.3119071604191868,2.2136822733137143,2.5557388523047866,2.24810281033161
-15.035080612786157,-4.381234649305095,288.84915290802275,0.0352262224788443,26.615429443897654,2.8181621987484577,19,D06_px-1055_py-0118,0.022777552907655273,2.8181621987484577,1.857079716554587,2.3139063215025852,2.039740070627669,1.9388047730293514
-83.96696300077495,2.067341266960319,287.1808416999532,0.1878651410916386,23.31965684512648,2.509997206015331,18,D06_px-1055_py-0118,0.12147507991493585,2.509997206015331,2.939164643037303,2.0820734353682226,1.4486083327081647,1.7570482442089856
-70.22127689601672,-0.8823726548668603,288.9738492870463,0.156669347149543,23.086931493535417,2.547178063006096,18,D06_px-1055_py-0118,0.10130363384406818,2.547178063006096,2.876376378863589,1.9822070818727728,1.9892794804054712,2.5567297715668484
-157.44789439729016,0.7630281776640073,289.76463398614635,0.3395149696316691,8.337045777908031,2.529766933071115,18,D06_px-1055_py-0118,0.21953305349078212,2.529766933071115,1.9776951600469332,2.186552211794287,0.7833939226806625,1.7938054137318131
-109.19116805841816,3.230280575500571,289.9141650611825,0.2401902829191703,17.161097395604997,2.505038031105787,18,D06_px-1055_py-0118,0.1553089287499322,2.505038031105787,2.4117047112210273,2.011050199026326,1.118224519619154,1.7734621319581423
116.6270731537443,11.421570399183407,290.0878832222291,0.2567798818914746,15.722420009316806,-0.5093584139900066,8,D06_px-1055_py-0118,0.16603589411033615,0.5093584139900066,1.3578157025376933,2.2878954134260416,1.8205778725515342,1.5160931438380236
-94.90070985991164,20.714838070994293,288.9751168514437,0.2151086147995183,19.851714305839664,2.3197048967905363,17,D06_px-1055_py-0118,0.13909092459263925,2.3197048967905363,2.447239938371634,2.650660733051623,2.510326808118565,1.6480252865841
77.41270909961652,25.917377737265934,286.5839939704928,0.1830848262467424,24.188728977967344,-0.2839141733366838,9,D06_px-1055_py-0118,0.1183840906849591,0.2839141733366838,1.7059764360076972,2.3597749083750106,2.352074903687277,2.4184348971123932
-30.49109429101813,33.543241274054395,289.672444311403,0.1013691297021114,24.47675272596956,1.7015867799316893,15,D06_px-1055_py-0118,0.06554607768061095,1.7015867799316893,1.70888590787052,1.9505554781382948,2.9998814092916084,1.6428928394187263
154.936753091355,50.6390637188976,289.534527381298,0.3508015217308484,7.332446473429627,-0.2910870264429596,9,D06_px-1055_py-0118,0.22683102697455423,0.2910870264429596,1.183398581733861,2.127847323726357,2.5407162896782935,1.9887867893148972
19.445834366514767,55.89887530639535,285.88920451672595,0.1337592641901042,27.1779805080646,0.6290361148815785,12,D06_px-1055_py-0118,0.08648979375545846,0.6290361148815785,2.723577252386645,1.4575832346235078,2.2775629841172504,1.79182780744588
-84.0406281946723,56.89802825473503,286.01892968320124,0.2266797023399312,22.11592151772589,1.9394701632911773,16,D06_px-1055_py-0118,0.14657288093380388,1.9394701632911773,2.128275665689161,2.2565428549936035,3.403446151218637,1.9868138965283775
-26.07573012618497,59.64292059347381,285.5911125604306,0.1470827061506267,26.935542420202296,1.3759732271886898,14,D06_px-1055_py-0118,0.09510483626676187,1.3759732271886898,2.448651464572926,2.2380065452784574,1.5462662265053972,2.2229038254147855
-62.77050587331324,59.50688473048445,288.9661552700285,0.1921587642504499,21.259365016265576,1.7758989306485735,15,D06_px-1055_py-0118,0.12425137046735295,1.7758989306485735,1.8557548321712223,2.2974924303723956,1.1259030954763487,1.0784753988895641
36.84283264232905,63.76846822238104,288.5603044173968,0.1643962041455236,23.139855792881065,0.4399112173476555,11,D06_px-1055_py-0118,0.1062998804368311,0.4399112173476555,0.9063370515389111,2.50715894535765,3.066665523199453,1.7801914985391498
-98.61635011743512,70.57563220237485,289.5284729800251,0.2658095214946878,15.577120760881428,1.913455198962892,16,D06_px-1055_py-0118,0.1718745301980622,1.913455198962892,2.5559304201417468,1.2305037356469748,1.5659140206205866,2.0574571302097624
-13.76098388098075,75.40848031438573,289.3023387149482,0.1705514211647235,22.08236249304781,1.144316563281564,13,D06_px-1055_py-0118,0.11027989224187563,1.144316563281564,1.4911171156541148,1.9029517480036513,2.932207727277338,2.178104140965779
84.02050846689322,74.4262303076524,287.87571183437905,0.2482115992863837,18.6668193250838,0.1179404040850402,10,D06_px-1055_py-0118,0.16049557509138912,0.1179404040850402,2.8216193366272213,3.38393647481604,1.5281467598912122,1.700250189337746
-62.32097187045278,80.80931923156098,288.1611501228425,0.2262494868253835,19.946773620278748,1.620754819827861,15,D06_px-1055_py-0118,0.14629470019358431,1.620754819827861,1.640604105132649,1.925828348500102,2.537076237935714,2.6561223286918363
133.60181432415672,84.02295573075837,290.089745887139,0.3399141650048541,7.948844609241803,-0.0455764814133152,10,D06_px-1055_py-0118,0.21979117636327214,0.0455764814133152,2.2434664779951774,2.74481644718765,1.8411014892335666,1.4114460914942013
41.80012042770945,97.23477865753676,290.370542544895,0.2326327623173261,17.23505167574541,0.5578127780025756,12,D06_px-1055_py-0118,0.15042217640336472,0.5578127780025756,2.1133192710093285,2.141358602180411,1.8853531519102376,1.0257635514778727
-80.89722131186852,96.46064329984227,290.18916580789033,0.2748528390435103,14.137734998996564,1.6616876431407983,15,D06_px-1055_py-0118,0.17772201055315112,1.6616876431407983,1.3846553936022672,1.909562193629323,1.856818313674272,2.165326061492826
10.398110716893845,115.46979444095594,288.76523704209944,0.2552764346484971,17.20737852192019,0.8740085440052013,13,D06_px-1055_py-0118,0.16506375328140238,0.8740085440052013,1.5234446472197156,1.9518143467136442,2.458189788059884,2.152859082454938
-56.74294543387453,149.2772609150013,290.4084650920602,0.3432878150607656,7.241085633144223,1.327066745256845,14,D06_px-1055_py-0118,0.22197260506135602,1.327066745256845,2.3143733125430748,2.2663210568679304,2.111863825428276,1.5315109490544034
4.174472347494272,-106.5407349154642,288.85261028761937,0.2354794755655716,18.593455819516866,-2.138613954347393,4,D06_px-1055_py-0118,0.15226288361129134,2.138613954347393,2.24573904156039,0.583941149383562,2.48404457314757,1.9864543721128005
-27.170044386577604,-108.37122257738316,287.02512362212497,0.2478134913870208,19.57414804624807,-2.423425207988036,3,D06_px-1055_py-0118,0.16023815538803773,2.423425207988036,2.67602049800339,2.1417713221661447,2.1087888348028674,1.827357633750794
41.786099313266746,-101.71396572027447,288.4424191066141,0.2429062330620647,18.477575212502188,-1.787977104868748,5,D06_px-1055_py-0118,0.15706508350400739,1.787977104868748,2.3055771686538913,2.0901891180812027,2.964576508709816,2.685838206444169
2.080980950362957,-76.26286016466189,284.602570533143,0.1725086951725671,26.753386374623005,-2.150495676735808,3,D06_px-1055_py-0118,0.1115454810314545,2.150495676735808,1.6316070460488727,1.8363770772076473,2.3956870277657605,2.2077387211226602
90.11547954781594,-79.07841851353011,287.25237174106394,0.2649182890068646,18.008167870703517,-1.327236780500696,6,D06_px-1055_py-0118,0.17129825225180767,1.327236780500696,2.2120801494367353,3.2134123589994075,2.149986365023285,0.7613320532874301
-22.9868036522674,-75.46308428074221,288.33905167268404,0.1759931105054886,22.78102768197334,-2.473456548122322,3,D06_px-1055_py-0118,0.11379853143007529,2.473456548122322,1.7555576163303432,1.4823441518579588,1.6825820763624255,1.8720759263963858
-96.97897306310544,-66.00321713608975,288.71141150565927,0.2582111137487891,17.03302615039439,3.132195214639492,19,D06_px-1055_py-0118,0.16696133990210904,3.132195214639492,1.8716089235204079,2.993053673802395,2.1869602834403854,2.012388792126859
48.54283924409462,-57.90592312131882,288.15731002767507,0.1688220955346885,23.330871737020857,-1.480110503383648,6,D06_px-1055_py-0118,0.10916169666878112,1.480110503383648,2.2998144854077287,1.1955900146405476,1.7815092953349239,1.9155685236702285
-43.0028337696231,-55.09630532647354,288.0318054805994,0.1564354982936855,24.051419457108352,-2.840514833849457,1,D06_px-1055_py-0118,0.1011524253320034,2.840514833849457,2.0538213770731604,1.8770721264608694,1.0949245922318702,2.283457292060716
25.47830600793444,-51.10067457156246,288.1351265046361,0.1281059294662989,25.12817599772052,-1.715256561686643,5,D06_px-1055_py-0118,0.08283430299559924,1.715256561686643,2.334030680741228,2.1883121044534697,1.7207640092756826,2.35770521873361
-60.4110152702792,-45.6615242761678,289.15899260072115,0.1686087473936238,22.32540279470453,-3.1013390695738106,1,D06_px-1055_py-0118,0.10902374408037147,3.1013390695738106,2.0266812341662397,1.9081275660368138,1.0530991054310865,2.4232282660416455
-91.4485037554314,-44.23070947146199,287.8781388212503,0.2254653144226721,20.29040940926143,2.9851099244569617,19,D06_px-1055_py-0118,0.14578764814160203,2.9851099244569617,2.564616258902448,2.467012153120124,1.4808681501196328,1.9863770109275007
61.87072720117936,-35.62115358791236,288.11547484989967,0.1596923015841171,23.815262771644484,-1.1293661352197146,7,D06_px-1055_py-0118,0.103258299991206,1.1293661352197146,1.6404175389291415,1.583866224328414,2.294923038858207,1.7014055384359816
91.42429717682936,-33.022552579876326,288.8856935126568,0.2153239010307975,19.929330604802544,-0.9535979619646192,7,D06_px-1055_py-0118,0.1392301303654466,0.9535979619646192,1.7903781811153407,1.661649156569423,3.0525783610840116,1.2415398909536761
122.89573354327104,-30.27396599301019,284.21252601899465,0.2817660900607066,19.76358127693049,-0.8485092371449096,7,D06_px-1055_py-0118,0.18219217311181488,0.8485092371449096,1.8019253510978568,2.3033171569917092,1.7929629945105523,1.0778110253538105
-54.41507334434531,-30.3826654704892,287.4874728364817,0.1399877592108855,25.316346880482342,3.043844599882976,19,D06_px-1055_py-0118,0.09051718769348617,3.043844599882976,2.5431764018873904,1.7257834699895882,1.9100139360324988,2.7020283043481195
-6.543814555802258,-33.141686961483856,286.27728812428944,0.0765519897267137,28.52572628630554,-2.372717962363728,3,D06_px-1055_py-0118,0.04949911950489988,2.372717962363728,1.4480666140975935,1.7723136833934163,2.3274943660492022,1.5067228466846248
49.53901716786399,-28.999492841644496,287.74893719057343,0.1289485413567978,25.48595987228464,-1.1365848229903603,7,D06_px-1055_py-0118,0.08337914248067275,1.1365848229903603,1.2888352513081767,1.7626193067174836,1.2736305312357903,2.2288078390267456
111.71286709322378,-21.11236434364453,287.85548982689306,0.2512948282189309,18.454042302779044,-0.793764324458005,8,D06_px-1055_py-0118,0.1624892152036573,0.793764324458005,1.0910191297686365,2.421431101013377,2.315746919027185,2.1388269146161907
-28.343038307649696,-18.02835304858176,289.0689105521028,0.0753893307954331,25.751560208449007,3.101138251712668,19,D06_px-1055_py-0118,0.04874733508246552,3.101138251712668,2.082899003799143,2.9990162646477225,1.514076113897556,1.7713749988285121
70.97240861889277,-1.865276130244568,283.61440072280993,0.1613002600519364,28.29955651170087,-0.6332551913213649,8,D06_px-1055_py-0118,0.10429801860128583,0.6332551913213649,0.4133978778645435,3.1824807480150756,1.7918179214457823,1.279892477676921
-13.441593568233674,8.839940929341834,289.46258108444874,0.0361103627645176,25.992482359613064,1.9528748352367704,16,D06_px-1055_py-0118,0.023349244980139277,1.9528748352367704,2.2800321203113514,1.2996583944259055,1.5007393831219806,1.7665120217741048
29.680366105154164,7.696083238957079,288.8467587215092,0.0688902121527491,26.11035956344801,-0.3532683880543844,9,D06_px-1055_py-0118,0.044544953778998544,0.3532683880543844,2.078253462363619,1.8662919021073752,1.7259149630992994,2.429549192281516
50.91343871114059,6.706480880697584,289.0743908313184,0.1149614998108007,24.648698103073286,-0.4760103443761823,9,D06_px-1055_py-0118,0.0743350112506819,0.4760103443761823,1.0467071122913958,2.665849422234076,1.640973334798069,1.4669542835124112
100.74167496737137,16.873767365803868,289.287154506426,0.2256028940388857,18.8354368802568,-0.4410246256781435,9,D06_px-1055_py-0118,0.1458766082050662,0.4410246256781435,1.8253173388795085,1.9664957449562679,1.8047049070777934,2.1390399241121725
-52.188969024916176,20.96775933258177,287.6364262797248,0.1264211542508558,25.693509472242624,2.1525851595145697,17,D06_px-1055_py-0118,0.08174491407147295,2.1525851595145697,1.5144006511158428,1.3825352083382292,1.4209682549865614,2.164776246651237
-106.2140652611362,31.16502160950124,280.4270384166774,0.2511543729978045,26.13381411653762,2.2492065853891936,17,D06_px-1055_py-0118,0.16239839575140738,2.2492065853891936,2.211855867013167,1.4442733613424275,2.496352790632071,2.021443896888197
-13.54823807467404,45.27649461842596,288.26227242415314,0.1061656655660864,25.7494293332025,1.2545701110129164,14,D06_px-1055_py-0118,0.06864755554928594,1.2545701110129164,1.6606895219745137,1.8972506679564738,2.256803208688914,2.267126623115304
-33.24392796771454,105.65130606168316,288.92392628446726,0.2442025214560295,17.88560910501087,1.2686655935716935,14,D06_px-1055_py-0118,0.1579032737895211,1.2686655935716935,3.240138890631292,2.211993227476901,2.3143565805407684,1.4565233158910336
-63.08015582375079,107.69846972605504,287.76134606095377,0.2747953192012983,16.66508540762385,1.4936632618848584,15,D06_px-1055_py-0118,0.1776848177701324,1.4936632618848584,2.3917653875833045,2.373909288706084,1.3547364521977099,2.3591827279363615
-4.235147819461837,117.28472445801772,288.0659463717585,0.2588747228101038,17.648329811013014,0.9999110817423434,13,D06_px-1055_py-0118,0.16739043474794935,0.9999110817423434,1.5930576851111307,1.6411285061691394,2.69064752168659,1.732562154780824
-68.82284420029175,121.17150674764623,287.75005790898945,0.3049643346606984,13.974081446864488,1.4803584303415622,14,D06_px-1055_py-0118,0.1971923407868581,1.4803584303415622,1.485291104952711,1.9888270721888395,2.217812784318485,2.070420952405019
69.77741440783811,-116.29605857215368,289.5586927494537,0.2955310475022588,12.963268757378671,-1.6373577539825548,5,D06_px-1055_py-0118,0.19109270301066722,1.6373577539825548,2.1200116868154217,1.649167688667183,0.6204074657831651,1.9253135035801892
-54.22466817420312,-88.67960978023154,285.5026884220105,0.2323733440804101,22.25568439622828,-2.726584447661633,2,D06_px-1055_py-0118,0.15025443452811502,2.726584447661633,2.6900741626061935,1.8047202651337233,2.4737694734207247,2.2051458049254156
58.532190023358645,-81.55965655035848,285.14296772884506,0.2249693033089917,23.129847431008443,-1.5552949089045156,5,D06_px-1055_py-0118,0.1454669234487564,1.5552949089045156,1.6120875119920863,1.7318253141834927,2.332129971898161,1.5407200353318433
73.74263554978991,-69.8711255766459,286.4153866881243,0.2265859999996525,21.715407123189834,-1.3654264301603076,6,D06_px-1055_py-0118,0.14651229226255053,1.3654264301603076,1.796484498766136,2.210613304060248,1.7833740968820764,2.2266592310121722
111.90304919437486,-64.41530757919972,286.8451498544282,0.2846419398400898,16.77284508842638,-1.129290872236274,7,D06_px-1055_py-0118,0.18405172023026362,1.129290872236274,2.1068517171866876,1.221533514960921,1.5661055110067188,1.857697926040268
-83.64172772716047,-58.0699249117314,289.3152642629833,0.2248956571139852,18.854696256269904,3.141482947130562,19,D06_px-1055_py-0118,0.14541930323900454,3.141482947130562,2.127072333934355,2.252566859566077,1.8615513584986623,1.9858900273018998
135.56360498954342,-33.55543336782664,281.48779981317466,0.3119555372247219,19.88115954070048,-0.8496277918226767,7,D06_px-1055_py-0118,0.20171290742967132,0.8496277918226767,3.0691398230765046,2.7036690695348673,1.994058824511871,1.2716885508111073
85.90661150035491,-10.275477577982008,287.54946785496725,0.1931366188897628,22.64673355073512,-0.7260261313998052,8,D06_px-1055_py-0118,0.12488365897902412,0.7260261313998052,1.9996227996013598,1.7865131560135596,2.7273742144425057,2.9746008256271037
-95.75625026460555,-9.278003423345178,286.72556999491576,0.2147312939925293,22.1785015545396,2.6312034933809545,18,D06_px-1055_py-0118,0.13884694598694253,2.6312034933809545,0.9768418100670084,1.403521877271292,2.156519498220219,1.5072649331430923
125.11659552349504,-10.090891840547748,283.9433873724812,0.2798071279644366,20.21072896387972,-0.6874572437419827,8,D06_px-1055_py-0118,0.18092549279096357,0.6874572437419827,2.568335983658963,1.6690385811181445,2.066738484204225,2.985738564986141
85.68798324090713,4.953841338426365,288.85569717980775,0.1907927919461536,21.449805624760927,-0.5492312556827846,8,D06_px-1055_py-0118,0.12336812201656643,0.5492312556827846,1.1454887851360112,1.7716088214356165,1.3134610567404748,2.5028285938131543
44.29634579371413,21.005097473170927,282.6019430322565,0.1122842699972207,31.25105141523852,-0.1641883595583861,10,D06_px-1055_py-0118,0.07260389336651497,0.1641883595583861,1.457363461798176,2.7964866683403313,1.860650630369341,2.0217340464854763
-117.87664505645492,21.62602359262293,286.1878314723737,0.2657556290409765,19.043706765102627,2.3531677305265477,17,D06_px-1055_py-0118,0.17183968291301854,2.3531677305265477,1.9162655677729397,2.0190626197023915,2.8543933763925464,2.2640331544608823
-121.57212306126246,35.51611478787278,282.6573627745078,0.2834132902934368,21.241815245197927,2.250382580656952,17,D06_px-1055_py-0118,0.1832572657561666,2.250382580656952,3.0717726483584737,0.685868820985748,1.295269467243513,2.6539272500122277
99.19230736055876,39.20419789528619,285.63693092965,0.2381098715752208,21.71387860212178,-0.2305882933601504,9,D06_px-1055_py-0118,0.1539637183889588,0.2305882933601504,2.427880682382119,2.252297533876339,1.2020120645021928,2.3524246942607547
-77.48667819758172,41.19583456619606,288.73182996832253,0.195048830472603,21.331366394141924,2.0459668414362104,16,D06_px-1055_py-0118,0.12612011004966991,2.0459668414362104,2.189418241036239,1.7799544040475257,2.023463770311114,2.5589482200766573
-74.95142586218277,43.45230903990979,281.527278539362,0.1974229863736901,28.5396972642638,2.009224208146083,16,D06_px-1055_py-0118,0.12765525795491325,2.009224208146083,1.8842786622966883,1.6395664033240895,1.7329930121260737,2.0195914837413227
6.689338494732318,45.90699008703303,288.3176487453159,0.1042094860903579,25.753616135703567,0.8191201371909255,12,D06_px-1055_py-0118,0.06738267449279357,0.8191201371909255,1.3716960761985209,1.5923103956632454,1.4103869552572925,1.5347547253514293
-101.70082506728512,48.4603417832318,288.70527558160245,0.2483998052575815,17.796816301433807,2.0899424438761405,16,D06_px-1055_py-0118,0.16061727055473518,2.0899424438761405,2.2113914925293017,1.734601938510611,2.2257203503462826,2.4580015241410678
-122.6990567477392,50.06006470571133,286.9234784631271,0.291647912283704,16.069801972916935,2.147237312128249,16,D06_px-1055_py-0118,0.18858183719355243,2.147237312128249,1.743216348305302,2.778247947897709,2.05195849223107,2.1590474380721965
-123.455888128163,68.57205503814332,288.0996940875447,0.3084493174836603,13.273991431099375,2.0276046783025805,16,D06_px-1055_py-0118,0.19944575812900875,2.0276046783025805,1.7207841571725475,1.8700724293598683,2.820320232393906,1.3387086872389062
54.96025317521431,87.9650639856903,287.4735254146749,0.2303627208628034,20.370310659466384,0.4053639194096029,11,D06_px-1055_py-0118,0.14895434971930815,0.4053639194096029,2.398957000898281,2.670576944579844,1.436855658765173,1.5862193633793007
-120.29178940688708,90.1114574650298,286.3036424616135,0.3288400849755338,13.130863943060206,1.8916835864014487,16,D06_px-1055_py-0118,0.21263058899336781,1.8916835864014487,2.5235875395172194,1.5633142607915365,2.3039610095931393,2.569563016674813
-91.70016758392892,105.18081825176462,286.52243083963015,0.3065814510811431,15.107715743290782,1.6808505979180524,15,D06_px-1055_py-0118,0.19823798100123644,1.6808505979180524,1.9835779154836126,2.4186141378994916,1.4732550555706663,3.2754792149115386
-19.33140717268788,112.19650350498937,287.24362683608274,0.2521460062873924,19.02082204098764,1.1344410601501234,13,D06_px-1055_py-0118,0.16303959364687137,1.1344410601501234,2.3874309047862,1.4231141951984512,1.89304718287178,2.2174055455279857
54.12532553883789,115.29763246537694,283.57480506588433,0.284057742475982,20.2307421791744,0.524914649361024,12,D06_px-1055_py-0118,0.1836739736133089,0.524914649361024,2.2465086022213105,3.1247028442282474,2.2523410770681345,2.3525319877014224
-53.06389383814663,119.69189380932352,283.2715625183747,0.2918492712908466,19.86484710292672,1.381116311490589,14,D06_px-1055_py-0118,0.18871203751353785,1.381116311490589,2.2417512624538984,2.5771657295220196,2.0158510900283257,1.6148462402957366
66.07099580191954,136.49256974935855,286.92918290202465,0.3308967089552937,12.25635493609326,0.5129999208975901,12,D06_px-1055_py-0118,0.21396041825729947,0.5129999208975901,1.6058558602605701,0.05063595038709412,2.5053631770677978,3.105568089045956
-61.07026018927802,-123.0177178609484,288.8491260697355,0.2997505451017087,13.313924304753186,-2.6385671380059126,2,D06_px-1055_py-0118,0.19382106339256497,2.6385671380059126,2.6220903973276273,2.009734013693266,2.0068008979237604,2.0951878731607216
11.081422128611043,-120.1813497001174,287.0138574440492,0.2668121613942731,18.10189384511005,-2.0858300039183297,4,D06_px-1055_py-0118,0.17252284505424206,2.0858300039183297,1.5787979955652722,2.2465042493639804,1.5529536916219857,2.3536973345200507
92.9017177737646,-118.45967665845887,287.5778854734978,0.327978383512422,11.873685466573365,-1.512714110860332,5,D06_px-1055_py-0118,0.21207340604028732,1.512714110860332,2.548240267481072,1.7738159673589768,2.0836952041572543,2.488928898689562
-10.09875978607222,-114.05092374085056,286.6648684858958,0.2540095268504355,19.4757751054708,-2.266091587562933,3,D06_px-1055_py-0118,0.1642445607206105,2.266091587562933,1.5127101997065793,2.0341382146708904,1.1241897653792767,2.2421661370664587
58.45381719226216,-99.0503352283963,286.7388044825408,0.2550404606900066,19.319920010760484,-1.6446360152650588,5,D06_px-1055_py-0118,0.16491117066123712,1.6446360152650588,1.8550814275328649,1.3642993234506395,2.6548823580657817,1.8833610983996794
15.806244476074983,-97.1458191928889,286.8525734450293,0.219433334114925,21.743874746386325,-2.0164828911529424,4,D06_px-1055_py-0118,0.14188732216483407,2.0164828911529424,2.752450791928931,2.442352919411807,1.6238652269757827,1.8520721575706065
-6.558199230129538,-92.10500010715604,287.6336592242115,0.2057157200579023,21.81485597834478,-2.2488594001380333,3,D06_px-1055_py-0118,0.13301740487130992,2.2488594001380333,1.509297405409444,1.6681712562783677,1.4275477151769431,2.3878805253423048
33.24228027615793,-88.80330704578691,285.23218347338764,0.2128111159971326,23.828659829802746,-1.819587397770184,4,D06_px-1055_py-0118,0.1376053437711917,1.819587397770184,1.9936410732664873,3.1181170829792073,2.354262028658745,1.3744381634573626
109.02947391096238,-87.54809165669774,280.48891881456376,0.3133604425879444,20.796821585126963,-1.2835327033127386,6,D06_px-1055_py-0118,0.20262133030300855,1.2835327033127386,1.322540096406963,2.2071433638654723,2.6287524898251586,2.2120826013301356
-109.4883402054552,-79.4286025358258,286.3011827708571,0.2979549104172461,16.14650971007427,-3.1209673828879563,1,D06_px-1055_py-0118,0.19265999186260654,3.1209673828879563,2.815575668168682,2.5117183446840134,2.18079334350049,1.0714213880165708
-62.28392788454602,-77.02323926621926,287.08881886188163,0.2206203563311562,21.42372756678685,-2.8577618017908897,1,D06_px-1055_py-0118,0.14265486007921038,2.8577618017908897,2.126260996550152,2.2531335771741032,2.2214753184659113,2.636917025752518
8.979094379300163,-64.32834656312951,285.63152975606755,0.1467460608697624,26.90906832054065,-2.03908967495756,4,D06_px-1055_py-0118,0.09488715877663065,2.03908967495756,1.3644645511820075,1.5305180633982918,1.5802212183985218,1.7654853567644162
88.7609020054535,-52.17683795312251,282.5333389434753,0.2325861312137865,25.29241918212688,-1.1384067685753734,7,D06_px-1055_py-0118,0.15039202436453475,1.1384067685753734,1.6812559291740465,2.3281134320109445,1.5987368261371062,2.728818131066812
120.00499548583066,-48.59331189157772,285.6528965668836,0.2865025062247267,17.85245700535745,-0.991726444759514,7,D06_px-1055_py-0118,0.18525477710897734,0.991726444759514,1.9887515541479805,2.0580622315678916,1.2479264417358316,2.3770150432284307
158.49861137855606,-45.63849463375015,286.3757286695265,0.3582166672787804,9.857957753712242,-0.8873380712314074,7,D06_px-1055_py-0118,0.2316257184898713,0.8873380712314074,1.2890995910315388,0.7960421526256227,2.4676123310772944,2.3395564157204345
-124.00668365734715,-40.7050242708923,286.33235190468247,0.2880442394245668,17.00813168378363,2.851780485759544,19,D06_px-1055_py-0118,0.1862516739391707,2.851780485759544,1.6610541174303397,0.6857989237950801,2.376537525581302,2.105382529671517
-24.828345751973213,-32.90578871454062,287.2208854030609,0.0930184934731056,27.175927892480672,-2.8241687263414805,1,D06_px-1055_py-0118,0.06014649052269203,2.8241687263414805,1.6821979004975363,1.9837807424543736,2.6704752531228726,2.131716300155399
-108.15877898894855,-15.863634410704014,287.8875707800267,0.2419800704090273,19.11713123890985,2.6802446414339824,18,D06_px-1055_py-0118,0.15646621943780434,2.6802446414339824,1.9539999630139813,1.2524284770423446,1.9106737431848244,1.7873608388248174
-122.02367735187836,-4.1723584891130585,284.5527694432568,0.2719883029289308,20.231356259661084,2.5687928290374176,18,D06_px-1055_py-0118,0.1758697789394744,2.5687928290374176,1.9131886301922911,1.4643306777851395,2.4666188537877876,1.0810109062931637
127.07727248421143,4.635532708222084,285.6161034090412,0.2816969796115851,18.30833035151619,-0.5705176361024421,8,D06_px-1055_py-0118,0.18214748575107723,0.5705176361024421,2.6257152830453974,1.848771860376759,1.109858927819882,3.2702960611663587
-62.76492084509047,10.584831912762215,287.11040075285666,0.1431171097471683,25.567813431722243,2.3675426494134366,17,D06_px-1055_py-0118,0.0925406503979981,2.3675426494134366,1.5465983309131022,2.1905222306660415,2.2666176747962528,2.8336234204319974
16.744066809124764,11.974746700707064,283.0469318058693,0.0472379269879071,32.28086537390823,0.0138509998275836,10,D06_px-1055_py-0118,0.03054441565118711,0.0138509998275836,1.9254792662891806,3.048735309836428,2.296028092166245,1.1537367471150966
-33.993077715677614,20.666541752938286,287.0978986377649,0.0898262950107309,27.383821593891867,1.9883588611661251,16,D06_px-1055_py-0118,0.058082389854159006,1.9883588611661251,1.49274617681704,2.4554779754570073,1.8898153319717517,2.0188947416928364
-136.66330224618332,26.61363935290384,281.015330861149,0.3115577573507869,20.415436517797048,2.342281545662465,17,D06_px-1055_py-0118,0.20145569983014525,2.342281545662465,1.6809990352700617,1.0814889198634194,2.6062536816701733,1.717132772787059
-159.6502577094674,29.938544317234083,286.37547508773656,0.3532202848842948,10.425323738134864,2.349240235879955,17,D06_px-1055_py-0118,0.2283950182805139,2.349240235879955,2.2922507152740303,1.2416657414949859,2.862758262667401,2.404848167492411
126.61431817577426,30.221495758169983,284.4283011655846,0.2891416739790983,18.897330984587484,-0.3726741391185623,9,D06_px-1055_py-0118,0.1869612837658713,0.3726741391185623,2.1380293880665864,1.1578265573801887,1.450750584034532,2.4930983233036623
28.5411866483306,76.93646419536469,284.27778935681243,0.1854730575492565,26.40540670434461,0.6085831879257143,12,D06_px-1055_py-0118,0.11992833985562741,0.6085831879257143,2.35638035804619,1.7039722302177875,2.866245127635397,1.5582922532033847
-16.802333379516593,133.24076606485687,285.5422237264885,0.2966848100034013,17.056671953318073,1.0892596897044329,13,D06_px-1055_py-0118,0.19183873493130318,1.0892596897044329,2.1213498423911386,2.036571600707888,1.6575416335876199,2.662718606287031
63.394611796657216,-145.9828954048422,286.1396649132813,0.3469149320638999,11.37791513856058,-1.7680876661429,5,D06_px-1055_py-0118,0.22431792748389975,1.7680876661429,2.186995912509306,1.8041107039237159,1.4163189197410198,1.9206138975249245
-48.44705506990758,-107.7201982916582,285.9942140086211,0.262261750564453,19.524174261901464,-2.600421061210466,2,D06_px-1055_py-0118,0.16958051357121,2.600421061210466,2.1869469367006316,1.4155933089658062,2.6368135159029022,2.296053342266588
72.17768297909244,-96.26749576193386,284.4080892742294,0.2683536927954942,20.67861316520208,-1.5344272679642583,5,D06_px-1055_py-0118,0.17351961139985894,1.5344272679642583,2.144359895672133,1.2651697935893234,1.2604763727194386,3.3692894737539074
-135.08281002796068,-55.76381953078007,285.6112493473897,0.321080488564658,14.650359418176208,2.9261153946897065,19,D06_px-1055_py-0118,0.2076131728370677,2.9261153946897065,2.4832030174843926,1.729130469969861,2.506722858060326,2.3109500014155473
-67.0314178615874,-24.593351660421376,285.55387214632805,0.161118782436115,26.34311625972657,2.8862573281769235,19,D06_px-1055_py-0118,0.10418067374552079,2.8862573281769235,1.9499691256326732,1.836049774313257,1.8525236001070533,1.9442224923336953
-44.09417546326722,-15.612166743856577,286.7978307090386,0.1056198589986446,27.238894959716333,2.874903966444756,19,D06_px-1055_py-0118,0.06829463272383345,2.874903966444756,1.6256206966964866,1.848944591781789,1.7972836875685925,2.0432065948429905
-11.136062856189184,-14.318766140223104,284.5467289771474,0.041412843040788,30.85298396799305,-2.8387861620313424,1,D06_px-1055_py-0118,0.026777870490782167,2.8387861620313424,2.0940389091611964,1.7760155637731403,1.8608209651609318,1.3982044796819106
-136.463458423765,-12.6470200468294,286.31729502481943,0.3016345548256857,15.788787129122,2.627026117480748,18,D06_px-1055_py-0118,0.19503927891914308,2.627026117480748,1.6881001296407734,1.3527334592371723,1.466732893269613,1.152524633793782
151.7752491452761,4.865455779682773,278.43987219735754,0.3406706081054178,20.226627970589,-0.5749335284678153,8,D06_px-1055_py-0118,0.220280298430081,0.5749335284678153,1.8590713544656894,2.484695555462051,1.760253020454975,2.8634741568724227
-135.16345145149296,5.26626679526841,286.3711398088533,0.2978885979011129,16.079427993501668,2.4956706092804706,18,D06_px-1055_py-0118,0.19261711366737652,2.4956706092804706,2.0239091832501126,1.8830354666794356,2.215483296688425,1.5492317602369432
115.98909961652916,42.41389532167152,285.17074382090897,0.2743986423384037,19.389782037397595,-0.2564123447857913,9,D06_px-1055_py-0118,0.17742832338623274,0.2564123447857913,1.7270845101012313,2.4417185024937584,1.4997769767772953,1.9523254875228582
100.89776298992344,80.97415306785994,283.8498247374263,0.2880175318250355,19.59967298778281,0.069306237615715,10,D06_px-1055_py-0118,0.18623440459495624,0.069306237615715,1.5874204647582524,2.1605149157290344,1.9156869979211983,1.6959918354162566
-48.506688704733975,107.30869261654516,286.78691164568875,0.2608278076626398,18.817365082714616,1.3883571264037615,14,D06_px-1055_py-0118,0.1686533147967112,1.3883571264037615,1.8399126558263934,1.6770014172513974,1.1305654866362316,1.313765937034252
99.27174885121784,127.82787578683023,284.9903826238024,0.3536232411171886,11.85639709958656,0.3035048631775497,11,D06_px-1055_py-0118,0.22865557295451336,0.3035048631775497,2.0086213623826406,2.074442141704414,2.173436437836375,1.9394204602010792
-15.021771094741675,152.0536861447055,285.3232183760145,0.3349656160689166,13.529649190801422,1.062289808104094,13,D06_px-1055_py-0118,0.21659140564496335,1.062289808104094,1.6558090719734022,1.4651698562055522,1.8867272897853655,2.178053703640599
37.8182984924567,-144.39885861355663,287.3181539887403,0.3256677456401968,12.385663900337022,-1.9216273936353596,4,D06_px-1055_py-0118,0.2105793293927941,1.9216273936353596,2.2473961913897402,2.3846824745037503,2.266082752475032,0.8315526297220872
-30.96367711177121,-138.94257243964208,283.0997065006529,0.3158945686848241,17.80686346329196,-2.397045187559867,3,D06_px-1055_py-0118,0.2042599161968271,2.397045187559867,1.9681538322473338,2.6407693754894086,1.6194528993900479,2.42108022439081
50.98678725718427,-113.7059469782291,284.86446410394547,0.2770314184934402,19.487450393959648,-1.7562456703349216,5,D06_px-1055_py-0118,0.17913069718465438,1.7562456703349216,1.5879717584733068,2.3613996226640825,2.612341793215174,2.3161083717716906
119.21599253078564,-107.21780623942384,287.1282576757052,0.3481836457469601,10.186342322981886,-1.3394395906527707,6,D06_px-1055_py-0118,0.22513828774415545,1.3394395906527707,2.6812258569127443,1.2589298324782345,1.3521138481994392,2.1747248394538743
-71.32184937396276,-104.73339043927773,285.04104389241763,0.281288875134332,18.94200231436793,-2.7756256378236213,2,D06_px-1055_py-0118,0.18188360218172583,2.7756256378236213,1.4313291555631125,1.8951638385887999,1.518484672803589,2.4165997776792847
-85.4695085666938,-94.16701318214564,284.9433941426563,0.2823466560807313,18.952798405628016,-2.914794562440046,1,D06_px-1055_py-0118,0.18256757167308385,2.914794562440046,1.2087018394971942,1.9580614873487687,2.214264170874497,1.9932000292504537
-19.296942152111743,-86.75267344974311,284.7214046138605,0.200173803433592,25.12134049737631,-2.3966487818100077,3,D06_px-1055_py-0118,0.12943395793214826,2.3966487818100077,2.410876926798009,2.537519412289927,2.1469610251746847,1.7667146412752173
102.52235414418456,-79.64311789418755,283.8974046138605,0.2889192207236075,19.470811973443176,-1.2674360123352977,6,D06_px-1055_py-0118,0.18681744373875897,1.2674360123352977,2.0706082737482285,1.9670033301438048,1.7102609692080197,1.707973987373292
129.46509488492535,-77.64146487274502,283.119065432574,0.3336299808829243,16.002553948020307,-1.147185501498171,7,D06_px-1055_py-0118,0.21572777341381685,1.147185501498171,1.4210568975894313,3.188217238811357,1.9861636820635686,1.792642142375451
97.05468971159443,-64.4985335691978,283.3440964480829,0.261219375654664,22.350028262567093,-1.1935213189802525,6,D06_px-1055_py-0118,0.168906505744467,1.1935213189802525,1.2398717861920767,2.3404240454089438,2.184734576385257,2.18508857620159
148.47331055916302,-29.539825076508,277.28460903375003,0.3410041895056035,21.417522140399228,-0.8033721398501492,8,D06_px-1055_py-0118,0.22049599479083334,0.8033721398501492,1.84305110841255,2.6338862047101443,2.139091459146111,3.2113086167376808
98.20722174232164,3.29160466070273,284.9479515200481,0.2205034358422786,23.62542974955244,-0.5734751433268689,8,D06_px-1055_py-0118,0.1425792583701995,0.5734751433268689,3.013524364464904,1.126736302187164,2.036314604473339,2.083002767450503
-113.13641455980446,8.619754216752321,284.07040307302844,0.2540168363624392,22.155692859590545,2.4585709956301574,17,D06_px-1055_py-0118,0.16424928710864414,2.4585709956301574,1.7346820579598488,2.632840911820508,1.8866169836186728,1.2498561112112574
145.7049083427407,19.04174385471326,285.07045200027966,0.3232968927798595,14.99792277329476,-0.4770289607146827,9,D06_px-1055_py-0118,0.20904631725971543,0.4770289607146827,2.28533240777152,1.3335219133921277,2.2815023874648697,2.2002570049225394
112.64537966328425,28.72563531551289,282.2681235867564,0.2615653869214624,23.436738253274484,-0.35729168609868,9,D06_px-1055_py-0118,0.16913023935487267,0.35729168609868,2.521219607103082,2.4508919739097017,2.6851937401924273,2.892656458606795
69.45997682728245,41.32465848092518,283.7155434777018,0.1830946969193659,27.105408152107486,-0.0702874395367414,10,D06_px-1055_py-0118,0.11839047313962196,0.0702874395367414,2.248429078668212,1.4205746705021207,2.5532362233370858,2.4071516583637846
102.53683913612312,94.16476849049909,283.766325885858,0.3086940783522567,17.798764300139737,0.1358820160070388,10,D06_px-1055_py-0118,0.19960402243445696,0.1358820160070388,2.0662786331496186,2.1643428451823343,2.011181632302738,3.2055390830368586
30.69017207619717,96.8870265015046,284.3426650845426,0.2282775584558888,23.728240275983808,0.6570534224181476,12,D06_px-1055_py-0118,0.14760606728360062,0.6570534224181476,1.799328776182331,2.362710026080845,2.130020937696554,2.7327708685394
64.99215816868146,104.94973249951325,284.03597154299433,0.2753204017605692,20.491948176696724,0.409348975930664,11,D06_px-1055_py-0118,0.17802434028867276,0.409348975930664,2.5780647363254356,1.656076570163743,1.7351893154803937,1.2425074353100072
73.00571602071334,118.26536205915842,276.5068689672648,0.3157842595287592,24.753390110367093,0.4107706192942452,11,D06_px-1055_py-0118,0.20418858942768586,0.4107706192942452,1.4967965673175367,1.270175489918636,2.9689346026834125,2.6126822000527303
-107.64692096224096,131.0072148391629,283.53253858146144,0.3707431417961688,11.443474939717362,1.651642320711395,15,D06_px-1055_py-0118,0.23972543557527734,1.651642320711395,2.0631895223201155,2.243968753597479,1.8372170053665173,2.5997371744197104
-0.0030561454824552,134.35878353253105,283.7340505282574,0.2985968838459432,18.7733776294632,0.9638395411143122,13,D06_px-1055_py-0118,0.19307509693798722,0.9638395411143122,1.9211268734238895,1.341230555666685,1.2849202169470473,2.3907145989099714
34.26723366482205,151.04831052081383,288.0070602393738,0.3362843082784157,10.54755692986464,0.7407300782924097,12,D06_px-1055_py-0118,0.21744408241406105,0.7407300782924097,2.266962355071573,1.4116147954115414,2.0401823943032045,1.6456527668612289
-56.63860062474371,-147.51292418720627,286.02573106420465,0.3447473835761658,11.736508569350576,-2.5443759112469166,2,D06_px-1055_py-0118,0.22291637355943558,2.5443759112469166,2.7739614641544508,2.540139624927623,1.2119338178446415,2.1897308594648557
-12.657152316705746,-133.91911935244488,278.3225712197664,0.3043883956876912,23.91045943150772,-2.2720093424074315,3,D06_px-1055_py-0118,0.19681993411063473,2.2720093424074315,1.2844032787517126,1.845892296975772,1.6835900316102719,2.757701103628784
-40.56163782973071,-117.4321442297782,283.8158365175475,0.2772103461493463,20.56262786333013,-2.5103511954846573,2,D06_px-1055_py-0118,0.1792463932162539,2.5103511954846573,2.3943609665145535,1.6428633351544621,2.471397855767334,1.1606084808433765
36.98701392786207,-115.89468426586896,284.3751656758074,0.2712138351532328,20.479404860930515,-1.868850214691025,4,D06_px-1055_py-0118,0.1753690019757557,1.868850214691025,1.6022537223236553,1.3770585303575955,1.3009920143554408,2.2933197395388127
24.81371482202016,-103.40049744358092,284.96178589635616,0.237958135549172,22.419421196784583,-1.942252866359159,4,D06_px-1055_py-0118,0.15386560467939486,1.942252866359159,1.7778214225387643,1.7671063272491767,2.216508192955702,1.7598364815638594
-127.37004580164316,-101.08471148638677,282.71304661281573,0.3577704470333605,13.819281959904515,-3.077727370566318,1,D06_px-1055_py-0118,0.23133718896461145,3.077727370566318,2.2803152783345166,2.763080624091393,2.3611663420394295,2.5407284613547807
157.25279543693293,-69.27284568717089,284.0423799808672,0.3746522471449722,10.430353774415607,-1.0219211502093313,7,D06_px-1055_py-0118,0.24225309388315983,1.0219211502093313,1.6465939639978224,1.9733364482552793,1.5040232615667275,1.0054838931157457
24.21614134005862,-63.89908560357202,283.882353150692,0.1552043697759214,28.30774435302652,-1.8155250193945816,5,D06_px-1055_py-0118,0.10035636793566076,1.8155250193945816,2.883211786851303,1.9431174577390755,2.094285426018037,1.3962154343204878
-58.7142659275,-58.30500319884707,281.20079529486406,0.1889852838777467,29.34565959126832,-2.966671403808268,1,D06_px-1055_py-0118,0.12219937306303111,2.966671403808268,0.5370925935513253,1.9396089861490888,1.7387358214709243,2.06726614196019
130.45500167913676,-55.65076027829351,283.6714046138605,0.3142183691431687,17.36839495564908,-1.0101959001803955,7,D06_px-1055_py-0118,0.20317607237091664,1.0101959001803955,1.6450703714328136,2.0448034704398332,1.1593803737333785,2.8343193018721746
-104.10800511955314,-48.89367170313553,285.80967547238527,0.2558454795179473,20.218007585328564,2.9736821585668025,19,D06_px-1055_py-0118,0.16543170217596567,2.9736821585668025,2.1816247014455854,1.8667791742900715,1.9960859993098619,2.467843735946142
37.86947504522021,-41.18578809610469,279.2385369817985,0.1295084113520071,34.04712064086624,-1.4343024157791189,6,D06_px-1055_py-0118,0.08374115882928769,1.4343024157791189,1.8923152969517916,2.41211472414354,2.596173225857063,2.8669124484832857
-113.71845631333188,-37.842828678501256,276.97508108444873,0.2741778494745739,27.9218508315667,2.8558624329722493,19,D06_px-1055_py-0118,0.17728555698144616,2.8558624329722493,2.3338593250194624,1.2459241667265541,1.722357126898563,1.4167489944521718
175.65434997881957,-25.53631658209759,284.8291834329795,0.3848688066133739,8.334301637001488,-0.7513463644506228,8,D06_px-1055_py-0118,0.2488592017042719,0.7513463644506228,2.06040889606624,2.1350499350304024,1.755650913528448,1.7201724193092818
74.42561946644646,-16.77535039715307,282.63391944185577,0.1736897193210952,28.692448288830803,-0.8286723116248147,7,D06_px-1055_py-0118,0.11230914054801132,0.8286723116248147,2.343206061806585,1.735476882072431,2.4826621840835825,1.6717083369503851
-78.86498519515472,-13.625110172179909,284.5335024259583,0.1808340792082588,26.39388402984656,2.7056893936652706,18,D06_px-1055_py-0118,0.1169287399222823,2.7056893936652706,2.194824505939751,2.151545238902817,0.6962130895572776,1.8087801697408044
157.0425009025752,-16.26006348518191,274.1326616495078,0.3582063179158014,22.93197925074162,-0.7101511549593578,8,D06_px-1055_py-0118,0.2316190265102542,0.7101511549593578,2.6997459783149167,1.6519028084395007,1.7624599127438065,1.9253043574399262
-62.50036451170384,-6.144074622670639,283.4719990028286,0.1430206564055225,29.2477769841222,2.632602900575697,18,D06_px-1055_py-0118,0.092478282907593,2.632602900575697,1.3746851642351405,2.018805256703981,2.6725032088709653,1.6122432968190514
34.74896696437274,0.9073446960138216,283.32812698378075,0.0795784457346682,31.41626920553739,-0.5808740487487274,8,D06_px-1055_py-0118,0.05145604979696497,0.5808740487487274,1.848360093236987,1.9776949697346349,2.819468087755097,2.131738673277486
170.14333023700505,4.778755068898677,285.9706563597867,0.3691464870191714,9.017548939549442,-0.5789002702617262,8,D06_px-1055_py-0118,0.2386930260207144,0.5789002702617262,1.8553173907091578,1.4984721507828929,1.3835794967369865,1.7808351103648319
-98.29928050741624,9.036497925021472,284.22705433137463,0.222027143561801,24.26435994209652,2.4429423500300684,17,D06_px-1055_py-0118,0.14356449978284508,2.4429423500300684,1.2659749651560277,1.5621699839372707,2.1233313389881645,2.257174463390889
-8.984429901968443,10.156127238114042,281.4031320227472,0.031310806411687,34.10276209536016,1.6880758268622822,15,D06_px-1055_py-0118,0.020245814039579948,1.6880758268622822,1.545656215443542,1.802927978793126,2.4425124431438006,2.0630848613233566
-86.65982099770399,26.891311999538893,279.10261818945185,0.208251295647571,30.377799105155304,2.233725677180366,17,D06_px-1055_py-0118,0.13465692801858248,2.233725677180366,2.3619708680628935,2.397984258772196,1.5891566797590913,1.9155512154444596
131.07687675641588,42.67155275555104,282.389440461508,0.3072482368035497,19.38024873273088,-0.2922538748481003,9,D06_px-1055_py-0118,0.1986691299011591,0.2922538748481003,1.886045507500403,2.1557939266339368,1.5055924989377996,1.464632978898777
-137.05040648819127,43.04045725611305,282.40657495454184,0.3193167068736431,18.20165039604496,2.2303182579437597,17,D06_px-1055_py-0118,0.2064726977035568,2.2303182579437597,1.8679183413397262,2.3682124636927555,2.4606155105950442,1.8444424095831624
-40.51485577199164,54.08305867082058,284.08946239877224,0.1533985883429729,28.17886625558708,1.606756299928851,15,D06_px-1055_py-0118,0.09918873543821237,1.606756299928851,1.7307960955071782,1.9977102824065562,2.6379226546115286,1.9863192423573608
90.7457763441066,58.086399416399495,284.98156517582737,0.2409731908602572,22.18312330242071,-0.0375951831356434,10,D06_px-1055_py-0118,0.1558151631910688,0.0375951831356434,1.2795900667108306,1.6032214951618466,1.6585189450301352,1.4267868936504957
-136.2144721272968,61.70548072822953,283.02134199645286,0.3308174797994686,16.396494659200982,2.109265217158789,16,D06_px-1055_py-0118,0.21390918806110912,2.109265217158789,1.3919030642035604,1.6308023264976892,2.250948400112969,2.2122291456288887
-18.357993724748667,87.0194748626491,285.0802368385464,0.2000640773140984,24.761671131370463,1.171732282711881,14,D06_px-1055_py-0118,0.1293630081590462,1.171732282711881,1.5561586637806533,1.9648395681168638,2.48137132789006,1.011748034367874
119.21230151470093,94.0108183293881,282.80470808931733,0.3357357200006722,16.11599142173145,0.0607714193153241,10,D06_px-1055_py-0118,0.21708936091281786,0.0607714193153241,2.5136320380165746,1.224422374058841,1.953142232787001,2.6656791012357868
0.5928656348023126,101.0468099995506,283.9261484468776,0.2273342776128245,24.219586049255668,0.9579496247662116,13,D06_px-1055_py-0118,0.14699613446089793,0.9579496247662116,2.7211830602066365,2.0209987688743305,0.8875536129370154,2.0109920261975045
85.75271365552838,108.27650048859309,281.9511893724411,0.3082676308822362,19.74416932244918,0.2939858837159135,11,D06_px-1055_py-0118,0.19932827814150697,0.2939858837159135,1.373530498321709,2.929861971133847,2.317214081333989,2.2863331357546315
-104.1848317744073,106.34958177577931,283.43460593399254,0.3290126279914396,16.14469600857558,1.738933153679714,15,D06_px-1055_py-0118,0.2127421566664557,1.738933153679714,2.250909895156464,2.121626003022488,1.798643310349011,2.034890650798717
95.87039975311224,131.8199126734981,285.14716880600025,0.3557451256467918,11.450318723044518,0.3350136993362387,11,D06_px-1055_py-0118,0.23002760020398633,0.3350136993362387,1.7775522786129225,1.8209296232681174,1.5523911794110832,2.41708161058667
-34.35561810734944,130.59836223243923,283.7469058449544,0.3000123934338848,18.63022278223457,1.221051910572838,14,D06_px-1055_py-0118,0.19399037658655005,1.221051910572838,1.3839104819651036,1.6965400441022316,2.1872888101507,2.1190639050100577
44.62140774730843,132.03067763296897,283.6175707480458,0.3091621639108958,17.910425401248176,0.637905861367765,12,D06_px-1055_py-0118,0.19990669024346244,0.637905861367765,2.200170895301815,2.314242333278197,2.9023453591275326,2.0013141530061556
32.02283149869703,-158.67412602658874,282.67624838615325,0.3563306916083148,14.020608745586117,-1.9786356399309724,4,D06_px-1055_py-0118,0.23040623176680924,1.9786356399309724,1.7756181360279626,1.2806858888505328,0.96228931547043,1.2332548460316843
87.91700383030677,-139.0992937313317,284.6039094080779,0.3594901416970925,11.604672105293616,-1.6141265564715424,5,D06_px-1055_py-0118,0.23244915707903793,1.6141265564715424,1.6540511601482077,2.16648689161384,1.5208185855484455,1.2107551387611837
7.936798588628929,-130.23378456085425,282.93873794719383,0.2912213462100655,20.268030394028244,-2.1169084373003506,4,D06_px-1055_py-0118,0.1883060162105689,2.1169084373003506,0.9348218497626406,2.031138201980088,1.6197724602732704,2.4571836148748294
-51.81066051674249,-128.62168274539474,281.85475666327096,0.3095049784558138,19.72855725085435,-2.560706049156168,2,D06_px-1055_py-0118,0.20012835682832186,2.560706049156168,2.0372044218185312,2.5906000812444487,2.073730780635106,2.2005753859561272
-91.75125263713016,-122.32475236180554,285.5921510463523,0.3349100598072629,13.250737330168649,-2.821317191543106,1,D06_px-1055_py-0118,0.2165554825285994,2.821317191543106,1.7045608413692845,1.8248185398940369,1.4407376395484401,2.181767647253846
-68.20600553046661,-90.35920654428834,283.8668042109055,0.253648950960975,22.39403075597653,-2.8243621754548847,1,D06_px-1055_py-0118,0.16401140951047596,2.8243621754548847,1.8409658583115838,1.860645098852852,2.6821651212197333,2.032789630288147
-93.77884069371282,-78.51737285169467,282.4905264268917,0.2743323716233316,22.17964196817678,-3.051520371645084,1,D06_px-1055_py-0118,0.17738547221989803,3.051520371645084,0.903316495723095,2.073903333626963,2.685264313574203,2.1462715945920148
-77.86219431917245,-78.57690512823,282.8103407840733,0.2489702202134293,23.836147178265435,-2.9586054337442684,1,D06_px-1055_py-0118,0.1609861053579544,2.9586054337442684,2.194754030556809,1.8946779577492663,1.6197901269005675,2.1879951526712462
-163.69612114697065,-58.83012072704874,285.62225447221743,0.3769287939722193,8.456934972589636,2.879625184310876,19,D06_px-1055_py-0118,0.24372512699245838,2.879625184310876,1.3568840609788304,2.718519774613437,2.619967874056863,2.1696087815356093
-3.8553354924843353,-51.06872562124784,278.6773946434601,0.1188906399296928,34.985277784712366,-2.253126012227141,3,D06_px-1055_py-0118,0.0768756241987039,2.253126012227141,1.288101862434249,2.3663216268102962,1.7286831478657179,2.612134499233017
-47.89581983515973,-42.98695985717359,278.57574023457164,0.1490514931155146,33.944775575382494,-3.017134680002534,1,D06_px-1055_py-0118,0.09637786942504525,3.017134680002534,2.5869818107720843,2.429680220716852,1.9202989823068493,1.7425043874207262
21.77645904411564,-37.50453249046079,278.5282757318729,0.1008647809475338,35.69275078470474,-1.6517167433359687,5,D06_px-1055_py-0118,0.06521996180349127,1.6517167433359687,3.2794316495344455,2.2721209773052435,1.8147710983542393,1.832356070549864
-176.41541016557977,-29.871427658497307,284.7758827283386,0.3877260144300092,8.034537065916197,2.7023465500520545,18,D06_px-1055_py-0118,0.25070669478277785,2.7023465500520545,2.190644503347632,1.977172954805678,1.3356559011356568,1.8743566509560892
-100.3384000448507,-31.275375580864,282.26532847916064,0.2374572340746784,25.22931205870504,2.8367680565016418,19,D06_px-1055_py-0118,0.15354171784072937,2.8367680565016418,2.648347785806359,2.2494672026360165,2.889077705227379,2.1127683086414324
-127.88849473200186,-23.40269109202819,282.0518269701641,0.2911065524535544,21.20405660666455,2.7156035477396285,18,D06_px-1055_py-0118,0.18823178966345697,2.7156035477396285,2.056107654103837,2.0432071205881766,2.2771464870389275,2.052744747509271
92.59718778968826,-20.67089235650105,279.86062181982834,0.2168921320551868,29.06909666290796,-0.8266129677932219,8,D06_px-1055_py-0118,0.14024416089769873,0.8266129677932219,1.7927443578049544,1.6795662220230678,1.7466615571866275,1.8915291916736643
109.54561792705144,-7.765743848385944,282.64827484286815,0.2473789614589417,24.12094144546927,-0.6777516381022001,8,D06_px-1055_py-0118,0.15995718491404706,0.6777516381022001,1.832261598352255,2.4319717426133343,2.077306323983146,3.2953668640867724
13.806442852037083,28.465509397054888,282.6294154760465,0.0726318955456701,32.26734144144058,0.512221956671311,12,D06_px-1055_py-0118,0.04696435573153936,0.512221956671311,1.8418092694147794,2.807598204616663,1.9984053453494877,2.6830284357827563
-16.30123994701631,29.01473181679517,284.30810981617265,0.0759410622630055,30.5139963850092,1.475694349592827,14,D06_px-1055_py-0118,0.04910408899500883,1.475694349592827,1.7035215819299077,2.038074734263005,2.508612299564129,2.661408602389697
-66.42309394584555,29.299815058736925,283.8020037579404,0.1647665000299405,27.945494814376445,2.1191776247199376,16,D06_px-1055_py-0118,0.1065393166722622,2.1191776247199376,2.6090354595484073,2.370356538569086,2.7328912522749933,1.5383754269973
-148.88728678830108,49.939666846956925,282.3957915348414,0.3468502006889435,15.365981241766631,2.210986389763607,17,D06_px-1055_py-0118,0.22427607166700822,2.210986389763607,2.810057862087036,1.926703102933479,2.731005572301062,2.2189019867936257
-165.67339046132136,59.39733828321472,283.8479765635581,0.3831163980616776,9.60971854899259,2.190367745478269,17,D06_px-1055_py-0118,0.24772608053222278,2.190367745478269,1.8068557096706375,2.4073405146064912,2.190637431427549,2.001927701848705
108.00668806540732,59.81572749088015,282.24492019293166,0.2770223936605105,22.21158552392569,-0.1012120322617694,10,D06_px-1055_py-0118,0.17912486165659963,0.1012120322617694,2.760786384835354,1.2004926263596611,2.097091761518582,2.6828429751185965
44.14751589612103,73.51705841090786,278.60074190676454,0.1974645819640879,31.521842887956097,0.4230245069686044,11,D06_px-1055_py-0118,0.12768215399128444,0.4230245069686044,1.8156301759855165,2.272386344992892,1.3167062467935011,2.7479598121935593
63.471480036421234,73.37090370899607,282.3987781215353,0.2196962079853443,26.29011761788325,0.2506346250575203,11,D06_px-1055_py-0118,0.14205729847992468,0.2506346250575203,1.8662535056022165,2.267283704945383,2.400112383336202,2.29878181457609
151.05430749865428,81.55776895395941,283.0998893629585,0.3754494836274367,11.347601575240049,-0.1119055065084947,10,D06_px-1055_py-0118,0.24276859327200728,0.1119055065084947,2.5070399225799482,1.8038194358337944,1.8430134970249457,1.1780006999189454
87.55282657923071,88.7760816154661,282.74331696445813,0.2791572404800467,21.51422455803265,0.1853558684894285,11,D06_px-1055_py-0118,0.18050527042483835,0.1853558684894285,2.1373330908693475,1.831390839334697,2.334588656732379,2.146613633404336
-36.18635448229698,113.9760424024468,280.9669836212764,0.2698967543660794,24.123406842976635,1.2712420360860164,14,D06_px-1055_py-0118,0.17451736716503877,1.2712420360860164,2.801321899936127,2.696892945248448,2.6583495478705386,2.0270892856391685
-87.39922507177451,116.81398161868646,282.24332528191894,0.3241335872253527,17.895942593362577,1.606159441874134,15,D06_px-1055_py-0118,0.20958733047824055,1.606159441874134,1.6159613875557859,1.7739205355103542,1.6192379397450882,2.359930407500266
-64.33590329212332,130.69009699176692,283.67218492598533,0.3221517054939067,16.58713882561335,1.4212680120936074,14,D06_px-1055_py-0118,0.2083058301407622,1.4212680120936074,2.2699569968161297,2.174743439957969,3.1048338454423874,2.323869406854559
54.58459757633687,162.11958492576906,281.36739159867614,0.3763430558957364,13.103140849247891,0.6390452165985024,12,D06_px-1055_py-0118,0.2433463841387468,0.6390452165985024,2.0431753094201555,2.1824091596508923,1.7342867905401604,2.0689646854868453
-4.111584829593959,-158.93773758858484,285.84852685494707,0.3469133224250611,11.687673028267568,-2.2036392444081803,3,D06_px-1055_py-0118,0.22431688667874858,2.2036392444081803,1.8130945755716676,2.0052373872474236,2.085513388199463,2.4371907502961077
-83.65049331243357,-150.4721290558984,282.478838313298,0.3771841982213253,11.80695265077037,-2.6851529492360724,2,D06_px-1055_py-0118,0.24389027339157474,2.6851529492360724,1.086969353350395,1.9337677975602239,2.0982105099983377,2.4999273720459296
61.71318975398793,-124.53630708337668,282.95898089982387,0.3090477525622558,18.61264643789798,-1.717699593114475,5,D06_px-1055_py-0118,0.19983271096429195,1.717699593114475,2.245734522118596,0.6143185014273955,2.3736213023204247,2.1019456863701165
125.70329965020017,-125.3550207014534,283.1969884779794,0.3869206490270166,9.84051060987298,-1.390990452917057,6,D06_px-1055_py-0118,0.250185939169891,1.390990452917057,2.623393696244513,1.6102879205709222,2.3606434130177947,1.1626820844237136
-72.20554832882122,-120.66111998405177,281.886503882408,0.3135483970856253,19.30964130402077,-2.7170298607300944,2,D06_px-1055_py-0118,0.20274286316159795,2.7170298607300944,2.0626724297945116,2.3502437677822074,2.0593439478690847,2.487484885946823
-21.4112124855682,-118.37092741799708,281.29560173456923,0.2711184624714473,23.68355022885214,-2.3567233321132526,3,D06_px-1055_py-0118,0.17530733324852787,2.3567233321132526,1.7713444339744482,1.3973186806349838,2.3728965651144707,2.426234473427641
-31.567416398905834,-100.77474657874544,282.45677636924984,0.2383968070968859,24.966108886049994,-2.481341388410506,2,D06_px-1055_py-0118,0.1541492531572621,2.481341388410506,2.1413183352030174,2.5234610053082376,2.4514724656134206,1.562624771351159
83.63388999275195,-85.01067293113815,279.806779954195,0.2702525870227843,25.2985893444897,-1.4005413284323298,6,D06_px-1055_py-0118,0.17474745136351436,1.4005413284323298,2.3716342979170673,1.0890789495156787,1.9941438317750153,2.920021537694172
-11.40886902232462,-68.99442667605723,283.2454839339738,0.1591237272665102,28.77424098480992,-2.341652219371844,3,D06_px-1055_py-0118,0.1028906553591708,2.341652219371844,2.401444181253616,2.7796488784202187,2.646177375949722,1.8030237592450304
-38.77826383487157,-63.748178685701234,282.3478836020286,0.1701156585784102,29.16067608375749,-2.724278784284972,2,D06_px-1055_py-0118,0.10999812472136196,2.724278784284972,1.8028797389492022,1.6665580739069197,1.4655117998811344,1.9688690190547609
36.95094748879831,-58.22338692972048,279.4585027526084,0.1590388577401268,32.61353093489049,-1.6122737221140375,5,D06_px-1055_py-0118,0.10283577805495214,1.6122737221140375,1.217545362782071,1.8907230333548743,2.0360349854647097,1.1948951504374752
103.25408852103745,-52.389807328552514,282.9087045071369,0.2600008277317983,22.89585495463922,-1.076519455850658,7,D06_px-1055_py-0118,0.1681185830598744,1.076519455850658,1.3765841871726305,1.4812478082884826,2.6058550792267736,2.183590031009182
-153.2716776018471,-36.11532065916444,280.85320184888354,0.3494830739654455,16.720735288590447,2.7660215036481306,18,D06_px-1055_py-0118,0.22597850826493443,2.7660215036481306,1.9804462391685071,2.0453834855058597,1.2612675892164114,1.7907620275802123
71.93042649560583,-29.496988695221155,281.5396647344462,0.1775980361594998,29.6050852831263,-0.9961423848474266,7,D06_px-1055_py-0118,0.11483628899885938,0.9961423848474266,2.753503322158357,2.3159923590764233,1.9903173886688936,1.0592846151087483
75.36006597657337,14.44062038504993,281.8447946190125,0.1751467892796429,29.420149711490183,-0.4176529012070598,9,D06_px-1055_py-0118,0.11325129345955065,0.4176529012070598,2.3114053347210826,2.5957672015833584,2.372718500232838,1.8902638634936588
98.1503301201604,20.627296520226885,279.0178010102569,0.2295283888006125,29.1114320494857,-0.3998338747103386,9,D06_px-1055_py-0118,0.14841486403643314,0.3998338747103386,1.6639175230529581,1.7377651942149757,2.0938194580406595,1.496648518526833
87.9150448348752,30.631110334040752,283.0284616709176,0.2106373526005165,26.21850573310764,-0.2717155093136663,9,D06_px-1055_py-0118,0.1361997712376939,0.2717155093136663,2.2917807724996053,2.2049926357436522,2.769667860441956,1.8222105953183583
36.24930201430673,33.71901257944964,280.17493455130466,0.1143550611631486,33.62698484925494,0.1422710226598034,10,D06_px-1055_py-0118,0.07394288324460806,0.1422710226598034,2.6224390905036934,1.5466961294862265,2.093226133057894,2.0781099332018362
20.22016510888289,40.29124228150784,285.2521513195706,0.102364931335307,28.89066655352412,0.4986901789298253,12,D06_px-1055_py-0118,0.06618997085988285,0.4986901789298253,2.2888422718765917,2.2416394758127165,1.4126036490985163,2.4970628912009873
-25.334300409503104,45.17758918681098,284.50158800662666,0.1177907174558947,29.15714637460792,1.4748921728841204,14,D06_px-1055_py-0118,0.07616440566380986,1.4748921728841204,1.9146139464968654,2.8393781767807384,2.51386315906022,1.6664076462825639
-112.35147558164516,64.80151125444168,281.871621064077,0.2906217774236905,21.4348758806662,2.0114459794862087,16,D06_px-1055_py-0118,0.18791833031090602,2.0114459794862087,2.412703577128085,2.079332958896657,2.1227590484566936,2.1398743045656476
-91.91571584706648,90.68044116093058,282.27770382645895,0.2889957841910751,21.153845633667743,1.7559799191459002,15,D06_px-1055_py-0118,0.18686695027986153,1.7559799191459002,2.078598109864605,2.7158594099042177,2.2374098159838525,2.0802415461333945
88.9181944111735,120.20544554444533,280.31720989609767,0.3337353590875091,18.957082829526485,0.3269283710525473,11,D06_px-1055_py-0118,0.21579591179089339,0.3269283710525473,1.3459365719906886,1.5280226681262592,2.303851031621241,1.8127319911913737
11.261264342053716,120.7735061545186,279.6468231831147,0.2748056822842171,25.095078180460064,0.8708427818563506,13,D06_px-1055_py-0118,0.1776915186211706,0.8708427818563506,2.212864845318294,2.7679412825311247,2.092938053959638,2.9555323200153505
27.037818022386528,124.38445949557271,282.79021195331006,0.2846330634561375,20.998550229242085,0.7497736288900189,12,D06_px-1055_py-0118,0.18404598069048686,0.7497736288900189,0.684063723127345,1.8887538756840216,2.4207169544144564,2.4831752238834026
132.0869696933881,130.49747365087043,281.30279471465786,0.405290482630659,9.543239243068513,0.1723654297496728,11,D06_px-1055_py-0118,0.2620640182646074,0.1723654297496728,1.8493616676573787,2.244851571793502,2.7611460094596243,1.7519330798152457
20.55206305143892,135.26944546669395,275.62171453121584,0.3121208303998994,26.029286519241168,0.8130356897433638,12,D06_px-1055_py-0118,0.20181978729864225,0.8130356897433638,1.959556627948253,1.9401788301687293,1.5506850858259995,2.16082982968312
15.790508733556582,150.06436036668194,280.8461002660344,0.3359901756811534,18.16399501896172,0.8589776856499768,13,D06_px-1055_py-0118,0.21725389395999017,0.8589776856499768,1.9457764602999053,2.9380599543234647,1.9564758797175508,1.511467028054848
-81.06296102852542,155.27938679935187,283.671100914247,0.3816880449363791,9.976071208904898,1.4449451443257924,14,D06_px-1055_py-0118,0.24680249615124522,1.4449451443257924,2.011295076112704,2.419613434270709,1.3998905562158122,2.331241860881107
15.3067804480394,-143.2917890960016,280.14249304923464,0.3226778706731725,20.25634090626022,-2.0713569642082232,4,D06_px-1055_py-0118,0.20864605268991832,2.0713569642082232,1.726498329354354,1.9046079058845753,2.06648874573761,1.5777905195082451
78.2418327996267,-109.66630112900756,280.55187210445695,0.3025378135353702,21.74409955884892,-1.5580774907003898,5,D06_px-1055_py-0118,0.19562333311517546,1.5580774907003898,2.0350071342050042,2.345461243431151,2.024215563514079,2.7238401649917456
-68.25733309861378,-108.451233120525,277.51605481962184,0.291583734788245,25.897585776211884,-2.739520593410824,2,D06_px-1055_py-0118,0.18854033951950644,2.739520593410824,1.793601108407338,1.2460110658565606,2.7418369220717187,1.7312921046371343
-12.42627183390622,-101.24919703570323,281.6023569948129,0.2312467742012332,26.340686905258963,-2.299894745543236,3,D06_px-1055_py-0118,0.14952598557101968,2.299894745543236,1.5657279440156802,2.4278973408015267,2.0461145757508294,1.5586749910794169
146.049533537497,-99.0960733675074,282.6431546437041,0.3855728500490726,10.60579645112881,-1.2031366312701024,6,D06_px-1055_py-0118,0.24931444173506273,1.2031366312701024,1.3243853247108808,2.0986626896350105,1.2266907599262904,2.234755273110795
91.7821360321144,-96.08632874498906,280.59193482347825,0.2986118067463189,22.059620041700327,-1.4152843595638585,6,D06_px-1055_py-0118,0.1930847462029076,1.4152843595638585,2.5233139824141895,2.7028484234029286,3.3088257568453687,2.4855318475310244
-126.21584071485358,-82.78275222254574,280.4294270019202,0.3365536539517512,18.54683552694212,3.1151125088563254,19,D06_px-1055_py-0118,0.2176182434478912,3.1151125088563254,2.0063306995295154,2.542895250592288,2.4236835374069465,3.068272114706742
-123.00624636804908,-68.25736801679665,281.299384015528,0.3142858997878119,19.85604074416836,3.041218014066977,19,D06_px-1055_py-0118,0.2032197382176356,3.041218014066977,2.035767431110771,2.015870421063142,2.540878442035436,1.7217468301955328
-147.62441128791417,-50.81586789418758,280.3464046138605,0.3473132426539266,17.495207385052936,2.8661330612438323,19,D06_px-1055_py-0118,0.2245754782486308,2.8661330612438323,2.013603870591838,2.5734748140111288,1.9460108597980716,2.8576459728069517
54.61897573654753,-45.06810992253122,280.7206664975334,0.1625173668884156,31.17480046569443,-1.296860784915471,6,D06_px-1055_py-0118,0.10508500946807045,1.296860784915471,3.51434410845866,1.7939253033069211,1.33336457067858,1.644722222164038
-17.43239939371646,-29.03143903752502,276.593619830338,0.0794116652801833,38.17584320092078,-2.7185381208516013,2,D06_px-1055_py-0118,0.05134820824147959,2.7185381208516013,1.6201046770804046,2.280888667683471,0.5276723205574623,2.119169513636426
-115.58059727302336,-17.74448989237516,280.6532124978659,0.264479612411742,24.880443788461665,2.6869485266177957,18,D06_px-1055_py-0118,0.17101460051024625,2.6869485266177957,1.8571309028120746,1.6645610417561771,2.38533793095412,2.314434020323297
34.04978686333589,-14.352645532378483,278.4600980811972,0.086040836004801,36.14987895905733,-1.005898384993938,7,D06_px-1055_py-0118,0.055634682245456105,1.005898384993938,1.8735864283811754,1.6106762628948215,2.48383950059388,1.8842747384921918
53.75986872601148,-5.297443273797083,277.89624192405574,0.1256874259160148,35.53809704257753,-0.7052014334718126,8,D06_px-1055_py-0118,0.08127047955108907,0.7052014334718126,2.3279738631485953,2.5863114992533123,2.0382356579702128,2.1208502772107933
-42.073188590858216,13.076302435482775,282.07133593254184,0.1011806741544603,32.12251223717237,2.233278722742373,17,D06_px-1055_py-0118,0.06542422083916444,2.233278722742373,2.857032212081177,1.151770931305808,1.7648601338653456,2.3861421231770437
-146.53616810699793,15.322734408158304,283.30133510908206,0.325982578806515,16.593522343275083,2.4304255249454845,17,D06_px-1055_py-0118,0.21078290299786076,2.4304255249454845,1.7069531231117083,1.8564948034233546,2.417815550118567,1.2859341549036105
-23.171793105601022,13.81311731345678,282.5716434966242,0.0619747312268438,32.528716200726365,1.9970531023166165,16,D06_px-1055_py-0118,0.04007334934380006,1.9970531023166165,2.3338083694974814,1.9040418951285385,2.570990727014773,2.8277850071870385
-126.61308331187963,17.774207003467907,278.5991493105482,0.2898943067057424,24.913762145771045,2.395142472405085,17,D06_px-1055_py-0118,0.18744794201489204,2.395142472405085,1.5864550074770882,1.9036754881398998,2.509837464610679,2.2516620328264345
27.90542513493453,17.83091620811949,281.4656373119548,0.0763270243384448,33.356374044879715,-0.0383926352012312,10,D06_px-1055_py-0118,0.04935365511294687,0.0383926352012312,1.973024607168088,2.100771112117449,2.4090522497923343,2.4869085733684373
140.76283916343883,32.59427404720432,280.00444208920567,0.3236197319735636,20.30876519884936,-0.3794352124631186,9,D06_px-1055_py-0118,0.20925506762514776,0.3794352124631186,1.8346020572789854,2.511431269448244,1.9023672918923207,2.0579166342536936
176.4952515593267,44.57541731708016,283.6496464788435,0.3952020696109529,8.304121112335622,-0.3595941019877886,9,D06_px-1055_py-0118,0.25554077094654376,0.3595941019877886,1.955440631228674,2.1035207114248786,1.7115142540953863,2.3150525217003404
155.45328859914426,42.9024089196926,278.53843931417595,0.3599354360265945,18.03451220789429,-0.337699998433613,9,D06_px-1055_py-0118,0.23273708789977246,0.337699998433613,2.0843412465420776,2.649598869227649,2.1462932433800717,2.0090265255041198
5.1954652552957175,54.29528210581242,281.6790046138605,0.1252052357757866,31.74252172233264,0.8684181828686716,13,D06_px-1055_py-0118,0.08095869160853594,0.8684181828686716,2.211623588966992,2.4813595538797486,1.3726254092240069,2.0372897931343927
125.27892736525123,61.01632935692692,281.98722927953656,0.3107967407756408,19.466883641845584,-0.1537504727631771,10,D06_px-1055_py-0118,0.2009636205186493,0.1537504727631771,2.077883188063471,1.55215123608752,1.971498369743009,1.8688197660928447
167.4638890899906,61.8323631245534,281.2038649694588,0.3913503683849894,11.44068748413116,-0.2532787897265655,9,D06_px-1055_py-0118,0.2530502305966225,0.2532787897265655,2.0797474634682507,2.2941365292354288,3.0446499596709544,2.113642719537899
115.20884443014832,75.02105499382817,280.77169930934184,0.308139129467852,20.99406427437026,-0.0297791359320401,10,D06_px-1055_py-0118,0.19924518811484848,0.0297791359320401,2.068502531482612,2.072443716164309,1.4532114216421816,2.499523511011401
154.15236240309162,100.2260886745246,277.7913268264793,0.4062964436669712,13.233582110891348,-0.0304809496546132,10,D06_px-1055_py-0118,0.26271448059395314,0.0304809496546132,2.356684982048736,1.4463290774197697,1.8541411857484982,1.9750682157604302
39.19759640283674,112.77320997466492,282.2728800236966,0.2682977366918741,22.897585154798264,0.6293004193371231,12,D06_px-1055_py-0118,0.17348342974253028,0.6293004193371231,2.246840344933715,2.2656344862618125,1.8926673782808314,1.9405499638155037
121.1109920463854,112.35703622983412,278.39756355425783,0.3681305336504621,17.25477578200372,0.140940879479011,10,D06_px-1055_py-0118,0.23803610257053792,0.140940879479011,1.8782944521096079,1.7702888750505585,2.381722637301205,2.7027642335093303
-78.54432732798526,131.60008512278287,282.0121022882791,0.3395560324976299,16.554574011669104,1.5019102687402044,15,D06_px-1055_py-0118,0.2195596050633364,1.5019102687402044,2.987468300477987,2.6172508787306983,1.4191636042037243,1.9492525018516251
-43.51893269517395,143.27499995380566,276.073027158694,0.3389463028195741,22.9162822768983,1.2587049735054103,14,D06_px-1055_py-0118,0.21916534905108237,1.2587049735054103,1.9330764539085057,1.0223998449521412,2.2098017409884454,2.2744902379924588
-1.769560775941797,153.4886850693687,278.8841999682858,0.3435732746822824,19.44918500241033,0.9753452172694363,13,D06_px-1055_py-0118,0.22215718550099875,0.9753452172694363,2.170823874774836,1.792501780196019,2.478603002840565,1.9446199001615943
-54.57656928329042,153.16677849005424,258.7407651103527,0.3877932260835314,36.1494906463401,1.3061118303521575,14,D06_px-1055_py-0118,0.2507501543673255,1.3061118303521575,2.3601861827972828,1.9851787056874337,1.8271140152541763,2.6368574309279573
23.595773558681334,-178.93053003717978,279.6212532993154,0.397235248829471,12.411151461684028,-2.046661250234061,4,D06_px-1055_py-0118,0.2568554406431981,2.046661250234061,2.3109986593033924,1.8745798690313116,2.08698529782673,2.3147611369450756
-43.42767846373039,-171.0363012598415,281.088351392572,0.3874364609674467,12.053624323907798,-2.4264303054615413,3,D06_px-1055_py-0118,0.2505194672332706,2.4264303054615413,2.165392887621536,2.6860665042990437,1.6723998414054053,2.083961544385401
36.97581613248854,-128.41466175383664,276.0371940875447,0.3048613650019748,26.262926821512902,-1.8974189679608164,4,D06_px-1055_py-0118,0.19712575979450594,1.8974189679608164,1.6101903270926285,2.1903863967017934,2.3524229049719168,1.6467334645018565
103.77261979874044,-103.30179399412128,274.586427828541,0.333655697022005,25.03054916368069,-1.3901039957208072,6,D06_px-1055_py-0118,0.21574440167189488,1.3901039957208072,1.9653400545470994,2.0988249357522095,2.234680510631117,2.6362522038051805
124.83296525529568,-91.80111789418751,280.8414046138605,0.3443481925965379,17.287690730527856,-1.241065541747448,6,D06_px-1055_py-0118,0.2226582535278542,1.241065541747448,1.7790202456615192,3.209301333533355,1.2722268499659592,1.8672011548162244
-113.66820191718786,-90.91110373131448,280.1561542344978,0.3256749210930923,19.944286424792324,-3.0739570917471486,1,D06_px-1055_py-0118,0.2105839690971525,3.0739570917471486,1.401701141404927,1.9479823517075683,2.023500738973871,2.3246393710753397
117.36187581952136,-75.73217191579619,279.5386315046168,0.3140340270888662,21.73153604844299,-1.1800349092168432,6,D06_px-1055_py-0118,0.2030568753466685,1.1800349092168432,1.834359732371792,2.2003447436114003,1.7337231697938162,2.103109946885815
143.2310408975412,-72.85805985422563,279.08153782033054,0.3581336752044797,17.655797447310533,-1.0775430882086696,7,D06_px-1055_py-0118,0.23157205516095672,1.0775430882086696,1.3416027225744498,1.9532967325324804,1.3347608985838217,1.936724224557868
-23.42235947083885,-70.0689488801031,279.7988694025929,0.1699745167572572,31.753903729692183,-2.500374464038412,2,D06_px-1055_py-0118,0.10990686130812692,2.500374464038412,1.6847338648641017,2.411278938122199,1.7303136361061364,1.9420113806528514
52.66498993536892,-64.75113983203038,282.79422606419564,0.1895394049641562,27.692781237299528,-1.4949507666261914,5,D06_px-1055_py-0118,0.12255767212193586,1.4949507666261914,1.5757734527028067,2.127006888872021,1.7979929949519815,1.6905662078707921
-88.66472061831027,-61.76050079381578,282.81917413058915,0.243416243645134,24.2340280065464,-3.140157137370202,1,D06_px-1055_py-0118,0.15739486036402414,3.140157137370202,1.2766809532201497,1.7225894852692023,3.078076625199107,2.4462509804190677
143.90913675288027,-54.754640323449074,280.4246482301476,0.3428065437105807,17.89470752558867,-0.9705464669557746,7,D06_px-1055_py-0118,0.2216614112156816,0.9705464669557746,1.4236228570022607,2.7123272352576313,2.534364617305185,1.7952183176504435
-82.78504145756703,-50.96556743944522,277.4437952591615,0.2239380825913272,31.09504570617781,3.086451431688632,19,D06_px-1055_py-0118,0.14480012801049502,3.086451431688632,1.5994645295825163,1.6874909362497585,2.528651384904737,1.6498796525674915
13.131321376456787,-49.54358402796961,281.2521155940877,0.1179039829990315,32.42549451461565,-1.918687286493824,4,D06_px-1055_py-0118,0.07623764405611724,1.918687286493824,2.785324327217001,1.8800985656112643,1.4517063776492236,2.3458216816125854
-67.79623529923295,-44.14083323614687,280.5637336341932,0.1852757433274773,30.19483563155245,3.1117478196603043,19,D06_px-1055_py-0118,0.11980075492571596,3.1117478196603043,2.2039517584862254,2.1407453916527723,2.203335906271577,2.180552111982374
-79.85353998030641,-31.26073045963258,279.38763498035263,0.1969234945121258,30.750155024882872,2.9077495423373056,19,D06_px-1055_py-0118,0.12733228258307036,2.9077495423373056,2.5391772710368983,2.6900202701662943,2.190231677403098,2.6813253681621947
163.52139339900828,-25.432746636702525,278.8040393443994,0.368218477325927,16.808973259337506,-0.7612749341342675,8,D06_px-1055_py-0118,0.23809296764376564,0.7612749341342675,1.9131076513004768,2.2860395717748743,2.5856207766974055,1.550634641429753
0.8300650011660065,-19.825728652340768,280.09984595227644,0.0460154080112761,35.24723760012813,-2.135932226626769,4,D06_px-1055_py-0118,0.029753925251952598,2.135932226626769,2.2193524026783713,2.132599215827537,2.866973426472897,2.1555597658483054
135.23494979137809,-18.11928284264109,282.5760437891182,0.3041198148508705,19.47701342094706,-0.7401700444866508,8,D06_px-1055_py-0118,0.1966462676261191,0.7401700444866508,2.5693457642571915,2.1830329841948233,2.4044968744420627,2.339293261595512
56.059160282011625,-20.53454082883613,280.04549010502365,0.1376939350769889,32.92248621382947,-0.9581021825285264,7,D06_px-1055_py-0118,0.08903398294162655,0.9581021825285264,2.211179365286151,2.4081010201799575,3.102483260510323,2.400208761678798
138.27298832653966,-2.517291389942434,279.05049283829754,0.3116397402363973,22.47191023322296,-0.625182749782874,8,D06_px-1055_py-0118,0.201508710609704,0.625182749782874,0.9933260159349702,1.6448167462873926,2.308286207938111,1.8005992573465504
60.23442395631928,13.665236500447165,281.60544979564656,0.1416115014339339,31.191020108278963,-0.3838882361105419,9,D06_px-1055_py-0118,0.09156711220401495,0.3838882361105419,1.411037318485679,1.7023117546221,2.5941713333365986,1.7843794213357405
113.29279952892053,13.564306647420276,280.4828996773302,0.2585069150452995,25.52100245582659,-0.487818872059828,9,D06_px-1055_py-0118,0.16715260735025694,0.487818872059828,1.3905573835665945,2.192976648692672,1.6082935734998518,1.5595136682518023
166.82136897715876,14.45341698435046,275.5122448188973,0.3762287144016227,19.412280395452346,-0.5205552672956415,8,D06_px-1055_py-0118,0.2432724500280632,0.5205552672956415,2.005257627341156,2.0038448452228277,2.309425091090432,0.9972517707036455
156.106982496675,24.309433829950315,279.5557494414467,0.3520396480857564,17.823205152443336,-0.4524973579803,9,D06_px-1055_py-0118,0.2276316092275113,0.4524973579803,1.7939160016780666,2.6022973581766613,2.3188387964930817,2.0124847384929723
-46.12229336539398,27.724433829950453,281.8153701311019,0.1234882866902017,31.666029740610213,1.9933800415317768,16,D06_px-1055_py-0118,0.07984849880656442,1.9933800415317768,2.6265314615083164,2.6035610450478215,2.481676329881826,1.660825488949407
52.85005964498492,35.699887412863255,281.482208252981,0.1462248703902375,31.12535046741852,-0.0128907097633341,10,D06_px-1055_py-0118,0.09455015290750929,0.0128907097633341,2.4055044821610623,2.10011821411723,3.0924539469653674,1.4306342476685168
-93.6861728865136,44.5893124236609,280.65514544515634,0.2358284979722168,26.999380987165463,2.0903953652202447,16,D06_px-1055_py-0118,0.15248856424843865,2.0903953652202447,2.7779311254578065,1.50029746947457,1.9999244696057286,1.0955497229753517
115.98318941213698,49.53579957222316,276.3875685842471,0.2883363552393186,27.35526862237396,-0.2033360364751293,9,D06_px-1055_py-0118,0.18644055832578546,0.2033360364751293,2.2913623470651565,2.053743086835164,2.2669669784029924,2.0583364080709075
-58.4820880762819,51.4369221374164,278.12158896993105,0.180051928952876,32.95242192836383,1.8132215602371808,15,D06_px-1055_py-0118,0.11642299540668977,1.8132215602371808,1.6526236999378998,1.827119901131688,1.8515005800734292,1.669016473044905
-97.7757136773866,60.673461108254,280.4101036023502,0.2606696128086631,25.42965768312848,1.979229497517553,16,D06_px-1055_py-0118,0.1685510247581373,1.979229497517553,2.050727687453713,0.7773313723961064,1.6294337121936122,2.0605797619262747
-12.80092675469186,58.57110932179248,281.442378396632,0.1375899412705533,31.516343147252087,1.1789870551380868,14,D06_px-1055_py-0118,0.08896673972729728,1.1789870551380868,2.0050044672169145,1.5539356960282669,2.2722155019844443,1.4188549347590838
138.32656500855617,61.97470092851246,281.42408350000784,0.3367557966576256,17.471966999165545,-0.185763561278506,9,D06_px-1055_py-0118,0.21774895051364931,0.185763561278506,1.366048164428784,0.9189340603902056,2.0104616796772126,1.564926190941451
-15.869415794745256,73.97281647824894,279.2049977229663,0.1743417453632011,32.141256482042195,1.1751440325532996,14,D06_px-1055_py-0118,0.11273074572239968,1.1751440325532996,1.599760440945385,1.4520586024033482,2.621769591131831,1.719255655939933
-93.00851189942914,77.01632966552167,281.6648106367058,0.2717753011182449,23.24689561720044,1.8429969638728965,16,D06_px-1055_py-0118,0.17573205029101546,1.8429969638728965,2.337359440769343,1.3074791839242028,2.4649057643307053,2.091676657398434
167.649687383316,82.07325797129215,280.9633856792837,0.4076457257981829,9.6024645071775,-0.1517251161199366,10,D06_px-1055_py-0118,0.26358693704736613,0.1517251161199366,1.3978093898148685,1.851205429809769,1.678986980242599,2.1838883420194826
-77.57462246400257,84.86779438651428,281.80802742087803,0.2592372720025003,24.093948166032988,1.7043481211853035,15,D06_px-1055_py-0118,0.16762486191130466,1.7043481211853035,1.624593315747795,2.1741183291224777,1.634430745237143,0.907641220427782
-62.56879006385326,92.32191283867292,282.1699861741442,0.2514716043461328,24.31068520593533,1.559435563699756,15,D06_px-1055_py-0118,0.16260352003985057,1.559435563699756,1.8835739177532473,1.7294186027158225,1.4849914139564593,2.3851987346042063
-130.9364850166546,100.73971194264224,275.20023134268723,0.3720310323365155,20.23502449426826,1.8788247114361656,16,D06_px-1055_py-0118,0.24055819574249748,1.8788247114361656,2.520445382649841,1.9844000920653235,1.8007796996290706,2.063359721798452
-80.62467119694605,102.42110822667016,276.98709662165777,0.2968456180075539,25.98839669031128,1.6306965958617932,15,D06_px-1055_py-0118,0.1919427146533628,1.6306965958617932,1.8415363980619202,2.1272296335905274,2.6741220643232118,2.5019065609213733
21.326238541763235,108.47581707945044,279.96129916570584,0.2512508458224493,26.60748303346844,0.7696935437238682,12,D06_px-1055_py-0118,0.16246077583967306,0.7696935437238682,1.6917602764953645,2.504048987192186,3.2000738905383557,2.2024055616606324
-14.578666049748367,121.67530004015993,279.5112364793529,0.2776190274539319,25.00426801081153,1.0830644772933038,13,D06_px-1055_py-0118,0.17951064976670178,1.0830644772933038,2.438647327063909,1.5629554716111513,2.2417617114334694,1.8798344148064419
-28.72868176273484,144.71945630830908,274.7377509582235,0.3358477279583579,24.64859945692666,1.159782061542657,14,D06_px-1055_py-0118,0.2171617861404674,1.159782061542657,2.7864880265701206,2.544954213685762,2.734628775978207,1.7241575621947383
51.80978519033427,148.17744564621034,278.2043522387082,0.3515233092606009,19.319061907645903,0.6274565718720165,12,D06_px-1055_py-0118,0.22729774047631834,0.6274565718720165,2.239202419223724,2.6242755424057562,1.5248016791990833,2.0406877294801395
6.808594603584722,169.54241781502716,284.47016224555153,0.3698652461226953,10.54150382576188,0.9236797123572676,13,D06_px-1055_py-0118,0.23915778131822626,0.9236797123572676,1.8322367434916293,0.9732401307393475,2.014227157971905,1.417959229590506
24.767242670705382,180.6221442338189,278.0589097096616,0.4028692364236373,13.386189399484865,0.8275447840984439,13,D06_px-1055_py-0118,0.26049842139664864,0.8275447840984439,1.8968136288210573,2.4933178114199412,1.1645508474334936,2.1002658165260053
109.58477212360076,-152.41277636929786,280.8541708394434,0.4098486205894813,9.429386882429869,-1.5544117669077615,5,D06_px-1055_py-0118,0.26501134617011357,1.5544117669077615,2.840680431644919,1.9751415491040865,2.183004025526336,1.5287142213206943
-116.60950655462258,-133.4046486731543,281.69971551019006,0.3881044780256386,11.310291998523835,-2.8960980343607874,1,D06_px-1055_py-0118,0.25095141232461043,2.8960980343607874,2.084302684530279,1.9061535304036532,1.8131760542426205,2.612906486009271
80.90495736236501,-125.25377540963028,279.10678553355854,0.334230456324053,20.187440034125927,-1.6042683254370198,5,D06_px-1055_py-0118,0.2161160455635846,1.6042683254370198,1.4473645910883688,1.2748757470322603,1.9400336994176675,1.7116435813949367
12.957286472865672,-111.1295478967562,277.3506108815204,0.256435134933519,28.917406774730352,-2.0617037218308303,4,D06_px-1055_py-0118,0.16581297801198633,2.0617037218308303,2.022223576579053,1.8957627634869492,2.9027223995609317,2.0055536678356276
61.06881840630631,-107.41568705788154,279.56900667489896,0.2797486464168022,24.767006556639046,-1.6608191125425615,5,D06_px-1055_py-0118,0.18088767816164408,1.6608191125425615,1.9130534118629552,1.8237669833151113,1.4089665783121426,2.8772917924096153
-24.431727727160425,-82.87588982401215,271.25912391210613,0.2041550911588921,38.63195658531959,-2.46445427065388,3,D06_px-1055_py-0118,0.13200828993320468,2.46445427065388,2.1818478979755027,1.5266065231710504,2.5733020835549345,2.134899328806968
-34.01516010001982,-47.83944307895161,280.0735933574648,0.1353976244922944,32.983312150149686,-2.7958645586197126,2,D06_px-1055_py-0118,0.08754917043109692,2.7958645586197126,1.5553970743850565,1.5964561270976165,1.6035038214351074,2.5423370425624716
-163.86780017310457,-29.263834490952043,278.41792947904923,0.3706589886262545,16.940679440243912,2.711332192987051,18,D06_px-1055_py-0118,0.23967102147279387,2.711332192987051,1.4379217228316357,1.8726430113151544,1.8363481887131128,1.796883776075864
107.49066807716522,-29.71660643034265,280.3973305397864,0.2529861528215058,26.0278837396782,-0.8767003070556305,7,D06_px-1055_py-0118,0.16358283901308807,0.8767003070556305,2.3339408641712702,0.7117401835428638,2.3481204535274354,2.139727773168765
-28.39418144209302,-18.134752302789646,278.4310820332153,0.0784909012053341,36.35291825336384,3.1029882275463194,19,D06_px-1055_py-0118,0.050752834938453936,3.1029882275463194,1.8217729782010397,1.0644749814337413,1.730132946235258,2.7002019128317003
-53.94272782458468,-15.222812041987655,281.05352763820906,0.1289084686849999,32.23889481211052,2.809663708713726,18,D06_px-1055_py-0118,0.08335323117546323,2.809663708713726,3.4477972008528104,1.3663559784488841,2.0580037742489563,1.7726152097611143
167.04073682079087,-8.775765391525107,278.97859311226307,0.3716213545224989,16.227047003187977,-0.6594679541136974,8,D06_px-1055_py-0118,0.2402932948412027,0.6594679541136974,2.5552591566252865,1.74997407713963,2.016072627949688,1.8656167995178143
-24.549300783239072,-4.981883932722352,275.5305301696513,0.0590257256946371,39.632682483526594,2.734828085594538,18,D06_px-1055_py-0118,0.038166499139377856,2.734828085594538,1.684527823218074,2.76410398427606,1.6681390810574088,2.2965276724241805
-141.2632797909395,-2.963586410259828,279.73879783270684,0.3172237020434573,21.21456697734351,2.5555892150904715,18,D06_px-1055_py-0118,0.2051193442951927,2.5555892150904715,2.4900964406757558,1.376673535505672,2.303923343941727,1.6793143540543085
176.66238833221874,-0.6643243719203767,270.99083781224107,0.4008082714839069,21.3272634887444,-0.6107399318084696,8,D06_px-1055_py-0118,0.25916578523380934,0.6107399318084696,2.376172220748674,2.041768002570965,1.9774294523430516,1.8353290026321023
135.21406835950862,12.287028447275883,279.59280150964764,0.305744897706851,22.453811936824422,-0.5163574906308493,8,D06_px-1055_py-0118,0.19769705900046103,0.5163574906308493,1.7685115635147954,1.8318400666212338,1.8135705580104329,1.5403242062226035
187.65194753351736,16.689862232835647,279.4753484778228,0.4129652607770329,10.518082789609196,-0.5182724215127009,8,D06_px-1055_py-0118,0.26702659026302517,0.5182724215127009,1.8328239833742321,1.654162067118701,2.7026726674405017,1.7265558338778448
-31.71698090264105,22.943496304163947,272.7922634280057,0.0930054725114902,41.66752987127842,1.9083662273705648,16,D06_px-1055_py-0118,0.06013807106635431,1.9083662273705648,1.9927228765602056,1.1800901142513776,1.3462936088216249,2.1953979490913342
57.64393220875682,50.4495187894261,279.9992692990385,0.1759885114738577,31.2518871935522,0.1119593036734805,10,D06_px-1055_py-0118,0.11379555765999932,0.1119593036734805,1.8468049917238791,2.0419719076598537,1.7931624808800781,1.4991921533362302
-107.18382778302052,48.284560465229575,277.4124461680969,0.2687816194150838,27.90004720152456,2.1113570762831984,16,D06_px-1055_py-0118,0.17379631212257055,2.1113570762831984,1.7593443406903218,1.3403745211289524,2.1641884799105533,2.6321296993165415
189.44278579545207,62.74296739365887,277.4117031213232,0.4373874122108127,9.40310075945382,-0.2871525034630341,9,D06_px-1055_py-0118,0.2828181457366718,0.2871525034630341,0.8735449152555936,1.4681766905225675,2.4225184316408592,2.0707693876909654
80.22801183914662,64.56033552196152,278.3375536821835,0.2360035711703586,29.37089933704914,0.0706271646809996,10,D06_px-1055_py-0118,0.15260176795728886,0.0706271646809996,2.032440272592992,0.3708178802941753,3.2095737583141752,1.6509547447698512
-121.85797497794049,76.36133691630806,280.4692180249392,0.3217015701186659,20.008202239572825,1.9748338443536435,16,D06_px-1055_py-0118,0.20801476906172336,1.9748338443536435,2.46118257647381,1.7690164566150837,1.7808973184978918,1.6433592781364554
131.72806775083936,78.32846142845062,278.525326182488,0.3434809796958621,19.8401003778194,-0.0705235226222913,10,D06_px-1055_py-0118,0.22209750683583498,0.0705235226222913,2.3764517106482606,2.2606320129643347,2.2184665835942683,2.046546497630704
119.7514285729389,93.29969268851012,267.0181908498611,0.3539764813487388,30.97684373229953,0.0548939949137756,10,D06_px-1055_py-0118,0.22888398087046516,0.0548939949137756,3.2364838999746692,2.1974094252888454,1.7587656129538867,2.265415958050035
51.12627665350872,99.25684250185203,277.4580624259832,0.255831571528216,28.851658072926,0.4881696366870357,11,D06_px-1055_py-0118,0.16542270916026172,0.4881696366870357,1.6695306452414393,1.4661823188438206,2.2081560677499796,1.8660906414843452
-117.38751720084468,110.63639087774224,279.8017554910535,0.3585340194957142,16.841992265130216,1.7788134104773183,15,D06_px-1055_py-0118,0.2318309209329068,1.7788134104773183,1.4300413001111623,1.3951568811304713,1.7668936784262717,1.1670983822511212
101.0724829256888,110.03586082921665,279.335360618188,0.3345988257790721,19.90762487636493,0.220851807606258,11,D06_px-1055_py-0118,0.2163542361545939,0.220851807606258,1.7419662612148763,2.450996529583872,1.5400871992505476,1.8888186863642589
160.01231710714757,116.50121543914582,278.8610342434901,0.432259121225142,8.535542218587182,0.0223422956397102,10,D06_px-1055_py-0118,0.27950215239330045,0.0223422956397102,1.5274590805132338,2.693177133239691,2.083900128745399,1.757299703320899
-133.46433612766742,115.56961007403385,280.680724902223,0.3881112353078882,12.4103182696997,1.8209482396159475,16,D06_px-1055_py-0118,0.25095578163653554,1.8209482396159475,2.7658352165136275,1.7216730512947092,2.094907421761623,1.5047632246457403
143.79528231995147,115.96401183629705,281.1892861946453,0.4035812060894355,9.890532601332607,0.0716832727657149,10,D06_px-1055_py-0118,0.26095878659025135,0.0716832727657149,1.233582794330702,1.6609327925968702,2.4848482549356867,2.057301687519505
37.278716789038,131.3457502039719,271.93018528870715,0.3154603795742867,29.59840213847974,0.6872681622939621,12,D06_px-1055_py-0118,0.2039791660981433,0.6872681622939621,2.1947632024744426,2.1303703101320672,1.4263708915015032,2.0596731278773213
-52.59534178040011,131.21289245242397,276.89315836450714,0.320408535986887,23.903117694501645,1.3450468767393158,14,D06_px-1055_py-0118,0.20717868300777065,1.3450468767393158,1.792241643522319,2.627894002572649,2.138743976656489,1.7962767729801978
87.26488369208691,139.31899883091037,273.9586700294101,0.3718920054253225,21.58370621417862,0.4042347611477436,11,D06_px-1055_py-0118,0.24046829984670032,0.4042347611477436,2.4284440233142903,1.5396743795323087,2.79930440436295,1.065629368116762
72.63795394307846,142.95921694744152,278.76710597132654,0.3578043457773988,18.02819844457713,0.4937081137827578,11,D06_px-1055_py-0118,0.2313591081595038,0.4937081137827578,2.250970302656387,2.3063400779198933,1.951346898252473,1.7106106514262953
100.28165638508898,156.02553373144508,280.1219793758061,0.4064151167583714,10.680805044698673,0.3925721639072609,11,D06_px-1055_py-0118,0.2627912155495592,0.3925721639072609,1.688205648183054,2.1712336983889786,1.6633199867798922,2.2293393570647266
-22.06739619048746,162.64196343111368,278.84151003554723,0.3654206287308561,17.089916212807793,1.098674104007609,13,D06_px-1055_py-0118,0.23628385670545515,1.098674104007609,1.8456601936893908,2.3831114973525294,2.460592582420121,2.934176930312259
-51.21392973173976,173.6737982683017,279.6628047867213,0.3983436658958922,12.224808073817712,1.250575045655169,14,D06_px-1055_py-0118,0.25757215184858834,1.250575045655169,2.7415083181923765,1.581198666457631,1.264537722717745,2.2525146073722455
11.455423530678146,-161.63269972079857,272.7561751284641,0.3685099666533522,23.258456265792688,-2.1070209871065675,4,D06_px-1055_py-0118,0.23828144693874062,2.1070209871065675,1.5064584375748262,1.4763245155912779,2.376314234509248,1.865102213243636
48.63106273957241,-153.66734850215397,277.49551362853555,0.360997618581013,19.03011200883361,-1.871278546677734,4,D06_px-1055_py-0118,0.23342390350554415,1.871278546677734,2.481628715790718,1.7130473408344637,2.03832054539087,1.5856236039528107
-64.00751820163534,-135.24443677610424,279.3360651957201,0.3350456323324951,19.860901929725003,-2.619814041584448,2,D06_px-1055_py-0118,0.2166431447912265,2.619814041584448,2.2506121932816257,2.433476404827201,3.188455833966328,1.9269478275137846
-5.791315645743942,-121.51731427462656,278.68155093654053,0.2764827296979129,25.96060467353124,-2.2253981831021954,3,D06_px-1055_py-0118,0.17877591068782048,2.2253981831021954,1.6282731819114138,2.1515745916625124,3.2693163387719517,2.055491004340002
66.3356931495527,-120.76598753867248,275.60016486910206,0.3142008222745959,25.856814102020167,-1.675477001605056,5,D06_px-1055_py-0118,0.2031647264274928,1.675477001605056,2.1533067606764584,0.8696067396118392,1.788083910279852,2.122046747546152
-145.06024806222382,-112.02061840248967,280.858646226873,0.4011655051538035,10.56387289689053,-3.0909918047365625,1,D06_px-1055_py-0118,0.25939677533844946,3.0909918047365625,1.9757034921978696,3.091929661870447,2.226931630841315,1.5038781530004544
-105.67798706223236,-114.98537042482153,278.46168165168683,0.3495717846451848,19.256541321626287,-2.921019901671075,1,D06_px-1055_py-0118,0.22603586928916716,2.921019901671075,2.8844968712148003,1.6338374621587968,1.311994879946038,2.135013302141732
-1.178318171578037,-109.12031036695085,276.5703646666832,0.2510598818711028,30.12232644655404,-2.1885737785750314,3,D06_px-1055_py-0118,0.16233729704464014,2.1885737785750314,2.5225095177013155,1.7295239889804996,2.1771869157723853,1.6980864659575554
-90.99547119955383,-105.4869172252912,280.0909698312518,0.3126903003460607,21.27899691270744,-2.889552894332933,1,D06_px-1055_py-0118,0.202188011051155,2.889552894332933,2.0532830216153606,2.3952321823656026,2.849588765362602,1.733060934360239
42.67072986961597,-102.04583806022006,278.0799310752925,0.2530015616750736,28.420328567217155,-1.7817193084586518,5,D06_px-1055_py-0118,0.16359280249917,1.7817193084586518,2.368753543335064,2.257017633100517,2.8659647637068026,2.131549109208049
-59.74119170027611,-100.31579961305134,280.19518465756045,0.2645085196181576,25.3526988520847,-2.7149030208156804,2,D06_px-1055_py-0118,0.17103329213759683,2.7149030208156804,1.347758071796031,2.561514924539149,1.8246113109215036,2.118675767047967
3.912131921962415,-93.93178456085428,280.24373794719384,0.214694486848327,28.81499890230259,-2.1361512660173805,4,D06_px-1055_py-0118,0.13882314619759664,2.1361512660173805,2.053798923372513,1.4299510627026195,2.9526787230275353,1.1997381612008753
-144.29337246400257,-88.59437666611737,278.5591239121061,0.3762745707804,16.130840553128508,3.085254363772405,19,D06_px-1055_py-0118,0.2433021011237599,3.085254363772405,2.7054698161311106,1.7712227805435026,1.9862604345525232,1.3460356245376819
-7.84356700276878,-84.91427331940747,279.9516098924529,0.1954677088624065,30.25765128742904,-2.269884903833978,3,D06_px-1055_py-0118,0.1263909601157351,2.269884903833978,2.550113154991788,1.7744007919829594,1.1891531083156566,2.049401702300562
30.897716070808464,-77.22424728889573,279.4356126602541,0.1911158575934267,31.026209878320344,-1.797179987690949,5,D06_px-1055_py-0118,0.12357701880866011,1.797179987690949,1.2413305160956447,2.2489922266028923,2.107047958219081,0.5118331029461539
-138.1340715020054,-71.44077348331139,278.6368124688454,0.3480165338608365,19.237827376756115,3.011913473794123,19,D06_px-1055_py-0118,0.22503023188236201,3.011913473794123,1.2176923812056444,1.7573055321812037,2.0686690697512025,2.501179700180453
-103.37958992074216,-63.30770643859112,279.9502537993571,0.2743642307216987,24.81598715080412,3.084086663899691,19,D06_px-1055_py-0118,0.1774060725638345,3.084086663899691,2.2896396479027827,1.650589795087443,1.7178879874809094,2.2672662913151185
-128.73759190591176,-49.74499843368658,277.75030634796457,0.3124085767061701,23.765517447464163,2.903346023535054,19,D06_px-1055_py-0118,0.20200584632665752,2.903346023535054,2.6332478897901,1.4371201060690537,1.783358151179303,2.8930343555320177
-164.89205117500524,-48.44120298585136,277.30165366263253,0.3829552047012772,16.6871348376755,2.820349394937136,19,D06_px-1055_py-0118,0.24762185163577816,2.820349394937136,1.6876838043738935,1.1153502659995702,2.417517606386493,2.2220943157080226
-111.63060789196123,-49.202748308047056,279.53901770336967,0.276404157748818,25.075764266618705,2.949759859343031,19,D06_px-1055_py-0118,0.17872510544667827,2.949759859343031,1.9249670713452343,1.9566924139702682,2.3931764309922543,1.9300297643291646
-17.88141728812495,-47.42969075259207,271.52917617700444,0.1207502493607632,42.123083283013386,-2.5383066243339325,2,D06_px-1055_py-0118,0.07807806230370422,2.5383066243339325,1.6770645471325003,1.603718872818566,1.6514690879366274,2.1785077245849864
187.451448438656,-47.91858861258263,279.0873140400295,0.4233670601853976,9.53003195236414,-0.8572518360468897,7,D06_px-1055_py-0118,0.27375247568832545,0.8572518360468897,1.7101457116688359,1.1624957279124764,2.046250792960352,2.1343729836961023
4.537569754570104,-35.10582616704666,279.965599098621,0.0819994221353558,34.734415216915124,-2.0492344901428314,4,D06_px-1055_py-0118,0.053021472206023,2.0492344901428314,1.4506867178429592,1.7730326490758646,2.193524342969137,2.1796624849436306
-148.2071583599435,-20.53328379529533,279.7364005609018,0.3345939386584903,19.48354146939613,2.672281239352735,18,D06_px-1055_py-0118,0.2163510761039332,2.672281239352735,1.7094952952137554,1.8566433420542228,2.4507284276468573,1.8385977741303865
-164.64197557310666,-15.31993594152473,273.78279514640485,0.3740869535539854,21.51997191825626,2.6273959573131576,18,D06_px-1055_py-0118,0.24188757059479724,2.6273959573131576,1.500442699929248,2.1867517680991684,2.388251216171999,2.9463298414058388
-104.8702773458446,-1.2816821081436012,277.35662047049914,0.2410099784825475,30.032354592523347,2.5468341087930537,18,D06_px-1055_py-0118,0.15583895035739262,2.5468341087930537,2.3767904124177104,2.230860227749247,2.0810246713434637,2.3480852753556913
45.9727221032512,7.043513308670718,276.9601898460955,0.1087222922455593,37.03868960912706,-0.4549510159643296,9,D06_px-1055_py-0118,0.07030069049703089,0.4549510159643296,2.7749876154017805,1.2831631666621626,1.5486364968082267,1.6710921625534176
-73.70159356823373,12.440529164635931,279.3637575550369,0.1721863403672451,32.08704122490548,2.3673934449223344,17,D06_px-1055_py-0118,0.11133704387536521,2.3673934449223344,2.4281946391311733,2.236682992907805,2.298957907421698,1.7849546818686195
-36.25295804015886,37.64933096944883,278.92310915931506,0.1212035399197,34.65943306923259,1.7303223528925655,15,D06_px-1055_py-0118,0.07837116354937211,1.7303223528925655,1.4116617171274717,2.3979103700200417,2.0119653565897595,2.4780835836909465
-185.6030434600045,43.836871776567776,279.201284106006,0.4178408261554653,10.161074868101366,2.302677367685091,17,D06_px-1055_py-0118,0.27017916923820967,2.302677367685091,1.3766748511679416,2.721221530291075,1.4517204687068666,1.996613636527182
33.08271233031292,58.93436868530312,280.20901645143795,0.1555107560413341,32.01216183701371,0.4523025869963023,11,D06_px-1055_py-0118,0.10055447970807145,0.4523025869963023,1.7223036621909087,1.8363272452687691,1.583358376040044,1.4459880983883644
153.09798643774735,59.78402501675208,264.9934814355513,0.38321806330311,29.92621476858733,-0.2346937278837129,9,D06_px-1055_py-0118,0.24779181807808046,0.2346937278837129,2.8185345568111524,1.156263365628583,1.761831710472321,2.752939352198272
38.51755042416497,86.38305831726623,278.742696831188,0.217078907166544,30.20208889003061,0.5443839859634266,12,D06_px-1055_py-0118,0.14036493115580195,0.5443839859634266,2.6792697806900363,2.6190889918073164,1.962922639492915,1.7677706471117258
-145.69221989129315,93.405001044259,271.4062038357585,0.3929212825550504,21.84888372358637,1.9645115958112749,16,D06_px-1055_py-0118,0.25406599607199926,1.9645115958112749,2.5035635117591277,1.6372696314437616,1.9263950129758,2.122303304509704
-39.98656864300939,96.62503706949276,279.4895644201559,0.238568497727571,28.00767703202297,1.3561904696428333,14,D06_px-1055_py-0118,0.15426026967135262,1.3561904696428333,2.131596342846506,2.227558084081444,2.5940750790736176,1.5313109666679388
136.4481815465135,98.52555595497978,278.2893118943045,0.3745453541299068,16.624794909330546,0.0184074718073099,10,D06_px-1055_py-0118,0.24218397601769548,0.0184074718073099,2.296131922780268,2.971796899426537,2.0039247427731457,1.4661142585297597
-70.99069012624892,114.01293123831664,271.249809342864,0.3113749179393376,30.691650102318192,1.520727841097191,15,D06_px-1055_py-0118,0.20133747442660127,1.520727841097191,1.7772152448978105,2.2859789845127496,2.6964620952094274,2.140420276915158
-93.13210231227188,124.95603525896566,277.42095416341004,0.3501035678942611,20.30696931800281,1.6043153009573778,15,D06_px-1055_py-0118,0.22637972452651245,1.6043153009573778,2.092541135998034,1.604343028265157,2.7247309123086323,2.3153666646672777
5.102042795402632,139.04753451222956,275.5802281432723,0.3171113041392274,25.60222570828841,0.9271404530879988,13,D06_px-1055_py-0118,0.2050466669250363,0.9271404530879988,1.64578337842722,2.3200289843965014,2.1645623851822147,2.3363318252750402
108.93728169889036,140.90336011728473,277.88918664062913,0.3947314383604148,14.604756213380313,0.305673116191993,11,D06_px-1055_py-0118,0.2552364570731057,0.305673116191993,3.142451182159046,1.3748792157814793,1.5564467766698045,2.0898974710272418
32.98002307842493,162.08339716898055,279.0085766255223,0.3678045425894238,16.637467230355014,0.7630815176103442,12,D06_px-1055_py-0118,0.23782531418286218,0.7630815176103442,2.179919071444598,2.097773495797272,2.0252272769977653,2.3749015716014457
-10.970123153929569,187.9846384629975,279.7090844877024,0.4124859731488746,10.326977390314994,1.0221071732759563,13,D06_px-1055_py-0118,0.2667166791076375,1.0221071732759563,2.6944329630892265,2.1330151058739633,2.1540499779056717,1.7483146210964362
-22.851697747607712,-177.06466248149573,280.4285800597336,0.3923619184521049,12.152549424578751,-2.3061248873247764,3,D06_px-1055_py-0118,0.25370430683730666,2.3061248873247764,1.8472803671062887,1.8617540423473056,3.2128927519594654,1.9177237537357037
58.66414302062306,-172.6277325892411,279.3001624176063,0.4012871176692668,12.241108015555938,-1.8501894291237448,4,D06_px-1055_py-0118,0.25947541094880655,1.8501894291237448,1.3441958820184914,2.100035735837132,2.4669582041037907,2.1762208942272343
84.98500492494092,-160.89003693020166,280.053248643105,0.3995967644851851,11.64064071800209,-1.6918095558854986,5,D06_px-1055_py-0118,0.25838241526622474,1.6918095558854986,1.2316989468625297,1.4607960604190633,2.80481260667335,2.696282895698304
86.62611218324365,-170.0065394242235,277.1875179118239,0.4207171464351205,11.9753454761115,-1.7065208324052326,5,D06_px-1055_py-0118,0.2720390205858401,1.7065208324052326,1.9032667094652218,2.1862507505102506,2.742034598832013,2.5399340015544203
-32.8921314860485,-150.60903235447267,275.4645818032699,0.3488811658504361,22.520303217100093,-2.392793932738903,3,D06_px-1055_py-0118,0.2255893097369513,2.392793932738903,2.3950397366438008,1.396921690646057,1.4700283843866986,1.9928155220732529
71.2891889466072,-134.77345356607097,270.626153669446,0.351033124873349,27.442634098230712,-1.691232903164023,5,D06_px-1055_py-0118,0.22698078339067448,1.691232903164023,1.9436946910539574,1.9115593692529513,2.0979655644066155,1.974720125909239
-85.36567206568152,-119.36986431373262,276.01289576803066,0.3327478082801821,23.61260013960816,-2.7985880608813187,2,D06_px-1055_py-0118,0.2151573536606142,2.7985880608813187,2.2374213066820356,2.174996444310712,2.0143853895208084,1.0218927660396042
-47.05915212473026,-98.41326575410972,279.1578507876608,0.2487389504459551,27.62176622191725,-2.6238147358570645,2,D06_px-1055_py-0118,0.16083656450475198,2.6238147358570645,1.5098469249987314,1.1703745320213947,1.8452442952854191,2.0241025432170803
-171.11600402342202,-86.74627194583492,280.2131677483218,0.4187067728025008,8.935907234430715,3.0038006745400665,19,D06_px-1055_py-0118,0.27073909716065164,3.0038006745400665,1.768255423419049,3.172140504908953,1.3272804195950334,2.296989326372013
169.23433178457194,-88.36530191649331,278.05859700081646,0.4197651014557859,11.150617020164134,-1.0881878367416602,7,D06_px-1055_py-0118,0.27142342080359594,1.0881878367416602,1.3708939853660007,1.4190384925010362,1.72937874589906,2.63642022998798
-48.26831797578821,-80.32371412231738,272.321609112838,0.2200548122928373,36.59310652988762,-2.7188733082162884,2,D06_px-1055_py-0118,0.14228917484963025,2.7188733082162884,2.033602525189939,1.9334194599087768,1.5481656769745222,1.7784343853504572
-60.69573228247717,-72.00632326631973,278.3411583911409,0.216476726151994,30.65107686146121,-2.8781465482188056,1,D06_px-1055_py-0118,0.1399755561688264,2.8781465482188056,1.6307016741368516,1.9858339712525912,1.5543025392677152,1.6234424305683017
178.48276203808652,-68.87138973884772,278.1336452382656,0.4204327465031054,10.977586598116773,-0.9752470454987868,7,D06_px-1055_py-0118,0.27185512534977563,0.9752470454987868,1.537601919019319,1.8017738604005162,1.1184831512045998,1.9993678345094368
-152.46356105150312,-66.59276189828722,275.6324056388007,0.3738866682147715,19.55621611074298,2.9464175758849827,19,D06_px-1055_py-0118,0.24175806451695103,2.9464175758849827,2.20453548583504,2.410077148934522,1.2807567238795277,2.5243281455763604
59.37384574897412,-58.3158114522851,278.302680953415,0.1919795534381703,32.13266951994399,-1.3833879010597263,6,D06_px-1055_py-0118,0.1241354913446121,1.3833879010597263,2.3082107206780074,1.5678569108983031,1.3413093183935394,2.0082398881100274
167.41160110774732,-55.03357763327892,276.03651932371207,0.3933431419500777,16.78432280629511,-0.9245833320967528,7,D06_px-1055_py-0118,0.2543387736795215,0.9245833320967528,2.8370061126087283,2.3006878338300476,1.525540172119761,2.3790480155874723
169.40194877177933,-37.60614458178566,275.246522353264,0.3889129928820778,18.1835595350027,-0.8254305818442093,8,D06_px-1055_py-0118,0.25147420439890195,0.8254305818442093,1.8825337472861605,1.9857619405763132,2.087895350274602,2.359691877273942
198.78757575401875,-11.099100687573756,279.123273144577,0.4341402276977613,7.979184497952644,-0.6627555963270058,8,D06_px-1055_py-0118,0.2807184906546838,0.6627555963270058,1.9799553403829373,1.7187212661013902,1.4752166683634094,2.529623807465354
-187.2889292083721,5.957311171556424,281.3964219148985,0.408491651690249,9.018656584513169,2.5028157096091017,18,D06_px-1055_py-0118,0.2641339193919551,2.5028157096091017,1.2400725147789835,1.355102040067684,1.7143328460985157,2.0064800929308757
85.54253084015026,6.841354046312762,273.13147898843795,0.2014544135500211,36.87474910543375,-0.5271733401130773,8,D06_px-1055_py-0118,0.13026201051992037,0.5271733401130773,2.213422690867736,1.909172315018966,1.385423927279113,1.5130117107525671
-168.47933334365348,26.272409251171474,276.80634331788855,0.3808567462640724,17.472527597444127,2.3799205010792406,17,D06_px-1055_py-0118,0.2462649718821613,2.3799205010792406,0.84392674476532,1.8082243118640893,1.3200182652208072,1.744786984382033
-162.52745491277147,39.67651655959396,279.03285419369246,0.3716146619331778,16.169591813070838,2.295174361900915,17,D06_px-1055_py-0118,0.24028896736023475,2.295174361900915,1.887656918003903,1.6710834881478398,1.2605427609961346,2.097216543121335
28.204154360698706,47.07803711024107,279.6948324260837,0.1268541808164476,33.68344644739017,0.4240639750961895,11,D06_px-1055_py-0118,0.08202491245943837,0.4240639750961895,1.8178726448778906,2.7666697805445986,2.2038246062631415,1.4556350594219083
-126.98971152177914,50.02541653082184,276.1238981010209,0.3108767690740254,25.6178051538812,2.1593479804363978,17,D06_px-1055_py-0118,0.2010153674467129,2.1593479804363978,2.058724958506798,1.9493352129172106,2.133623280627541,1.9291984406239893
-149.60323323511645,65.8581044640336,278.78321611936843,0.3641179358665789,17.300776883665947,2.119923238469422,16,D06_px-1055_py-0118,0.2354415252389938,2.119923238469422,2.762204553871175,1.6954273117896599,1.9375742817774653,2.014871939586227
-36.20377802175251,79.96213789067794,278.104143825868,0.2023475435413033,31.747548639489764,1.3889648174974054,14,D06_px-1055_py-0118,0.13083951540685682,1.3889648174974054,2.0856662057492867,1.908660801242672,1.7125847709307709,2.6675625709918114
3.1360341554221365,82.09283153691226,279.2828458275141,0.1889211971245424,31.30186126901259,0.9256342894166544,13,D06_px-1055_py-0118,0.12215793406364171,0.9256342894166544,1.9067298508821988,2.7208757320123516,2.2308838786414915,1.83265757815101
178.19961814785765,99.88092962647356,277.03532506840594,0.4469524746614919,8.430531688987742,-0.0961104712655734,10,D06_px-1055_py-0118,0.2890029904547286,0.0961104712655734,1.414765955310451,1.2583322900220146,1.8343953969414515,1.9205971398948305
15.36078459836141,96.07076531749132,278.4784757817437,0.2233011215030441,30.07523846618897,0.8052684851120494,12,D06_px-1055_py-0118,0.1443882639539048,0.8052684851120494,1.4517107971917758,1.5420236407366332,0.8843520496846289,2.0790910202696287
-23.38183512493244,103.73234978642078,278.7233057545449,0.2430761744530874,28.478544545275327,1.1855170998829403,14,D06_px-1055_py-0118,0.15717496894595462,1.1855170998829403,2.055527338907515,2.3143669555519004,1.8022634437089717,2.374178419138304
-169.59227405414572,108.40318621360692,279.43105184881887,0.4378885141742265,7.101564147887359,1.9658684915136175,16,D06_px-1055_py-0118,0.2831421622130522,1.9658684915136175,1.9612175913444685,2.8474300353229873,1.9663049445621672,2.1449686711514575
77.75236900114675,157.25458907594043,276.8646004412669,0.3906815201786908,16.21742705962714,0.504630085783856,12,D06_px-1055_py-0118,0.2526177480783705,0.504630085783856,1.3462278303625956,2.4547104684215277,1.0373997135081712,1.4983767997014519
61.66957782097396,184.28428294293053,277.8286715120705,0.4267116502807777,10.448885578242994,0.6408873573325403,12,D06_px-1055_py-0118,0.2759151139870443,0.6408873573325403,1.4121387736300144,0.8716748294488554,2.1102280275181604,2.5440832728960587
40.16340692475611,188.12204067101536,278.48540059106466,0.4220074386631565,10.376979421137603,0.7534781003211642,12,D06_px-1055_py-0118,0.2728733337032366,0.7534781003211642,2.4608271556410175,1.9632098505793354,2.19609042808957,1.9264866490023618
2.695307648348087,-184.8373076658184,277.61429621887817,0.4084755779110645,13.141976223787026,-2.16319483780202,3,D06_px-1055_py-0118,0.2641235259597322,2.16319483780202,2.5463065107880976,1.5592868232088832,1.3912180959205767,2.0731664301356654
-48.18844446161322,-152.7954729056642,275.59783919687504,0.3612814727514437,21.026943095213426,-2.4832812020813595,2,D06_px-1055_py-0118,0.23360744584786958,2.4832812020813595,1.6061918615816233,2.719416073606032,2.3993112313659237,1.930004171876404
19.558277269795955,-151.10941722096123,275.320834960831,0.3453141639350093,23.05105282118626,-2.049060215758661,4,D06_px-1055_py-0118,0.2232828582036046,2.049060215758661,1.742645997968454,2.3265172213776055,2.491049585404075,2.566468212177442
32.53604227486431,-142.583445039195,276.58317079549624,0.3310510669192053,23.180305980808782,-1.953427704169088,4,D06_px-1055_py-0118,0.21406022733253668,1.953427704169088,1.7612315088575772,1.54674502160782,2.2601388940308933,2.0793677523578347
-49.969463631413454,-140.21911397069567,275.81728494735734,0.3373880373477683,23.3476761895829,-2.5201115309358677,2,D06_px-1055_py-0118,0.21815776232362258,2.5201115309358677,1.720625777137379,2.331231838190476,2.1626742209681202,1.9549192211158501
-77.79409496459432,-135.639471717276,276.7701302510419,0.3519377785067911,20.8018561038827,-2.6985090683789763,2,D06_px-1055_py-0118,0.2275657395553954,2.6985090683789763,2.067290422618849,3.4184159624382104,2.001155101740327,1.7075530933090806
-103.56913924482026,-130.1260554956721,272.8546683577714,0.3772171893458348,22.15496588551821,-2.8500203193296416,1,D06_px-1055_py-0118,0.24391160571253107,2.8500203193296416,2.1191393220373564,2.392959541092041,1.913678063953965,1.193073540880153
50.70159742244842,-134.58197374128827,276.56089279008336,0.3259532005357515,23.71157233075212,-1.8174858877341389,5,D06_px-1055_py-0118,0.21076390677659254,1.8174858877341389,2.4180412801800517,3.1170237565796475,1.2667359242050569,3.085517315600125
-54.17159220069904,-117.2713955428093,276.36786758297376,0.2949579590314717,26.802210538736915,-2.610509293319013,2,D06_px-1055_py-0118,0.1907221394916308,2.610509293319013,2.0431255165586766,2.026334999341442,2.3116872943523754,2.0048732712916233
-94.77588499391145,-91.81743959785771,277.5997462540961,0.2996745751934223,25.09514352888016,-2.97902773779827,1,D06_px-1055_py-0118,0.19377194065150402,2.97902773779827,2.60398066503207,1.8904014642351805,1.4469220967994167,1.8602452146985364
68.81098758221093,-87.6971793444129,272.1937520124676,0.2601600235265661,33.97153231622377,-1.512469269905567,5,D06_px-1055_py-0118,0.16822152031464752,1.512469269905567,1.739003422227602,1.111693447855162,2.109635799730564,2.4823781066050756
139.47887610800885,-86.21485045232711,275.6996022882791,0.3688933610121675,20.05941915591416,-1.1606169958453356,6,D06_px-1055_py-0118,0.23852935275088546,1.1606169958453356,1.7496187086864903,1.545426816785497,1.9448242523777703,2.299384569517165
-189.05498868328908,-56.14622781853112,278.93480025248977,0.4307849487588323,8.662754886275195,2.823300268376046,19,D06_px-1055_py-0118,0.2785489408655375,2.823300268376046,1.52567699601709,1.4497262309876602,2.5208221616178146,2.0078088963019054
-32.26031341944366,-35.671369491900315,276.8648624006079,0.1124382605030484,37.0196476097762,-2.9130031233442524,1,D06_px-1055_py-0118,0.07270346484046093,2.9130031233442524,2.866445731378849,2.081022049822609,1.0830732534322598,2.4631688137675276
-59.99603722521459,-29.203957015378226,277.0009935578718,0.1553162615110291,35.26791422646642,2.9876165922933544,19,D06_px-1055_py-0118,0.10042871801287599,2.9876165922933544,1.8521417251345225,2.3046439211906873,1.9115312872708534,2.742586335716722
-152.48118814701232,-5.401634408314154,274.7514483862441,0.3464073025998556,23.541120732648665,2.570023237749289,18,D06_px-1055_py-0118,0.223989690274199,2.570023237749289,2.1782307944061388,2.47947216509887,2.357976941193935,2.1462450611273214
-80.5991537475265,-2.862875184874225,273.4130791199753,0.1894346620082738,37.25059023728392,2.570118111156923,18,D06_px-1055_py-0118,0.12248994450167376,2.570118111156923,2.7055505823335313,2.131035965706527,2.509790224848342,1.4017284252329905
86.0552569219623,-4.168992894187532,279.0182796138605,0.1980773305640379,31.061088942890365,-0.6553872192682642,8,D06_px-1055_py-0118,0.12807836206221326,0.6553872192682642,2.6171214198834942,1.118229328856081,2.3169094186957073,1.8563779760220813
-163.27021987589964,7.274845176755119,277.56542793747565,0.3655251009939934,18.444328707765408,2.490085487893609,18,D06_px-1055_py-0118,0.2363514092936562,2.490085487893609,1.7847212110737427,1.7716781649192954,1.99269505221307,2.707708151818616
124.02829517430474,21.23077634116262,277.96747417079234,0.2861701263983009,25.892820698303467,-0.4374457760820855,9,D06_px-1055_py-0118,0.18503985769528208,0.4374457760820855,3.0651444985598717,2.2278324864844397,2.0450067219086128,2.2961480014145135
-54.19781610714136,35.5190370590387,274.8397783245825,0.1520691451182326,37.59536241029235,1.954479675026413,16,D06_px-1055_py-0118,0.0983291069779813,1.954479675026413,2.363610076182416,2.0330137315953865,1.196556698578567,1.5440183444978914
87.65995232041614,42.575272828381685,276.37632581516885,0.2253030937062631,32.10143663518852,-0.1548479910611508,10,D06_px-1055_py-0118,0.14568275494867047,0.1548479910611508,1.239948301453219,2.9254082554999594,1.5519225430247898,2.178859305362595
200.7001450883406,41.17502401765198,273.9665944743919,0.4524571131152649,11.02523346270914,-0.4046303462546587,9,D06_px-1055_py-0118,0.2925623330352062,0.4046303462546587,1.6177046392944587,2.054019525191884,1.6000627584595164,2.2384082204490214
168.3450858515017,44.31385771556856,271.4853612534269,0.3948946452667054,21.52205953125599,-0.3495862675702751,9,D06_px-1055_py-0118,0.2553419879441823,0.3495862675702751,1.2706563346327697,2.120346344034308,2.2966874915879245,2.092944308232184
-69.68411628976871,64.57187352212154,278.3093874464785,0.2183431178973952,30.56609693578247,1.7872748920374382,15,D06_px-1055_py-0118,0.14118237977169265,1.7872748920374382,2.7301262861310107,1.4954768425860963,1.9975516909221898,2.0422086906358428
-49.12601854231665,66.98432042303816,276.743860554736,0.1926843613601641,33.68196616825696,1.5966062431336492,15,D06_px-1055_py-0118,0.1245912256982627,1.5966062431336492,1.558536744874032,1.809486604748637,1.945462539044987,1.476704777685533
-49.79403985497864,83.32636247160045,279.56191026205846,0.2219767309681542,29.05016198616244,1.5024538531139418,15,D06_px-1055_py-0118,0.14353190260272758,1.5024538531139418,2.3881920120997107,1.505622490009054,1.7550042601301288,0.9188119470321603
-50.62055219991792,100.59821972639128,277.27009547284075,0.2581155729781111,28.87388134141878,1.430017382108867,14,D06_px-1055_py-0118,0.16689956248727944,1.430017382108867,2.2007644879190043,2.3277431525182424,2.72830608706509,1.7773341184643432
74.65169131410326,99.59218612523516,275.2678033190129,0.2858540943197616,28.73360182446288,0.3205885234110935,11,D06_px-1055_py-0118,0.18483550886413028,0.3205885234110935,1.7036018380280755,1.9000294562056201,1.4212514775183323,2.3998389592440237
-5.644494440181234,110.5234598039763,277.10362584090933,0.2539858223641936,29.35574490132649,1.0148430186154376,13,D06_px-1055_py-0118,0.16422923321310248,1.0148430186154376,2.0071536459565915,1.7601722567064284,2.545414602089147,2.788467523436389
-122.10866148349876,129.32428859731178,275.3431975041232,0.3975257948759182,17.014036234272965,1.7205248156510042,15,D06_px-1055_py-0118,0.25704331000526315,1.7205248156510042,2.9366270828146943,1.983715339364582,2.2349191996077726,1.3798202401292188
-38.10744402520483,126.17999368036924,271.5274525804924,0.3056451983789688,30.92035698678933,1.2571153271991684,14,D06_px-1055_py-0118,0.19763259262978908,1.2571153271991684,2.8679871300759032,2.499421393955612,1.1585251505604124,2.55361765230684
80.56532201447207,129.53918470205247,277.60009754134484,0.3430683564555952,20.8662036979448,0.4074225062709357,11,D06_px-1055_py-0118,0.22183070139872765,0.4074225062709357,1.1671314725510582,2.249240904274685,1.8189962773675168,1.627492776911194
-65.07272786833272,142.63002182783154,272.5151134653601,0.3578351342216357,24.699564342502583,1.3918431711824413,14,D06_px-1055_py-0118,0.2313790162100469,1.3918431711824413,1.1990199629933924,2.9272777895168947,1.781856293884591,1.977678758194544
-116.83627514476274,157.66273755916333,277.8068915462594,0.4304305597351606,9.953840193811686,1.6015664960672569,15,D06_px-1055_py-0118,0.27831979013155167,1.6015664960672569,0.8953885474045697,2.386943340373273,2.498533588041239,1.1395740218229555
-94.1798339191021,173.8549418555784,274.07117906274976,0.4384882844450954,12.934771708676976,1.4602769349330735,14,D06_px-1055_py-0118,0.2835299783941758,1.4602769349330735,1.995253606524705,1.8391518900670112,1.2786049574158094,2.275666705076678
5.224378489300971,182.34131330651368,274.4291171467264,0.4078372897778383,16.695228624378956,0.9351729867911864,13,D06_px-1055_py-0118,0.2637108038254296,0.9351729867911864,1.7544206932359285,2.6196022813152076,1.3681442379049111,1.2754614253752443
-14.956927311487089,-156.25710627978566,276.42581808656666,0.3535962869348492,20.988786268134,-2.273205097847476,3,D06_px-1055_py-0118,0.22863814416791306,2.273205097847476,2.855226559487463,1.7555516130581037,2.128574093445673,2.153792466611299
75.74642143059447,-149.3829744678928,274.0206078011115,0.3781763282444206,20.78867306416754,-1.7084946678300468,5,D06_px-1055_py-0118,0.244531792478837,1.7084946678300468,3.220563749390048,0.766170687308156,2.9216650325761284,2.298885659925014
72.33546525529566,-138.06586789418753,277.0234879471938,0.3506122609413393,20.675276330411634,-1.695175901314458,5,D06_px-1055_py-0118,0.22670864945738,1.695175901314458,1.6683346888460582,1.144032480555665,2.3792101293925665,1.7227412503696735
4.319622075918669,-136.2203724591714,275.4777597875089,0.311134242134818,26.27252726098044,-2.146075937440687,4,D06_px-1055_py-0118,0.20118185155576038,2.146075937440687,1.6600703340644376,1.6226553833378936,1.6690743494851954,2.8104716955327262
148.38830178587438,-132.68209084057213,276.3620834136637,0.4378683841317171,10.493135296439108,-1.3365557588576116,6,D06_px-1055_py-0118,0.2831291459690151,1.3365557588576116,2.067953044827859,1.9318237755973109,1.6326424461097766,1.5456161144573717
30.84376783832165,-113.28955331854182,275.835795757772,0.2699285526057883,29.444811242734147,-1.9119624488347424,4,D06_px-1055_py-0118,0.1745379281572875,1.9119624488347424,2.7055882265501,2.512483026751049,1.7263803475827928,1.1748338158451885
121.39211906436029,-109.35161805490758,274.3101220680553,0.3693781225846094,21.4939562995919,-1.3402437102326104,6,D06_px-1055_py-0118,0.23884280340176137,1.3402437102326104,1.869810185141203,0.8991753796114483,1.668632881623049,2.4304753095805998
-106.61912733729694,-101.01171048678016,275.25784905830494,0.3338423964932229,24.30108010581125,-2.990174125817457,1,D06_px-1055_py-0118,0.21586512302048827,2.990174125817457,2.4048992859223075,2.6239438460527067,2.3799270499791794,1.5662676996006606
73.4044174895021,-99.51044609141402,275.3284924412873,0.2840335882945081,28.82333455702974,-1.5422222222702375,5,D06_px-1055_py-0118,0.18365835532932193,1.5422222222702375,1.767256061533137,2.8367766496708886,1.8952346202317032,1.8430958919440843
59.92221898663895,-93.52622237179948,277.8921135690844,0.254190418931255,28.52586766344126,-1.60796647076947,5,D06_px-1055_py-0118,0.16436152696483144,1.60796647076947,2.5855889191435715,1.942843579737832,2.722854303334412,2.26335116099901
81.37671056012087,-68.42830830158425,276.0439992396912,0.2453162369008144,31.080216534940632,-1.3061569515550504,6,D06_px-1055_py-0118,0.158623410968093,1.3061569515550504,2.3259896625791527,2.058760006428265,1.8373311362437605,2.825374819023145
-42.95409873340033,-68.14727937985568,274.2448200357418,0.1886565033173351,36.44527083470638,-2.740186456015808,2,D06_px-1055_py-0118,0.12198678096308961,2.740186456015808,1.3135198094975928,2.0507745729407443,2.3809858099871284,3.4596195730793946
132.0537029602138,-67.34916707451536,274.93451936795884,0.3370853406892481,24.314105181227543,-1.0786057880723758,7,D06_px-1055_py-0118,0.21796203628008912,1.0786057880723758,2.2505042143572913,2.1692833477833706,1.466480733830542,1.343619572497306
-6.004809493941121,-64.19884052829134,276.79532524185873,0.1502750173870858,35.693507445074204,-2.2710390600658155,3,D06_px-1055_py-0118,0.0971690098559061,2.2710390600658155,2.0768122760894503,1.5703281960866744,1.5490538999279109,2.095153911124891
95.94797928447642,-40.24498545872181,276.06932829511754,0.2402441649698261,31.411377186467348,-1.004136407490157,7,D06_px-1055_py-0118,0.15534376930827828,1.004136407490157,2.4782597718184167,1.9741646290779653,2.481030324512374,1.9396004684818688
41.55121044760344,-27.680050586495256,277.3115488446297,0.1164953297419418,36.4399212832156,-1.1946362221426416,6,D06_px-1055_py-0118,0.07532679776508586,1.1946362221426416,2.8583527428298594,2.641012801199497,2.5077990789063267,2.1750486920169254
-102.78135190046056,-18.8183368558128,277.6017657876754,0.2399477829330188,29.854364127986344,2.7156983986664693,18,D06_px-1055_py-0118,0.15515212634888031,2.7156983986664693,1.3920916702188375,2.7774015309438287,2.3613145139165526,2.6256201734715408
17.6806780212531,-18.634617894187546,275.78151099683924,0.0604703907599774,39.35738848984352,-1.4186399223886532,6,D06_px-1055_py-0118,0.03910063094926443,1.4186399223886532,2.413290399034506,2.1598352228559556,2.6739001056862026,1.5710593602566225
177.78840569259145,-18.27121942723605,270.9989869209728,0.4049812475779862,20.79446997397276,-0.7093894708446422,8,D06_px-1055_py-0118,0.2618640644439164,0.7093894708446422,1.7796790361814023,2.459507835239899,2.1043140322379923,1.581704344120849
-70.65574568220435,-12.553172581687546,275.2878108638605,0.1678482296153494,36.43218444256422,2.71044506233214,18,D06_px-1055_py-0118,0.10853198729486144,2.71044506233214,1.6113855533439945,1.788109993091561,2.978908564653321,1.928267674992317
-5.012062834591951,-7.364645984075126,275.3099439397032,0.0210293057634709,40.27305905120778,-2.7753334340936235,2,D06_px-1055_py-0118,0.013597714740102705,2.7753334340936235,2.5220327908393045,1.8785294778115453,2.328761172436915,1.294748670122422
-90.7953973912705,9.074573898107282,273.2791935585841,0.2137200428959047,36.00248192938574,2.434998620697988,17,D06_px-1055_py-0118,0.1381930630629326,2.434998620697988,2.3532829962790487,1.5020029893353501,2.588722068484112,1.462660894645186
-51.94555515286756,13.75492292213896,276.003445430187,0.1258810291270912,37.43913236445104,2.2757589558726474,17,D06_px-1055_py-0118,0.081395664912251,2.2757589558726474,2.3884938996796414,2.1395111309991854,2.8086112788929327,0.8664611663919589
-155.54794967738482,20.43623583898256,275.80035198228154,0.354153195251015,21.595009302157848,2.4039791043380268,17,D06_px-1055_py-0118,0.22899824547153136,2.4039791043380268,1.1720517832439346,1.8203510480754028,0.7985415022147446,1.732895571661287
-64.48863723012936,23.431955441191384,274.25577098391267,0.1612068131882099,37.78548918137233,2.186094936435376,17,D06_px-1055_py-0118,0.10423759512318331,2.186094936435376,1.918706484317381,1.9883231437625937,1.6503284153923352,1.2222359577735107
-18.062057880251377,37.74651302579068,274.3838978092878,0.0988065850256707,39.91515227935503,1.4101245161560367,14,D06_px-1055_py-0118,0.0638891161094146,1.4101245161560367,1.478193311872055,2.1538032045822986,1.684625663561294,1.456663690741761
-146.84344695844476,40.86232867069795,276.3860038505017,0.3441965066121354,22.036923356738328,2.263208085612145,17,D06_px-1055_py-0118,0.22256017217561289,2.263208085612145,1.3999479921089968,0.8876417014083771,1.7223929751549691,1.5915378382083514
138.84421854410368,49.864175366286034,271.65633681382,0.3393374743021861,27.559665846550843,-0.2621876429556359,9,D06_px-1055_py-0118,0.2194182836127292,0.2621876429556359,2.135090462458101,1.5898982911944208,1.438288596847727,2.4769371827130597
-26.70347091491705,51.38564806325917,275.647362060669,0.1357171109666708,37.438304846285405,1.4430746238358485,14,D06_px-1055_py-0118,0.0877557529018049,1.4430746238358485,2.5104140159418815,2.472836335146723,2.0690706902554643,1.4988963116123308
97.79054580052494,54.21669871052122,276.9624207229064,0.2566295236218384,29.30411952495348,-0.1007518072736805,10,D06_px-1055_py-0118,0.16593867126892023,0.1007518072736805,1.8569518306908643,1.4323003382787687,1.478446026758792,0.7345032428401304
55.142340072065,65.01406650921327,275.1346265429136,0.1987419540328963,34.98469373575654,0.2603918316330142,11,D06_px-1055_py-0118,0.1285081128319611,0.2603918316330142,2.0310153472318264,2.00903705736285,2.1352476539132876,2.31393957966158
93.3117603173981,71.90371518669708,275.81152881864693,0.270801298564516,29.400761078159064,0.0495600995189957,10,D06_px-1055_py-0118,0.17510225256822318,0.0495600995189957,2.155751413517838,2.0950033544596383,2.8097740152779123,2.5231208385452333
189.99862897210977,80.7867316633346,276.3470959855419,0.4520767118866758,8.435178939231662,-0.2049425497412449,9,D06_px-1055_py-0118,0.2923163626046405,0.2049425497412449,2.794175496718834,1.9030900618086257,1.2544899150797493,2.514921281284156
59.672079428524,85.6725671451825,271.66680002639043,0.2447950089583949,35.62901348427033,0.3554347566622551,11,D06_px-1055_py-0118,0.15828638087516894,0.3554347566622551,1.7019354136719844,2.58861115706988,1.81894303633094,2.091098674716628
-121.21671181291914,87.35273696793132,273.3868617981856,0.3413351651494627,25.519325367434533,1.9101734473361605,16,D06_px-1055_py-0118,0.22071000624902123,1.9101734473361605,2.172712997508162,2.4115670046961055,1.6562806894847675,1.622618406883211
-65.6278814151816,99.09615161138538,274.20197048982504,0.2746336535003894,30.76601043193841,1.5487656764994615,15,D06_px-1055_py-0118,0.17758028345459467,1.5487656764994615,2.2687746754088938,1.7035574331462509,1.7933695068220594,2.0736750678226876
91.82048288161774,101.28860478501356,269.8273583937273,0.3181467785723634,31.56029282294856,0.2274093136363517,11,D06_px-1055_py-0118,0.20571621284922517,0.2274093136363517,1.8119261923614371,2.812462249092896,2.423819544053921,2.3404534485795407
113.15536273898628,126.04943382995044,275.42270936688936,0.3802988244329291,19.029172171539926,0.2322704126941212,11,D06_px-1055_py-0118,0.24590421523177577,0.2322704126941212,1.980794209984107,1.7691245591183176,2.4861054245519387,2.179578101464779
101.3826969211529,135.56934640887212,267.9343720737925,0.3896796505892483,25.9947552474365,0.3217065360603033,11,D06_px-1055_py-0118,0.2519699313107962,0.3217065360603033,3.2747195889751923,2.205402142548187,2.531878269546514,1.9449419005399387
128.974975245781,156.49362901351938,277.11150927608696,0.4439992589824387,8.779071414515556,0.2745198681190524,11,D06_px-1055_py-0118,0.287093417936195,0.2745198681190524,1.6196356080423362,1.4865731088483471,1.6024022676625078,1.9628683673431055
-38.86053308311471,160.670051864882,273.17100306304354,0.3747446167768906,22.10136763664167,1.201124871888474,14,D06_px-1055_py-0118,0.2423128208146906,1.201124871888474,2.5895700347292463,1.5413480694664305,2.172653198847787,2.3195871962979187
-67.98856435654906,161.79733988892568,273.93929176872246,0.3945879646116951,18.901436037252893,1.3616217297663873,14,D06_px-1055_py-0118,0.2551436858171391,1.3616217297663873,2.406350495438902,1.6309253211790211,1.1944143184775873,2.317669081272373
-24.66481037866244,174.81605740900983,275.87465709456615,0.3941981978935258,16.85344162985757,1.1039816947529348,13,D06_px-1055_py-0118,0.25489165958724525,1.1039816947529348,1.7044913292393442,2.731324500179378,1.6340409729358862,2.4643887058774645
-12.901027525328416,-172.81428137811864,273.62755272750746,0.3905185619627639,19.73811940941817,-2.252290195155662,3,D06_px-1055_py-0118,0.25251237801244186,2.252290195155662,2.013440071812834,2.0723915440094434,1.3527090205618357,2.5887962233832296
-0.7128801428429526,-149.18717304758286,274.67814366935863,0.3393817761599258,24.350565532575104,-2.1825542501119712,3,D06_px-1055_py-0118,0.21944692954287912,2.1825542501119712,2.7718672185356716,1.6809214647891435,2.6858631829719375,3.0344023148176964
97.44148619770402,-143.19319119261684,274.5358897796545,0.3891657114742157,18.920805617596383,-1.5802644426209342,5,D06_px-1055_py-0118,0.2516376142310696,1.5802644426209342,1.6494603460599613,2.306773456295968,2.20284969713944,1.826318116763348
105.23472854805672,-126.90509355081792,275.6112188355133,0.3708210348741791,19.933258347675743,-1.4854584275696308,6,D06_px-1055_py-0118,0.23977580185302927,1.4854584275696308,2.9582556984962856,1.699433630388965,1.4047787152527935,1.8423279419826915
-120.57390338014224,-127.3766494624156,272.956129664777,0.3956462973673493,19.83590415236625,-2.935745004824334,1,D06_px-1055_py-0118,0.25582801211270756,2.935745004824334,2.3999514230931496,2.43622918196462,2.3767659563143675,2.0700176645572377
135.726300522117,-122.65059817260985,273.3564394166447,0.4103008018823779,17.54554999419463,-1.3418137442396445,6,D06_px-1055_py-0118,0.2653037301556229,1.3418137442396445,1.6432358883922789,2.5891407302633818,1.7581925559053158,2.897579907833102
-35.10680747197704,-118.21757243964218,274.79913188658776,0.2838223179097937,29.39243862865993,-2.4664484635417256,3,D06_px-1055_py-0118,0.1835217462345334,2.4664484635417256,1.8803712550898246,2.4290268926267102,2.4176135864950776,1.3549810247845266
-129.1437913394286,-116.37541525629786,275.00797535726576,0.3898584852993295,18.32603028382676,-3.015132823365157,1,D06_px-1055_py-0118,0.25208556724289327,3.015132823365157,1.2692388335844762,2.1419630105616503,2.679831939133237,2.311175008262377
48.906093057986304,-117.22155735607096,276.08559423589764,0.2905719395133347,27.47844951456858,-1.782521236695438,5,D06_px-1055_py-0118,0.18788610472553086,1.782521236695438,2.743159784977041,1.1264613307212432,2.2569909551167626,2.1767857993023183
-18.532673169525232,-108.3853040517054,277.73930437519704,0.2518731269535271,28.855642622258813,-2.3471268856633443,3,D06_px-1055_py-0118,0.16286314772031038,2.3471268856633443,1.8081481327250288,2.176639378746713,1.8844211812299556,1.3312204635011493
160.04590481573524,-100.9461188931886,267.8226034150593,0.4305087673310167,20.9296562085188,-1.1696903225124573,6,D06_px-1055_py-0118,0.2783703597790199,1.1696903225124573,2.296321170385017,1.766351679157221,1.0378085595571858,2.1395115304503203
133.11344951415006,-99.98769506952638,274.3097299308697,0.3757529814773067,20.76061406164996,-1.251213965044862,6,D06_px-1055_py-0118,0.24296483737217797,1.251213965044862,2.6545567974669684,2.702627055957869,2.789094207078773,1.9565291904168323
-75.08539754527008,-92.48544887014224,273.55492653748144,0.275845521422931,31.340963403418016,-2.8597078362602635,1,D06_px-1055_py-0118,0.17836388679836393,2.8597078362602635,2.5798302027261144,1.2323712916828715,1.480714457731242,1.2761635970129608
190.3656398398181,-86.79281203553387,272.98470829020766,0.4621788651995803,10.66134889715022,-1.0347513081239177,7,D06_px-1055_py-0118,0.29884849450450907,1.0347513081239177,1.9590181912516123,2.0505447018596064,1.777327862549674,1.7808723492743317
-158.09772727471773,-83.7641921494121,274.433943520041,0.4008260405272084,17.58554495900728,3.021835383757732,19,D06_px-1055_py-0118,0.25917727483716263,3.021835383757732,2.1958532799911694,1.8238506502933354,2.689532474486076,1.8501299417211023
-65.5570089715084,-82.95907665707414,275.12202317056153,0.2447985969145354,32.06736027644695,-2.8465329407641846,1,D06_px-1055_py-0118,0.15828870087586927,2.8465329407641846,1.5643779636700936,1.9929549681750067,1.4770757775093575,2.4507911929757
-111.37610262233343,-75.74520584829848,276.59693042648,0.3065477141391184,25.52176828264095,3.1318478342449665,19,D06_px-1055_py-0118,0.19821616642880047,3.1318478342449665,1.991791872898045,1.3111155283011118,2.4640842821088524,2.663746932676673
-166.62117747360918,-69.24262956384644,274.21027355461456,0.404166695831248,17.40460043597858,2.92846875841307,19,D06_px-1055_py-0118,0.2613373688688091,2.92846875841307,2.195426621471081,2.4466211426182634,2.51268245285402,1.1450044392606746
65.83326633783966,-69.02709083058811,269.8393004190026,0.2258528940033961,38.77302909018579,-1.4160557253497357,6,D06_px-1055_py-0118,0.14603826015119714,1.4160557253497357,2.5115376890094563,2.3524906068793796,1.4579545609209195,1.512377033527241
110.71452835280996,-65.51767238749545,273.586222969501,0.2966304505493566,29.563636183501387,-1.1413264933581249,7,D06_px-1055_py-0118,0.1918035856801657,1.1413264933581249,2.1729224764282193,1.5883336077096688,2.323014494824322,2.677516063863289
125.63509760823692,-44.80345980595224,276.4704854962134,0.3038835001819738,25.89770786778968,-0.9495359516337444,7,D06_px-1055_py-0118,0.19649346469992165,0.9495359516337444,1.5822806928499078,1.5129640921416856,2.3619445181545196,1.9473636793453064
-98.16930884810448,-43.45191528589689,276.8962998164688,0.2468718299880972,30.09005482352103,2.951314753236043,19,D06_px-1055_py-0118,0.15962926971067168,2.951314753236043,1.2243594662582171,2.0216705461536124,1.806841267036376,2.7504893716464416
-176.1103045430319,-41.90589802207735,275.5489993015142,0.4035893221503659,16.02250399981756,2.7682212757420657,18,D06_px-1055_py-0118,0.2609640344991736,2.7682212757420657,1.9268226818925354,1.7063442836639668,2.633981607658132,1.6231246650935767
-133.60972191047975,-35.03160987279714,273.9397646851618,0.3167108834991172,27.3666348184899,2.7910347536938933,18,D06_px-1055_py-0118,0.20478775178530187,2.7910347536938933,1.7466484317554465,3.289532080314072,3.111909447799232,1.9317912851342167
-41.050607804065045,-24.39917268870807,276.0967470796139,0.1119552942279386,37.80776311741812,3.0708812447042426,19,D06_px-1055_py-0118,0.07239117504298027,3.0708812447042426,2.1297287282231965,1.3048127542257417,2.0158913149967166,1.3836742066595158
100.65246126846948,-4.868005396354227,268.36822381996205,0.2393895366165516,39.39793292980397,-0.655306368852691,8,D06_px-1055_py-0118,0.15479115988372863,0.655306368852691,1.4436185501857604,1.65901903654438,2.0984532585116327,2.141937414158623
213.74808762999228,6.582511425534588,268.02359689902494,0.4784315983488578,13.71966286986526,-0.5761936109317395,8,D06_px-1055_py-0118,0.3093576397704824,0.5761936109317395,2.2816109582160062,2.3448402518876224,1.9740916436736886,1.9782006428706898
2.263849305662951,12.503179412563073,274.7229785907755,0.0300547187158856,40.79678756951495,0.7846954821862634,12,D06_px-1055_py-0118,0.01943361784213204,0.7846954821862634,2.5566432436434514,3.011801701919694,1.5512765832635391,2.2931788327922327
-13.754189385469036,21.5674673663737,273.6395359737125,0.0606876640069345,41.499672996392064,1.5315168992372952,15,D06_px-1055_py-0118,0.039241121542059484,1.5315168992372952,2.411381474181404,2.85871202968526,1.9981806841761385,1.644986027122749
6.95721850204887,27.12650223568263,276.82773578269166,0.0656608142311468,38.21833034553657,0.7127551292647477,12,D06_px-1055_py-0118,0.04245679964713428,0.7127551292647477,1.2363021831282264,1.9245081738212684,1.5937410093606537,1.3180874459687482
184.6193122558461,33.13059261764518,272.93852073934204,0.4200997232570842,16.712793691583613,-0.4294159360667378,9,D06_px-1055_py-0118,0.27163978989590226,0.4294159360667378,2.0565626357266735,1.5168497650044497,2.643967915739693,1.8123487081338547
104.129533051906,36.97762786852431,275.4058113935215,0.2551149620126254,31.02622562185764,-0.2657580319111813,9,D06_px-1055_py-0118,0.16495934380323837,0.2657580319111813,1.9984246347008445,2.095056332506547,1.882630944877537,2.234357799567655
-70.71302612401469,38.33679015178938,271.9520080621364,0.1899361841647172,38.71161044224954,2.0378197797078186,16,D06_px-1055_py-0118,0.12281423267817668,2.0378197797078186,2.116527929016031,2.7246332974633596,1.1924054138577662,2.3945599916719496
-5.325035938021668,50.75482550847176,275.4706374812318,0.1198412915923257,38.18319936040206,1.0683511993270414,13,D06_px-1055_py-0118,0.07749032305139457,1.0683511993270414,1.9981539204865175,1.3820243294222532,1.1218208312533362,1.7085601886773314
74.23668182477084,49.005586710678784,271.23125782118,0.2100301282163821,38.31830038924664,-0.0235185470408009,10,D06_px-1055_py-0118,0.13580713516822188,0.0235185470408009,1.1176482336990565,2.535287918033165,1.911721873110737,2.6212660472236533
-154.55075923450022,77.96334128948598,273.9716597159013,0.389683805301356,19.46766979705899,2.0674107660136456,16,D06_px-1055_py-0118,0.2519726177803689,2.0674107660136456,1.7885196294483556,1.3209273697385975,2.0186549128967384,2.675608959747364
-55.33692023790431,86.37759681583273,262.8878107417329,0.248401817054233,44.43164787056759,1.533583691689686,15,D06_px-1055_py-0118,0.16061857139829558,1.533583691689686,2.2728006204882085,2.144165290440198,2.4590219673621263,1.9196755162618429
-160.02146245554772,91.93865017810164,274.4906064210894,0.4120110558533618,16.0854358958332,2.01312499277534,16,D06_px-1055_py-0118,0.2664095938437606,2.01312499277534,1.5168306340943243,1.2097557140304518,2.3038354409800537,1.9719331953441142
147.09557355854477,91.41894708776196,272.4344010037522,0.3918435082462767,20.867376848777496,-0.0509056984933341,10,D06_px-1055_py-0118,0.2533690987150559,0.0509056984933341,2.132543630332532,1.8571475557285446,2.305476627541272,1.5594788333281064
35.22832239815277,97.73346818639853,273.58587347832935,0.2419876265560769,33.84748110542199,0.6178602400341034,12,D06_px-1055_py-0118,0.15647110530200117,0.6178602400341034,1.811731974844829,2.638824921989036,1.758486011048958,2.508391308083328
-151.38964786687626,109.63826324051472,273.896656963321,0.4175126800819848,16.008670852487455,1.9078213570655564,16,D06_px-1055_py-0118,0.26996698740251523,1.9078213570655564,1.8905630566456366,1.796264657384059,3.0304336419314866,2.4641779276432567
-24.98563913199624,133.13649279668485,274.6303809123981,0.3102569259251962,27.24389749399461,1.1493283389178757,13,D06_px-1055_py-0118,0.20061457198459987,1.1493283389178757,1.8628854664832017,2.463228618516781,1.7488961283515385,1.2731893922435196
-84.31324946948769,139.6014710971509,276.6913682908652,0.365871774099637,19.34088535439531,1.507140585364501,15,D06_px-1055_py-0118,0.23657557085427205,1.507140585364501,1.5281461879394664,1.828287195607773,2.1874661946655087,1.1464000396433165
152.46610481900407,142.5010476982764,273.943516661456,0.4597801399370059,9.954561370433169,0.144647859187263,10,D06_px-1055_py-0118,0.29729745985661205,0.144647859187263,3.0975478855166325,2.043982290907655,2.2980287077813886,1.553512613524072
32.32111221330771,144.12631826690935,274.90820838421183,0.3359973711045066,24.452841277115795,0.7432111398879998,12,D06_px-1055_py-0118,0.2172585465774038,0.7432111398879998,2.641545384294803,2.3335419171335405,2.8411522502851865,0.9244381595475681
8.261661287967767,159.80612986932863,273.9067410588236,0.3629177460218761,22.65319829433895,0.9121647538261908,13,D06_px-1055_py-0118,0.23466547303233534,0.9121647538261908,2.8987465089208144,2.3891943938886704,2.2020947315878567,1.3671022586141213
24.72729906618392,159.90789643246006,272.2156739548347,0.3686999147045239,23.816444969849613,0.8103973084140671,12,D06_px-1055_py-0118,0.238404268844719,0.8103973084140671,1.212205642312753,1.403516953859956,2.4169595873440652,1.9279252336487702
-66.9578915740699,194.30602747088764,275.35865690804854,0.4516892713546267,9.591564229073356,1.2956730063454105,14,D06_px-1055_py-0118,0.2920658405050138,1.2956730063454105,2.892652964119942,1.5218760114056251,2.1655618675023174,2.7771293251152773
12.816234486064978,206.36492223959164,276.42725745666985,0.452537133885682,8.27730871503445,0.9017917425051446,13,D06_px-1055_py-0118,0.2926140750956267,0.9017917425051446,1.7633206251416151,2.5723975684661595,2.2588228039722935,2.072049397060386
26.200569129523675,-165.77777482849407,272.77446469246803,0.3804534739807018,21.86301645322169,-2.021026078036735,4,D06_px-1055_py-0118,0.24600421284743418,2.021026078036735,2.6178596257607705,2.391279880418194,1.744347279856374,1.864394447780401
0.2694224745469525,-164.59096816156725,273.84814258177494,0.3724375481390007,21.639740333616544,-2.176138938711952,3,D06_px-1055_py-0118,0.24082105206223103,2.176138938711952,2.548835063617144,2.555195010669788,2.1656186384941485,1.4264867847866456
-114.9209382534763,-164.46422315734546,273.0464923331588,0.4455890427066772,13.051337832892555,-2.787668787035231,2,D06_px-1055_py-0118,0.28812138461392545,2.787668787035231,1.811346512556868,2.1986504153744995,1.8385648520644198,2.000577896555223
66.06014535330823,-159.61447427861444,271.4509172738115,0.3922128205866514,21.886666640656017,-1.785367371507041,5,D06_px-1055_py-0118,0.25360789898316266,1.785367371507041,1.9381329334293844,1.8055377116181268,2.5793190360182505,2.236881707437451
133.7412063972343,-167.82066601075755,271.47823597873577,0.4746278234974087,10.427961050464944,-1.5049100992527027,5,D06_px-1055_py-0118,0.30689808899180543,1.5049100992527027,3.27690138728123,1.7133649919628395,0.943474329867455,3.3367062475554494
-70.49799569416835,-155.2292005894402,273.30218562458026,0.3852167489088876,20.7294950152442,-2.604079057260125,2,D06_px-1055_py-0118,0.24908418393305423,2.604079057260125,1.9379540316192,1.0789686836714374,0.9884374509055804,1.9329138803872388
119.94780606790948,-149.02267884021543,272.6355950322959,0.4279003141218381,15.991333361759304,-1.5000564769940947,5,D06_px-1055_py-0118,0.2766837133889652,1.5000564769940947,1.6079231829130944,1.704952907491337,2.3323474389020378,1.3537595423564603
60.083689056361365,-142.71360694096074,271.6707829442335,0.3548058780767936,25.92783697778464,-1.7792906169011098,5,D06_px-1055_py-0118,0.2294202753274155,1.7792906169011098,2.8488975651138224,1.2186654934402,0.682348738948531,2.1024435831095354
133.68629743282685,-142.99344244342473,267.4552465001296,0.4440523872668885,19.46463635784136,-1.4260037094091162,6,D06_px-1055_py-0118,0.28712777110337534,1.4260037094091162,2.384213934885582,1.5123030334537182,1.8239898503092993,1.6761496252380486
-146.94095035023128,-134.8320813187337,275.0944742426874,0.4403533312720406,11.538056101399944,-3.0061214367836,1,D06_px-1055_py-0118,0.2847359323621754,3.0061214367836,1.9236570822974572,3.46465044739253,1.4629518020059495,1.9941107379310803
-42.1711485013181,-129.0865358836055,276.5024892699452,0.3090120205309791,25.39354676636566,-2.493534621450008,2,D06_px-1055_py-0118,0.1998096063514317,2.493534621450008,1.7902313752076824,1.5850916944705042,1.9216309072998583,1.9070391971846272
172.15932393514444,-125.02914755397236,274.54969772232226,0.4666319585324781,8.227909285389615,-1.235100635900925,6,D06_px-1055_py-0118,0.3017278997275279,1.235100635900925,2.4198832890093316,1.7942146154847491,2.1125106755443985,1.6488784616061654
-70.4149654079257,-124.69595510348988,274.2860040970646,0.3271673855265164,25.99381310415737,-2.6918298541213,2,D06_px-1055_py-0118,0.21154900835492496,2.6918298541213,2.0273895665251978,2.2925926176189195,2.6407738126921405,1.0428887939984257
94.6065035066618,-117.26733647342256,273.537251608396,0.3438175930381935,25.102617280966854,-1.498927015714408,5,D06_px-1055_py-0118,0.22231516367425927,1.498927015714408,2.728423943825116,2.622169345887861,2.4371341021144772,1.8470089460497148
190.3853031807413,-117.01417045265018,270.90952686438146,0.4921689231320268,8.249764021061367,-1.1580780378728857,6,D06_px-1055_py-0118,0.3182403021747807,1.1580780378728857,1.4350541473145921,1.7607583562907472,2.7242852241897806,2.086587319011919
-40.56525676636502,-106.22858600489752,272.7581073816102,0.2646242044008282,33.04889258190519,-2.5425538155509284,2,D06_px-1055_py-0118,0.17110809482924144,2.5425538155509284,1.5931586697733096,1.9648100880270902,2.07570736993713,1.7815941041236143
177.34872223678306,-107.73917939403069,268.3563277390566,0.4657416670632403,15.29726416598868,-1.1528947980758415,7,D06_px-1055_py-0118,0.30115223025130244,1.1528947980758415,1.8882696533705188,1.6849376385932553,1.4205068591658092,2.7784552198970887
-38.68849263039404,-91.87848875796064,268.0718558386134,0.2371754082230667,39.851363199491175,-2.5763243114642345,2,D06_px-1055_py-0118,0.15335948702532798,2.5763243114642345,2.185905114874758,2.0709976390591702,0.7839591722360559,2.45800947912306
94.87697586703102,-77.65298555960577,275.60529974494665,0.2814766158473234,28.748188109678324,-1.2928755015180444,6,D06_px-1055_py-0118,0.18200499680545115,1.2928755015180444,2.1554120357160427,0.9507779719273928,1.24786062343287,1.552305674649747
-86.95886284243556,-66.78586134968494,274.0716663939652,0.2544060552504052,32.45728018909574,-3.0936397313031416,1,D06_px-1055_py-0118,0.16450095910721363,3.0936397313031416,2.406413651231952,2.4246967103657173,1.9802228105592732,2.3885349148662245
9.208106764729632,-59.32942921494224,274.2284800855586,0.1413621579018866,38.65241900354141,-2.023801304833864,4,D06_px-1055_py-0118,0.0914058847122849,2.023801304833864,1.4723973445195648,1.3040918097468663,2.619390370076072,1.994279234473444
115.98827227283952,-54.10992491173147,272.1736853156149,0.2966419651738867,31.03967940240216,-1.0434797054062614,7,D06_px-1055_py-0118,0.19181103112707967,1.0434797054062614,2.003404921226486,1.4681405135789363,1.4375710030905302,2.1885291660182578
146.1862071529919,-46.286985133547205,274.4658403811389,0.3483354892614664,23.640988124682508,-0.9136228142157424,7,D06_px-1055_py-0118,0.22523647095660262,0.9136228142157424,1.9194032511053525,2.75225121025438,2.103959936384096,1.7602925797108446
209.6172838747238,-43.56469756107887,271.8156089076893,0.4731813420134351,10.275293201632792,-0.8118921905389183,8,D06_px-1055_py-0118,0.3059627826713239,0.8118921905389183,1.8514347327950025,2.485782474411846,1.468766207890135,2.8533361372150674
84.98955447462654,-29.96496176035862,276.08237115661143,0.2090690480479046,33.415878485490225,-0.9459440822097978,7,D06_px-1055_py-0118,0.1351856931615139,0.9459440822097978,2.426637611439105,2.3593607341170504,2.029736215902542,2.405102574093964
196.2743036719083,-25.73907117128031,271.7522287540292,0.4422115509860396,14.968978850048927,-0.7373737181888222,8,D06_px-1055_py-0118,0.2859374718651715,0.7373737181888222,1.677416550297277,1.796393119198052,2.237140469452216,1.686350961836047
-92.91220645599653,-24.87622150303493,276.0956770236393,0.2226879973400397,32.558066000427175,2.7962163896419026,18,D06_px-1055_py-0118,0.14399181304094694,2.7962163896419026,1.8878130697681579,1.7691213610479561,2.3681021325074108,1.9490450507762822
-178.6883136650128,-26.294161595986907,273.1196051279993,0.4059643533886811,18.361788857191527,2.680715590092501,18,D06_px-1055_py-0118,0.262499748404363,2.680715590092501,2.0528329531863343,1.1911707005209515,1.0127083434467419,1.4165633928536225
-179.38855773321006,-12.342979963153066,273.5846230046651,0.4037415487429769,18.13914837953422,2.603310685513234,18,D06_px-1055_py-0118,0.2610624654129405,2.603310685513234,2.070030351957561,1.592938377736726,2.4850408549618748,1.986544534247869
-133.57051936255402,-9.502381473742108,268.32859897373874,0.3136704657432586,33.55127252255943,2.605634775595268,18,D06_px-1055_py-0118,0.20282179371707484,2.605634775595268,2.3675995744204803,2.048657737694163,1.07533689752591,0.9089279776261323
23.584371163391936,-2.873740797178051,273.3238845555089,0.0564415463900423,41.88406956008214,-0.7282311753983982,8,D06_px-1055_py-0118,0.0364955484472159,0.7282311753983982,2.9653971750275394,2.897321524700939,2.4197273029131305,2.4474060669435387
193.6478650721036,-0.7451027808373895,268.8664698760542,0.4378512633055739,18.77194734913945,-0.610827232935661,8,D06_px-1055_py-0118,0.2831180755079819,0.610827232935661,1.6521447873857693,1.8220083740868749,1.1286451929463721,1.984059477876928
126.62516857117696,3.797297463578564,274.4221026941397,0.291512723885279,29.13399536106596,-0.5770000277190449,8,D06_px-1055_py-0118,0.18849442331034436,0.5770000277190449,2.4803107164793756,1.7253042006328971,1.5889233497359094,2.6248304141133705
-64.89361971202462,4.340463805158904,277.4246725877167,0.1512207347040399,35.016675942687925,2.4678267646736365,17,D06_px-1055_py-0118,0.09778051812181639,2.4678267646736365,1.4506890753451174,1.9251430641159097,2.514721294842385,1.8707301613746008
-132.38846839399343,6.923701333977656,275.0006869429059,0.3036545574429116,27.45876681637435,2.482362352690997,18,D06_px-1055_py-0118,0.19634542852161885,2.482362352690997,3.0634549734720644,1.708563557377314,2.347530124333188,2.157922387371624
18.19297378771904,10.265510092160552,271.9142373783656,0.0498937073653195,43.39085160564406,-0.0932564925775207,10,D06_px-1055_py-0118,0.03226166416098555,0.0932564925775207,1.6907404210288683,2.0552603495512773,2.5667027828349753,1.8653606064668775
-102.58439425939146,18.74355898959283,275.67542760236626,0.2410995744638547,31.75733173154822,2.353893041020886,17,D06_px-1055_py-0118,0.15589688382459205,2.353893041020886,2.466522584745525,1.98932259203529,1.7703487123624637,1.7603658921662992
141.329315061079,18.90924809631744,274.0427252871449,0.3261287247698532,26.35253334877808,-0.47397378217159,9,D06_px-1055_py-0118,0.21087740212884692,0.47397378217159,2.139566455300868,1.819103500674188,2.08091480450529,2.8085731666616827
63.338663908494325,28.842107695038,274.05743154988744,0.1635911208357086,37.87794604422999,-0.1796743829482113,9,D06_px-1055_py-0118,0.10577930722761474,0.1796743829482113,1.9672561752089548,2.3532373465528624,1.5749433142107878,2.478319951087321
13.000082926195352,42.9401017761718,274.8704183939199,0.1056987785209253,39.23083286869701,0.6698396797278915,12,D06_px-1055_py-0118,0.06834566270853519,0.6698396797278915,1.4553213062145922,1.9842992805376398,1.8286911935415517,2.087846485920898
-46.63374918207165,50.46763794445365,273.8625935735208,0.1616674028844764,38.16301858738655,1.709752099223119,15,D06_px-1055_py-0118,0.10453541604853889,1.709752099223119,3.2804026765228578,1.6967772056111408,1.9964294436096681,2.20780245204102
169.90122973772688,70.20653832613534,270.7874065131957,0.4155782052688902,19.663535415311287,-0.2151290469108065,9,D06_px-1055_py-0118,0.26871614075183475,0.2151290469108065,1.9661467419579814,1.6925298769776107,2.0117262872988193,1.754378468248809
-63.46062692907306,77.84626887935954,272.35527234933147,0.235259655218835,35.57376345042553,1.6477602448722193,15,D06_px-1055_py-0118,0.1521207460437171,1.6477602448722193,2.0796718528628375,1.75395856176702,1.3851297446693231,2.255210074409867
-77.97218991711807,85.49784762305377,270.08430116558463,0.2716003801671841,35.282315517438974,1.7032105165203495,15,D06_px-1055_py-0118,0.175618945026327,1.7032105165203495,1.3407803486010548,1.625213699626065,2.510604182873525,0.9687954925159287
-105.55361788378744,116.17619212912264,274.3317387241946,0.3560636554013636,22.95351039630509,1.7013438191030603,15,D06_px-1055_py-0118,0.23023356405213324,1.7013438191030603,1.1401957611735272,1.3176454195093028,2.1339737148251,1.8858266118666598
-140.8804931637128,129.04264678481624,273.18416449505764,0.4266473496497365,15.559652088763528,1.7930432332055777,15,D06_px-1055_py-0118,0.27587353669256104,1.7930432332055777,0.9422732207772551,1.989486928764492,2.0607268619746746,2.852855095386774
110.56688345264722,161.16292055092134,271.51273310595786,0.437633615437039,15.880582859124672,0.3625102509743941,11,D06_px-1055_py-0118,0.282977342681924,0.3625102509743941,1.7552484108558317,2.2875139833109426,2.472031498644541,2.108643813900062
-8.903814077640565,170.58826030712277,272.48554993845846,0.3869407844047489,21.4045828476842,1.0159642388606265,13,D06_px-1055_py-0118,0.2501989588637253,1.0159642388606265,2.2781766732154143,2.1628464205672113,0.7533512182422679,1.9124771105989122
83.4549512195684,172.83917448641765,268.4131654596498,0.4350862540600406,19.654483549838403,0.513985160571688,12,D06_px-1055_py-0118,0.2813301987517355,0.513985160571688,2.0177520417846955,1.5367864331447274,2.1940481606712723,1.4607121647471653
100.48612750695128,169.43375471975872,266.6988101456096,0.4476065164559122,19.800219252953696,0.4285082442932452,11,D06_px-1055_py-0118,0.28942589903044014,0.4285082442932452,2.1695665408079012,1.9506791979850202,2.1011926387679756,1.4714595044596452
-19.87455492379372,-199.18530682091225,274.76586167023584,0.4422585861576993,11.627833048170544,-2.277225914143396,3,D06_px-1055_py-0118,0.28596788517763055,2.277225914143396,2.536319063712625,3.1454868331600934,1.6302260178935255,2.3624127807125537
41.40371005899082,-178.9087807117395,271.77521523741706,0.4138379827876052,18.811320374722182,-1.9503558380307595,4,D06_px-1055_py-0118,0.26759089918889495,1.9503558380307595,2.079367994617604,2.2110654744835285,1.3222509301807808,1.9692019800660399
4.18465371336599,-177.26145513494498,270.9779420349606,0.4021407503359959,21.17474092316933,-2.1541730026194563,3,D06_px-1055_py-0118,0.2600273765545936,2.1541730026194563,2.4158105084608037,2.0591895666730435,2.067368139353028,1.8674799329516394
-25.072631981500376,-164.39888424605883,271.3560670832554,0.3790837697843223,23.550379190800072,-2.3291206055829914,3,D06_px-1055_py-0118,0.2451185513258331,2.3291206055829914,1.3285504451148316,2.180347401617545,1.499783261511697,1.9147729657369523
-98.8063446537033,-146.5579369032876,272.72292129737923,0.3987071159113999,19.70892359629562,-2.7709615793063898,2,D06_px-1055_py-0118,0.25780716149126254,2.7709615793063898,1.7452701636050696,1.6483702312547603,1.3162857118051559,1.6364434083521946
118.35793417181426,-134.73148734356587,273.25799431190666,0.4032130955894081,18.561363051995727,-1.4569823987005743,6,D06_px-1055_py-0118,0.26072076344157924,1.4569823987005743,1.4486759624361687,0.795858173749479,1.7204097301090622,2.0352603199809014
143.295552974594,-107.98483719243318,272.7964046138605,0.4040098681232778,18.96226351261538,-1.2527686823605673,6,D06_px-1055_py-0118,0.2612359628376111,1.2527686823605673,1.253218009071575,1.7893008052811141,1.4923719525944104,1.5607719346525164
-81.69448407514227,-105.60372303352884,272.3176767817939,0.3085126333649075,29.8319599264018,-2.8362073813849085,1,D06_px-1055_py-0118,0.19948669867651903,2.8362073813849085,2.7346061714221266,1.2639322946807718,1.7094514165764034,1.6812888700219304
-139.33123502707627,-103.4862869139536,272.6465760539573,0.3923208818274108,20.57956459588138,-3.109736441492282,1,D06_px-1055_py-0118,0.25367777223256205,3.109736441492282,2.1530133151960804,1.3696166829287282,2.1743178668809504,1.9479351874037454
25.09726595459641,-98.75052698509656,273.5819815369374,0.2375096259207669,34.15978526954211,-1.9288968599472724,4,D06_px-1055_py-0118,0.1535755948210649,1.9288968599472724,2.4676304326918963,2.5329989352579307,2.2425362070471393,3.330415143758014
116.34124083285332,-92.85660634303238,272.1723122046196,0.3415599904813969,26.7851563915425,-1.2805853422635352,6,D06_px-1055_py-0118,0.22085538007944508,1.2805853422635352,1.9506770062741459,1.9685115164798876,2.849121232332771,2.6797999039517526
-122.55613721003564,-82.86607012839401,269.82325361231966,0.3423557474287717,29.19710928139375,3.129150938523072,19,D06_px-1055_py-0118,0.22136992278925022,3.129150938523072,1.6232094570484479,1.4971040413234609,1.956448833159814,2.6855108182166325
-128.4819391712636,-65.31190662658192,272.3335776520899,0.3313238805260219,27.646880478432195,3.004906723557745,19,D06_px-1055_py-0118,0.2142366307594703,3.004906723557745,2.317110773303341,2.4867161404207017,1.7116641927901222,2.0015840528539592
148.38365802638,-65.81549138816347,273.7334528066316,0.3679027822232575,22.279576869029256,-1.0244562550709388,7,D06_px-1055_py-0118,0.2378888367038654,1.0244562550709388,1.9215404268355405,2.013984458696825,1.7377010677057516,2.425456620263689
-113.2150708531874,-59.14686560784258,270.15549480622883,0.2981688926637045,33.017806136384365,3.016042712261812,19,D06_px-1055_py-0118,0.19279835446855817,3.016042712261812,1.877560619379701,1.650597261486424,2.032120088712161,2.0382811669784644
-26.38731901372685,-59.92306545759588,270.83639463950885,0.1558652671476884,41.48401405299609,-2.592578681488978,2,D06_px-1055_py-0118,0.10078370938168138,2.592578681488978,2.2210435784443323,2.0289637647942365,1.65062224284892,2.099114540154569
23.25087137170473,-54.21854176791332,272.29835298610647,0.139903085524904,40.65879899860306,-1.7726604395125762,5,D06_px-1055_py-0118,0.09046243702121388,1.7726604395125762,1.809140085009717,2.0467925186692892,2.6545775099559643,1.3976660153521792
76.30505776404237,-52.094390995648695,269.173863967637,0.2195128028637988,39.85202881695528,-1.206008448768354,6,D06_px-1055_py-0118,0.14193870728377678,1.206008448768354,1.348980424457603,2.218805134039987,2.063670926878193,1.5705909214944067
67.96668796271932,-39.883362435672325,271.5633260112404,0.1864320647111733,39.29188618716614,-1.1376421873391442,7,D06_px-1055_py-0118,0.12054844143996558,1.1376421873391442,1.534657176075798,0.6119736753412555,3.0194539267617584,1.9491825512038428
-75.16320394622522,-40.75548291319898,272.6639901651913,0.2010716951455708,37.37361666148411,3.03146863088496,19,D06_px-1055_py-0118,0.13001454178519198,3.03146863088496,2.2795082015586448,1.328311889825322,1.7866275418414974,2.3720654973945896
53.37897174880228,-33.15157058435454,273.2766921834338,0.1483594750102155,39.331883580466354,-1.1627409271522955,6,D06_px-1055_py-0118,0.09593040506760607,1.1627409271522955,2.255764572918637,2.7976140684491333,1.338549975623916,1.9668295440632422
66.2167051908835,-23.856779729936324,275.00240300355455,0.1648492041087315,36.86207293108095,-0.952785975649634,7,D06_px-1055_py-0118,0.10659279378101186,0.952785975649634,2.622007656608992,2.4039449855275823,1.5723866098610229,1.6590377928859268
117.22740217222147,-19.35111611719951,270.2789346005331,0.2783217077518871,34.5477837793365,-0.7705775236390858,8,D06_px-1055_py-0118,0.17996500838189114,0.7705775236390858,1.8162991354769755,2.075795013649577,1.546557590283336,1.6873394488467017
143.70798486766304,-14.489249873883042,275.6824106129376,0.3282318443276573,24.413818858101592,-0.7074642072132231,8,D06_px-1055_py-0118,0.21223729579975575,0.7074642072132231,1.9093866801033443,1.8398062260316945,1.8755070828150515,2.5051965259919964
-39.65637790440663,-11.035726938263048,272.0204887581078,0.0980453428811295,42.31069204727669,2.8060296709536505,18,D06_px-1055_py-0118,0.0633968909429711,2.8060296709536505,1.8520729845367456,2.1730006110118776,1.6432084815401011,1.9098045993074144
83.85695264592877,-9.413510071233391,271.4828559777308,0.1993527348441194,38.67566810097537,-0.7187682909101686,8,D06_px-1055_py-0118,0.12890304851520018,0.7187682909101686,2.380373002580056,1.6687154490999847,1.8373258822520915,2.296470718107525
-40.18458550612562,2.050851648959644,270.41226755802296,0.0964189874404453,43.96977441448655,2.4836215831712845,18,D06_px-1055_py-0118,0.06234527670533649,2.4836215831712845,2.477897512816054,2.464031703247361,2.5900445266465817,2.3247313141385857
63.34891043108646,3.681618660636752,263.3210995889769,0.1553761424074544,49.11198462938415,-0.5489283027206694,8,D06_px-1055_py-0118,0.10046743747214541,0.5489283027206694,1.9907245825329363,1.893893221706024,2.20780741592732,2.358788781820295
32.53380308099194,6.844256768885264,272.53946391305186,0.0791252036855322,42.2490371603414,-0.3996294415661857,9,D06_px-1055_py-0118,0.05116297991811636,0.3996294415661857,2.191381203371356,1.8244604214547122,2.545273024730429,1.690916352803352
-25.778551481106,8.906717531195996,274.1781689095369,0.0645688318203713,40.8931833884879,2.201944921204096,17,D06_px-1055_py-0118,0.0417507152195291,2.201944921204096,1.9511321927224663,2.326680150970096,1.6014639487378006,1.6464605557708154
-143.30579003384392,10.88306546265305,271.4386119481341,0.3314583372357194,28.580040306452645,2.458815657638137,17,D06_px-1055_py-0118,0.2143235715269841,2.458815657638137,2.0340218265808527,2.2040175404453093,1.9803393138900218,2.242371394595206
-176.1607404782625,14.584163724699517,272.245434967992,0.3993538332943612,20.14648194033009,2.4520125375605235,17,D06_px-1055_py-0118,0.25822533404483533,2.4520125375605235,2.4950641927163986,1.8433990882477593,1.8268107535011986,3.0983139746496122
199.8978369937888,17.98856079241458,268.79513665724954,0.4518557994042622,16.86256418660207,-0.5172324958564042,8,D06_px-1055_py-0118,0.2921735188535355,0.5172324958564042,1.8540593466369506,2.1016125973516915,2.0061322924741525,1.644063059383285
73.26555440834183,22.21930112512898,271.2496364117803,0.1814458442235032,39.867049750440174,-0.3125247384427564,9,D06_px-1055_py-0118,0.11732431199959346,0.3125247384427564,1.8377546274047196,1.7614105876965758,1.6837397854472442,3.236409716470936
-88.62126551393509,39.49473433253309,271.05693092965,0.2285974015313323,37.3471234278943,2.115376259054758,16,D06_px-1055_py-0118,0.1478128803353673,2.115376259054758,1.969409140107463,1.2397633843851987,1.9773917864057071,2.4659708245186716
184.41841632563208,45.53361605076658,269.0944932988758,0.4301821095652151,19.574456499882103,-0.3649170132612657,9,D06_px-1055_py-0118,0.27815914029479305,0.3649170132612657,2.2618676139095486,1.7443372715938965,1.8433622252997917,2.5472017823709483
-125.84624770766736,66.54138519223221,273.86106510768764,0.3258329403441326,26.57320646557531,2.048229794810499,16,D06_px-1055_py-0118,0.2106861455894846,2.048229794810499,1.6893965745097057,2.34353224173893,1.824565026537536,1.535195215012624
68.39131509407969,71.58148643561442,271.7478901044178,0.2325206361076885,36.380649853573175,0.2012060524373159,11,D06_px-1055_py-0118,0.15034967471307167,0.2012060524373159,1.5034816213744642,1.1967519220269385,2.660011203573424,1.21720828821268
175.94466118034566,122.81406093062591,273.9832747248301,0.4708573283187496,8.20502142924397,0.0024208026755462,10,D06_px-1055_py-0118,0.3044600571116757,0.0024208026755462,2.286388899188325,2.092180009216583,2.780018298025297,2.2000393440880255
121.86393714381089,127.1593693715501,270.800453148219,0.3999662425790877,21.638834403976944,0.1996802328745657,11,D06_px-1055_py-0118,0.2586213227118681,0.1996802328745657,2.9590312185480654,1.3520041555565734,2.5831470592635144,1.7664304982495191
-69.33080411299994,129.72618365527612,271.54172642554107,0.338541287531502,27.76202422990337,1.4546349723190604,14,D06_px-1055_py-0118,0.21890346297578683,1.4546349723190604,1.8308684150949404,1.9383131748730826,1.8500614738478585,1.7944709414519842
47.67039773575054,140.94522989069762,267.6407365257297,0.3467520299500734,31.06546585540377,0.6376753302350741,12,D06_px-1055_py-0118,0.22421259369403115,0.6376753302350741,1.715229971553204,2.7389467558206144,2.3492555256526995,2.3134575988533332
-159.35492945152612,142.88000964402832,276.1567228890145,0.4666584799134954,6.424376285386131,1.8036713728684712,15,D06_px-1055_py-0118,0.3017450486613844,1.8036713728684712,2.467010782762815,1.7754930616103568,1.408494047894637,2.2876333254806234
125.65249545663794,139.1042243876917,252.4077301172162,0.4497348153899891,35.366003924646066,0.2291828648003548,11,D06_px-1055_py-0118,0.2908020738843677,0.2291828648003548,2.3951157939959224,2.034640852069358,1.6980413577030993,1.1265614175866514
-121.4334889930703,142.54569256332877,274.39101245699777,0.4175113833299145,15.468032553128694,1.6694080501362505,15,D06_px-1055_py-0118,0.269966148912413,1.6694080501362505,1.8610734582670454,2.5727843943105526,1.9657188332326303,2.625916723150043
-94.38361916800991,150.82232324731063,273.4547577648712,0.4001035882518451,18.73984321021146,1.522986464130207,15,D06_px-1055_py-0118,0.25871013150565086,1.522986464130207,2.038236801438322,1.5829247596973306,2.480517117192281,2.170712939217581
39.65710411692472,154.37859358765746,272.38480009963087,0.3634607640072075,24.221042071894203,0.7123713818637293,12,D06_px-1055_py-0118,0.23501659273863149,0.7123713818637293,1.5153355046981771,2.7189576505681567,1.1080566507150653,2.6413191691330433
96.2069112341746,187.3859446565841,271.38769218494093,0.4672440335150823,11.674659786905124,0.4894942111622583,11,D06_px-1055_py-0118,0.3021236722321753,0.4894942111622583,1.9823100631585535,2.6709138176656775,1.4170357277949357,1.908845920480501
-23.495994447229386,190.6065313621252,270.5596958625634,0.432280714669379,17.674798661138254,1.086467668204318,13,D06_px-1055_py-0118,0.2795161148844209,1.086467668204318,1.9421232354146314,2.172486040616956,2.2206387809996464,2.1564768273795787
37.840162296159946,210.4964706450328,272.8206296021179,0.4712588279681629,9.447029401389898,0.7859502749337998,12,D06_px-1055_py-0118,0.30471966994732413,0.7859502749337998,1.6544183217363204,2.4158691228838096,2.371361512606244,2.3588390994506376
-55.58155155142703,-176.13493302023804,270.5071188995748,0.4176913442116245,19.69326989478958,-2.4834481790339398,2,D06_px-1055_py-0118,0.2700825130359553,2.4834481790339398,1.9583039895988812,1.7190164293135475,1.7395376453486806,2.37913302474725
45.005973251532815,-163.79537753670874,271.03937262891225,0.3868423725490232,22.97794988222836,-1.9096239585449792,4,D06_px-1055_py-0118,0.25013532498269025,1.9096239585449792,1.2650965246983699,2.6186789489011515,2.0125240770877353,1.515523834378231
-132.06513715434286,-142.77038992969804,269.83078952191374,0.4381309936268892,17.668148968206367,-2.924242215271774,1,D06_px-1055_py-0118,0.28329895133698857,2.924242215271774,2.2839436910468085,1.607958954296903,2.293950756272218,1.9617705334827575
-18.117028133446304,-145.85524029690754,271.3230290944045,0.3385497783816519,27.993021795047923,-2.301355286186722,3,D06_px-1055_py-0118,0.21890895322637038,2.301355286186722,2.2961909417621404,1.7095470517849392,2.045795918061388,2.0145772168961322
84.97610853014949,-136.7769424555911,272.3839777132757,0.3668629943700962,23.84262278548124,-1.6218596087632648,5,D06_px-1055_py-0118,0.23721650168831432,1.6218596087632648,1.1306170465933278,1.9018729430578742,2.5144341478819325,2.284008722568165
-89.09160557303564,-134.04699784616835,272.0941537135004,0.3670711882789234,24.12977977757652,-2.7643668746145207,2,D06_px-1055_py-0118,0.23735112150956283,2.7643668746145207,1.7905561296329835,2.1742058625289467,2.0192226127406787,1.4293021613670631
-2.382111536513164,-125.90599161432412,269.83061963092536,0.2945287810211375,33.67125722675792,-2.1966933647417632,3,D06_px-1055_py-0118,0.19044462960980738,2.1966933647417632,1.5253571934568595,1.9718179599193708,2.543568715781298,2.607410700224543
-156.8895721885386,-100.3116710644322,271.99374610162886,0.41869990417321,17.933404548575822,3.1034846124035083,19,D06_px-1055_py-0118,0.2707346558508527,3.1034846124035083,1.725474746782093,2.487911863900968,1.0471250751870818,1.7122848154610206
-9.132723510466665,-92.50340371764956,271.6031394247126,0.2188909864188603,37.40157376387407,-2.2761854554127368,3,D06_px-1055_py-0118,0.14153663587285717,2.2761854554127368,1.6488854231372687,2.384178322580124,2.198666576782372,1.8543504400853932
7.158173369099621,-77.64032126615803,269.8122897561155,0.185671732900983,41.11309241868793,-2.085839168111076,4,D06_px-1055_py-0118,0.12005680490288348,2.085839168111076,1.5847110236691047,1.0967695664815833,2.280647206289646,2.747878090214482
21.53261165728089,-71.038433030664,273.7013053582773,0.1744927432433021,37.722269329369794,-1.8834663385235983,4,D06_px-1055_py-0118,0.1128283821409799,1.8834663385235983,2.4931739864264717,1.3155411100589613,1.9938634614129904,1.9900040721016672
102.15480583993194,-55.25806282960564,270.70203003874155,0.2719670153268197,34.61236821276168,-1.102828491057871,7,D06_px-1055_py-0118,0.1758560142082815,1.102828491057871,2.4474595887891692,2.448552131910091,2.7444275911136566,1.8824413951642431
-97.79891295642064,-55.24896784280013,273.0502843672007,0.2612804075996166,33.00070053129781,3.0488421658217373,19,D06_px-1055_py-0118,0.1689459694807802,3.0488421658217373,1.4500460470038932,2.2811156617521915,2.1722398671007355,1.3679161900872714
181.04016261883072,-55.048566093222114,269.4609144541873,0.4282061528804249,19.43927978438643,-0.9021644774227262,7,D06_px-1055_py-0118,0.2768814711391499,0.9021644774227262,2.525129212162887,1.8658280961143638,2.5267065501091768,1.1441174611626206
-138.49618250000773,-55.07232756364986,271.82327930552304,0.3423678026225399,27.07262428701148,2.913087760778127,19,D06_px-1055_py-0118,0.22137771777249127,2.913087760778127,2.0803610156345407,1.7954021511536606,2.640733421642337,1.0108156985449597
-148.2385207236728,-40.59348744851911,271.9810440730493,0.3520153494881455,25.89539441130603,2.8018996349455265,18,D06_px-1055_py-0118,0.22761589756291267,2.8018996349455265,2.56835486150064,2.7538018176428105,1.430479317080815,1.0951866515260533
-119.57842906955752,-23.703771514539785,271.5668057880288,0.2839005740268513,32.753014241653375,2.730304084709572,18,D06_px-1055_py-0118,0.18357234725619273,2.730304084709572,1.2051124886338354,1.6896395082599915,2.79371535878878,1.9486852851304222
30.800425885216868,-23.22900765796712,273.3458140626794,0.0914798559440398,41.1503177807939,-1.2531492867608385,6,D06_px-1055_py-0118,0.0591515953776038,1.2531492867608385,3.0714015962330796,2.5717068407314563,1.5366229720393882,2.2760253962140773
45.77777294760346,-17.273691320761003,270.1352634822648,0.1171920596011621,43.64293519192898,-0.9677983406895868,7,D06_px-1055_py-0118,0.07577730877972175,0.9677983406895868,2.466876572154647,1.3872428729535398,1.8043379716609387,2.787623452124354
-90.46643608077838,-13.901074728719848,275.2553203384237,0.2128643601754574,34.032544647223574,2.6870806186859286,18,D06_px-1055_py-0118,0.13763977187626447,2.6870806186859286,2.2967032048134257,1.81101395968479,2.2895002343696502,2.608379956389086
105.38915228034485,8.831604312398527,265.5072194182512,0.2533488624931433,41.38180433697653,-0.5233749322478667,8,D06_px-1055_py-0118,0.16381736994358462,0.5233749322478667,1.997046362670115,3.2651684383050616,1.3285625264752512,2.489372788618753
174.02362636188644,24.56053060052367,270.7698179580428,0.399237498664625,21.762555311447382,-0.466772238531047,9,D06_px-1055_py-0118,0.2581501111569597,0.466772238531047,1.6207622164379536,2.1936469881632292,1.8637079210984338,1.5842488973134903
-187.27959205627087,26.004740389938924,272.7003903728046,0.4234164064522168,16.528807515830977,2.3966401748299653,17,D06_px-1055_py-0118,0.2737843833731175,2.3966401748299653,2.96881383624629,2.3565079506563116,2.1864943836796034,2.3464509084144085
-206.61791943474432,34.742291301493665,274.93291741259884,0.4599177391339628,8.82959648866381,2.3680239583425475,17,D06_px-1055_py-0118,0.297386432581139,2.3680239583425475,1.741567832133062,1.8062912781146254,1.3655331105242607,1.6501944170757448
-154.20375864196842,50.79972744361253,272.01872454685883,0.3700806481284596,23.871653333035283,2.2163774294637086,17,D06_px-1055_py-0118,0.23929706195172756,2.2163774294637086,1.4249555291211005,1.5645389081154297,2.759026683549251,2.2944757780935348
-166.1396985001628,63.98121180013565,271.68428670993035,0.4026687273644577,20.340808883020657,2.1670129253142565,17,D06_px-1055_py-0118,0.26036877065971054,2.1670129253142565,2.1607009208272316,1.9255580342108507,2.3597151791644717,1.53964696204204
-198.77636991119525,66.53242105413247,276.29967793011787,0.4581316815567273,7.576406694384275,2.2116241596475623,17,D06_px-1055_py-0118,0.29623155368414594,2.2116241596475623,1.7486357882809753,1.2363422055329143,2.136953700975992,1.8780129188900911
-83.04816176379404,69.27549590904303,271.18205072252425,0.2536397076641195,35.49874276729679,1.8393868818162653,16,D06_px-1055_py-0118,0.16400543272192605,1.8393868818162653,2.142021503369558,1.51932310623461,1.8049952000824345,1.2822766104181227
8.694652534447693,70.59422486199624,273.49490284707605,0.1674619132446879,38.26878402297797,0.8412701642758221,13,D06_px-1055_py-0118,0.10828219208684217,0.8412701642758221,2.1823467189128327,2.5231385188111717,2.6330373962425706,2.7176926589243084
119.56510008675632,75.73434277996984,270.7094664116133,0.3275896047885184,29.729696923601296,-0.0423517642569041,10,D06_px-1055_py-0118,0.21182201865526745,0.0423517642569041,1.5610195556269755,1.7997757890768322,2.1905540435822424,2.349838994331471
-22.99328194828368,81.82514161364242,273.7771093118471,0.1991191549544384,36.3482317102384,1.2377572818062754,14,D06_px-1055_py-0118,0.1287520139187836,1.2377572818062754,1.9142739450127833,1.7379988283190873,2.070760522297822,2.4209996406588488
-5.731374731286066,95.0433551014515,272.17075047095545,0.2235933431790316,36.52502676053899,1.0240465986576326,13,D06_px-1055_py-0118,0.14457721679122837,1.0240465986576326,1.7451226450974742,1.9338735608493396,1.4852654371116607,2.13794191726992
-95.32592924619487,98.14542930687244,271.620874637047,0.3164142478334882,29.83466507038935,1.734642773066295,15,D06_px-1055_py-0118,0.20459594482751015,1.734642773066295,2.4855455633506685,1.6307183100355602,2.1333813968362474,2.238959331537362
107.73673135924948,98.68131391389764,273.0801340674367,0.3346734434703191,26.52261965728769,0.1345774304126612,10,D06_px-1055_py-0118,0.21640248454146666,0.1345774304126612,1.3279303125867288,1.539665149076909,2.0791513166842206,2.4669945661559147
-111.67619519246551,104.380494046111,270.68502401684555,0.3518005909695779,27.298817469275548,1.7829696645998805,15,D06_px-1055_py-0118,0.22747703301330105,1.7829696645998805,2.1742533243595985,1.605811897963727,1.8855711790022296,2.6005292442929555
4.675292095122534,114.33307691100724,272.7614479039038,0.266214929441702,32.923206260707445,0.922947705175786,13,D06_px-1055_py-0118,0.17213667016972242,0.922947705175786,2.3828156404617724,2.448268399066748,1.022288547732562,2.2015082290985584
31.146092930045963,115.28340992321615,271.21534184638546,0.2787452903360948,33.53972999178103,0.6999467278295516,12,D06_px-1055_py-0118,0.18023890021710984,0.6999467278295516,1.2626657041205265,2.43627530200906,1.5522924218415337,2.1929428555271357
-122.62808179744472,119.8953846911278,269.1805566304065,0.3926271967027777,24.29362905220114,1.7604822452098443,15,D06_px-1055_py-0118,0.25387583784360684,1.7604822452098443,1.714089390789716,2.3529411294193494,1.1771483254907138,2.2337413638672228
-135.48803949596206,143.51705203314614,270.6065359721612,0.442697720019388,16.167635146001828,1.7204456006712134,15,D06_px-1055_py-0118,0.28625183259135517,1.7204456006712134,1.7298073380245336,1.516144122417816,1.6116750981272854,1.7497338477922648
-17.56938945767379,152.21985588327522,271.6402564919612,0.3514394691888328,26.31959678416001,1.0787294460016676,13,D06_px-1055_py-0118,0.22724352882556226,1.0787294460016676,2.147649820306799,2.334475209736916,2.335128409299716,2.508699531304555
83.33536416350442,151.67673976857023,266.4280362353728,0.3995115561617514,26.44147971967999,0.4614132690130016,11,D06_px-1055_py-0118,0.25832731889316485,0.4614132690130016,2.8778810176037237,1.607141228956617,1.7381848339066908,2.8754646636676258
67.38255263393643,170.36744521260874,270.9297541284236,0.414125362381716,19.69736610550507,0.5871844286971956,12,D06_px-1055_py-0118,0.26777672109793926,0.5871844286971956,2.3819760660759988,1.628585912448977,1.7274204024820299,1.7938574484226173
-64.08505806261105,183.93483297800887,268.18117677477187,0.4410737886707213,19.07967025232074,1.2990759971349537,14,D06_px-1055_py-0118,0.285201785790712,1.2990759971349537,1.6748199370149273,1.9509442641838195,2.863126621829342,2.406293601739026
15.67254390698106,194.87900570131816,268.83563682359835,0.4415753099507167,18.285503856758908,0.8835675859358562,13,D06_px-1055_py-0118,0.28552607340049674,0.8835675859358562,2.18867374375802,2.7153240339301874,1.9819110493668877,1.6855359704125505
-44.52106863208078,-202.7425900248653,270.49264691218406,0.4626898896415002,13.368525482113228,-2.3939389318188304,3,D06_px-1055_py-0118,0.2991789269336441,2.3939389318188304,1.6811415499903828,1.1146918929685863,1.7895754157103438,2.2059317426488003
39.112858565561055,-201.15176033940097,273.2861393312769,0.4535102858392039,11.626013398471343,-1.9857277634153372,4,D06_px-1055_py-0118,0.2932433228136256,1.9857277634153372,2.1488032233273806,2.4621281777874993,1.590265154117328,1.889319615220967
-76.95680024347124,-189.1048353871716,271.3612124206468,0.4548417954263364,13.57110039143754,-2.564261884812778,2,D06_px-1055_py-0118,0.2941042874000548,2.564261884812778,1.5854649642841891,2.0736974323597335,2.45649389115757,1.783666936625743
-38.015663216926455,-179.47515608863202,270.0412830860828,0.4158369924346907,20.445354301615737,-2.3865064653772783,3,D06_px-1055_py-0118,0.26888347457153067,2.3865064653772783,1.0278908441694266,3.1552587262084897,2.429387533147824,2.498647122596854
101.428651628041,-163.90423212264443,270.1572763573475,0.4342347008104585,17.84894381654044,-1.623626607084597,5,D06_px-1055_py-0118,0.2807795777134538,1.623626607084597,2.415620568177462,2.10361967626171,2.3994891520554886,1.8896317844517652
-42.47805266001373,-162.5783882524937,270.7767792066944,0.3834088338658629,23.668165080186668,-2.4333400259680413,3,D06_px-1055_py-0118,0.2479151718265256,2.4333400259680413,1.9616370285550155,1.7654866286495396,2.7974012389041416,1.8014051947653145
-88.78002879540269,-159.34815255533604,271.12983710222056,0.4122487243989864,19.722382570288403,-2.6860881301034705,2,D06_px-1055_py-0118,0.2665632721973139,2.6860881301034705,1.3356112470908976,1.6077355382239213,1.9376795165567642,2.7612859084639885
-115.36174530259272,-147.98359059964648,269.1422204506931,0.4254764236948271,20.15667639129316,-2.8399270903449763,1,D06_px-1055_py-0118,0.2751164067475346,2.8399270903449763,2.065545542611413,2.1802137985853536,1.7741437410657623,1.7773878080938426
-68.19700522608487,-140.37618238101774,270.54429289723925,0.3587323714610191,26.706607649695457,-2.6300120726906173,2,D06_px-1055_py-0118,0.23195917687595557,2.6300120726906173,2.0237952470596694,1.3193165588684876,2.165125129423911,2.696289440371937
152.68906076091358,-122.24734261328868,269.7000562992538,0.4405122285231105,17.47903866452083,-1.2821041028478584,6,D06_px-1055_py-0118,0.28483867657624207,1.2821041028478584,1.6927806745913314,1.929277497146997,2.1062557143048566,1.3990306821014733
-166.21495491277147,-119.6639946448878,272.8775670788465,0.4538886700782262,12.024515023931713,-3.1245918188316177,1,D06_px-1055_py-0118,0.29348798904285095,3.1245918188316177,2.0834377767790255,2.244581221716011,1.6032761902009982,1.7220519259536835
11.695914063149862,-122.01401831494492,270.7901283165253,0.2861482824286669,33.376242747105096,-2.082210714162873,4,D06_px-1055_py-0118,0.18502573321246674,2.082210714162873,1.1237751888014427,2.4555814762905155,1.2021099283201164,1.5067519119257875
-113.51492974141269,-112.79774330564246,269.894544837692,0.3678599383466986,26.398569450876323,-2.9663430183767767,1,D06_px-1055_py-0118,0.23786113351583052,2.9663430183767767,2.7939604798594253,1.749663552981524,1.7998180146180962,1.4312108488521558
-185.06380187004083,-105.25348941677206,272.28482070718985,0.470217049036239,10.210358156079735,3.0517313555776493,19,D06_px-1055_py-0118,0.3040460474845628,3.0517313555776493,1.7097415756640741,1.4448503458718376,2.138023319378507,1.7696280258482044
-56.3322754573654,-94.56963495256508,270.7460444925565,0.2583613952212185,35.603278746202704,-2.7150053042572795,2,D06_px-1055_py-0118,0.16705851308584616,2.7150053042572795,1.3689606212237755,2.403065792064411,2.4936604638548037,2.0543058788002506
11.550228317264027,-93.76813855032354,270.70652004520923,0.2230751830976269,38.05930656849017,-2.055214639730738,4,D06_px-1055_py-0118,0.14424217040139992,2.055214639730738,1.347081688281043,2.2866897569431317,2.1026995538848485,1.6693818080515572
-135.37241340031326,-88.7080956331661,271.5636132563747,0.3695894627654366,24.415274879721665,3.114697681384632,19,D06_px-1055_py-0118,0.2389794576272661,3.114697681384632,2.4500784237889572,2.0773987990369367,2.0703717115165112,2.205639074195762
150.82715323483538,-84.54234381064111,270.6958291662902,0.3935266734263041,22.544260629402856,-1.1178671959779414,7,D06_px-1055_py-0118,0.2544574465776013,1.1178671959779414,2.366474012234482,2.209329106127024,3.3856511868290484,2.3405467306259875
164.84890204560602,-82.18814741727617,267.40724867139267,0.4209785441225113,22.655692491253262,-1.0694797188312652,7,D06_px-1055_py-0118,0.2722080423893576,1.0694797188312652,2.1744507364008676,1.6926860143202047,1.9543508935493337,2.3796895205701594
-178.29875680460208,-74.4040937890013,270.9394469805515,0.4340232225020513,17.016036536063837,2.929943872893108,19,D06_px-1055_py-0118,0.2806428341735679,2.929943872893108,2.006848665770809,2.3907119983626304,2.174641522519768,1.877718325462568
158.86578191596502,-64.33632264409758,265.4630382950408,0.3973546568988129,27.750475193401883,-0.991765452413186,7,D06_px-1055_py-0118,0.25693265084133016,0.991765452413186,2.35049469923776,2.401367046860324,1.7583277555902086,1.4825759865162849
48.793671227550526,-63.61892602962134,267.800290106454,0.1921995563647077,42.819943258286,-1.523503470124317,5,D06_px-1055_py-0118,0.1242777469697236,1.523503470124317,2.0952969686943588,1.7795583813138656,1.5451229991655868,1.767547512266459
-43.66884233883324,-54.86945356744845,269.8168098467897,0.1673558004949375,42.00396685239713,-2.84999220615848,1,D06_px-1055_py-0118,0.1082135787470761,2.84999220615848,1.8149827312290672,1.325428755904171,1.9556863254654113,2.0288675845688555
-211.481050429992,-51.0867588940198,272.7062225974203,0.4783910686294227,8.451217888016743,2.771638855922199,18,D06_px-1055_py-0118,0.30933143293467086,2.771638855922199,2.3781176515854776,2.778439428646852,3.0543492801829046,2.777561984995854
-158.54665909703596,-54.003853645482856,272.0556015050522,0.3806563897681946,22.613452833945075,2.862905529770219,19,D06_px-1055_py-0118,0.24613541979385575,2.862905529770219,2.494749723640286,1.4761335132681028,2.5720601039929902,2.1720967209020654
160.90454922476133,-42.72727056594328,271.07254965202844,0.3798179003180661,23.77012883313961,-0.8665336894194826,7,D06_px-1055_py-0118,0.2455932459111954,0.8665336894194826,2.1833227607657024,2.2983345145220504,2.7468675824217477,2.04666872400728
63.766540021650734,-26.599454342785712,265.4284723708698,0.1676099381796812,46.44291766388704,-1.0021722922505465,7,D06_px-1055_py-0118,0.1083779061756999,1.0021722922505465,1.8336749133881303,2.3297306779454576,3.161122690361006,2.432062087510367
-213.40129588585663,-17.88096089250932,274.5866852403755,0.4691782377973668,7.7906276541892225,2.61820816227937,18,D06_px-1055_py-0118,0.3033743439555032,2.61820816227937,2.021383126471277,1.5553522586548398,1.2750254251001434,2.3729469291210243
212.29080595511127,-12.243066328810002,268.05611916266344,0.4760748426205228,14.050813780424562,-0.6645869253731662,8,D06_px-1055_py-0118,0.30783374295398985,0.6645869253731662,1.8159184840997358,1.7369491275626383,2.4060691794922424,1.6135173612228095
-55.8969094455094,-10.342403307983153,258.0468198601069,0.1422230838620518,54.965082778908936,2.7175704035431503,18,D06_px-1055_py-0118,0.09196256621905202,2.7175704035431503,1.8334207780010785,1.88886126783888,1.904237870220149,1.7743167822104444
116.71865087814152,-5.078284807038314,270.7024484346384,0.2734957892263382,34.49173898970366,-0.6504608776502672,8,D06_px-1055_py-0118,0.1768445314528154,0.6504608776502672,0.970961524536138,2.5944699412623287,2.3112301208925348,2.0297134623412427
-10.938517744097172,3.746992609759008,269.7086541584871,0.0278584783040786,45.83054184531062,2.204590353838149,17,D06_px-1055_py-0118,0.01801351149357571,2.204590353838149,1.872546255927966,2.122302674225501,2.032373198151994,3.0091815668906117
-126.33225094957416,5.216274213285208,267.9640578464381,0.2975968159050893,35.35963439532878,2.493346439346508,18,D06_px-1055_py-0118,0.19242844513058066,2.493346439346508,2.2929099877922328,1.9427147321878446,1.9512661175414054,1.991851350076177
12.752819207185771,8.764909597221399,271.5519888063004,0.0370234240362542,43.905681678495455,-0.004833495186253,10,D06_px-1055_py-0118,0.023939637590002612,0.004833495186253,1.511074557121534,2.1170429402276483,1.4758469333307174,2.259539910598087
-218.08094824681405,10.79364159948332,274.36705862229934,0.4773802756167335,6.742109917677965,2.4851597369440324,18,D06_px-1055_py-0118,0.3086778462113416,2.4851597369440324,2.4223420621902676,1.7935265943967478,1.9809479018489933,1.8764652176719552
-113.64534360611592,13.030780096538852,272.4586534546642,0.266411152247813,33.22193940362388,2.4204498896776285,17,D06_px-1055_py-0118,0.17226354938166646,2.4204498896776285,1.8631452527942296,2.4373593869740744,1.0751823381930747,1.8356950702359558
53.77211168928651,17.629361620228284,271.93005408275275,0.1344481403535173,41.23744226231736,-0.2901691333244439,9,D06_px-1055_py-0118,0.08693522650852721,0.2901691333244439,1.3453597334374505,2.682810372037851,2.8470329287835394,2.1506229686305423
37.18081660664701,20.74736859229898,268.57989110034697,0.1026816101764494,45.641863741682414,-0.0980053420013853,10,D06_px-1055_py-0118,0.06639473789282792,0.0980053420013853,1.6495980068530665,2.649612491534185,2.2681061232362563,1.6552842183673802
-4.121839779255127,31.529486251913216,272.39119730882595,0.075733062074692,42.46967174058619,1.0938092893903133,13,D06_px-1055_py-0118,0.048969594434970266,1.0938092893903133,1.9293749703993475,1.1329357549677765,1.987894241417363,2.8744938860335223
25.898414895583528,34.16175500749108,273.28279550115064,0.1016123194538192,40.94416785496503,0.3151445889894915,11,D06_px-1055_py-0118,0.06570332608950437,0.3151445889894915,1.8014968416327508,1.5662175952716457,1.885006550586326,2.12535722521958
159.78080452877057,32.68064084467474,269.687819966842,0.3745227377537277,25.8695885139432,-0.4052279792121684,9,D06_px-1055_py-0118,0.24216935209072435,0.4052279792121684,3.522270220043411,1.2264158207424043,2.5792989171633973,1.9921833727086242
-173.97544845028807,35.303643527132195,271.38688684736303,0.402024827148782,20.744882305711087,2.3344084410586747,17,D06_px-1055_py-0118,0.25995241970869354,2.3344084410586747,2.6332391827982278,1.3330284441522993,2.9051753439658805,1.7367720777273425
-88.47535229206231,55.88717921448646,270.48012844237496,0.246374756743361,36.74173965571566,1.9712321500526488,16,D06_px-1055_py-0118,0.15930785823551966,1.9712321500526488,1.2628109150679743,1.6552403087703587,1.8808694984091545,2.026789516940002
-74.32743797051076,54.77474590509561,270.9805443988067,0.2179536996192736,38.09713553940986,1.8995239557190409,16,D06_px-1055_py-0118,0.1409305788458781,1.8995239557190409,2.102796263655815,2.5902756416985824,1.6241285568847228,2.933073846934948
-139.18729739061868,63.03887432371137,270.9797703726153,0.3513113230283452,27.03663934568096,2.1093445245200626,16,D06_px-1055_py-0118,0.22716066850887146,2.1093445245200626,2.5497086968830973,1.157727502323795,2.065207328574834,1.9676185230462901
109.00193056423596,63.08574368675819,271.2455675410265,0.2931073061132847,32.31452579021925,-0.0823255717611198,10,D06_px-1055_py-0118,0.18952549273840524,0.0823255717611198,1.2327390496722805,2.24037011766797,1.7718584977478602,0.9520583501947986
137.0911077744075,67.27483332532468,264.3544588548507,0.359193711720751,33.26838231377508,-0.1507747160162786,10,D06_px-1055_py-0118,0.23225748312155955,0.1507747160162786,2.673792101741577,2.3100266131539615,2.0970396046211914,2.784617642302203
-29.80280290112896,70.02997707787952,271.1651396497743,0.1804508357655022,40.00313795585561,1.3661718982198892,14,D06_px-1055_py-0118,0.11668093169364968,1.3661718982198892,1.8469506822628436,2.282792119394875,1.936075722330103,1.6844392629062273
-108.10406308741308,74.09208591368785,271.9894703862534,0.3035238534039723,30.626021586104457,1.9337685188132332,16,D06_px-1055_py-0118,0.1962609142605745,1.9337685188132332,1.6002290571215387,1.311376549922936,2.266514394415234,1.8576343596055496
143.42824740752656,77.56679286696733,273.61038099181326,0.3695711303651129,22.22237632418484,-0.1112227911581572,10,D06_px-1055_py-0118,0.23896760375282505,0.1112227911581572,2.502653365217176,1.8366165241524577,1.850030295872698,2.2023450213823454
-94.67674508338528,80.03541330010832,269.84208197571434,0.2901982044054247,34.02659426331803,1.8328221948388248,16,D06_px-1055_py-0118,0.1876444446611007,1.8328221948388248,1.9187638023324416,1.702198903908571,2.1767777599059714,1.394015341293738
-135.3565533560143,82.87979692327842,269.9676465608899,0.3650134767634847,26.63610702885404,1.9851932970699544,16,D06_px-1055_py-0118,0.23602058903649556,1.9851932970699544,1.8827873222015836,1.686497417263774,2.9883647483679314,1.6301764364470184
92.68308901767192,83.64535735333736,269.7346719405932,0.2922387569338015,33.9664600247616,0.1272083475435017,10,D06_px-1055_py-0118,0.18896388199798422,0.1272083475435017,2.0771281688327425,2.5397737516745904,1.9932011994258523,1.6479847672649788
60.1196690066749,108.58116456259808,271.3810221202967,0.2889522114946701,32.52562418231344,0.4581494685691966,11,D06_px-1055_py-0118,0.18683877583117378,0.4581494685691966,2.0265068948885174,1.5495164820146061,1.7949710239849914,2.4376181801102024
-23.858666859953768,116.18555954783636,271.2428382048654,0.2769306628795887,33.657112296532546,1.1663509410395063,14,D06_px-1055_py-0118,0.17906554781115502,1.1663509410395063,1.553213126302303,1.80436745241277,1.3033688767801213,2.203402704604733
-84.51139695479976,123.912090837054,269.1439830586081,0.3475287752092743,29.38665351816877,1.5623782542752136,15,D06_px-1055_py-0118,0.22471484329652097,1.5623782542752136,1.53733579481529,2.0930722664074954,2.3886074452142427,2.299446575627635
-12.2029718476268,129.6128566928518,270.4247082987398,0.3032661984385822,32.28859314414865,1.0576894751948402,13,D06_px-1055_py-0118,0.1960943125305815,1.0576894751948402,2.409456546701963,2.7364450901988704,2.0858292303166954,1.847479556519565
-80.6155063172124,160.61365936381898,269.84896848575687,0.4085234163035529,21.597362785182952,1.429000708074887,14,D06_px-1055_py-0118,0.2641544586411055,1.429000708074887,2.3365114810441483,2.3959503790695265,2.3905337027299614,1.7962420834874853
-35.03060189098733,172.2097166381866,266.21876672417227,0.4053200903380294,25.95329862486545,1.1644969777336938,14,D06_px-1055_py-0118,0.2620831628413927,1.1644969777336938,2.0653095147286744,1.9018935815913116,1.284594164615962,1.7796604515667984
-41.695322922044205,186.71347323881736,269.7125376187866,0.4320113528620015,18.64467943644189,1.183523810233385,14,D06_px-1055_py-0118,0.2793419434181921,1.183523810233385,1.5550443484828385,1.0697060367842743,2.5946721811720623,1.9472647932068843
62.95466543205223,199.8101954067404,268.55061362844293,0.4692776031747583,14.542809718178546,0.65859016348536,12,D06_px-1055_py-0118,0.3034385943911576,0.65859016348536,2.089865686514919,2.944412893572735,1.9968465687766712,1.3882687317665927
-39.63980874877323,208.4463453859857,271.91373249992733,0.4694016607864137,10.752872828860577,1.151740809555052,13,D06_px-1055_py-0118,0.30351881101997086,1.151740809555052,2.3504709146068192,2.0212379306078216,1.7074775873764536,1.6977049864112865
12.18218960634632,212.18254836044773,265.1426036249853,0.4803253630524292,16.670885007770153,0.9064660345676008,13,D06_px-1055_py-0118,0.31058216294369956,0.9064660345676008,1.910506508082897,1.7461271610342255,1.9187581391183555,1.3681072675164405
68.56782439168325,-195.7482500690164,271.25286854224385,0.4612561095878051,12.735299331426576,-1.8408464880116449,4,D06_px-1055_py-0118,0.2982518334580211,1.8408464880116449,1.3867748857829754,1.9619623437663685,2.1683016463070874,1.994931531508561
98.49055514555953,-189.8904286576711,271.0029829468047,0.4740486747824446,11.05286100278363,-1.6993036918406896,5,D06_px-1055_py-0118,0.3065236068711518,1.6993036918406896,2.5381163367280872,2.120063835925115,0.7926325039515174,1.9230139188283457
73.33229105519413,-176.2851575082048,270.4631516935964,0.4301957989821132,18.06672997952517,-1.7835642096870368,5,D06_px-1055_py-0118,0.27816799197958153,1.7835642096870368,2.3869842399895003,3.1442571113495816,2.314554719880771,1.9337271975960322
54.75432010576976,-171.61553510790017,270.2710034468291,0.408822714093924,21.099309519422263,-1.86893287887146,4,D06_px-1055_py-0118,0.2643479869497232,1.86893287887146,2.628935634270598,1.500544509707404,1.2097684998688851,1.9974098674653784
-100.04768488210122,-167.9216869673826,264.1399656930511,0.4483386549121936,22.535586951981884,-2.715101153478777,2,D06_px-1055_py-0118,0.289899305522825,2.715101153478777,1.9138740670507375,1.6647372955106519,3.048250195595447,2.005923683875474
81.93033640233965,-157.81654689873528,269.22948950521976,0.4055083518384827,22.653455501463498,-1.6989264985257408,5,D06_px-1055_py-0118,0.2622048942103928,1.6989264985257408,1.8961486544307222,2.153257283606199,1.6750624938299012,1.9196340200866686
44.92119726522122,-147.41262657905102,270.6501887329672,0.3544701850243512,27.05209804116572,-1.881984367650677,4,D06_px-1055_py-0118,0.22920321355568193,1.881984367650677,1.9807263567123696,1.9014226327407342,1.420008537018362,2.27855545619998
-34.67792951538583,-140.056933582143,269.02037589547217,0.3354453474686726,30.74429263832286,-2.420493300675346,3,D06_px-1055_py-0118,0.2169016037465613,2.420493300675346,1.901654360484716,2.151266191221663,2.510119654579219,1.5339653735989056
123.98782843937528,-121.39935670015768,268.44093197704456,0.3977730011698322,24.46981658814144,-1.381829566009993,6,D06_px-1055_py-0118,0.25720315554198264,1.381829566009993,1.7277830015739917,1.4598560319722593,2.612477034483613,2.2979224358455066
84.78716157304487,-104.43027883750574,271.9967459460905,0.3110244529376937,29.93918986785053,-1.4958195624351889,5,D06_px-1055_py-0118,0.20111086099616549,1.4958195624351889,1.8060121669508127,2.0684007128824327,1.3144017591036183,2.0168901106256207
215.2446929751605,-91.22114520295274,264.3807791550439,0.5216521879604933,10.705392684168146,-1.0078350795235944,7,D06_px-1055_py-0118,0.33730441343235656,1.0078350795235944,0.7567845235455097,1.7697242223763747,2.0135918837167184,1.1373313615173233
54.61518439311415,-78.4356221397787,269.3076227719272,0.226718270795036,39.26350231983679,-1.569533478874903,5,D06_px-1055_py-0118,0.14659781960065196,1.569533478874903,1.5340057261508138,2.5289389391284374,2.33338817096537,3.2655796467685216
-142.958854882398,-75.00632615580544,270.13749755706186,0.3705155064294696,25.84057273320076,3.017801960630214,19,D06_px-1055_py-0118,0.23957824475424175,3.017801960630214,3.0154205719397114,2.2429184143393797,2.995171690093028,2.0158545131846046
-192.8432835508169,-39.5771083430892,267.159513496382,0.4466803559245327,19.4207604465264,2.737031841871842,18,D06_px-1055_py-0118,0.2888270363361178,2.737031841871842,1.3559945426586215,1.7851316322860837,1.762746911552155,2.1861616443995606
10.868537355609163,-35.76216491613108,270.5411538301614,0.0895619989727492,44.014044541190174,-1.882734299695472,4,D06_px-1055_py-0118,0.05791149395432112,1.882734299695472,2.032731513061866,2.226214692399128,2.0632534094895565,2.719318554884241
187.89612148648163,-35.85945985686067,267.7623438071176,0.434727211184123,20.421417061143583,-0.7955590902528498,8,D06_px-1055_py-0118,0.28109803880023226,0.7955590902528498,2.3134369373223693,1.721985917847118,2.391176529010381,2.5228006270294596
111.77520944679992,-35.95566048982243,264.6647277774371,0.2807497434074511,40.1947703016948,-0.9182041487378164,7,D06_px-1055_py-0118,0.1815349953607532,0.9182041487378164,1.3917874008458244,2.420833080075389,1.7990561005945374,1.9840225556376758
113.77609025529566,-34.07680539418755,269.0776546138605,0.2794020208069803,35.71056668354498,-0.8979845354181528,7,D06_px-1055_py-0118,0.18066354731220063,0.8979845354181528,2.3474177920532826,1.9688471643341423,2.4680137559309205,1.7663137692554614
-50.30689702925988,-23.59956804626589,267.20585882136305,0.134357597288959,46.00796067694517,2.9732464113233177,19,D06_px-1055_py-0118,0.0868766806498381,2.9732464113233177,2.169736277644961,2.3655095480275037,2.7471327688574068,1.8588532396342337
-191.3391467180968,-26.15698485649353,270.5384777845922,0.4344270602487284,17.402133618746063,2.6704757819518314,18,D06_px-1055_py-0118,0.28090395884132274,2.6704757819518314,1.776339849697208,1.059445848078628,1.5662855623589347,2.4590387660515143
5.616431724723637,-22.42680231233355,269.843100866326,0.0556326651124682,45.38266824088089,-1.932388854150247,4,D06_px-1055_py-0118,0.03597251944213252,1.932388854150247,1.205793747488395,2.6639704125064263,3.047248712493802,1.9882390400139376
-150.94523193513095,-17.658772420722315,268.50028078451606,0.3525389809781276,29.54847625177638,2.651071700540976,18,D06_px-1055_py-0118,0.2279544818086218,2.651071700540976,1.7941492187207422,1.5851279537628986,1.7609852172252916,2.0539683573346155
-13.40411058942034,-18.096938167372382,269.77676047295466,0.0542075332540861,45.47027959879722,-2.8152879480983604,1,D06_px-1055_py-0118,0.035051017957714814,2.8152879480983604,1.9982442943361494,2.116071459838954,2.3540793266256963,2.5193746955332568
103.19719267209446,-16.123663060589987,270.5225139640982,0.2458877009734295,36.732164247876085,-0.7619677765572808,8,D06_px-1055_py-0118,0.15899292413847713,0.7619677765572808,1.8715390393782005,1.7039816715047962,1.4658664061329856,2.262178773181021
234.12563379462145,-8.294777070217553,267.6823596700403,0.5172171299410245,7.679324558129792,-0.642393463336658,8,D06_px-1055_py-0118,0.3344366699850528,0.642393463336658,1.2376862546635756,0.8816047161867389,2.049195519642181,2.2339568575533173
70.16045060971867,-9.949929844978424,262.47174634399136,0.1737189967562927,49.161250156907954,-0.747856891838595,8,D06_px-1055_py-0118,0.11232807156820834,0.747856891838595,1.172806033304147,2.4621826260926998,2.2385863770663756,1.83780443905431
-197.9232862032808,13.234562385859167,270.6292225835221,0.4446190965974162,15.86891394433752,2.4678453829159905,17,D06_px-1055_py-0118,0.28749420982007595,2.4678453829159905,2.2225394702585977,2.75661477946959,2.5498705690389234,1.2560169175798652
-48.253206750042985,23.513409299673025,267.5280445871672,0.1296851955478938,45.85029484788112,2.081183370452295,16,D06_px-1055_py-0118,0.08385546888275608,2.081183370452295,2.750649660740745,2.100292196009386,2.058237643872819,1.9210459125523922
-56.49348211312538,24.983025646482265,272.6304955229514,0.146222197454734,40.07265454632005,2.1182407736555,16,D06_px-1055_py-0118,0.09454842456635985,2.1182407736555,2.46298222337433,2.339386667420117,2.0015820979452235,3.17949876534421
188.9376194503072,28.42022904458793,265.6041710537698,0.4373764638084959,22.439192216672097,-0.4576776491663014,9,D06_px-1055_py-0118,0.28281106641350073,0.4576776491663014,0.8691345536661137,1.5415615673100158,1.5200880173302664,1.8697075041833533
-157.27179970196926,34.72211287504321,271.06584905830493,0.3685625180480058,25.06453183651724,2.3173211005389818,17,D06_px-1055_py-0118,0.238315427084435,2.3173211005389818,2.69103075091032,1.8330444903127525,1.8785265158723363,2.6232353252514216
-136.63232899864326,37.66307673046482,270.4100051699309,0.3283482184713673,29.97224867216676,2.265640159084431,17,D06_px-1055_py-0118,0.21231254423767812,2.265640159084431,2.142572088681935,1.9960088086970682,1.2061189956007312,2.51517194543626
36.36428782275271,41.52369159068581,268.5411102557248,0.1328142261392199,44.71676421982926,0.2445633341402733,11,D06_px-1055_py-0118,0.08587872470833902,0.2445633341402733,2.278400577454045,2.1255991044228937,2.0933665102159966,2.463578999625054
-179.6449372870772,53.36845413971079,270.29237919013167,0.4234120138847506,19.17065379419484,2.245839747152554,17,D06_px-1055_py-0118,0.2737815431043966,2.245839747152554,2.8548064055880236,2.403181585351577,2.260300116474566,2.8038958578255815
49.90450686941917,48.16612296331562,268.6810515243271,0.1662423632643549,43.20689445810791,0.1606946516769297,10,D06_px-1055_py-0118,0.1074936214639987,0.1606946516769297,1.9382852240801958,1.259520126952041,1.8762870241760157,1.8036559229130131
-114.28421242078868,57.2414216999232,268.71682841011994,0.2998569922125274,34.3765587891902,2.070270536884009,16,D06_px-1055_py-0118,0.19388989293283132,2.070270536884009,1.4656645503444807,1.7129109474436162,1.2336392630742914,2.401925251663357
24.33622978128946,66.01271900693378,270.7372048177341,0.1673342256115854,41.07153122730068,0.6106162893568726,12,D06_px-1055_py-0118,0.10819962825757004,0.6106162893568726,2.1072961459054773,2.152089503715368,2.3804026903657296,2.466994073292719
214.55622785297825,68.60262611012392,270.0505611754342,0.4968224348926665,8.45461680550818,-0.2975106874137935,9,D06_px-1055_py-0118,0.3212492995317361,0.2975106874137935,1.9736924553651722,1.6363858330948517,2.5201779636569692,1.8909793239489379
-6.687716866118588,68.51412293303059,272.7027254944476,0.1626336249676123,39.29453422081736,1.061119326135671,13,D06_px-1055_py-0118,0.10516018285776434,1.061119326135671,1.9798198523993205,0.9288604832319873,2.466774994218056,1.421757824269786
-172.70436797757557,82.06296850324057,273.530627037007,0.4264886186996584,15.200748311662949,2.091030652967063,16,D06_px-1055_py-0118,0.2757709000100255,2.091030652967063,3.1472194540101013,1.0778219165082534,1.45806941809182,1.8848019924763537
131.95892816683877,84.41408797649868,271.16031774357094,0.3592125915151785,25.9965145247196,-0.0378794024025156,10,D06_px-1055_py-0118,0.23226969094533959,0.0378794024025156,2.045794610512222,1.9424412274557317,1.7122008757757152,2.3224071597011093
-27.218811597463084,97.04400192298522,270.32228610259705,0.237766426217858,37.49633305256424,1.2372696860419108,14,D06_px-1055_py-0118,0.1537416439158041,1.2372696860419108,2.2607611823566223,2.9192899717032725,1.8975115230264605,2.56000609821807
-163.2725268186806,121.14066281915456,270.62298981861613,0.4542532212977361,14.479506069566014,1.8962815356772051,16,D06_px-1055_py-0118,0.2937237107327064,1.8962815356772051,1.7821828269940707,1.9839329930924108,1.234531374975608,2.7265655289697435
50.095913016489774,122.5911905635238,271.56419068351227,0.3069620711412651,30.76321392425831,0.5758826634698456,12,D06_px-1055_py-0118,0.19848409292999492,0.5758826634698456,2.1690071704780007,2.3503420827717476,2.1198031281497243,1.3634069468680736
60.32351496848885,139.53122818611843,262.566050885371,0.3599256299361736,35.10153158202547,0.5557541160899911,12,D06_px-1055_py-0118,0.23273074720447046,0.5557541160899911,2.504756725948485,0.8250098328006794,1.5885587393236116,3.01736241457652
67.29456233608323,149.74928400669506,268.8008343490947,0.3779167598872666,26.43513686826856,0.5414773081643592,12,D06_px-1055_py-0118,0.244363953534659,0.5414773081643592,2.1567082255330634,1.8431618811973665,2.297164747553045,2.8374353551570777
42.19164374499822,169.20803084723116,271.07586685642343,0.3960619541950747,21.822547328972405,0.7194520973690538,12,D06_px-1055_py-0118,0.256096779091359,0.7194520973690538,1.7930491446030143,1.8880468841336167,1.1814067557546815,2.7339986580486633
-108.11866453821467,173.9788408078773,264.3992807200552,0.4665014621148805,19.612887723357915,1.5198572118356943,15,D06_px-1055_py-0118,0.3016435197160784,1.5198572118356943,1.4090159173411223,1.81160638490172,1.3569220147909444,2.095657301978818
115.56906491887852,175.90267184508917,267.8491029598095,0.4722167734267811,14.8798134245053,0.382532380949435,11,D06_px-1055_py-0118,0.3053390850259471,0.382532380949435,1.399887102088667,1.7652446364739212,2.1700732281461588,2.5653366060646334
11.380136101690647,173.92839586408488,268.129450590872,0.3997844545167216,24.56107767072996,0.8984799196748449,13,D06_px-1055_py-0118,0.2585037771189221,0.8984799196748449,1.992849227191722,2.0982375838458287,1.2861745778674216,1.5505302706321293
-81.16365224344358,182.0048740372296,268.2461146491606,0.4498659405659787,17.759931313595814,1.3832911243722172,14,D06_px-1055_py-0118,0.29088686045594575,1.3832911243722172,2.2471187454063974,1.3611451025062364,2.1332466297708983,1.9884004410940919
77.6221704576078,191.69016534280664,264.4173583710859,0.4703348723075101,19.01786248910196,0.579062852365038,12,D06_px-1055_py-0118,0.3041222329397799,0.579062852365038,2.762844249540313,2.46632528703366,2.4982628602548163,2.0077049603462784
46.40603145013336,196.58294039057515,268.5228201009546,0.4547587143637744,16.742873925549077,0.7319973544768189,12,D06_px-1055_py-0118,0.29405056653062955,0.7319973544768189,1.5715896538292662,1.9474897270500302,1.6001677528047988,1.712370067162554
-4.526399741224885,-212.44106361443804,269.44356884489736,0.4736804220535245,12.862735261245064,-2.199079249310941,3,D06_px-1055_py-0118,0.30628549175615744,2.199079249310941,2.35445145664694,1.5296005900865026,1.7618382740433398,1.290544418573328
14.049497676774957,-192.4828828384631,267.9311310576295,0.4378897019314538,19.79938819842829,-2.104914175766862,4,D06_px-1055_py-0118,0.2831429302262306,2.104914175766862,2.23112996094343,1.89835903492982,1.8166158132724517,2.5441996772104343
-74.23809030025994,-172.3248956719653,268.9782935027494,0.4257038581411208,20.3062031361261,-2.584551454213266,2,D06_px-1055_py-0118,0.27526346765185356,2.584551454213266,2.1785444487568206,2.03053780269582,1.8888348179566463,1.247318159514047
-56.56846255786779,-152.12479456995342,268.6793967279036,0.3741520424686878,26.995159136654763,-2.533786982349225,2,D06_px-1055_py-0118,0.24192965759970458,2.533786982349225,2.22892906529818,1.56552400832612,2.253197680008294,1.8792328678174828
-83.93242587527153,-144.88803909708062,266.4395241418392,0.3878043055714841,27.83191047487253,-2.702829418139688,2,D06_px-1055_py-0118,0.25075731845150123,2.702829418139688,1.9785396685862144,2.656284160120242,2.6252376636778663,1.8075718901414817
23.825595407139502,-134.3234736425607,264.24917034054164,0.3237587898106771,36.91365966564223,-2.002226920067075,4,D06_px-1055_py-0118,0.2093449835178887,2.002226920067075,2.328858547017103,1.8985396950268063,1.9302111635042654,2.11651550022469
-134.35044845028807,-126.4467371835277,269.3146787255356,0.4189281710539392,20.83582022163773,-2.993470717346681,1,D06_px-1055_py-0118,0.2708822550138342,2.993470717346681,2.292444143718396,1.1268450669526002,2.4140311717899543,3.19260408439447
76.51700494629198,-118.90971778763452,270.31197467246466,0.3277546823543639,30.133493545418105,-1.6059919549154134,5,D06_px-1055_py-0118,0.21192875910954612,1.6059919549154134,1.4039418525835565,1.7885590415028976,2.1550604784141214,1.3241357989300957
-147.05492971777437,-116.32090604499544,268.3585679890849,0.4262966543258256,20.90738592037013,-3.079341281195888,1,D06_px-1055_py-0118,0.2756467743339333,3.079341281195888,1.823069574848969,1.932809453386979,2.1879806091837413,3.3841528212519387
161.33554429418285,-118.20800945283428,260.5581102730448,0.4628018917698274,24.45409423679797,-1.2393061330457646,6,D06_px-1055_py-0118,0.29925134839198453,1.2393061330457646,1.102512511639639,2.4968801877862576,1.2829221080137898,1.9685604917700577
165.47157636640674,-113.803599375669,268.5186268360827,0.4525009815450811,17.07636629284059,-1.209438764049671,6,D06_px-1055_py-0118,0.292590698707447,1.209438764049671,1.7879076000064844,2.231570387354241,1.6343721150290391,2.1931761683771605
-96.34137567552992,-110.52212586358512,269.2092911296399,0.3402388870685811,30.063706744101523,-2.894729857480139,1,D06_px-1055_py-0118,0.22000114420729136,2.894729857480139,2.323362573874919,1.5278925682356523,1.831663922190129,1.5606345600121039
42.50704951898517,-108.74052565601636,269.0145997228451,0.2749572993710988,36.12984570288677,-1.8051358249543727,5,D06_px-1055_py-0118,0.1777895554237323,1.8051358249543727,2.1132015260061974,1.3855012814118775,1.8144146261009704,2.371446888172101
61.37117954100999,-107.66748564524838,268.945237711456,0.291017020639406,34.893830829903266,-1.6597023338318504,5,D06_px-1055_py-0118,0.18817389768724782,1.6597023338318504,1.949842548171167,1.9539922338554898,2.442568629054474,1.552527651116979
-181.99603141307952,-89.23281753539719,269.7278115846447,0.4543735517217673,15.45806971104298,2.9904713857891663,19,D06_px-1055_py-0118,0.29380151733264537,2.9904713857891663,1.7005308945149868,2.0298967829944417,2.429265751869013,2.340060538100144
21.27755130984812,-83.57377943855943,269.52835812903527,0.2050545641565573,40.34804937144583,-1.9284762328058196,4,D06_px-1055_py-0118,0.13258989625802792,1.9284762328058196,1.6229945344192618,1.5200598608930656,2.0976352556465616,2.2441413376395296
-190.7046901851188,-74.71078369729639,266.8502906242232,0.4627654300029358,17.427618783278206,2.90799735866153,19,D06_px-1055_py-0118,0.29922777192632805,2.90799735866153,3.1760835559611515,2.29470339511829,2.3715283607134143,2.2884891261252083
-8.70374155383143,-75.38623415641138,270.3155733932882,0.1804918293109831,40.86467118741058,-2.2927222360663944,3,D06_px-1055_py-0118,0.11670743844303572,2.2927222360663944,1.6970458785479572,1.9848548101041592,1.1940678660773054,2.1154471685128033
187.6968168666473,-70.78434733141701,265.86354025599616,0.4559708344055167,19.527288804592047,-0.9676081128063252,7,D06_px-1055_py-0118,0.2948343328966597,0.9676081128063252,1.6470907631033866,1.9724482772451832,2.3213309263479633,1.7817191845714948
-178.5527493100919,-61.48650708760958,268.1219527736099,0.4293267273381476,20.76011728008848,2.8662550454795834,19,D06_px-1055_py-0118,0.2776060434095111,2.8662550454795834,0.8699430432501771,1.8968927890802,2.865282790457511,2.1994081169297015
-68.8774544527335,-59.65952665331166,268.66198855546634,0.2169911259811839,40.530395022976506,-3.034765667680169,1,D06_px-1055_py-0118,0.1403081711499558,3.034765667680169,2.3790716111133796,2.0393316997628492,1.524488623133014,1.5866376523149666
-12.60494925247634,-59.00644431905798,271.0452388107517,0.143700048489875,41.77586648527426,-2.388232497649298,3,D06_px-1055_py-0118,0.09291758318044158,2.388232497649298,2.0996344708960386,2.1021915722048066,2.014095462195791,1.7098274237055544
-62.12072031171461,-45.474756578527234,269.7594507601541,0.1834184567416318,41.28228092402759,-3.1166659108641213,1,D06_px-1055_py-0118,0.11859981879073353,3.1166659108641213,2.0880711211637535,1.8859766346489484,2.210510240820102,1.3966836214325293
-160.8479480620409,-37.70644602856071,269.5693350277777,0.3790913528210716,25.472779496678868,2.7648781354612333,18,D06_px-1055_py-0118,0.2451234545771216,2.7648781354612333,1.8624013848379941,2.115409392604376,2.709182319689101,1.622163447283162
-4.205097967382367,-34.61977734961465,268.425432961492,0.084249062036044,46.26300208464721,-2.298648927917813,3,D06_px-1055_py-0118,0.054476107084681126,2.298648927917813,1.8009008680659409,1.708916550558358,2.563263211254397,1.7232788192786257
99.08128892118891,-27.05895084082333,268.8659521776656,0.2433847105816092,38.61325106464574,-0.8735770702495538,7,D06_px-1055_py-0118,0.15737447083678466,0.8735770702495538,2.2142096423701876,2.623236045530721,1.9512819686446712,2.414312151054042
-82.72147918914881,-22.3794095608542,269.06897405830495,0.2041337676734062,40.86976770961036,2.7988275272644625,18,D06_px-1055_py-0118,0.131994501999539,2.7988275272644625,2.294813032835609,1.5020566832301303,1.8540458959757655,1.3913147414224283
77.38623952569478,-23.7842828733418,268.7413569664513,0.1933669066526676,41.79882745028357,-0.9051612694661983,7,D06_px-1055_py-0118,0.12503256486033737,0.9051612694661983,2.2091978993994164,1.408330975973334,2.560277315682227,2.1090813406721014
-66.04435747671678,-23.10467785247738,268.81838063054454,0.1675976387893522,43.00539643573688,2.871141615515504,19,D06_px-1055_py-0118,0.10836995329303928,2.871141615515504,2.78210085084406,1.7463212774749608,1.8554587448462505,2.0121950986304915
165.3590842537469,-7.808656355725991,267.9937329566586,0.3818106878799832,26.854891907544868,-0.6541668987800342,8,D06_px-1055_py-0118,0.24688179804455412,0.6541668987800342,1.8348405756679163,2.4111624470470674,1.5063439550971487,1.3310472343552227
-199.55985494174865,-6.240502834370475,270.11056717543687,0.4478937415983991,15.97428883786381,2.5658742681455746,18,D06_px-1055_py-0118,0.28961162106984795,2.5658742681455746,2.34662820804328,0.5151119977842853,1.65496247857906,2.457298317250764
-174.8586491339904,-3.293346874149235,254.2883666519232,0.4203936216974915,37.102466133246594,2.553445233032705,18,D06_px-1055_py-0118,0.2718298269423064,2.553445233032705,2.3399192902192647,1.6917536633038273,2.366277968863481,2.4798157986700877
-59.68158157799726,6.923204843012189,268.1420549414509,0.1446266809169902,44.67283690496265,2.419126922244845,17,D06_px-1055_py-0118,0.09351675100626343,2.419126922244845,1.5559819185761292,2.3048759940685786,2.3171050608213193,1.905361865532822
-165.76817316977133,13.115879425952594,261.7738680234668,0.3915761441084461,32.4334493887153,2.4556557929289937,17,D06_px-1055_py-0118,0.2531962189576904,2.4556557929289937,1.6498570327320898,1.6718566164884825,1.1888397102155412,2.435876196156892
-74.4981689203963,16.503263172800015,269.2587090663274,0.1821591803835224,41.85530530838543,2.3166079652550704,17,D06_px-1055_py-0118,0.11778556077912239,2.3166079652550704,1.520963358855587,2.0207378391369746,1.9023596645505791,1.1758254287896568
130.33348526363238,32.23145651181487,270.0996872316179,0.3125112402392177,31.795879913470912,-0.3645437591919127,9,D06_px-1055_py-0118,0.20207222937573646,0.3645437591919127,2.062986799043271,2.837599480333734,3.239948560154097,2.2105035217000433
-32.85423323716661,39.28130198297612,266.89784235813744,0.1240746059415301,46.67840619214405,1.6603524773252554,15,D06_px-1055_py-0118,0.08022761745250864,1.6603524773252554,2.414120187148031,1.9443242848813442,1.7362845164419,2.2623547533707447
111.03907878681795,39.7741019930498,265.2957254749573,0.2813192011102439,39.49266888663175,-0.2630191154267937,9,D06_px-1055_py-0118,0.1819032111966074,0.2630191154267937,1.7028074584001915,1.7024415208287966,2.780710449908351,1.4652993032389814
24.01064390178581,52.09676609068013,269.693451692465,0.1373836411510553,43.38513464645712,0.5319474511793308,12,D06_px-1055_py-0118,0.0888333444451451,0.5319474511793308,1.875052014992122,1.874337748998994,2.357892910950797,1.519436209713861
-99.96112488650036,65.56645401668351,267.1518570108896,0.2830537974950875,37.42070410146539,1.954087794099394,16,D06_px-1055_py-0118,0.18302481488127534,1.954087794099394,2.0225082430893866,2.93254244569054,2.3818789148867996,2.0806869060998334
177.9449000507034,67.28608787560933,252.91687120202653,0.4547469963810799,34.115948923183794,-0.2454686475546944,9,D06_px-1055_py-0118,0.2940429895907248,0.2454686475546944,2.2559998800594063,2.226855884839673,2.5136571236006713,1.6144912479315057
-195.83740941604523,73.11020024779316,261.75146596355376,0.4788115017790825,20.72698913076914,2.1773153408243173,17,D06_px-1055_py-0118,0.30960328832070494,2.1773153408243173,2.0885817503480166,2.720117271607167,2.900136004653022,1.9627900629858663
153.4822291184341,77.45230903990984,260.7764357953876,0.4048435089795343,31.933449836534063,-0.1396318176574701,10,D06_px-1055_py-0118,0.26177500158128475,0.1396318176574701,2.046742092733073,2.3378468600121716,2.0104122835439022,2.38444016359556
21.6133634917803,86.86276935646289,269.0612427173586,0.2129630640330061,40.363777962691415,0.7199471934942673,12,D06_px-1055_py-0118,0.13770359456797818,0.7199471934942673,2.5918698107528098,2.1535487410453236,1.941853560027647,1.5865700152352904
-190.1552358990438,88.02184320029735,267.36462821368946,0.4711548041929179,15.586408131149769,2.101087886794739,16,D06_px-1055_py-0118,0.30465240735492666,2.101087886794739,1.8013412258023735,2.649146262590596,2.642913639004487,2.423045804370572
205.0210705239555,103.17044430526887,263.13526620700287,0.5157666791422498,13.159955574199556,-0.1407602493887241,10,D06_px-1055_py-0118,0.33349879707435726,0.1407602493887241,2.003095729461486,2.403652556789935,1.26118825546407,1.816346116317575
206.5951028805848,100.37377647743938,269.620530802501,0.5057024720720751,7.447810855014723,-0.1547176458275973,10,D06_px-1055_py-0118,0.3269912015139143,0.1547176458275973,2.0574200175336754,3.476711774558116,0.8634342187198552,1.374997799557181
-197.62088456339112,99.67934611321932,274.8578524188138,0.4822156788389654,5.409932490303049,2.0674542450647606,16,D06_px-1055_py-0118,0.311804456019997,2.0674542450647606,1.92040968082628,2.205406589985092,1.5294273670533218,2.25498008387694
-144.67798279014372,107.94756971022278,265.0737266987252,0.4167172467524592,25.762900036583066,1.8935979177573736,16,D06_px-1055_py-0118,0.2694526539465603,1.8935979177573736,2.6498450065911348,1.6721894854525583,1.8922179641396877,2.4269640806675046
-57.05886908335148,107.43013329064657,267.77633783230084,0.2871166622022695,36.438091549001,1.4520535413641855,14,D06_px-1055_py-0118,0.1856518952013426,1.4520535413641855,2.2827341653567474,2.129774081591968,1.3472417798366143,1.102058858515173
167.8444889747869,109.66835133922612,266.317657621767,0.4550922700565289,19.14913693094076,-0.0282230332457764,10,D06_px-1055_py-0118,0.2942662462687544,0.0282230332457764,1.948836126861424,1.8973920878483277,1.842145705232939,1.8696811665708573
132.18510779327613,112.67790444718868,269.2397245423681,0.3970585466894362,23.690945259557907,0.0989207472976475,10,D06_px-1055_py-0118,0.25674118364768983,0.0989207472976475,2.2935865626808827,2.041921943460255,1.7256051499346987,2.0795119468271435
-104.39056558613908,119.12053212257416,263.56971168727654,0.3723851619021085,32.68048381102881,1.6834075007304916,15,D06_px-1055_py-0118,0.24078717870884603,1.6834075007304916,2.3977317493748362,2.0852588878504594,1.9687786812312238,1.8035896232174842
2.4079836021478336,125.83866812357978,269.01244362506174,0.2952256559036855,34.466741464913525,0.9446836477749292,13,D06_px-1055_py-0118,0.1908952343976692,0.9446836477749292,1.9838813748756836,1.7419680889945102,1.3301378456799218,1.820270367188868
139.93473182079907,132.60710567687974,266.4280308151756,0.4396363376014898,21.21785734747789,0.1515388639065558,10,D06_px-1055_py-0118,0.28427231860752905,0.1515388639065558,1.8250474913438801,2.4448743703191176,2.296239362691855,2.1542978546692284
-88.04449506216463,137.99415194708234,266.2893609630668,0.3801254929209517,28.88513851640198,1.5317316206669092,15,D06_px-1055_py-0118,0.24579213771091757,1.5317316206669092,1.842384007666773,2.4877032097863356,3.026321563116701,1.006748758332193
170.24562859467866,150.89032917175325,268.3218280863348,0.5036759290310113,9.275487840007544,0.1182200988705786,10,D06_px-1055_py-0118,0.32568082282187055,0.1182200988705786,1.5512766451386066,2.139525007923858,2.1234771864431443,2.2702603407291146
15.408187538500984,151.0046933022998,268.7850709146289,0.3517995019619572,29.32284187703925,0.8621309229087465,13,D06_px-1055_py-0118,0.22747632885239613,0.8621309229087465,1.885978023005786,1.7014926970987467,2.7123943544762943,2.3622704661749436
-126.42232162995025,156.86271817138626,268.1234537941884,0.4543286883587084,17.250132324455137,1.6421706866333534,15,D06_px-1055_py-0118,0.2937725083287335,1.6421706866333534,2.4186132371784357,2.4309544171740285,1.9595254442004266,1.7204350472204917
-25.71796051958184,161.48036987090214,266.9803768813972,0.3788680078060233,28.28515778134925,1.121754049572004,13,D06_px-1055_py-0118,0.2449790379312556,1.121754049572004,2.69423041951855,1.7454202771704517,1.3943208088535717,1.6501017029684748
-56.11576118122483,197.0394367276612,260.9640800624183,0.4718487131016459,22.665967984316296,1.2412659421093388,14,D06_px-1055_py-0118,0.30510109432075555,1.2412659421093388,1.899786438751394,2.265936244074416,2.4482357097903464,0.6561191237038515
-10.036474481050758,196.60674274611384,266.7247002824104,0.4473155873850764,19.81280809881747,1.0148209964147568,13,D06_px-1055_py-0118,0.2892377820017886,1.0148209964147568,1.9817353283028405,2.138358073936556,2.3706691658879486,0.7341947142679919
29.02856227022102,196.63142688193184,267.2857702855023,0.4502485687791451,18.77150770891581,0.8172461710655766,12,D06_px-1055_py-0118,0.2911342708722796,0.8172461710655766,1.9903725973950888,1.2456570846195305,3.821487350126127,1.988440157665011
-3.4240067318063,-190.96743228354669,266.8199535860491,0.4354964757610549,21.3552428148962,-2.19570373171107,3,D06_px-1055_py-0118,0.28159545133464675,2.19570373171107,1.8086233215911456,1.8077391783215893,1.5037986039074038,2.382333456749373
-89.94078474470432,-180.5546178941876,267.1751546138605,0.4562176841920934,18.030383948889494,-2.63993128743976,2,D06_px-1055_py-0118,0.294993947912927,2.63993128743976,1.457180878377966,1.7671797887961642,1.7718982650762949,1.6710318458738604
113.21616904493207,-159.98903591429587,268.4982800972325,0.4430248002539376,18.454712030526025,-1.561934397594087,5,D06_px-1055_py-0118,0.286463325247202,1.561934397594087,1.4567074414833017,2.7414222558200994,2.4845459898466906,2.586732548267431
136.3136810229306,-154.10230461617925,268.94754569269867,0.4614357122727573,15.282841110457523,-1.4535534836213655,6,D06_px-1055_py-0118,0.29836796596871856,1.4535534836213655,1.6278764083425212,2.4648272943154406,1.8044392979247796,1.5071615606640063
188.65693272058303,-139.68594174390165,263.3312603176449,0.525157119721835,11.300951607467027,-1.2443231653034903,6,D06_px-1055_py-0118,0.33957072991518766,1.2443231653034903,2.5150139378760383,1.9018697613982556,1.9663856695269355,1.5909109784770394
-172.1377565020265,-141.19523504899925,267.6548774172078,0.4956561287608801,11.371967077225063,-3.061607706570703,1,D06_px-1055_py-0118,0.3204951568007282,3.061607706570703,2.5168684566557884,2.7210179425391545,2.448772326620502,0.7577474768234953
159.26061723097948,-135.8949902346131,261.91745324607933,0.4791783870348905,20.483737013285804,-1.3133786889395718,6,D06_px-1055_py-0118,0.3098405192168143,1.3133786889395718,1.253530177276106,2.5474891978759047,2.0669417288080423,2.0007773996486833
58.770776954697794,-128.77260892749237,263.38344560446683,0.3360768992445279,36.65246717999753,-1.7496191487476929,5,D06_px-1055_py-0118,0.21730997009913025,1.7496191487476929,1.847175166004924,3.184774583699757,2.6965101232909126,1.9105992938580516
42.7248670278215,-122.96122424573852,262.76073253114265,0.3115270168993207,39.59604399686998,-1.843360119773454,4,D06_px-1055_py-0118,0.20143582281210573,1.843360119773454,2.326256020447647,1.5569508907277632,1.3808855028931566,2.0404663067207203
-24.89708273772355,-113.38999996848324,266.816019423135,0.2756160280049367,38.36264793977381,-2.393916318098336,3,D06_px-1055_py-0118,0.17821549454672628,2.393916318098336,1.3035548621629682,1.9552931421652366,2.2069034241045813,2.5712189478324943
-62.58052746609538,-110.75471999689678,268.23474873031824,0.2990237489681789,34.95336869252236,-2.692090533437169,2,D06_px-1055_py-0118,0.1933511112881491,2.692090533437169,1.802840267037331,2.944240913778839,1.5918615246416348,1.479062954862853
-168.79162743559854,-101.32629306772776,268.1278970597568,0.4452861402857038,18.54513775977944,3.0752561386689177,19,D06_px-1055_py-0118,0.28792552552276907,3.0752561386689177,2.9830942372723035,2.471191626656044,2.3423751920839635,2.5257325683610774
-16.130458341697423,-96.31492083494688,250.2438621808786,0.2484194378663915,57.47481743013782,-2.3437121006567208,3,D06_px-1055_py-0118,0.16062996515422434,2.3437121006567208,1.9926302121514627,1.8040712165102557,2.2983254777573103,1.917211860775657
36.26431469520456,-91.34787733979228,266.59315323736536,0.2351957770550916,41.50329979256202,-1.79986585627156,5,D06_px-1055_py-0118,0.15207944191991604,1.79986585627156,1.557724502514497,2.133733630726729,1.2416215611975392,1.5755254850967146
-104.95322026883076,-86.15618611382142,269.1340502045427,0.316894187213938,32.406850668895174,-3.061216125709731,1,D06_px-1055_py-0118,0.20490627741106282,3.061216125709731,2.2008641988940854,2.1870062031593607,1.973986941649808,1.9187069621165718
127.03985795812828,-86.99138097628065,269.02361296719704,0.3561491457169788,28.607735493274333,-1.2074015976886636,6,D06_px-1055_py-0118,0.2302888427635587,1.2074015976886636,2.150124319002267,1.7427339509233253,0.897603972615892,2.4756796626347226
-75.47784317975628,-76.44458555678546,264.58449442985614,0.2580319836012191,42.000158138254,-2.9568107132199337,1,D06_px-1055_py-0118,0.16684551293780478,2.9568107132199337,1.60872228216437,3.28788094391047,2.4898181228669154,2.8662599542802067
201.0229363067085,-69.58009612484987,265.5215435670796,0.4801107352727873,16.277065090749772,-0.9402026589518928,7,D06_px-1055_py-0118,0.31044338293090706,0.9402026589518928,1.7316405378222535,2.2109676803452993,2.2499193005690694,1.7373861297968434
-197.54248087265043,-58.51434572808207,266.7079366003925,0.4653358870009838,17.203000619552085,2.822590573131879,19,D06_px-1055_py-0118,0.30088984966699567,2.822590573131879,3.2461687998536197,1.8274247484937625,2.0734822624790157,2.2410693821441283
130.5850340969168,-35.76275457139358,266.03112004933047,0.3194781168858308,35.43399646549102,-0.8742908362438868,7,D06_px-1055_py-0118,0.2065770666887535,0.8742908362438868,1.8476564382454195,2.610350082586984,1.5223193625490714,1.7602043883942882
81.33090679980769,-38.01497631392294,262.3937321076038,0.2188328504143351,46.83957543887482,-1.0442178997014433,7,D06_px-1055_py-0118,0.1414990446744337,1.0442178997014433,2.6035123741840147,2.3492024290407034,1.805814505647548,2.910703234391996
-104.57355288771396,-27.58271021008936,266.96927014214225,0.2574724635990104,39.57445176357555,2.7925033480038897,18,D06_px-1055_py-0118,0.16648372289742067,2.7925033480038897,2.191392451462658,1.530339549786262,1.4015730437547234,1.635713279074689
-103.3325675315896,-9.323511336810428,267.86173248271297,0.2466419914544663,39.42309205969696,2.624597655526168,18,D06_px-1055_py-0118,0.15948065430454517,2.624597655526168,1.601091115737496,1.8710694024319365,2.1401000345854904,1.5592573905249074
7.908191013376346,-7.097867644270869,266.80121134495016,0.0258828728614314,48.75328515661886,-1.3384303439780916,6,D06_px-1055_py-0118,0.016736069453868685,1.3384303439780916,1.8871816052576424,1.5955641111869516,1.4281593755452848,1.7025636184159811
-165.72344204662045,-0.9493965063056572,268.7905397769884,0.3811662124751459,26.07112737148401,2.5403418593965457,18,D06_px-1055_py-0118,0.24646507517169486,2.5403418593965457,1.828199546132315,2.5921871408784964,2.0172846293398368,2.0176258262793434
-209.1247346068684,13.216631244337648,264.7555190177199,0.4751370823823525,17.90819355487895,2.471497313578552,17,D06_px-1055_py-0118,0.30722737979789366,2.471497313578552,1.4957812018074748,2.3564190305055837,0.930474709540366,1.8300844181089841
235.78106537502023,23.48317243804838,267.7191597769853,0.522051609979477,6.783953042920871,-0.5077095453677645,8,D06_px-1055_py-0118,0.33756268285580515,0.5077095453677645,1.5448616549515115,2.090849371796618,2.996775277585106,1.8849467363692285
20.99326421543424,25.501062348446688,268.8633456883839,0.0796852234389168,45.92467418784031,0.2750702689797485,11,D06_px-1055_py-0118,0.05152509310154698,0.2750702689797485,1.8803650227916302,1.855709584633049,2.9347064031795713,2.1737963003826257
98.52259374180692,29.195406111299373,266.5030689942903,0.2455666232649731,40.89838150997349,-0.3188911802147389,9,D06_px-1055_py-0118,0.15878531276327998,0.3188911802147389,2.2980902197273294,1.3825751363097294,2.036227782289903,1.610366410962917
52.02002496579028,33.811808523182926,267.84263501193044,0.1494430473184753,44.78227287036856,-0.0306206320819885,10,D06_px-1055_py-0118,0.09663105145668399,0.0306206320819885,2.17822546641194,2.1746069218471433,1.4491127216508293,2.609679603758003
78.53163101827013,34.222208209608006,268.7446424140154,0.2043015381433972,41.19144027483952,-0.1960169479500219,9,D06_px-1055_py-0118,0.13210298370684828,0.1960169479500219,1.8954127170916424,2.2580165899588396,1.9257121968251936,1.9390774823375752
151.80575122491152,44.446447789458624,268.30272722333325,0.3659483577474584,28.315674481641736,-0.3221550711563355,9,D06_px-1055_py-0118,0.2366250904441503,0.3221550711563355,1.9702496071080562,2.043340196018759,2.038592456633217,1.9842425308100704
-165.35150953462028,46.889576783683495,269.85795923570925,0.3925014997549326,23.575636830889493,2.2582922828853884,17,D06_px-1055_py-0118,0.25379456120710137,2.2582922828853884,1.9686767317902765,2.308259969302612,2.2411130852626124,1.98588498269013
-1.6166727427607313,46.26221155187663,266.0673715720724,0.1126087079237705,47.88059546703085,0.9987484393788084,13,D06_px-1055_py-0118,0.07281367748519747,0.9987484393788084,2.2221370207209077,2.2666123981881148,1.8148334797476404,2.012896714535342
-18.09181083648818,57.9067681161752,268.4175556131203,0.1458682136388223,44.3451639450376,1.2666378784000014,14,D06_px-1055_py-0118,0.0943195358429032,1.2666378784000014,2.28025431876351,1.932938525322442,2.0913139338391415,1.2871180226964802
87.77096611719956,58.54140920790026,263.050364583215,0.2550221444815502,43.80152016590341,-0.0187605867650906,10,D06_px-1055_py-0118,0.164899327256585,0.0187605867650906,2.3496554204341065,2.1149317096574007,1.5038250239755948,1.9657223779874924
-54.97943978186369,65.05502909177441,261.00389842063174,0.2090219361540024,48.832667226910814,1.6654721344481955,15,D06_px-1055_py-0118,0.13515523023984863,1.6654721344481955,1.8905091564531964,2.160407988181235,2.482644649633237,1.6911926294420825
194.3805950307404,74.66483894454095,264.57806836422503,0.472853559719337,18.456094543932466,-0.2402401637573701,9,D06_px-1055_py-0118,0.3057508360582434,0.2402401637573701,2.191831163488588,2.3423549784687476,1.5303500256576577,1.5008414790554085
-2.660236464016547,81.12509322136633,268.58166051150147,0.1939682605454153,41.92927645107329,0.9965968319975947,13,D06_px-1055_py-0118,0.12542140502384092,0.9965968319975947,2.032528540158834,2.5325471993515674,2.925364988143702,2.460888568015955
9.00980501261179,91.59685069967412,267.2214046138605,0.2202472953700177,41.80754425433901,0.8657685039879511,13,D06_px-1055_py-0118,0.14241363592339248,0.8657685039879511,1.558901941600414,2.0542356406893316,2.69963718428399,2.628690416753332
-113.87898881528652,93.43527476729804,256.8123079136439,0.3568685635955947,41.563227585454456,1.8475093559536804,16,D06_px-1055_py-0118,0.2307540240302338,1.8475093559536804,2.6230799442299313,2.2534434544187256,2.9298204211015944,2.493524080891135
-44.37717484433077,113.31913366247484,270.1111929077584,0.284891329335052,34.18782196876043,1.3370716123408326,14,D06_px-1055_py-0118,0.18421297744197648,1.3370716123408326,1.1020982227905542,2.089077311518068,2.557063261422787,3.330023973115127
17.863560153618977,118.8291218489449,267.60206818860183,0.2839876926286173,36.87599027003898,0.8146043034583913,12,D06_px-1055_py-0118,0.18362867883026818,0.8146043034583913,1.8550120093375655,1.910143102256277,2.377609418439384,1.0038892990675112
162.25968038653596,128.82992791126796,262.2028765644524,0.4744756499724234,20.87905006047396,0.0640760545171419,10,D06_px-1055_py-0118,0.3067996923919833,0.0640760545171419,1.3757030263950467,1.4430646747746816,1.986032561179807,1.9010704640955438
-142.35463155793548,149.47458440512673,264.74258250817275,0.4690690272805634,18.8437875502363,1.724822127710885,15,D06_px-1055_py-0118,0.30330372757516166,1.724822127710885,2.2861438195704107,2.4086977173025663,1.4557460605595414,2.598023788005869
-7.641246650935132,147.87249962586185,268.44225594020224,0.3442561544210668,30.469529516226142,1.0154454356731404,13,D06_px-1055_py-0118,0.22259874091867285,1.0154454356731404,2.243574434694202,1.4264149697523152,2.0170536299727706,1.8236942819665842
-99.74611369207274,149.84095228125108,265.3554397015798,0.4152848527561418,25.638398949054647,1.5511359576641754,15,D06_px-1055_py-0118,0.26852645670655473,1.5511359576641754,2.1571445487811425,1.6177198954263732,2.3857023251848197,1.8435746042970345
-93.27501165997572,203.36039098455427,269.4913183632263,0.4948459436734905,9.418329008171042,1.3938560452983606,14,D06_px-1055_py-0118,0.3199712847419489,1.3938560452983606,2.6928593801917438,2.075186913226271,2.049114373502497,1.2063446366436748
-5.678012345311764,210.5860635788572,266.2673423511422,0.4749905537602456,16.23061162893447,0.9907731703271632,13,D06_px-1055_py-0118,0.30713263323673373,0.9907731703271632,1.8829795741056161,1.476427626853471,1.2090167750347418,2.323278323291705
-35.111115941285526,-193.25452530159487,265.2940541865101,0.4485325152700309,21.22746973615756,-2.35749876990886,3,D06_px-1055_py-0118,0.2900246571571079,2.35749876990886,2.6887849178877428,1.6235016960651962,2.6544624526976315,1.5413937262826563
34.743132414122854,-195.23427250291988,261.30472037003005,0.45825599511748,24.27755945125665,-2.001663366095263,4,D06_px-1055_py-0118,0.29631193581166143,2.001663366095263,2.4413368069379535,1.798380146088859,2.541509709402164,2.3061378111336124
-53.96123285791182,-191.5357971394706,265.4874423497096,0.4533530000107651,20.324329624259462,-2.4523873562067635,3,D06_px-1055_py-0118,0.2931416205581243,2.4523873562067635,1.7522393737140587,2.197668645977294,1.9108992990643376,1.7059340838111858
-116.32583772743592,-192.15167048445448,268.00345589591177,0.4988261771582227,10.451077462816556,-2.722145888469766,2,D06_px-1055_py-0118,0.3225449350627506,2.722145888469766,2.1010423602992017,2.1906779910309337,1.443046137349493,1.8171598903076365
-21.724117561722007,-183.2397242551954,267.0995541388502,0.4220601620981734,22.85085371544824,-2.2957807653544755,3,D06_px-1055_py-0118,0.2729074250915849,2.2957807653544755,1.4493356951874405,1.7565082074758365,2.347719354884238,2.2464237587147156
152.40935485500324,-152.7227347832389,261.4992331643997,0.4922720854886548,18.910969236941185,-1.393404725257612,6,D06_px-1055_py-0118,0.3183070077671156,1.393404725257612,2.2741571006310597,1.9172994050084422,2.2877769487872524,2.1935439903326204
26.030402431940203,-151.61578012626433,266.2239914579108,0.3592914125625128,31.260969702723628,-2.007746903563465,4,D06_px-1055_py-0118,0.23232065725536538,2.007746903563465,2.489266333386288,3.032507983063928,1.6261652967499727,1.9033167798673605
110.54755911811166,-146.0272622985197,268.22934685212766,0.417713273651108,22.182429661080505,-1.5297883569702626,5,D06_px-1055_py-0118,0.2700966927842485,1.5297883569702626,1.8295471078011492,1.7522075862413047,1.7284535203504607,1.5176321850522954
-63.84219222501927,-129.5779249808017,268.1387274485062,0.3368242673646862,31.54113748399601,-2.6355611446686003,2,D06_px-1055_py-0118,0.21779322421213154,2.6355611446686003,1.7903752683295564,2.09839816644448,1.5112391116185036,2.400283428792151
-48.83987411122016,-129.64123554124637,268.20160823377,0.3239226888755718,32.7290612798576,-2.538063265804312,2,D06_px-1055_py-0118,0.20945096194417034,2.538063265804312,1.5336787210414602,1.642392542659932,2.3306917967181944,1.9705915894204884
191.79869374743257,-101.1047497165742,264.64046104309267,0.489334666605636,15.817543500866408,-1.0921026086825636,7,D06_px-1055_py-0118,0.3164076495813184,1.0921026086825636,2.492880039893267,1.9038834256439,1.2184568438203311,2.041167056976877
-88.58849924174574,-93.60924807170232,268.32436319374216,0.3026201735906256,34.54613419237177,-2.935624402883382,1,D06_px-1055_py-0118,0.19567658777559738,2.935624402883382,1.482643545861654,2.156327219122109,1.6142613628009381,2.509962350083953
49.41251599024116,-91.7617693877864,258.71607033221045,0.2560937334851596,48.20581527490975,-1.6838147845209734,5,D06_px-1055_py-0118,0.1655922251464917,1.6838147845209734,1.87828576158343,1.9200806052154458,1.581230103830065,1.645261530452776
-148.23773474470428,-88.36911789418755,267.3410046138605,0.3972882219889689,25.72191233043304,3.072182956597248,19,D06_px-1055_py-0118,0.2568896935053628,3.072182956597248,3.22156424155508,3.1833209365669437,2.684048649159414,2.4810233603140697
-91.64373387215838,-79.61230954267613,267.507163417226,0.2868358272423197,36.7418716726811,-3.033312793757313,1,D06_px-1055_py-0118,0.18547030510429438,3.033312793757313,2.0482722806481206,1.3618148268416213,2.7898073663104386,1.8323691181390178
38.52778749432752,-77.68788945243264,261.390466641092,0.2123865658336216,48.24514063462669,-1.7173892119413168,5,D06_px-1055_py-0118,0.13733082629157456,1.7173892119413168,1.4645094912093528,2.499310335743348,2.501450852896582,2.021896901461405
-158.45048245712266,-77.8490786785013,267.40833271843564,0.4053613212621889,24.653703412239224,2.991288519996487,19,D06_px-1055_py-0118,0.262109823081702,2.991288519996487,1.8737095757031568,1.5570389147862072,1.393531921472961,2.20430105891164
-54.98994408825244,-64.08183323142653,261.3964083693059,0.2069693360653451,48.547154554791405,-2.886965524644636,1,D06_px-1055_py-0118,0.13382800285559734,2.886965524644636,2.177045006952067,1.9722778576178417,2.390609212863086,2.4891945941918427
61.864737982568485,-52.967481530551176,267.0294046138605,0.1957077001535277,43.41776872412794,-1.315051695050826,6,D06_px-1055_py-0118,0.12654614037482115,1.315051695050826,1.545993706953889,2.0564751853677685,2.207884861195118,1.5547057127125832
192.39700211493755,-52.39501460389183,264.04231256887925,0.4563229766877605,21.504939601750323,-0.8728595439088531,7,D06_px-1055_py-0118,0.2950620308699422,0.8728595439088531,1.82949783552035,2.6297705186107114,2.238858902201911,1.203118799635254
-91.18935188159044,-38.123502429192776,268.1917982049437,0.2351165799017752,39.86462897348548,2.9305991058633203,19,D06_px-1055_py-0118,0.1520282324167999,2.9305991058633203,1.0195525834825327,1.797705978161597,1.1663862553860553,1.97626258982315
172.69001323089196,-34.400362486533666,266.1476386682144,0.4061312594165273,25.92976604537648,-0.8036085935661161,8,D06_px-1055_py-0118,0.26260767115657285,0.8036085935661161,1.2123447117808057,2.0052380214631547,1.4296335658547492,2.181784239233749
221.8157019681138,-29.94425947525052,264.95521435035,0.5021552554174197,13.372429182179644,-0.7411644508011024,8,D06_px-1055_py-0118,0.32469754328601735,0.7411644508011024,1.627185149786492,1.865665659284544,1.9578726088513716,1.7504349121970137
-138.89619192370498,-24.41922415604713,267.39281511354426,0.3302626693812092,32.97484642745678,2.708643805284104,18,D06_px-1055_py-0118,0.21355044327480083,2.708643805284104,2.3108623882078634,2.17111997947801,1.589580181888169,1.5687644672219327
190.943329006347,-14.439632612438189,265.2424306861902,0.4387542421774975,22.649492059616875,-0.682458476620763,8,D06_px-1055_py-0118,0.28370194875871396,0.682458476620763,2.262248055003826,1.562463855423513,2.346488526803093,2.092744700213752
88.94989674217614,-13.773502733837663,262.77023843310246,0.2190790310371031,46.43912373947376,-0.7606050794386232,8,D06_px-1055_py-0118,0.14165822700411168,0.7606050794386232,1.6188156504194673,2.4015534561123126,2.4706445817325973,2.262966247767465
-116.45039655469304,-6.447380755621977,268.0122420152875,0.2756544525801135,37.11647940537426,2.589922550834928,18,D06_px-1055_py-0118,0.17824034017967968,2.589922550834928,1.6773157899953608,2.004810091800823,2.5946189506602253,2.6795121568794196
158.0834313569906,2.423051597337812,267.24174359691136,0.3671119435499108,29.32403008290908,-0.5916530561372064,8,D06_px-1055_py-0118,0.23737747418878466,0.5916530561372064,2.0026359289469617,1.8555611062435806,1.1224984050946194,2.069297148625708
-177.4100638058071,18.32426809687061,263.81305886125244,0.4140376626492036,27.48230072085176,2.4316904436393467,17,D06_px-1055_py-0118,0.26772001376014604,2.4316904436393467,1.9128198979845297,2.4750507966425754,2.100336513469295,2.594047419875903
-83.6981916013104,27.72003927550547,259.655343248801,0.2172324780009892,49.7391648488084,2.2147924271285926,17,D06_px-1055_py-0118,0.14046423126692653,2.2147924271285926,2.395662350660333,2.2807519501278706,1.4207093108292437,1.4933746974517692
-120.28102934817692,41.564660613555326,268.04261531306275,0.2993318250850267,35.12777019873499,2.201896636366367,17,D06_px-1055_py-0118,0.19355031573180753,2.201896636366367,1.957290433121249,1.8670073319278944,1.9558098982615824,1.6741835623310886
204.4837116789227,56.26663383631554,264.978211258992,0.4797146684665714,16.951237087012146,-0.3384605041553347,9,D06_px-1055_py-0118,0.31018728301446086,0.3384605041553347,1.8621361037205701,2.1203712199414073,1.87006172742434,2.269095939516185
-35.642489122146536,56.32486436370667,261.2767430867721,0.1643276997983596,50.79930844288742,1.5280069039040511,15,D06_px-1055_py-0118,0.10625558498639301,1.5280069039040511,2.86341788105101,3.1121903751434496,2.0787853518016255,2.2862834734028885
37.960557099527776,59.22415322998596,266.6200085815313,0.1698451563022747,45.131464731694166,0.3938199380463206,11,D06_px-1055_py-0118,0.10982321581905152,0.3938199380463206,1.7986477452889198,2.549395661307139,2.424950050837359,2.586414699132174
-48.76212569848996,99.16320658958826,260.24303686558125,0.2692970286905131,45.670516360698514,1.420831432784845,14,D06_px-1055_py-0118,0.1741295798195891,1.420831432784845,2.711646209340131,1.7993944201992405,1.8085856048864437,1.4576404661371076
70.2598139526904,133.89616867895876,267.2586791629587,0.3524075383780313,30.88520959803253,0.4805786824100712,11,D06_px-1055_py-0118,0.22786948998811618,0.4805786824100712,2.154415230188037,2.2496917608904887,1.917089356628158,1.359120896878519
191.497714105453,135.50207116415183,266.6069044928244,0.5195314432518638,8.511442565891286,0.0088229579512741,10,D06_px-1055_py-0118,0.33593312320010277,0.0088229579512741,1.4827414139650208,3.1003467522969217,2.5232399629736015,2.068155351029702
6.424035561658719,137.906613449096,266.28817601998776,0.3250381018521232,34.642052605940364,0.9172679393794736,13,D06_px-1055_py-0118,0.21017219676015272,0.9172679393794736,0.8747991544434552,3.1878677640173074,1.1829091951578843,1.8985400051010497
111.69578378378384,144.67800547952257,251.46438352817185,0.4413693892738363,37.52686713129748,0.3063648212922345,11,D06_px-1055_py-0118,0.2853929234689297,0.3063648212922345,2.0590854722897607,2.3890956314604836,1.8676858922323305,2.1043710324442237
-0.8609633161328335,159.17931067724103,267.3128331852891,0.3693080527581099,29.00510761823216,0.9692255061614482,13,D06_px-1055_py-0118,0.23879749570005473,0.9692255061614482,2.266211346622006,1.9491155671334799,2.8053645932250584,2.2018439900948015
125.43415423110324,192.63723673423485,267.77724989851936,0.5089630433624626,8.999548233672101,0.3866393321174739,11,D06_px-1055_py-0118,0.32909951259156633,0.3866393321174739,2.244655545889498,1.613051118729054,2.3093504848291504,1.6094847367692096
-67.52451626041595,203.17182850137613,264.6525506397385,0.4841035217634442,16.63272532660426,1.2846836799100374,14,D06_px-1055_py-0118,0.31302515012421106,1.2846836799100374,2.290013671756425,2.76622663455323,2.283152927731093,2.2394878886260408
49.56025701329639,-182.71844625893985,265.24902407900737,0.4343817041548576,23.2393833716892,-1.912910139663356,4,D06_px-1055_py-0118,0.280874631233787,1.912910139663356,2.226025781391104,2.1989309401879673,1.7564283143637514,2.7339307772933577
112.01427738671948,-173.54383230025326,265.0626009070366,0.4688522664472979,18.51765165244433,-1.6046042139949923,5,D06_px-1055_py-0118,0.30316356831309554,1.6046042139949923,1.463795319857875,1.7281911479180632,2.6074748972929473,1.9479131895954447
-63.13403031389314,-164.1974928089796,266.89556957636904,0.404771837265983,25.28508521462544,-2.544849673588518,2,D06_px-1055_py-0118,0.26172865808679346,2.544849673588518,2.104687628458554,0.778995062590637,1.7417855916086327,0.8859817098535092
-160.7178535219969,-159.00353710816134,267.5335443518518,0.5022944043761897,10.407642405066326,-2.968535877802703,1,D06_px-1055_py-0118,0.32478751809873907,2.968535877802703,2.2007071023938742,0.8322283634338616,3.047767477895168,1.9502914070737762
142.94630133890396,-133.56328951134924,265.7478072541245,0.4463062675254459,21.03880826493713,-1.3584569448851411,6,D06_px-1055_py-0118,0.2885851478308301,1.3584569448851411,2.2197589986700414,1.9235791763439787,2.282999156225056,1.0163412226743938
-192.0472982774679,-129.97033726740693,266.33066387311976,0.5150084633006706,9.6181896074757,3.12957236048771,19,D06_px-1055_py-0118,0.33300852873924514,3.12957236048771,1.748223143817301,1.862619882242423,1.1960931123265732,1.9441701763362311
175.6725262534472,-132.34600883688628,263.1493158892764,0.4976728686315093,16.166761470452684,-1.2526324933139552,6,D06_px-1055_py-0118,0.3217991966855561,1.2526324933139552,1.9786792929334005,2.059169065498944,1.7775578861556196,1.8068967230176294
-8.581097342269091,-107.46419563380668,265.9176269054621,0.2576604126957177,40.648327871150514,-2.257457548391192,3,D06_px-1055_py-0118,0.16660525226369796,2.257457548391192,2.3207987009489495,2.1879135737634954,2.3471496116320756,2.5655352013712553
180.11093079723423,-91.03134517414937,251.853109213574,0.4801812839430487,31.67734298782057,-1.0749523120493534,7,D06_px-1055_py-0118,0.3104890002567617,1.0749523120493534,2.2198639090270924,2.2332091356000543,1.6651668092498186,2.5442342048472897
136.63141504212655,-80.59676261233064,261.8613856654948,0.3751155028621959,34.213316317716135,-1.1399280085965122,7,D06_px-1055_py-0118,0.24255263867866478,1.1399280085965122,3.1684869588606857,1.408503995908542,1.8878736486942609,2.4625444373702474
111.2742895568144,-77.59407082874593,262.0991469727579,0.3245315320764085,39.109716403601965,-1.215906285587125,6,D06_px-1055_py-0118,0.20984464475327236,1.215906285587125,1.0892209755841527,1.409139477987761,2.2264319608899443,2.340053735302118
-105.389922917813,-69.76238053046114,266.00204551244,0.2995465747828446,37.24484231860157,3.119340068459496,19,D06_px-1055_py-0118,0.1936891745778529,3.119340068459496,2.193009957839956,1.6125204677657445,1.8609462159591446,1.2513068310192614
-167.15136284475756,-55.50145530770544,265.8217239326471,0.4066626084262008,26.2183645733914,2.8552020095927366,19,D06_px-1055_py-0118,0.26295124561130007,2.8552020095927366,2.1865258872165505,2.1222274054585526,1.8777718128155767,1.9649489649197247
-117.70103109506924,-51.19383322265461,266.99968928539334,0.3028564245178193,35.91322759042697,2.9448795876578333,19,D06_px-1055_py-0118,0.1958293494859076,2.9448795876578333,2.427721620824112,2.1531935027634326,2.1274127026150174,2.884829343129435
-150.87382448052065,-50.96643361527894,265.2885332409718,0.3720190680656273,30.875892519296087,2.8603857454176587,19,D06_px-1055_py-0118,0.24055045955070678,2.8603857454176587,1.6066742776935963,1.5999814929601646,1.6669512020446728,2.143407204353422
-181.19357460754188,-49.64716075745374,264.68561378659945,0.4322654886030542,24.14600987280897,2.80205002591641,18,D06_px-1055_py-0118,0.27950626959000996,2.80205002591641,2.6659659581949153,2.808520268436608,1.9098051233062847,1.5788045471604375
-173.09617482306987,-38.61468016678757,263.8522470431916,0.4119102472829379,27.708026938073203,2.7541014521973954,18,D06_px-1055_py-0118,0.26634441022812444,2.7541014521973954,1.6468802423913345,2.0154929849046015,2.671663219636187,2.5532361636091476
-116.49015021949928,-37.62378846863061,260.2631396666155,0.2967042685813515,43.48901173980511,2.8470153598234123,19,D06_px-1055_py-0118,0.1918513170010677,2.8470153598234123,2.493030670929736,2.546267164825936,1.3064738747148172,2.242583675088949
-38.662173071290034,-32.374108447493896,266.1228890942924,0.1225489059194968,47.51007085431803,-3.051462958868401,1,D06_px-1055_py-0118,0.0792410878013675,3.051462958868401,2.217720991877511,1.566351371943137,1.2838936412392097,2.248384960993114
138.5716615743141,-25.34098292486236,262.75770318236766,0.3353183507540485,37.38894355893808,-0.7878536785075226,8,D06_px-1055_py-0118,0.2168194866706192,0.7878536785075226,1.5361671429181922,1.3332400530918167,1.8373715889288478,2.2280402646480546
-202.408069227463,-19.571255825222103,267.4283011655846,0.4590442543255358,17.33341066526134,2.631005537789368,18,D06_px-1055_py-0118,0.29682163042416837,2.631005537789368,2.304614720661792,2.126159846310288,2.810117318449648,1.436367174643689
40.07204487081979,-3.8476619638284912,266.23301143286665,0.0979700203519142,48.12807962371284,-0.7027046778543792,8,D06_px-1055_py-0118,0.0633481868023165,0.7027046778543792,2.4742764983289653,1.686099524991281,1.6321092562511876,1.7445254868577196
88.09393265580384,20.34805568752281,267.88567218371657,0.2159586955390746,41.38763125011008,-0.3799792969301535,9,D06_px-1055_py-0118,0.13964059349434027,0.3799792969301535,2.475605328734129,3.0395733110043968,2.3065030744752453,1.771389093712584
-150.21663868284503,20.5742991171414,260.38018900515704,0.361830552919685,37.23696330185538,2.398495872403161,17,D06_px-1055_py-0118,0.23396248540938294,2.398495872403161,1.9602770288692415,1.831936868971399,1.4139317969093959,1.0322819245531505
213.122722825898,46.09520942803092,254.4277673222647,0.5082514622040328,24.40223644133414,-0.3939756447684587,9,D06_px-1055_py-0118,0.3286393986098881,0.3939756447684587,2.198854618548452,1.587470053591773,1.7155465139824768,1.9182756903532296
104.5406891358927,47.837956732678144,267.9930464049053,0.2719356377653877,37.427156070104445,-0.1778223602354122,9,D06_px-1055_py-0118,0.17583572522992,0.1778223602354122,2.107958934862703,2.066529626262149,1.3393130462824043,2.4931239684034336
121.77049398121662,60.27302404565699,265.88446645907845,0.3206937585317788,35.47559054582098,-0.1473621492612276,10,D06_px-1055_py-0118,0.20736311015180034,0.1473621492612276,1.7617727849022897,2.281502570424119,2.0183243687015335,0.9947586672534241
-149.67893067996962,64.04166644905672,265.8446639288774,0.3788342188640464,29.51140732919293,2.1303223035490277,16,D06_px-1055_py-0118,0.24495718973524097,2.1303223035490277,1.6367944116945476,2.9783561089918864,3.034638411031442,2.025893499036507
96.86904517986784,67.56846086995516,264.60492651696467,0.2823748830033508,40.12752781455311,0.0020825941721218,10,D06_px-1055_py-0118,0.18258582342357377,0.0020825941721218,2.8827783642935456,2.7540540812688863,2.0888887241187795,2.4766940206301897
43.331123211796864,87.28048342016082,256.92215567003325,0.2417102491673583,51.029396920820886,0.503006532361267,12,D06_px-1055_py-0118,0.156291750897744,0.503006532361267,2.800117815760739,2.7088871464990087,1.9973322759326486,2.16109873887433
-1.8811537241988563,104.98526169570287,266.4565023725634,0.2507533315336859,40.58513640645776,0.9817331425404866,13,D06_px-1055_py-0118,0.16213907918197926,0.9817331425404866,1.999836192290457,1.752043619401656,1.905506930646719,2.8441093503838784
186.59956985117515,101.96508495842733,262.2819434411188,0.484996241312409,19.171807749212064,-0.1068752190173026,10,D06_px-1055_py-0118,0.31360238961591236,0.1068752190173026,2.156807476814585,2.7071675325120337,2.1674034442708114,2.426336084243194
-87.95338643875994,110.79266705204898,253.35652329919225,0.3481401755602245,46.11820158735276,1.6347999464258152,15,D06_px-1055_py-0118,0.2251101795790273,1.6347999464258152,2.2805617337932222,3.0119516212849473,2.510488403536466,1.428363944056815
150.65326477469154,113.49050654796832,265.99552064544304,0.4318935110610303,22.753656259971592,0.0386446408973331,10,D06_px-1055_py-0118,0.2792657459815249,0.0386446408973331,1.7506847152662994,1.8791099640984972,2.580055374200647,2.7337624854221296
179.5087000664615,117.45419573471229,262.2796968962907,0.4886370765603224,18.60246423257047,-0.0275809520048689,10,D06_px-1055_py-0118,0.3159565823635795,0.0275809520048689,2.710861336585702,2.3304988626648253,1.1798844008741316,3.2962922128296723
-154.87613932923156,134.84715144678654,265.46782295196937,0.4658942660633253,18.507309011437545,1.818236581692874,15,D06_px-1055_py-0118,0.3012509019666752,1.818236581692874,2.139366553958796,2.9651598333858056,2.437029347765785,2.9333823711187064
-170.01836976641204,135.2737214690541,266.4931122839039,0.4873076454482393,14.043513631138069,1.8625352749095525,16,D06_px-1055_py-0118,0.31509696173548796,1.8625352749095525,1.1982116492076007,2.168645341390147,2.2093040669765767,1.4711972234983683
-0.0939394108346592,145.51450720637558,266.92293317379614,0.3405458546029242,32.45831383772867,0.9644623621940954,13,D06_px-1055_py-0118,0.2201996318327707,0.9644623621940954,1.1420771986032343,1.7666283863634453,1.7701829765540473,2.0073943093794195
128.808879889442,166.04019917898322,265.30286802849463,0.4754667625304642,17.242036239047593,0.3040263154566481,11,D06_px-1055_py-0118,0.3074405535783275,0.3040263154566481,2.4438257595967388,1.9501830470097914,2.6847432694406717,2.119843449125338
-20.04313034538112,178.4466940468325,261.9071672437856,0.4192330750495313,28.905584700871827,1.0756679905929944,13,D06_px-1055_py-0118,0.271079408338904,1.0756679905929944,1.557834111219039,2.183303745761993,1.8816024820725676,0.957308352028198
66.51373116155119,181.0640387623798,259.3705758845787,0.4502847793827484,27.557814671981987,0.6117704815967316,12,D06_px-1055_py-0118,0.29115768493377564,0.6117704815967316,1.4462023441597935,1.658854934751391,2.62336566995393,1.7543298380591934
-128.8817018149222,190.94285789273744,269.9344312482431,0.5064641179378331,6.958723257379916,1.5575494533370065,15,D06_px-1055_py-0118,0.3274836877296764,1.5575494533370065,1.9124824520132864,2.0124489883692687,2.328732994910565,3.292586550535509
-59.69763333625364,211.21907928891105,262.8094327828746,0.4973505469787923,16.605915229368634,1.2392660686254988,14,D06_px-1055_py-0118,0.32159078096620236,1.2392660686254988,2.776276157801842,2.102955951483354,1.9678153725395005,2.7054735609686507
-40.37647977641681,-230.63538427896555,262.18461814451587,0.5259429426035936,12.488044540247415,-2.351085839115649,3,D06_px-1055_py-0118,0.3400788491799216,2.351085839115649,1.8179383571243042,2.264551793110205,1.7624623083601407,1.8529276555875027
90.24223662261778,-214.1917446068355,265.2933591296588,0.5176689133256116,10.34934003423848,-1.7790304095427163,5,D06_px-1055_py-0118,0.3347287966799152,1.7790304095427163,1.7848939524018979,2.6168235274414373,1.9579156146664456,2.6128034778002918
-105.13286358567466,-182.75763002356763,260.294180894184,0.4846244290459069,21.4763058597606,-2.69980431841333,2,D06_px-1055_py-0118,0.31336197287588147,2.69980431841333,2.4073958973291236,1.9254777703495827,1.6387423327342974,2.6047991262099863
15.355727472220645,-175.65522278095753,265.3191400131454,0.4077640092592297,26.628309015214484,-2.0905778327572917,4,D06_px-1055_py-0118,0.2636634200649168,2.0905778327572917,1.7131887912494983,1.5295579380014044,2.190441465072624,1.7572351201469663
96.20385756634856,-177.06271422446275,264.8614220887404,0.4592612930671638,20.165004723014874,-1.6800663610510975,5,D06_px-1055_py-0118,0.29696196938397057,1.6800663610510975,2.355279047689891,2.2185705374011997,2.015448183383552,2.1007273866465215
-4.076543808148384,-170.2149426676015,264.9921750066097,0.3956205233860989,28.46969152385708,-2.201720669898597,3,D06_px-1055_py-0118,0.255811346453427,2.201720669898597,1.8442250678792078,2.2488613286836836,3.351389393505479,1.6883842430156304
171.4655340682718,-162.76724568971468,265.2035869682473,0.5251712018735833,9.134524452049618,-1.3663589263626694,6,D06_px-1055_py-0118,0.33957983554542365,1.3663589263626694,2.03930433308793,1.6808902548182016,2.30387700592364,1.7477193334354455
-4.362493553089822,-157.80794908212425,264.73335753772955,0.3697833959626386,31.718800531668364,-2.205413140545746,3,D06_px-1055_py-0118,0.23910485636005593,2.205413140545746,2.2429490584759173,1.7220512834740787,1.6694969947675045,1.7467459341655909
-135.74842289383878,-156.71629232827544,264.02433404129056,0.4719613788934886,19.2132520256867,-2.8916028070955178,1,D06_px-1055_py-0118,0.30517394490915234,2.8916028070955178,2.3434852556304464,2.241506464970495,0.8705829250326402,2.424187427098866
-21.43389957816672,-154.4168312946523,262.27214047753205,0.368698658292412,34.476496529694884,-2.31570003313344,3,D06_px-1055_py-0118,0.23840345643875152,2.31570003313344,1.5790790794598224,3.037845897079,1.1776990436340484,1.6986643718227636
-146.16880678845007,-137.6341992339005,263.17629183190564,0.4603354402745078,21.8887214388484,-2.993237256140536,1,D06_px-1055_py-0118,0.2976565214285613,2.993237256140536,1.7221116834012171,1.8027652992314194,3.2202119270040184,1.6570900601371528
95.123387136221,-133.0289533132243,263.77127188727724,0.3830926413448289,31.258386315096743,-1.5570153310594184,5,D06_px-1055_py-0118,0.24771071925199303,1.5570153310594184,0.6844351314808246,1.7450823694938062,3.0275813649495578,2.5126935131870805
82.86285841199917,-126.08683297873024,256.94274664554734,0.3646166947786899,40.621298952725226,-1.5963635669579133,5,D06_px-1055_py-0118,0.23576402667994723,1.5963635669579133,1.8347981108654081,2.3427976438740226,1.6953518653843813,1.5490000302708262
-116.84220770067913,-122.67800538545237,262.4191684153979,0.3973194377651421,31.05574397702759,-2.938814310368456,1,D06_px-1055_py-0118,0.2569098778721017,2.938814310368456,1.13888467831997,2.573215504881939,1.9208388793465492,2.1136643263327257
-76.49715928905424,-119.09316892699437,264.9313074085142,0.3342460052076325,35.191782439925134,-2.7487405147252546,2,D06_px-1055_py-0118,0.216126099594175,2.7487405147252546,2.043268282090351,1.9129581570105252,1.8761619518699437,1.2365353105395962
149.85246296346978,-108.3837871073274,262.01246649315766,0.4301468690564308,27.371070700606367,-1.2331528135213905,6,D06_px-1055_py-0118,0.27813635350424776,1.2331528135213905,1.4448609322052688,2.0914802171340625,2.6850285054514584,1.0462166166453843
-209.780316242756,-93.4371741793658,267.4305256991542,0.5090930350314589,9.374380566867671,2.953639169024331,19,D06_px-1055_py-0118,0.3291835662285947,2.953639169024331,2.6437604186558956,2.120095081962657,2.706584393498895,2.6631727959763083
147.0946682133893,-90.59724114809062,247.38492145856057,0.42610419036602,43.96634957113156,-1.15901630650484,6,D06_px-1055_py-0118,0.27552232562161616,1.15901630650484,1.779328677397361,1.7258546448605048,1.4562136792328615,1.7348277026776828
85.9474158047462,-78.80831294913264,265.7014870314429,0.2778865068794533,39.34276394286792,-1.3490733453456822,6,D06_px-1055_py-0118,0.1796836040699962,1.3490733453456822,1.6234474374313044,2.7949846347519802,1.6053084034293699,1.8560722177539564
-31.33538322955281,-71.5316027426724,262.0231015835575,0.1913572263802475,48.74916024935487,-2.5906591607702523,2,D06_px-1055_py-0118,0.12373308976731509,2.5906591607702523,1.9830541967735384,2.499053405784443,2.039916871745425,1.6323892087903507
98.62965012070968,-70.90653892008906,261.26127256713625,0.2934876204664697,42.71226745691087,-1.230289012750283,6,D06_px-1055_py-0118,0.1897714069946504,1.230289012750283,1.7801181504251273,2.6785267084644357,2.281263069781896,2.7476209152764897
232.1046005469796,-69.52967892025282,261.6849958426565,0.5417694514588483,10.221703883968589,-0.8980342871374274,7,D06_px-1055_py-0118,0.3503123944603028,0.8980342871374274,1.8522071954747465,1.5142707131282567,2.1990913781672985,1.7989918733515906
125.84223810435796,-68.01487615557483,264.8120565936164,0.3376702113012224,34.98262793412704,-1.102482282146516,7,D06_px-1055_py-0118,0.21834021822441702,1.102482282146516,1.4193279167541075,2.67531329116988,1.8921259314011531,0.8846570513936913
84.08723266427413,-65.84605744880045,259.6296760878796,0.2612704073343346,46.89352526500125,-1.271310743152081,6,D06_px-1055_py-0118,0.1689395032304836,1.271310743152081,1.862950090394794,1.5243699617967714,2.2703230805758157,1.928343747332395
141.97331757764582,-61.03290590530308,263.9383557849601,0.3636500000190799,33.23750967486967,-1.0129847302760402,7,D06_px-1055_py-0118,0.23513895423439066,1.0129847302760402,2.097945970138592,1.7400959662661442,2.4189791863649854,2.3737491883338677
210.2508220613315,-60.31693870525321,262.5706658524647,0.4962749392582513,17.05177524952734,-0.8863573981535803,7,D06_px-1055_py-0118,0.320895284542275,0.8863573981535803,2.955844423807095,2.7705059733828596,1.9746897588875578,3.3896440826923757
167.6573149236818,-50.65957183670784,259.68419017023484,0.4131589871669875,32.10161519029657,-0.9004180961055445,7,D06_px-1055_py-0118,0.26715185527262,0.9004180961055445,2.4797016503177565,2.1398456310193867,1.4896087020359352,1.779738348551755
224.0167015391289,-48.33212155183201,262.3347915926462,0.5164284731191704,13.966874039370794,-0.8194746545789601,8,D06_px-1055_py-0118,0.3339267182723321,0.8194746545789601,1.8622380610355669,1.1125823150191494,1.951353865884041,2.05724546996327
143.3894376214442,-41.73111328854562,263.7988369684949,0.352593284193938,34.55239486207745,-0.890189908614395,7,D06_px-1055_py-0118,0.22798959469567404,0.890189908614395,2.3462513901461213,1.7420709487879904,1.7739910824339624,2.754005364912601
42.66370038357317,-30.77959604473729,263.51207278414523,0.1290453592435875,49.92239464452638,-1.2319548677388457,6,D06_px-1055_py-0118,0.08344174568883918,1.2319548677388457,1.6448341770508323,1.9653265267369697,1.5462999863868803,1.4133467931356765
202.2622963028592,-31.03430785625348,257.28764330659465,0.4771284217218069,26.009044472358653,-0.7592281175036331,8,D06_px-1055_py-0118,0.30851499549920136,0.7592281175036331,1.8558285762233224,2.4925431732508083,1.4066672326623955,1.951837643966435
211.09961474775952,-23.045979782837268,261.72217360801613,0.4853198137165511,19.754077894797547,-0.7157200071016747,8,D06_px-1055_py-0118,0.3138116140809889,0.7157200071016747,2.0804878461070233,1.9711386516649874,0.8617253162859402,2.4355725276262876
-33.37129601348561,-18.300707209713384,263.7813378358972,0.0935123417894684,50.70500893908343,3.0362245266500945,19,D06_px-1055_py-0118,0.06046581673375726,3.0362245266500945,2.5993736264489424,1.1928597638773755,1.2382479266145492,0.9538719026273466
56.13505579214732,-14.23565292603467,263.41385229356933,0.141942597675385,49.55398494016788,-0.8553402486512995,7,D06_px-1055_py-0118,0.09178120164155563,0.8553402486512995,1.0459786865104803,2.088919188966846,2.113970122800107,2.299391824522797
-19.68668664343848,-9.01593732069238,260.25188769316816,0.054027497638064,55.01170560053083,2.9640761694285853,19,D06_px-1055_py-0118,0.03493460551037765,2.9640761694285853,2.704135270714222,1.5927016276705377,1.5245354482313835,2.4494744892209406
-149.7733692725947,-1.9155192653311832,264.1494195717913,0.3531318604174955,34.122998088867405,2.547401876154279,18,D06_px-1055_py-0118,0.22833784232382248,2.547401876154279,1.6510171958969628,2.1116880345302302,2.636731883488487,2.265455828479666
145.6893883032021,-3.457642224628811,266.48960529284955,0.3415252367297525,32.81975442886227,-0.6307080497944352,8,D06_px-1055_py-0118,0.2208329080299003,0.6307080497944352,1.582586856724129,1.7237917252411183,2.037539416355473,2.6950166542687977
-189.2266533148874,5.491591783231884,265.388361893721,0.434152677893086,23.116854820117567,2.505600026963261,18,D06_px-1055_py-0118,0.2807265410490424,2.505600026963261,2.546025562681482,1.3684707070034898,2.63482515744655,1.9776659945956863
-24.365260324084897,10.22164970381989,261.15729371934026,0.0656689454698539,53.92247357596301,2.1373954689421826,16,D06_px-1055_py-0118,0.042462057370126496,2.1373954689421826,2.594471452690014,1.8623477729434308,1.7290559224246158,1.7920386200056466
128.8721625030021,17.703668475406246,265.9625579559313,0.307810923283814,36.564337124962265,-0.4704601551336942,9,D06_px-1055_py-0118,0.19903296741119414,0.4704601551336942,2.6454471284107903,1.109541938013042,3.139904854334762,1.9964582765735472
209.4110829406013,20.44742046732092,257.13011722764463,0.4888317413762507,24.404406753249305,-0.5096455841433792,8,D06_px-1055_py-0118,0.3160824541668002,0.5096455841433792,2.4756760014914296,2.2114759084188726,2.3455065685945273,1.9093289777416005
-128.66553341314645,21.124919389434265,265.3971702596661,0.3091054873449091,37.04271407843845,2.371880242570109,17,D06_px-1055_py-0118,0.19987004272949294,2.371880242570109,1.5430272042682889,1.3827215337822953,1.726251079290992,1.6519167545532891
160.5838090167974,19.079455532386017,259.70189780488,0.3845921357602318,35.47616924486135,-0.4887208492593654,9,D06_px-1055_py-0118,0.24868030415148334,0.4887208492593654,1.5687612556167472,1.680817261686288,1.8605543768985469,2.0216309260104133
141.9721608731401,23.80645494434388,264.29009786297223,0.3402728535854217,35.27866980505456,-0.4408412136035503,9,D06_px-1055_py-0118,0.2200231072246115,0.4408412136035503,2.2753291616519515,2.0281072039219112,2.251270743718921,2.439200817669565
6.205302211817525,31.94853427972545,263.9445024399475,0.0799770481763267,50.85299371578236,0.771977276038129,12,D06_px-1055_py-0118,0.05171378927525986,0.771977276038129,1.1742558748232685,2.17498000596677,3.365668987425226,2.008195458831776
-51.51180495894061,43.61366303186645,260.7350535426788,0.1667010641177817,51.24359345209945,1.8320536291556453,16,D06_px-1055_py-0118,0.10779022104869702,1.8320536291556453,1.7096007027101305,1.7944935370506552,1.4995792994094748,2.0278566874581125
-179.78645451547786,67.23454399692994,265.30134730727025,0.4395890790370558,22.469456317296647,2.1767467291961724,17,D06_px-1055_py-0118,0.2842417608475427,2.1767467291961724,2.106837570829623,1.413709418856631,1.9852369595872927,2.0808848404162847
77.4176225133603,77.89448156817807,265.0152554203121,0.2631162254520645,41.18282790827226,0.1814889496126073,11,D06_px-1055_py-0118,0.1701330237636532,0.1814889496126073,3.1524415261531997,2.0238810469595645,1.9407410575004007,3.0605222295134187
-37.126844564897965,88.32715596473366,261.89314274203014,0.2334641915018852,46.4476677741784,1.3617280710955453,14,D06_px-1055_py-0118,0.15095978506269903,1.3617280710955453,1.9494232723295002,2.486083687108491,2.367218464012897,2.6251839901821863
-204.6082928721425,91.59436455054586,263.1807674227032,0.5056505339329317,14.817584870922644,2.1137092216915145,16,D06_px-1055_py-0118,0.326957617904063,2.1137092216915145,2.483965137893974,2.545870101018896,2.3092198737490417,1.8417756546205732
172.6473322742301,96.94438364698377,263.8039673615488,0.4538969618860397,22.11913983686032,-0.0953372403342542,10,D06_px-1055_py-0118,0.29349335059109205,0.0953372403342542,2.612694389099512,1.3699813639632832,2.875077678000596,1.761176062702338
138.0544414703939,99.52154808306167,263.94287996718697,0.3968723615265099,29.45697325646944,0.0176269469982092,10,D06_px-1055_py-0118,0.25662079485488865,0.0176269469982092,1.306759654621537,1.8272463330735647,2.0082111420105977,1.8203848305718795
-182.38680831217195,103.9843670103103,264.74574226019445,0.4759378957178203,17.796387034263887,2.0164457499651567,16,D06_px-1055_py-0118,0.30774519200806544,2.0164457499651567,2.050816781373255,1.8766655999940756,2.212178806341628,2.247035750179676
43.73188359340457,106.23483052988122,265.457507765723,0.2742185193551182,39.88316487410509,0.5733052917957792,12,D06_px-1055_py-0118,0.1773118544465349,0.5733052917957792,2.984390107250866,2.8619928692472136,2.4422108882378373,2.3076451514943543
-149.39781741947638,121.996347151405,264.89313713665683,0.4420550830579001,22.579794049794486,1.8498395427417125,16,D06_px-1055_py-0118,0.2858362984704458,1.8498395427417125,1.5643080683596062,1.4438820872706466,2.4813068567009573,1.5729876248844588
138.76410471107803,151.7832222418669,263.81677876352035,0.4689908973610817,19.893405907458487,0.223197617176144,11,D06_px-1055_py-0118,0.30325320815384893,0.223197617176144,2.3654160265139255,2.363212884183142,1.4951180940683506,1.4612446092581082
119.95906401834164,156.09277387233752,262.5383740765586,0.4535165737052672,23.58149772264062,0.3085733205645707,11,D06_px-1055_py-0118,0.29324738859734734,0.3085733205645707,1.7617617730821058,2.139222543967436,1.4468816093362322,1.4839158226356735
-63.00202684830512,168.66077850505445,265.0318910320538,0.4158158923739584,25.92412455860955,1.3213093468615735,14,D06_px-1055_py-0118,0.26886983110607043,1.3213093468615735,1.9971615427747238,2.031350043165502,3.3257192455127575,2.4159585796293825
31.398777513813386,169.39752559018197,262.1806599703761,0.4036691132937967,30.54900708950493,0.7805412324274789,12,D06_px-1055_py-0118,0.2610156280809761,0.7805412324274789,2.0103182377205444,1.3083313859450247,1.8407782096099492,2.0687126838924272
43.96430961689877,178.92874417477793,258.9823552196387,0.4331482505667497,30.31067960013695,0.7228812708612545,12,D06_px-1055_py-0118,0.28007707042864705,0.7228812708612545,2.5078357034258207,3.1296360936498826,1.5826846582624552,2.6152749033826
-86.7376823920813,195.6085338094361,262.079706398609,0.4879028293774287,18.94469864405852,1.3811893783966518,14,D06_px-1055_py-0118,0.3154818123519581,1.3811893783966518,1.8955201945831135,1.7187562688268427,2.0056992499267556,1.040361769569134
102.91083998762971,212.23982000731127,265.52643673377486,0.5236442994906606,9.032311091186898,0.5123382020162651,12,D06_px-1055_py-0118,0.3385925284382612,0.5123382020162651,1.001238182879241,2.2977184552928285,1.8100124883441646,1.7876041619430443
41.27940738911119,218.7842112197364,258.1438729682909,0.5109549650386803,19.70165860978159,0.7773326847309764,12,D06_px-1055_py-0118,0.3303875048364119,0.7773326847309764,0.5344947416027954,2.071036517629084,1.6253013809288834,2.5031985136121744
-22.86692391151475,232.83892661159115,268.90865664077097,0.514681169669581,6.713169549758447,1.061712062168616,13,D06_px-1055_py-0118,0.33279689809951474,1.061712062168616,1.9860778492529314,2.8104545793745155,2.156887986262965,3.0077537686118343
17.380088141579964,239.0119229933493,266.0701117803632,0.5296444369236548,7.330804647432672,0.8912281503325507,13,D06_px-1055_py-0118,0.34247226456140945,0.8912281503325507,2.540677112838493,1.5618780312313352,1.5784201187363383,1.7136081893591726
20.98256858430563,-221.5451291350003,262.73185280524257,0.5032704325106183,15.725087292126377,-2.0833473950970496,4,D06_px-1055_py-0118,0.32541862557796597,2.0833473950970496,1.848698312025563,1.6186876398872294,2.2208669093669817,2.013287040830746
60.13907948514306,-222.96437536864195,263.8096473286328,0.5173089583933936,12.118965362565008,-1.91432030079376,4,D06_px-1055_py-0118,0.33449604698562446,1.91432030079376,2.20240344408966,1.9312308317177436,2.9457485210725407,2.2350899869854817
-15.604227330599436,-205.3001016193232,262.4210429502077,0.4716011685830658,21.067473762535883,-2.253636913395751,3,D06_px-1055_py-0118,0.30494103008530293,2.253636913395751,0.7497871825823248,1.759157148922988,2.6653415102898683,2.849115455709947
-66.9534976440024,-200.07709927221364,257.01140604632,0.4901568614530932,24.33328936765696,-2.5007005904123725,2,D06_px-1055_py-0118,0.31693928724555004,2.5007005904123725,2.0574197186632226,1.2548043064815768,2.152312843371006,2.1876109774642467
22.2630353487536,-203.85466642042763,264.22571805742626,0.4672155003971041,19.70072704684992,-2.0689966281006265,4,D06_px-1055_py-0118,0.30210522249335475,2.0689966281006265,2.3723047987752928,2.175590938788729,1.7107918088939718,1.687532958494872
31.55271877642244,-182.00803338714536,261.3904186983675,0.430602461114031,27.99530797814174,-2.0061229357231705,4,D06_px-1055_py-0118,0.27843094291707876,2.0061229357231705,2.2870897873499856,2.6758502575070064,1.1769948752036392,2.4855407667326284
61.47472509334088,-172.5373437785462,256.3198560984464,0.4348293285823715,33.02397595824232,-1.8355013287163475,4,D06_px-1055_py-0118,0.2811640687142486,1.8355013287163475,2.2308969139719217,1.086118168353619,1.9490938618067437,2.247565720811429
-46.93295403472444,-172.0654702049712,262.34565109745057,0.416090816029987,28.825759825002194,-2.44406040502504,3,D06_px-1055_py-0118,0.2690475989074439,2.44406040502504,2.0631047844529045,1.8431099440204808,2.3382320757868276,2.572412910567467
32.129670307301694,-167.81665727011617,263.9962931725529,0.3982190658789419,29.237145501908003,-1.988608073540732,4,D06_px-1055_py-0118,0.25749158449623927,1.988608073540732,2.32521649956554,1.6045738544601205,2.5571695684196882,2.06600021902457
57.98638736634136,-156.54703941665173,260.58122411552813,0.3945829179548253,33.372044646904385,-1.8230364897326088,4,D06_px-1055_py-0118,0.255140422609058,1.8230364897326088,2.0821293995918437,1.6385326959920647,2.305954521240811,1.6986427059913245
-101.02864262852178,-153.99400586099247,264.5072967300431,0.4250097383379944,25.306659173630862,-2.7583963768562403,2,D06_px-1055_py-0118,0.2748146443200456,2.7583963768562403,2.625848731836526,2.4396358744632822,1.5066830094640244,1.5408778772683003
-154.75635230534667,-151.2046512047445,261.1537585598803,0.493982437555755,19.03048110545797,-2.9747818463495896,1,D06_px-1055_py-0118,0.3194129348849747,2.9747818463495896,1.8742673316734018,1.569760885982335,1.4425316511047277,2.277460608313875
97.8446687746288,-151.61454090877427,260.7875078785051,0.4226470872131533,29.69467052754476,-1.6046754328298365,5,D06_px-1055_py-0118,0.27328693549373817,1.6046754328298365,2.4828659338602885,1.737264869639649,1.9893063197234824,1.9571573641535824
11.315016706483028,-146.08821288099494,264.0284626613539,0.3461974889559953,34.96254409931282,-2.100476867461768,4,D06_px-1055_py-0118,0.22385402311952052,2.100476867461768,1.7774523581116028,1.965966496674835,2.180274896631765,1.7381532584995754
-42.448335239345695,-145.18017642675142,263.8928802939924,0.3566368227450578,34.03087331155683,-2.462230773104832,3,D06_px-1055_py-0118,0.23060417857101262,2.462230773104832,1.9558250658369831,2.4925575283977945,2.007288553471521,1.8304297066733781
125.3774115640206,-132.38626778233075,261.7791973058814,0.4251272085107779,28.28588594518333,-1.419562012533957,6,D06_px-1055_py-0118,0.2748906014589995,1.419562012533957,2.3313282247590053,2.3394966020288677,1.2489892759563062,1.9810412548417697
-10.20471719474769,-122.86883813745423,264.5406921898813,0.2941510398832003,39.23087823813052,-2.2606394243143297,3,D06_px-1055_py-0118,0.1902003792148089,2.2606394243143297,1.454133743339741,1.3982081928582746,2.021537308098008,1.1599935509146238
109.78165824436472,-119.71387251160168,266.8701041992355,0.3767254275513988,28.647985357559264,-1.435629169877357,6,D06_px-1055_py-0118,0.24359362866297782,1.435629169877357,2.6803336671643763,2.9330051262993075,2.6714438308110378,1.5392416645004214
-44.91247924624584,-113.3378681511249,265.95007881735484,0.2895858923690911,38.13912522269038,-2.555063215570645,2,D06_px-1055_py-0118,0.18724851887564475,2.555063215570645,2.1982288874465943,2.1653159249383345,2.7273785374990656,2.004306633054198
124.45855198998952,-103.95362299622836,265.5651546138605,0.3778377283056831,29.92543979689026,-1.302846079252201,6,D06_px-1055_py-0118,0.24431285109152945,1.302846079252201,0.9965914783888186,1.9893300187830265,2.118948392246957,1.638889769054531
91.69512137007597,-92.10571502468171,264.52999035742687,0.3091166066179879,37.95205174372529,-1.3946115967720134,6,D06_px-1055_py-0118,0.19987723253904457,1.3946115967720134,0.9981788581727402,2.3164713385095492,1.8129235178778693,1.8431892971151587
-172.11620372940527,-81.27305669808186,259.00634898103715,0.4456289816532927,28.605273846713143,2.9757734116692744,19,D06_px-1055_py-0118,0.2881472094513788,2.9757734116692744,2.284616343301115,1.1643499549173093,1.591242640110538,2.1475516333510205
-62.36293999798757,-77.0305137666078,264.43810255007065,0.2389622694838663,43.47177781947403,-2.858335549765111,1,D06_px-1055_py-0118,0.15451488559044368,2.858335549765111,2.375642070148552,1.8739552954750573,2.8859045320879746,1.8662322286910622
24.31823475794649,-64.6382060032509,261.43751165753633,0.1700459405966785,50.380482102637245,-1.8179353659060595,5,D06_px-1055_py-0118,0.10995304452525342,1.8179353659060595,1.9922081189554324,2.6056348313185276,1.9419582035826468,2.193723704139786
12.431827904589978,-61.41280736215715,264.114455645348,0.1530007192224501,48.407634847759766,-1.9780443348879129,4,D06_px-1055_py-0118,0.09893147013113969,1.9780443348879129,1.831823713879973,1.8757412167904157,1.7260209307014716,2.3196798433509596
-92.443055243813,-61.53250113839432,263.99101245699774,0.2669026306383598,41.96248580812187,3.12189491804527,19,D06_px-1055_py-0118,0.1725813431800328,3.12189491804527,1.8612106487410687,1.989161967392626,2.343163932012736,1.9570591827516974
-104.74752358306728,-45.86179337992541,259.26171052539416,0.279194825303111,45.93855227049448,2.947301996478632,19,D06_px-1055_py-0118,0.18052957306746167,2.947301996478632,2.088172274954132,2.0174135563054914,1.4523745737056286,2.5118863102909894
119.43987385744629,-47.54496735655309,265.30441536654865,0.3051262190371709,37.49134164639816,-0.9858176615039008,7,D06_px-1055_py-0118,0.19729701649973763,0.9858176615039008,1.6732469490994641,1.6838672334110858,1.6403262031953627,2.66247979091892
-79.01544422932969,-47.116282034508,263.854579148291,0.222867023414132,45.09810997969282,3.0723017352124664,19,D06_px-1055_py-0118,0.14410757271052083,3.0723017352124664,1.2392910990441328,2.0268639664889774,1.5700960832433468,2.327534159131824
4.896122851667647,-44.13736732729411,263.20213023744327,0.109233033914449,50.86366974213399,-2.0672983336353377,4,D06_px-1055_py-0118,0.07063094008289739,2.0672983336353377,1.106756466387537,2.1001722012352784,2.1921717147007733,1.7568304338841774
96.88875307920216,-38.8447495464583,261.52093094431467,0.2538492619968183,45.46449900864303,-0.9882797446936018,7,D06_px-1055_py-0118,0.1641409322039651,0.9882797446936018,2.227716418205171,1.8256983419215702,1.9748760753115344,1.3504775457097056
-58.06161378250496,-35.306338970934455,261.07615833665545,0.1675966575501123,50.85768552222129,3.080955553970437,19,D06_px-1055_py-0118,0.10836931881601822,3.080955553970437,1.7627270341931442,2.711670967236421,2.399544530944423,2.8431387833792146
-206.06860992148145,-33.281989498206904,265.02601942591855,0.4731626436916399,17.905841539745836,2.6947396276209417,18,D06_px-1055_py-0118,0.30595069218917725,2.6947396276209417,2.877325021526638,1.8282772111911045,1.4705206488465885,2.294783821906926
155.5191128259991,-34.3362404467619,262.95889554932097,0.3750470740847552,33.04140224552697,-0.824278185942587,8,D06_px-1055_py-0118,0.24250839209220498,0.824278185942587,2.658664709215544,2.49182820372537,1.9014504711047886,1.7263494814571234
-150.76865047412576,-29.925221670335286,262.2037463688184,0.3640596627128092,35.04972107379473,2.730550928007704,18,D06_px-1055_py-0118,0.23540384535878858,2.730550928007704,2.1039495715415084,2.649248232470364,1.6396094497154363,1.5578662897549957
-219.5828376900059,-33.50770695449612,257.686516815824,0.510714633076605,20.26577122656096,2.686042059750836,18,D06_px-1055_py-0118,0.33023210429680366,2.686042059750836,1.5506816350965982,2.3580511752674402,2.1846831598698557,3.3247663309624653
-189.7433507218797,-14.124935297896592,263.74173271657094,0.438478001678397,24.344955612550507,2.608918386204414,18,D06_px-1055_py-0118,0.2835233294762383,2.608918386204414,2.3665883306906315,1.5804447816330751,2.747591434878065,1.8203342668360434
-216.172652521259,-6.780249429685647,264.13499844985387,0.4891001553300403,16.427570501039668,2.565967815697162,18,D06_px-1055_py-0118,0.31625601274343346,2.565967815697162,1.796261391212655,1.5687015346946687,2.066047807425942,1.9745169466930768
120.85405430136024,7.845482758696107,264.0719668191561,0.289714963481768,40.08823552873628,-0.5421534924319835,8,D06_px-1055_py-0118,0.1873319772737064,0.5421534924319835,1.177505094532101,1.6782763853094993,1.852352285540678,2.9024965293876512
189.1210429140561,10.988765808949402,260.27037171409006,0.4419035627418142,27.71482824787239,-0.5489403831553405,8,D06_px-1055_py-0118,0.2857383242406429,0.5489403831553405,1.677415315159491,1.4523386100847175,2.2699326452285624,1.2615203370717496
-42.67384625711971,12.080929509875729,261.3861901669079,0.1098454045838192,52.67278767270625,2.2587328983483683,17,D06_px-1055_py-0118,0.07102690378093662,2.2587328983483683,1.578598934334502,2.2179746045936195,2.7269858775688447,2.649775335587081
215.4358686225352,33.12815394025646,262.6840492999356,0.494631692199348,17.187993417903613,-0.4544019654112895,9,D06_px-1055_py-0118,0.3198327480512562,0.4544019654112895,0.8147733646602313,1.847451851651753,1.343822039507021,2.256874082596313
-148.25479033575863,40.66832406534392,265.8433428460224,0.3595430230969956,31.640733794496786,2.266885045381396,17,D06_px-1055_py-0118,0.23248335060872585,2.266885045381396,1.9568023535350831,2.470274029618619,1.4311330926150252,2.434713028629014
94.69631124228052,45.23596236611612,265.01229398479325,0.2519339815482559,41.993022059604016,-0.1613345465803458,10,D06_px-1055_py-0118,0.162902496780572,0.1613345465803458,1.602282528501027,2.398584024130788,2.0727062606120676,1.6732273355539617
-194.36527930369627,53.25540215163152,265.6423668131732,0.4581296443784862,19.45934932179074,2.267180115575947,17,D06_px-1055_py-0118,0.29623023642864976,2.267180115575947,2.2998367941804805,2.29848259685497,2.9894953849505033,1.7137145461364527
179.05470864262392,52.8064601250866,258.8693439208115,0.4383253254685282,29.746903635681747,-0.320191600937722,9,D06_px-1055_py-0118,0.2834246078364112,0.320191600937722,1.4429618187519768,2.7395704335303375,2.4630016780821173,2.2025483521112097
6.821352809138348,56.79593356806584,263.6457981754112,0.1401085917309171,49.38901656542015,0.8442864920086864,13,D06_px-1055_py-0118,0.09059531895265364,0.8442864920086864,1.4314091220484384,1.709179008262974,2.3674442851973323,1.872063012402921
-128.78557904850183,56.80478083998965,264.29102486702504,0.3332667315739303,35.96455417467337,2.1192015371449626,16,D06_px-1055_py-0118,0.21549289354955525,2.1192015371449626,2.576396827386753,1.3873400505507316,1.9275268213317092,2.2970775485727795
190.7186530282215,56.96014689342659,263.15074165236786,0.456944715871649,22.408584041663232,-0.3167519994054714,9,D06_px-1055_py-0118,0.29546405232325834,0.3167519994054714,1.9585804763560564,2.265039210775816,1.3189921089870213,2.766549359045709
-212.44830231412496,71.50684165329275,262.25705768208127,0.5071140939444353,15.629994769355449,2.2099392244362925,17,D06_px-1055_py-0118,0.32790396733496135,2.2099392244362925,1.9770631214538343,2.090472947109885,2.371361985721076,2.121703862519831
177.1783879062734,83.81329048096377,259.0717247384495,0.45703482667047,26.94114077945659,-0.1651277849237938,10,D06_px-1055_py-0118,0.2955223186755171,0.1651277849237938,1.8147748738232545,2.2803554533119677,1.0839307493543895,1.5570641639480036
25.04377462849876,100.53643587234494,263.9770112843608,0.2497911137329994,43.211694466594565,0.7196839795360893,12,D06_px-1055_py-0118,0.1615169015733246,0.7196839795360893,1.939643938789441,1.7419196039905889,1.9198430031951226,2.5796220383440045
-198.632918056308,113.1574453391892,262.1136253874372,0.5157261264075524,14.341297475162378,2.0167852245885074,16,D06_px-1055_py-0118,0.3334725753566958,2.0167852245885074,1.5426785665534588,2.1316737636349505,1.5858683446329747,1.7152385574467803
-128.63556905599222,135.57083337383827,263.30196155070786,0.4322582202923943,25.67079643229698,1.7229715666791892,15,D06_px-1055_py-0118,0.27950156984308977,1.7229715666791892,1.6443917865332132,1.7866379132042884,2.613093285606194,2.1473606363958067
-111.8707734427152,139.70460000816317,263.2337011780558,0.4161341125173492,27.84936300598946,1.6390249835150112,15,D06_px-1055_py-0118,0.2690755947571891,1.6390249835150112,2.942382864477602,2.0528247996553093,2.707402496476904,2.5322262295983506
-168.1915224855099,169.6729171320822,266.3483398152616,0.52785222677649,7.331398939969688,1.7448304035491775,15,D06_px-1055_py-0118,0.34131340736424054,1.7448304035491775,1.4701021592150385,1.7437036748833077,1.4627252850853862,1.9061066081014704
54.10319405261239,169.4406156946961,262.9631391610574,0.4142229024631041,28.38727531716836,0.6547446437753363,12,D06_px-1055_py-0118,0.26783979128282126,0.6547446437753363,1.8536912410203763,2.5064123934371594,1.8662707563002972,2.7327814042685206
151.7023903198952,183.5399945089132,267.26129479473906,0.5249273941052556,6.799948624295382,0.273103566473751,11,D06_px-1055_py-0118,0.33942218752211606,0.273103566473751,2.4105017463729217,1.4613856688720954,2.0439729424892956,2.9629512323364127
-1.4388651860471886,184.7185177150165,264.15426014007704,0.4266292526871201,25.481105766701205,0.9716061390030932,13,D06_px-1055_py-0118,0.2758618350539959,0.9716061390030932,2.1699535554918024,2.621121497615642,2.4718254002865585,1.7626079721277155
3.664323175078065,199.2551934586336,264.62453173826566,0.4552247768015985,21.015007977281243,0.9454287664784864,13,D06_px-1055_py-0118,0.2943519261737813,0.9454287664784864,1.906649035751175,1.6567539197108077,1.76345330194383,1.2920295948324958
70.69809324164383,207.1341107747544,259.1824967640312,0.5019931666179415,19.98448618711097,0.634899529136889,12,D06_px-1055_py-0118,0.32459273539161226,0.634899529136889,2.5865998350195167,2.0392907659793496,2.1110273651763274,2.3718531739461355
25.479441158910102,219.86131584075216,261.0894769030172,0.5036282874812233,17.54117324058302,0.8484427606345205,13,D06_px-1055_py-0118,0.32565001742053773,0.8484427606345205,1.8308355756762866,1.8332400247427336,1.9052233276141164,2.345726692174039
-28.12363612719283,-216.8787999218373,261.4731327244596,0.4979597971018244,18.02793626696962,-2.306730696258778,3,D06_px-1055_py-0118,0.321984726894401,2.306730696258778,2.69625106530334,1.606088215918369,1.4384443848059605,2.2373433188205265
31.351405529710604,-211.85639957296075,261.22382592136654,0.4896203686794794,19.64339787727414,-2.030857907726597,4,D06_px-1055_py-0118,0.31659238679254514,2.030857907726597,2.1325041676274505,2.934680651318936,1.9197998313854379,1.1147390995186521
68.16439121135755,-205.3582380460725,259.313620507541,0.4969669638571029,20.64503600391572,-1.857289575660514,4,D06_px-1055_py-0118,0.32134275309849636,1.857289575660514,2.5331416257457287,2.4062616678119886,2.3807830499055482,1.9621391100149852
44.67968348198365,-206.6945531136481,257.11652183578894,0.4909429992912213,24.09175654357472,-1.9648884933272923,4,D06_px-1055_py-0118,0.31744761016355316,1.9648884933272923,1.6998268648758958,1.654402995110771,2.8066006624558986,2.0255362041786666
-87.25350676812651,-203.16949915638665,261.1950545813296,0.5030379533031182,17.517553267877304,-2.583419479537094,2,D06_px-1055_py-0118,0.32526830269131685,2.583419479537094,2.1759164558310555,0.9886598652920802,1.4724802824646244,3.1030842312810507
-147.5054958431025,-188.1822151481921,263.1202890532198,0.5335307453338933,10.05137028331376,-2.8425876392052283,1,D06_px-1055_py-0118,0.34498518218926,2.8425876392052283,2.889649496937262,2.9277173006551047,1.5786879506141789,2.4733847450167525
107.1410631227747,-191.9038581836011,263.93427590098923,0.496121305045132,15.526057773230718,-1.6685781027972362,5,D06_px-1055_py-0118,0.3207959434500006,1.6685781027972362,0.8798688540279886,1.6174048819666291,2.5612984205244946,1.8326421642092199
51.82241106810369,-189.0623888301481,259.26672481090486,0.45680545456976,26.75641563740833,-1.910244544458353,4,D06_px-1055_py-0118,0.295374004868591,1.910244544458353,1.8235123445170225,1.8090156081440174,2.531244326720678,2.349758841271152
-63.085186918617374,-182.30744398114413,263.2904263529909,0.4444736818492919,24.01827199299328,-2.5109161354588387,2,D06_px-1055_py-0118,0.28740018349860635,2.5109161354588387,2.3652427638273417,2.525894467800435,1.8105047958043106,2.661346155173974
83.50791937548277,-144.74834135586443,262.9180580863326,0.3917802615099061,31.1715808039134,-1.6545013674946785,5,D06_px-1055_py-0118,0.25332820287716745,1.6545013674946785,1.886600627922805,2.332827523178315,1.3421894759059425,1.6738670293443985
36.73945586562424,-138.3269301007603,263.69933888616094,0.339155852141412,36.01577035374419,-1.918170775403909,4,D06_px-1055_py-0118,0.21930084529305927,1.918170775403909,1.281539187708272,1.6236276176404907,1.2129447714758483,2.1585024021596513
-100.4387152055937,-136.9420546030483,262.9055980575476,0.3975210144844007,30.50409561774916,-2.810593744102864,2,D06_px-1055_py-0118,0.25704021896645607,2.810593744102864,1.893941801848424,2.5404395083169224,1.345015459553532,2.1224094248479113
-35.987425563562894,-125.4643635517558,262.3740100729176,0.3127446107507159,39.894001625097815,-2.4571102736976758,3,D06_px-1055_py-0118,0.20222312858657093,2.4571102736976758,2.211021158514889,2.1437142559263718,2.0364193391285443,1.4746174733846518
-58.03500223046984,-120.3609027308672,259.9025553480529,0.3225123257430231,41.61287890972574,-2.6270619429670328,2,D06_px-1055_py-0118,0.20853901003419964,2.6270619429670328,2.3055952150896757,1.9748963150425571,2.147536343065933,2.5715802099973564
-103.02099862303136,-118.39274527061336,267.1149407355335,0.3648056120771314,29.7127131513808,-2.893859801347164,1,D06_px-1055_py-0118,0.2358861820930917,2.893859801347164,2.1368117247809795,2.7802647501235667,1.613447374018884,2.2984374358484008
-127.78056758826524,-112.11220000308992,256.197549816972,0.4071824938775048,36.63461557507014,-3.028395431450752,1,D06_px-1055_py-0118,0.263287407638895,3.028395431450752,2.5383946053295996,2.3758377795795007,2.2932353363840465,2.553417179783382
24.946627787691025,-116.15570730551669,264.29878336247214,0.2842672490118168,40.2946281617335,-1.96622064538444,4,D06_px-1055_py-0118,0.18380944218951922,1.96622064538444,2.15081232330935,1.8954812915925667,1.094343320777849,2.440660302991364
201.8975001954446,-111.17177011029884,264.57921761936035,0.5152193965552632,11.594375071223965,-1.1103099083301378,7,D06_px-1055_py-0118,0.33314491984304145,1.1103099083301378,1.570750918488912,1.350977524527316,2.333225605728268,2.555706265954102
-144.1001718721298,-105.9862457197527,257.8191241577693,0.4236703057847537,32.81915227651757,-3.1144132822630053,1,D06_px-1055_py-0118,0.27394855668132706,3.1144132822630053,1.6365380991822296,2.9872621147989036,2.2805090754208157,2.393583421941464
110.2282903170518,-100.02037188026432,259.0413013127152,0.3574423131024154,39.125157887565706,-1.3438641458846183,6,D06_px-1055_py-0118,0.23112501498037608,1.3438641458846183,2.051149127569153,1.4613274282624196,2.4773680049743545,2.371955044947158
197.768235918858,-85.01126224808742,261.5386339502982,0.4912520349226587,19.02837288229369,-1.0129534914197618,7,D06_px-1055_py-0118,0.3176474350369026,1.0129534914197618,2.9344224951145836,2.852259278575426,1.1158799619692483,1.7303488493675037
-121.95917760184712,-70.83857752151674,262.96985181882945,0.3354419613971476,37.15228424194447,3.060824068256112,19,D06_px-1055_py-0118,0.21689941428604348,3.060824068256112,2.6633450396140157,1.321005592117813,1.5023418922793124,2.7839700942735823
171.09940947840337,-70.89213781450631,262.7540739365697,0.4296174922108012,26.6252908206979,-0.99978058648142,7,D06_px-1055_py-0118,0.27779405426632475,0.99978058648142,1.7440564527147913,1.3109124077844556,2.0267758449051643,2.3250703148698717
179.03691453065798,-60.15581354636144,259.0232162080634,0.4426016024743083,28.99978426962707,-0.9311252033785709,7,D06_px-1055_py-0118,0.2861896822296546,0.9311252033785709,1.0426119331706927,2.724329943943566,1.596187466688598,1.7230582128869538
-123.91433211045916,-53.543673112019405,256.7048899228777,0.3293521195097222,44.35794615411135,2.9424841035773857,19,D06_px-1055_py-0118,0.21296167455611947,2.9424841035773857,2.5987783584723494,1.8384918108510402,1.8782592063599703,1.7929444134973116
154.73414834790393,-48.94737277948908,263.6215745373949,0.3806397479000171,31.699614008385023,-0.9133517160438884,7,D06_px-1055_py-0118,0.2461246590308156,0.9133517160438884,1.3626640312605387,2.6766455867410293,2.5347876821127517,2.279049192984294
-139.66734768422612,-43.61610523595975,263.0389151623837,0.3469466182398057,35.93884150288733,2.8373026774982537,19,D06_px-1055_py-0118,0.22433841601481075,2.8373026774982537,1.242939600817477,2.4473858601358334,1.330211200502145,1.3606153986555043
245.17336321851505,-34.89101743937243,258.74859464747726,0.5565135731821159,10.911801844333525,-0.748341929013716,8,D06_px-1055_py-0118,0.35984605969591904,0.748341929013716,2.0148670759682625,1.867934704171632,2.847546891876372,3.2030331506242264
-70.21325355792074,-31.368695776857816,264.1445334068477,0.1870264875346546,46.811310457295406,2.9547720399457016,19,D06_px-1055_py-0118,0.12093279991949016,2.9547720399457016,2.127186323786934,2.4434201396358786,1.7416099377192873,1.770725815079789
-173.74863190327443,-18.13630212883464,263.16732578709605,0.4073424886322634,29.02447223607481,2.63861889177426,18,D06_px-1055_py-0118,0.263390861507491,2.63861889177426,1.8411319251200569,1.8234175170428801,1.3103135708186313,2.365532688420824
131.20942482723387,-7.873871758634655,265.9714046138605,0.310823609306127,36.28622373622585,-0.6669176068409715,8,D06_px-1055_py-0118,0.2009809939220867,0.6669176068409715,2.8741898216005297,1.885032418394588,1.8353856072304566,2.149325626589247
-244.1726045330512,-4.576667620427595,267.3502760692826,0.5358135708952694,4.718528878569771,2.553354502597456,18,D06_px-1055_py-0118,0.34646127517749964,2.553354502597456,1.9966651649946117,1.679317154731882,1.4422802389847829,1.5671217291706467
77.88137413488654,0.1991396604382071,262.5082479425448,0.1905051168380206,48.2990293423548,-0.6044225760962432,8,D06_px-1055_py-0118,0.12318210902582778,0.6044225760962432,2.272640071894692,1.9955743019256653,0.9230642506063502,2.4714036543511284
11.472576366406797,8.91154877247905,262.7787379471938,0.0359181772647742,52.695553033045655,0.0534351695476581,10,D06_px-1055_py-0118,0.023224976322291604,0.0534351695476581,2.388887334908433,1.4223961289921154,1.359671172700771,1.354032320957462
-224.70404623895712,16.70388785293889,262.6725540391478,0.5086432001865745,14.89883505014194,2.460412318466475,17,D06_px-1055_py-0118,0.3288926994748514,2.460412318466475,2.2517258323195044,2.3163609527055495,1.7103773812513332,1.9678967913873646
-240.79779055865785,25.45730071046356,264.0262108154109,0.5375603374777584,8.265113230829456,2.4292837188277514,17,D06_px-1055_py-0118,0.3475907482078214,2.4292837188277514,1.7434079734002652,1.2640897402794424,1.945206461522728,1.4956409144368252
-217.5349648522312,28.68836597678016,263.5568884848282,0.4960179869561716,15.971939544057136,2.403490464023322,17,D06_px-1055_py-0118,0.32072913715991297,2.403490464023322,1.8106302742790714,1.9707570656753077,2.3738263836213194,1.7453536644840821
-183.3565446775117,29.7203667683892,261.49105112277084,0.4325624901004017,27.624698144116053,2.373920140071959,17,D06_px-1055_py-0118,0.27969831309747234,2.373920140071959,2.4254776572532926,1.9354388285470694,2.452051174572767,2.548892337912203
-162.3519609548578,29.28570382954324,264.61986978505297,0.3850068199043858,30.122689132798826,2.3561482136244334,17,D06_px-1055_py-0118,0.24894844218527637,2.3561482136244334,1.9080158859910723,2.532427668926055,1.9535518437852715,2.6809595193521223
-23.07911039046084,27.52114778846921,261.3051684514989,0.089108373693337,53.29785675687975,1.6616525795977846,15,D06_px-1055_py-0118,0.057618176275757466,1.6616525795977846,1.4177163679568738,1.2726464657331515,1.883758089095731,1.5609882305956284
233.9639278591738,31.391109252626933,257.2231359157996,0.5378582592134715,16.132033591828986,-0.47360532763573,9,D06_px-1055_py-0118,0.347783386748659,0.47360532763573,1.9269151075931792,2.041985559669946,1.8448712325673289,2.147269826518358
-9.11120932902743,34.696112509613016,258.81000318868234,0.0898509558263144,55.78564888820557,1.220618951255735,14,D06_px-1055_py-0118,0.05809833573175165,1.220618951255735,0.9942854714024314,1.5434787483116232,1.9513545593492645,1.167100994333727
-104.79170237476208,40.16935609425183,262.67660692599924,0.2708823972945868,43.02632632987229,2.1685632327746176,17,D06_px-1055_py-0118,0.17515469164584613,2.1685632327746176,2.2822898936193186,1.947983847041135,1.1390367238057189,1.2783980394853764
-169.5857012383007,41.75153215773347,261.2909788610048,0.4098617656527473,30.75745240990972,2.293216713675752,17,D06_px-1055_py-0118,0.265019845871556,2.293216713675752,1.8774042888640312,1.1721020565996498,1.0583924628636492,2.731289645195939
-94.5953079944431,50.655494436010976,263.4037452617184,0.2588538785904319,43.162139316090645,2.0429728692019338,16,D06_px-1055_py-0118,0.16737695671133385,2.0429728692019338,2.211339322977179,2.544495830364988,1.848158965758845,2.58264994481769
217.871780015804,62.460506739243485,253.70390705765328,0.5260941684929374,22.268267668296403,-0.3277829239247352,9,D06_px-1055_py-0118,0.3401766330310741,0.3277829239247352,2.225958679099433,1.579156230655982,2.3071753306595504,2.0964019375876886
49.62763143966946,68.98566424719337,258.10234715209947,0.2108362030434074,51.69676543232288,0.3401952679222413,11,D06_px-1055_py-0118,0.13632834950027592,0.3401952679222413,2.6233194961334867,1.8503875949195239,1.968339826056741,2.25556229579696
206.34557834794472,71.4332213837594,259.9926094855438,0.4997024237558183,19.432030996148,-0.2737096724981017,9,D06_px-1055_py-0118,0.32311152301435037,0.2737096724981017,2.0543752770295027,2.910874726339757,2.19060200505961,1.986499544055499
-40.18402317344977,75.10263850045301,261.03778707427466,0.208999310327804,48.79930517634631,1.455113363400811,14,D06_px-1055_py-0118,0.13514060020242058,1.455113363400811,2.3758863613690253,2.2350228076780128,1.9852935478497153,0.8000259691603675
-157.06910658795536,82.6311114236644,261.9645105645136,0.4148158258704405,29.403491804475777,2.0503188762301967,16,D06_px-1055_py-0118,0.2682231802280567,2.0503188762301967,1.9966536108241255,3.0439561732294855,2.0282475115089307,1.973768589603548
141.51558172784138,83.61294866155293,262.0441999549587,0.3871451194098206,32.65594477782298,-0.0733231677618285,10,D06_px-1055_py-0118,0.2503310834874116,0.0733231677618285,2.2016244264047646,2.500613045787217,2.4702332350044545,1.4746611164417285
155.78912722712673,94.25569900722088,264.8416863040013,0.4202619720832065,25.559680899315023,-0.062876270842328,10,D06_px-1055_py-0118,0.27174470126479583,0.062876270842328,1.5220401728442137,1.0119603381570528,2.000025305314666,1.3896756179490533
76.49824166807215,103.4261007790312,262.4479402403961,0.3084387982150234,40.19725558603034,0.3269781209743275,11,D06_px-1055_py-0118,0.19943895628705505,0.3269781209743275,2.7524470083822106,1.4045861289991088,1.0115302361257597,1.9117378573284531
-15.544256621001557,106.76620713694572,264.2907279845537,0.2593732472620948,42.2069458402633,1.1083925278701257,13,D06_px-1055_py-0118,0.1677127845851425,1.1083925278701257,2.1412915939188846,2.553363392107004,2.1046070594647155,2.7343589856895907
-120.20268082950784,109.1827490200806,261.8153383804962,0.383221356601054,33.35253424005873,1.7972191656205228,15,D06_px-1055_py-0118,0.24779394755047013,1.7972191656205228,0.4341787086745865,2.3026078573687965,1.1695504078924555,1.9375999602714575
194.9762038250496,117.5966101245698,255.15927096790503,0.525609897510236,20.668243096566243,-0.064259435929886,10,D06_px-1055_py-0118,0.3398634995993884,0.064259435929886,2.6277308381854168,2.334466915777399,2.630718534251379,1.9873221708078102
-178.45361144408636,121.3228203101018,264.1796016331262,0.488090295487604,16.537654555511438,1.9375347015034072,16,D06_px-1055_py-0118,0.31560302941533963,1.9375347015034072,1.6356360396702563,2.015383209316516,1.8061024428774168,2.5973265186056325
93.2991143512978,122.11863204215064,263.52952786316024,0.3623213770798718,33.8171982099891,0.3114132512641565,11,D06_px-1055_py-0118,0.23427985617724553,0.3114132512641565,2.806643471641115,2.7203486519058084,2.2696523137722595,1.3369280383304578
130.13361145104332,123.5279479993286,256.19592578764366,0.4271921844724396,34.150941753069446,0.1523832682605392,10,D06_px-1055_py-0118,0.2762258311802117,0.1523832682605392,1.198168510870931,2.5674884161068325,1.8577448224234927,1.3490073014828798
79.91261818205028,126.14047021491449,261.6489253003453,0.3552202025315476,36.57251785950791,0.3991135768389796,11,D06_px-1055_py-0118,0.2296881807832095,0.3991135768389796,2.506110134984918,1.615965577497062,1.3603308956899107,2.219611709844451
-97.14058838455108,129.8417390662211,254.7999486751632,0.3922334021606501,39.90357038678337,1.60613034011121,15,D06_px-1055_py-0118,0.25362120719101716,1.60613034011121,1.6148559829471956,2.1036493355307853,1.963603185448011,1.7990495745514798
-176.80187225072262,144.94031590456075,261.88534298651336,0.516128575461918,14.53498871994998,1.847921360621755,16,D06_px-1055_py-0118,0.33373280208506423,1.847921360621755,1.928282644243576,2.203701263121143,2.0015251220421773,1.487254959217038
157.55277555339873,145.98502980228938,256.3184574593889,0.4987544056898587,23.76894990393833,0.1403273286819943,10,D06_px-1055_py-0118,0.32249852706601173,0.1403273286819943,1.2130344924229894,2.1178668498546624,1.4086452589301102,1.7930902136896953
26.466727454384927,146.32171749943643,261.7207539957733,0.3537606939424385,36.64666179013699,0.7848712396455001,12,D06_px-1055_py-0118,0.22874445103394173,0.7848712396455001,2.2053236249989165,2.431359928452328,2.357550025318853,1.7392621878844192
-79.36562170122609,148.63884225073994,262.7839046138605,0.3948949065171822,30.949013247782943,1.4542536407676905,14,D06_px-1055_py-0118,0.25534215687079825,1.4542536407676905,2.300565069143425,1.9811993184564707,1.8173267480773747,2.2108019976303113
-36.97085408865029,151.2445367126624,253.7776033596396,0.3794611153753533,42.4311281772853,1.2035597000446647,14,D06_px-1055_py-0118,0.24536254595708662,1.2035597000446647,2.4792710130391766,0.7636598785323585,2.053936438313028,1.588657903823262
71.10525790374061,162.69765119158058,262.1898306270556,0.4146618909823574,29.17670732357413,0.5517931546540663,12,D06_px-1055_py-0118,0.2681236447169824,0.5517931546540663,2.194243630988197,2.319056379184195,2.348415764039584,2.3236970993105963
-13.195344285723491,162.4606161137633,261.30199731353525,0.3852032063570029,33.68018332123262,1.044860696151554,13,D06_px-1055_py-0118,0.2490754272123402,1.044860696151554,3.0094045345701272,1.109442995317976,2.2411824604396413,2.29550004186094
-143.6481053909256,167.85715373779487,263.1244714265659,0.4995902259702868,15.882231928642454,1.6716545191672454,15,D06_px-1055_py-0118,0.3230389750425206,1.6716545191672454,1.8156377839062285,2.713995484680358,2.321969980948663,2.4748132012369153
-47.05448252538312,171.89361317630852,262.6428145355315,0.4153953843191612,28.589020151062183,1.231012975070353,14,D06_px-1055_py-0118,0.2685979272857845,1.231012975070353,0.8820272519142918,1.7620756640578892,1.3787127143254625,1.85922385170767
130.98466373376334,181.5370011113824,249.7229669015932,0.527585354520367,26.62112039399597,0.3387858503318921,11,D06_px-1055_py-0118,0.34114084566146136,0.3387858503318921,2.471469649412903,1.9135779416650942,2.92838333433402,2.352778402876696
18.765574887245467,190.99234960777025,259.9316630320281,0.4474437307729211,27.32940980712425,0.8658781244856085,13,D06_px-1055_py-0118,0.28932064052566675,0.8658781244856085,1.4052949853491414,2.677392214256876,2.25983820110414,1.850422478884119
-137.43937034005904,190.83505644469588,249.6088399013937,0.5494981787216431,22.946035739455223,1.5879714243036078,15,D06_px-1055_py-0118,0.35530985038231866,1.5879714243036078,1.7824480528667563,2.402313193009615,1.5665359522901592,2.719551015017733
-20.760271412375285,204.93368957794263,262.4506905433573,0.4717328753815325,21.01440109390063,1.0647747700546306,13,D06_px-1055_py-0118,0.3050261927385558,1.0647747700546306,2.6730429123185133,2.1585427364059653,2.6215757330728016,1.430029024985953
-47.275206207534055,223.1056398995773,261.058335069496,0.5164344395427101,15.43374305041192,1.1726242710404515,14,D06_px-1055_py-0118,0.3339305762087863,1.1726242710404515,2.483073447070815,2.547475718716088,2.5921929298216737,2.0683829595544934
67.39813549104286,230.4587429116732,263.34031134815183,0.5350091428163659,9.528184205006257,0.6792990146365082,12,D06_px-1055_py-0118,0.34594112564575147,0.6792990146365082,1.7653729810076568,2.692937363145672,1.3425350261011522,2.566876227333978
-11.409056589692804,-234.76494556901508,263.74054434062907,0.5250382883575069,10.848909303175276,-2.22633544024838,3,D06_px-1055_py-0118,0.3394938926190598,2.22633544024838,1.4892836325027212,1.240178953962503,2.3323608939424454,2.3428874771760686
-97.36120047936107,-220.93540253000464,261.6568862299656,0.540250003315614,10.533171109709883,-2.5928499732087564,2,D06_px-1055_py-0118,0.34932990732323493,2.5928499732087564,1.8213567950912246,1.9288356309783643,1.7173317062150275,2.342321299466664
-19.097683478881454,-171.0263109321622,260.8202970189238,0.4051441030450193,31.849163140770884,-2.2889803565924063,3,D06_px-1055_py-0118,0.261969368071601,2.2889803565924063,2.144052481208537,1.6785404827030863,2.694006712026924,2.522073667599117
134.34045014955552,-172.9042175920727,262.18031700056747,0.4973343536199281,17.32437768911052,-1.5172395838256834,5,D06_px-1055_py-0118,0.3215803102128168,1.5172395838256834,2.7220538975040713,1.7560571289870957,1.9882782193494033,1.9347230081835094
78.76692942975052,-171.79104312783238,261.6836320281907,0.438893690645259,26.561723510569266,-1.7478723142696877,5,D06_px-1055_py-0118,0.2837921172363087,1.7478723142696877,2.1584791700990076,2.333035481311553,2.3002955652572776,2.202493606023298
-171.35461530865194,-158.2141873805924,257.4228144829441,0.5322185581588789,16.899807275311446,-3.003024490746686,1,D06_px-1055_py-0118,0.34413671162669573,3.003024490746686,1.3201288632892738,1.5264817724569713,2.08582741418598,2.3882928390252145
-81.81368690891662,-157.20566318646777,262.5819579382692,0.4134127701244994,28.905708775487767,-2.657629280568678,2,D06_px-1055_py-0118,0.26731595333182173,2.657629280568678,1.3468069332737755,1.4449067339896078,1.6156328743451642,1.5430681519017166
-71.61349668242057,-146.7802205470134,262.1764219148986,0.3847291946467831,32.79094642414441,-2.6316935425604515,2,D06_px-1055_py-0118,0.24876892750704643,2.6316935425604515,1.8108539265675074,1.6556943861051217,1.9554023894541794,2.3219850354897096
-0.381680535258773,-136.3529358271102,262.92469003480505,0.3251293466379847,38.18285415216366,-2.18057506156524,3,D06_px-1055_py-0118,0.2102311963573635,2.18057506156524,1.5317780566564119,2.4512784266751497,1.8167557844285342,2.2283515337279436
-160.0532630684038,-129.5197575859024,262.1208265791784,0.472068379203585,21.334319752617432,-3.0682290249246,1,D06_px-1055_py-0118,0.3052431321524288,3.0682290249246,1.741141690834558,2.6799604822217984,1.5109322667949354,1.2637731390802216
-84.68260259131196,-128.6362034399103,263.4109326374593,0.3631766804700592,33.85256574706739,-2.7599713040356426,2,D06_px-1055_py-0118,0.23483290208597987,2.7599713040356426,2.6559652982794395,2.0459836358497814,2.314154816618987,2.0325512090515923
214.5993589683904,-119.94871567119344,261.7948676218494,0.5480335466071049,8.931161710605124,-1.1166624990754477,7,D06_px-1055_py-0118,0.35436280772115397,1.1166624990754477,1.7415978464417867,2.3141941398577686,1.3370016681745072,1.7659905411673946
-177.05134069776668,-115.27384943397018,262.5368024387031,0.4819349707141094,19.36030834391965,3.1117442691703454,19,D06_px-1055_py-0118,0.3116229479355194,3.1117442691703454,2.1663381515067863,1.0897781658763717,1.4361523215146015,1.3888559331284038
87.54881973027803,-109.94718836635109,260.4532580317604,0.3373459744089588,39.633711896641785,-1.5053069248083606,5,D06_px-1055_py-0118,0.2181305640960874,1.5053069248083606,2.1571128854458133,1.941754784464878,1.3968392734209751,1.905339197263809
76.07733076505707,-103.297497503732,262.09938726028133,0.3080276865145483,40.59907489212537,-1.54297889251638,5,D06_px-1055_py-0118,0.1991731282234825,1.54297889251638,2.3053133175432503,1.9261253104791047,2.0862535977636316,1.9829361028405144
-76.0422289293322,-101.4068982927235,261.88468236904555,0.3047938867268923,41.10540643232201,-2.8211952651560765,1,D06_px-1055_py-0118,0.19708212781035742,2.8211952651560765,2.3648512394675807,1.9289206432019568,2.0918093108650213,2.7922301806835144
-113.3269804755292,-94.69009908087357,264.14832212471435,0.3485626999797415,34.5945500477153,-3.0525284860489963,1,D06_px-1055_py-0118,0.22538338719662254,3.0525284860489963,2.354082481122627,2.2571258730121926,1.7691195303621259,2.5160639207799105
-199.24115779452825,-92.39996137682466,262.5007201649425,0.4980937320318601,16.836547604598422,2.9688502759291664,19,D06_px-1055_py-0118,0.3220713302750758,2.9688502759291664,1.77490868866735,1.7328626220952934,1.952710206964375,1.28649981782794
-203.1938735876796,-77.38816472614347,259.3624514458164,0.4989317365961297,20.274158920502543,2.898510310970001,19,D06_px-1055_py-0118,0.32261319062672067,2.898510310970001,1.915822330544223,2.294719829041777,2.652828766153903,2.4421543789897933
8.184111640374217,-64.20582584837287,249.3660467434273,0.1671396952519361,62.7537293639318,-2.0509927494850877,4,D06_px-1055_py-0118,0.10807384339483835,2.0509927494850877,2.468686995418228,1.1921573217881116,2.6500764500765888,2.1210679656776428
-136.30069826671684,-63.37290405770956,264.3849266264391,0.3539841020772607,33.78336261508639,2.969829045962705,19,D06_px-1055_py-0118,0.22888890849355067,2.969829045962705,2.104407264491638,1.863383218441792,1.5785318806388005,2.114088220055999
48.83414050132151,-53.10563416973633,262.3852956055335,0.1768569439200623,49.10093227477955,-1.4342553270590936,6,D06_px-1055_py-0118,0.11435709291976297,1.4342553270590936,1.5613698510536027,0.9731602230177439,1.8541308343062561,1.991991432330635
-47.84815737408394,-48.44596071000235,257.63477652,0.1701309470391985,54.23505029042474,-2.956966003633024,1,D06_px-1055_py-0118,0.1100080103605244,2.956966003633024,1.7312745739761182,2.80480190703269,2.2915252633899783,2.266272116169597
32.24711298256824,-49.52836789418755,263.0790750684059,0.1449985617968977,49.7748146860539,-1.6006391880585178,5,D06_px-1055_py-0118,0.09375721211226268,1.6006391880585178,1.721052583263227,1.788607762450599,2.2956592848116566,1.831090921831347
18.03841343873824,-42.34096343716951,259.4953772166002,0.1147752631961972,54.42986700944681,-1.7750352586732203,5,D06_px-1055_py-0118,0.07421458918882098,1.7750352586732203,1.5289838188977933,2.2027762157209114,2.214308546797652,1.2445052427298675
-130.49504321928055,-31.22814788114973,262.08548544828034,0.3212521427469333,39.4273865709585,2.7695010794267105,18,D06_px-1055_py-0118,0.2077241657833294,2.7695010794267105,1.266636250900193,1.2279913061880714,1.626626269959763,2.1049994040276108
23.69021302977645,-8.02011492682849,263.3395055040682,0.0616562350486436,51.8030486135898,-0.9334098879757126,7,D06_px-1055_py-0118,0.039867407206399495,0.9334098879757126,1.67125237961372,2.3711975587293375,1.225251287405033,2.4868384244158426
204.84468327063848,-4.934596241131342,256.69579214170017,0.4786168930043342,26.4524553735867,-0.6310643261098998,8,D06_px-1055_py-0118,0.3094774527541526,0.6310643261098998,2.2149192896277103,2.39212233610325,1.030163667461535,2.2647127485144036
-226.64164742076065,-3.706272823765,261.7583764448464,0.512672892051208,15.268173791923914,2.550964672941177,18,D06_px-1055_py-0118,0.3314983299736471,2.550964672941177,1.6729211124836896,2.140181366108779,3.200288113075131,1.6394869528737313
25.63330919780076,8.054114138666627,262.27356067135537,0.0664916782291961,52.78948448550591,-0.3025421008343009,9,D06_px-1055_py-0118,0.04299404285241978,0.3025421008343009,1.5680934319435096,1.9718674481690814,2.0870144309757084,2.2383598818382513
48.39896032731994,10.05356444091481,263.01632500809853,0.1215607034378987,50.67223049067008,-0.4021694123941277,9,D06_px-1055_py-0118,0.07860210829337186,0.4021694123941277,2.246437876814954,1.7121239391470775,2.0439694416584313,2.095440651512025
231.5757118508055,10.773235436692122,260.3531675877288,0.5246698456982616,14.827754842194622,-0.5604916102114009,8,D06_px-1055_py-0118,0.3392556546936213,0.5604916102114009,1.7452090958243152,2.6314563428626734,1.5601990589145314,3.483671369131873
174.43808233518553,11.723818744930949,262.5154817488467,0.4085352309003405,29.5869857583416,-0.539871398735013,8,D06_px-1055_py-0118,0.26416209805244384,0.539871398735013,1.8846934085658051,1.521657096250239,1.9480362623740208,0.8239279940940711
63.221653898221504,17.471938891182983,261.62780499884605,0.1615386015100675,50.56501953646182,-0.3373493414068058,9,D06_px-1055_py-0118,0.10445213206536585,0.3373493414068058,1.983119600675447,2.613642067704026,2.5208489281527386,2.5455093160798423
-198.75601426914287,20.910918213254053,263.02413468871737,0.4587460131387468,22.289392865676803,2.429789764092877,17,D06_px-1055_py-0118,0.296628785323749,2.429789764092877,1.9478142844537372,1.7330798840914343,1.5026186029546038,1.5733255040965899
-39.52320726399133,29.71194036598805,259.6215110251401,0.1231679778442991,54.04057886913751,1.8899869833414675,16,D06_px-1055_py-0118,0.07964138458395034,1.8899869833414675,2.6025252314631317,1.9947557727327112,1.670907929628608,2.2556140718891204
-130.58112242242942,35.21046504420103,256.75742357120646,0.3298725504972796,44.254115927714224,2.2712327791088045,17,D06_px-1055_py-0118,0.21329818933175262,2.2712327791088045,1.8680211127359891,1.7754148933971352,2.458338427145363,2.965980821078567
170.9893114091419,35.87873183747608,261.74913269972814,0.4093542456589595,30.320802900409262,-0.4001499128608901,9,D06_px-1055_py-0118,0.2646916794461854,0.4001499128608901,2.1143962311486604,3.075802420382148,2.306931407627373,2.6486116002640085
-198.5035343116163,39.89974221841538,262.1308892392394,0.4653019908369347,22.32961774311974,2.3362536334998296,17,D06_px-1055_py-0118,0.30086793214034463,2.3362536334998296,1.7465987165206915,1.6519076919878577,1.782317474285291,2.093989767652671
-212.2922940116765,42.268458948794624,262.835731977459,0.4914948944354143,17.518567451218132,2.338078278833407,17,D06_px-1055_py-0118,0.3178044699106885,2.338078278833407,1.9939196271192428,2.2922661693862505,2.058504905240273,2.4133985566077434
246.6782706291687,43.49670391949478,260.0025607036607,0.5594641594578942,8.87054895231148,-0.4324439753839331,9,D06_px-1055_py-0118,0.361753932021585,0.4324439753839331,1.5054111450924827,2.379942729267741,2.046695013023197,1.6280116427859714
-16.638319238791066,48.22844058150229,260.16910500807865,0.1267779890266322,53.36988589018762,1.296021215189667,14,D06_px-1055_py-0118,0.08197564624803318,1.296021215189667,1.7737371694300195,2.3474504819963937,2.1420794782934145,2.34919369969115
60.01301675342295,55.64351880993233,261.1648737149841,0.2009383065808952,49.116412061272,0.1406566425535994,10,D06_px-1055_py-0118,0.12992829168866235,0.1406566425535994,1.9163100745708601,1.6932621453831977,2.242465315724553,1.3850812738894187
-66.58978709416479,56.32917865993713,261.6972138724752,0.2133371418928927,47.87633432979538,1.8324964562610504,16,D06_px-1055_py-0118,0.137945476258536,1.8324964562610504,1.478170631158866,1.6605348233828279,1.779794904646943,1.3154984117034538
-233.0223202642439,58.31874093646984,266.7482752591195,0.529563553034701,6.559606587339317,2.2893793683324146,17,D06_px-1055_py-0118,0.34241996440174494,2.2893793683324146,2.4208128280736587,2.171426258739376,2.418629564824621,1.6381220815497965
32.83240810530821,68.8592709253781,259.66163421206363,0.1886919285845976,51.29009067520013,0.5188972037985397,12,D06_px-1055_py-0118,0.12200968721992211,0.5188972037985397,0.8950125012139571,1.1768330122871653,2.6888952894871627,2.795973946258261
-114.87553687186112,72.3728064735743,260.6380909764225,0.3264836059746178,40.47000080624224,1.9724187861488884,16,D06_px-1055_py-0118,0.21110687111100396,1.9724187861488884,0.5611556553286916,2.447610517997872,1.8847370557319465,2.2262470683013786
-131.23209863812465,71.46582392201691,263.339947300103,0.3533558143960008,34.962528361523255,2.0359439068604166,16,D06_px-1055_py-0118,0.22848265273025614,2.0359439068604166,1.2043603472044242,2.201509432207816,1.5270809026974006,2.019398165218858
-163.67992382716653,72.87471718130605,264.3096740679836,0.4150270993024391,26.81412660128268,2.115735529521886,16,D06_px-1055_py-0118,0.2683597912932431,2.115735529521886,2.0444120072743743,2.25417616300569,1.3649874138390976,2.0844641421889003
125.85705697549552,76.27529466826786,258.9963272881408,0.3538005948961806,39.54686230690936,-0.0621255507995351,10,D06_px-1055_py-0118,0.22877025130490386,0.0621255507995351,1.2911871987304644,1.7376919654263916,1.3839624472827792,2.296378346971932
-229.9926796564101,88.0234901524172,267.19350546949494,0.5397420501170772,4.171926755347158,2.169088846073642,17,D06_px-1055_py-0118,0.34900146078426153,2.169088846073642,1.3933716303433692,1.2523137494247374,1.820244245389539,1.8853134496919663
100.51819094974016,90.03677967525688,261.36875704441604,0.3237884748025033,39.949175451925385,0.1234693440147755,10,D06_px-1055_py-0118,0.20936417806741187,0.1234693440147755,1.861822863360833,1.6322271245456208,2.4692580427903588,1.9008205158808313
-129.14007691337903,91.9324001781017,261.2517660596436,0.3756714122120986,34.806976316632074,1.9159575883059723,16,D06_px-1055_py-0118,0.24291209404282918,1.9159575883059723,1.9958007732536893,2.3695886711272505,2.248648049519325,2.5810125964116737
-163.6868627095652,96.84614711313309,263.0522977324549,0.4393281383468602,24.99045309453373,2.000352263510771,16,D06_px-1055_py-0118,0.28407303454201105,2.000352263510771,1.6344737816413888,2.022966685900598,1.905519987099077,2.4799001312340296
-30.334033470277813,107.08448788321256,259.9061964575308,0.2714737171345242,45.8572325283476,1.2398570069624602,14,D06_px-1055_py-0118,0.17553704371177112,1.2398570069624602,0.9917544397034259,1.8075435641881719,2.5594348945574437,1.468890328657504
107.4696571546272,111.20439606570244,260.7558127931763,0.3679446596193675,36.18340021028792,0.1954959929937429,11,D06_px-1055_py-0118,0.2379159149580297,0.1954959929937429,2.596345432120866,1.6876362156745817,2.734157139111667,2.5911374124914817
-165.8561223632765,110.83660651919234,262.28431025539817,0.4591264424874133,23.05953471607478,1.9455016077586271,16,D06_px-1055_py-0118,0.29687477393697825,1.9455016077586271,1.785576335029695,2.5286852382092615,1.6591564989146323,1.5316770536012818
61.73116628118718,109.49509021524084,253.25670016833044,0.3120699993212422,49.53410236895672,0.4504553537316152,11,D06_px-1055_py-0118,0.2017869195228209,0.4504553537316152,1.9872909388249114,2.1158516594083556,1.3627978597540822,2.884933821499157
-49.69074164125608,117.37667520926072,261.57830116558466,0.3067350258397924,41.258514037554,1.364284179772815,14,D06_px-1055_py-0118,0.1983372836497823,1.364284179772815,1.2412923068389947,1.9681595225362853,1.648100647949217,1.763249858998804
-136.36338651923464,119.64870674046796,261.79238582471646,0.4232098757425427,28.520117600628,1.8144110620244585,15,D06_px-1055_py-0118,0.2736508389895413,1.8144110620244585,1.732715093661151,2.08592372101901,1.371433246381132,2.0640703370199063
41.16333267023781,119.94576179714876,261.87626255844134,0.3049422698450598,41.10141417767852,0.633227990028543,12,D06_px-1055_py-0118,0.19717807350327674,0.633227990028543,2.4750891243572397,2.286477852851731,1.4133636593937218,2.144226365002944
56.555171887948745,123.70358363642472,261.14040971590134,0.3264485424768264,39.94294082473726,0.5350055881045827,12,D06_px-1055_py-0118,0.2110841987771609,0.5350055881045827,2.4211401191838178,1.6666259281114457,1.252376120783234,1.6513904376932371
-193.37430707733017,130.32739493621963,262.80099172557186,0.5231621821500122,12.263886245593142,1.9415752576170031,16,D06_px-1055_py-0118,0.3382807875684898,1.9415752576170031,1.1320522474951527,2.263429486637833,2.1762796666104753,1.9108208073764585
214.27612902153712,145.8888748155544,260.5045488316276,0.5741282884653475,5.396084951426474,-0.009225143949855,10,D06_px-1055_py-0118,0.3712358733371078,0.009225143949855,2.3271320047454527,1.495798318360337,2.5554876898086234,2.674177216396802
170.94215430957055,138.62837675093854,245.9276126370952,0.5268597268696555,31.133981166463,0.0744126783505351,10,D06_px-1055_py-0118,0.3406716491072392,0.0744126783505351,1.242744234574535,1.4539582742896944,1.47784687469332,2.2827219071827773
55.67163368808993,155.81406448171876,261.9576009328789,0.3895777202631147,32.467766782867955,0.6206576584687836,12,D06_px-1055_py-0118,0.2519040223590828,0.6206576584687836,0.8393983165161012,2.3038765909345313,2.1001219803029665,1.381420888645502
40.65735540069157,157.70350138421838,262.41041915344044,0.3834428441166126,32.68564025407795,0.7115022540264077,12,D06_px-1055_py-0118,0.24793716312253583,0.7115022540264077,2.0633782162128833,2.802143478704178,1.0981976035574679,1.7003174506148147
-113.55377108440148,163.0037708484063,262.4333861806808,0.4572577143222645,23.162927892194432,1.572279307746825,15,D06_px-1055_py-0118,0.2956664395867008,1.572279307746825,2.8168477320907375,1.5678323076167668,1.7583774283022573,2.6884088420957375
159.24495892618185,163.14465425771127,260.1479868923415,0.5177870856406442,16.250386520497557,0.1905142605465262,11,D06_px-1055_py-0118,0.3348052078295777,0.1905142605465262,1.9254517757009182,1.7521744231586434,1.8639343090038305,1.5108024958914785
-121.18544333042256,180.0391004998108,260.6342970839911,0.4960950433803928,19.28265338688925,1.5562643296116925,15,D06_px-1055_py-0118,0.32077896245073506,1.5562643296116925,1.384906376088593,1.8324573699408768,2.3214671119490724,2.819315678511198
-31.38641030990601,184.90337948327675,255.40046050100105,0.4453352407374796,32.64112447654941,1.1319590314187158,13,D06_px-1055_py-0118,0.28795727426161793,1.1319590314187158,2.077653860827534,2.7726742272370037,2.6810427415609257,1.2913333312266926
112.8845473562646,184.7156052062714,259.2142653991741,0.497326213362434,20.700576102650643,0.415256400739009,11,D06_px-1055_py-0118,0.32157504665820585,0.415256400739009,1.4080033012316906,2.2861302687623115,1.6319989737319545,2.4299136701934048
54.29138674564832,193.41036713575247,258.67083907826503,0.4674764206434341,25.88425954091417,0.6901538440011262,12,D06_px-1055_py-0118,0.3022739355797219,0.6901538440011262,1.3574833869462388,1.846428277635813,2.003106220498595,1.534383337649515
107.53623924910374,197.33275826680315,259.2777513630865,0.5130682187788269,18.04852286757836,0.4648599757881381,11,D06_px-1055_py-0118,0.3317539513494434,0.4648599757881381,2.0829138884551384,1.2250264496112282,2.41596762513896,2.4494627705625502
-94.5554387625615,210.17408746295533,258.0012595245748,0.5260511462560458,17.306390470367546,1.3865801060651777,14,D06_px-1055_py-0118,0.3401488145138432,1.3865801060651777,2.281516546853359,1.8771956831641696,1.3107876285238222,1.942862571181089
4.470786356213064,221.96141081801085,258.61080318674533,0.5089625813142489,19.49655446313602,0.9436773397441705,13,D06_px-1055_py-0118,0.32909921382755214,0.9436773397441705,2.587676821415279,2.4227791807994903,1.3107166450118477,1.9104165775934643
-78.49807506594962,230.27318348021225,263.3851734497605,0.5407105508118542,8.432973008846488,1.292353833106707,14,D06_px-1055_py-0118,0.34962770096172113,1.292353833106707,1.5485149333464263,1.9485095250533324,1.5922935734572394,1.72806832301311
-4.131160661574732,240.0033303535712,262.2334665535508,0.5367246697491449,10.504123310905868,0.9810280258540648,13,D06_px-1055_py-0118,0.3470503988725174,0.9810280258540648,2.9523296831094985,2.0938885849467406,1.6729121406465621,1.4787762395342807
-73.17023524316649,-233.5147920908149,259.4905741970613,0.5499063122070065,11.28235604394166,-2.481428580578032,2,D06_px-1055_py-0118,0.35557375270854263,2.481428580578032,1.8013957021511713,2.0936399017074905,1.4266781658816203,1.4281917518591856
-1.2555241439976654,-216.9045383888872,260.7275883594436,0.49571930138736,19.23683272346921,-2.183564165924606,3,D06_px-1055_py-0118,0.3205360047185776,2.183564165924606,2.1929867425837655,2.151015741314028,1.9572415836717165,1.9054944743360682
83.9237631276361,-190.4221662500869,259.77769088078503,0.4800578120419089,22.76114184662015,-1.76266194293055,5,D06_px-1055_py-0118,0.31040916235298105,1.76266194293055,3.2947483276582834,2.1398740119842183,2.57755450168891,2.4344218573405008
150.6802181844858,-171.33540113412647,259.3663358415732,0.5194351300613969,16.869069499191312,-1.4564333611453113,6,D06_px-1055_py-0118,0.33587084633255376,1.4564333611453113,1.5563362455727354,2.1043817735108443,0.992728707840449,1.7596970431396555
-87.4603007750518,-172.19782763476522,264.66829643960693,0.4428956361901085,22.71190607556912,-2.647728203735773,2,D06_px-1055_py-0118,0.28637980674619323,2.647728203735773,1.76535301535745,1.350146766777653,2.168102358820013,2.0037969544443883
-35.07612938864834,-161.7126078515826,259.6882335852543,0.3926696292636803,34.562800016423694,-2.3913712867612285,3,D06_px-1055_py-0118,0.2539032750716987,2.3913712867612285,1.9652770307246725,1.7410764153041631,1.3919757266323773,2.148633040813804
89.81025024356776,-162.11920546260038,260.09161571628425,0.4337524765992951,29.008411427596627,-1.6718847044297327,5,D06_px-1055_py-0118,0.28046776774036564,1.6718847044297327,0.6755833415087946,2.069464934498285,1.8056783789738513,2.5880374069408054
-47.01317839451934,-158.75278990405192,262.345942221752,0.3892839239454148,32.08216129398596,-2.465688353942185,3,D06_px-1055_py-0118,0.25171405134602565,2.465688353942185,2.4525255329203457,2.364990973710036,1.634916307896292,1.3665913851061147
168.24684585231054,-148.49917013299358,259.64304640490525,0.5118511540619418,17.833226564205347,-1.3301128264943816,6,D06_px-1055_py-0118,0.33096698771752003,1.3301128264943816,2.7659280286909786,1.5731571836497835,2.1868221047659544,1.6643512519847963
65.55129190668927,-143.5972133504686,260.86745272382615,0.3747317418476583,35.323865395054554,-1.7495345135115183,5,D06_px-1055_py-0118,0.242304495784042,1.7495345135115183,2.2776547671291536,1.3667191749887686,2.4186433962070986,2.360183691032346
47.33218171164384,-142.1853872735334,258.493101755246,0.3603702806445856,39.40708084591489,-1.8564237992176431,4,D06_px-1055_py-0118,0.2330182618547388,1.8564237992176431,3.0952437288241113,1.9659811135683918,2.4114619767772965,2.210779422371267
-116.83605578030296,-138.8175871498509,259.8807897271291,0.4260191356025655,30.2544335307382,-2.877403283893693,1,D06_px-1055_py-0118,0.27546732854164835,2.877403283893693,2.1286970094751294,1.8671665751464617,2.8855485333700446,1.9569203935175088
107.93186023962168,-136.474789595527,260.0301820433276,0.410259571524359,32.08307220501575,-1.5086356561594756,5,D06_px-1055_py-0118,0.2652770702813846,1.5086356561594756,1.5612104114512413,1.600094545853495,1.3733230663824596,2.0614470470911495
-16.651618556415034,-135.80234177478457,261.43380415461826,0.3278932243125649,39.49783249259036,-2.299783415806031,3,D06_px-1055_py-0118,0.21201834143091902,2.299783415806031,1.1913795954779243,1.5697853584916397,1.7024776101834704,1.7295497920228609
-129.64094595195598,-132.36895555384973,260.55185372799315,0.4329665905230266,28.605596548723497,-2.9527625413363507,1,D06_px-1055_py-0118,0.2799596076135639,2.9527625413363507,1.419616820786926,2.39833304754179,1.5727745428728963,1.984022586428151
66.64704941371147,-119.56414759715786,260.43764223762287,0.3292048183850076,40.42702391835656,-1.6692563029916825,5,D06_px-1055_py-0118,0.21286642848868892,1.6692563029916825,1.9336768449679504,2.1942880339145256,0.5783339703979142,1.6893957864037326
6.281125704477272,-117.13204366502876,260.68771599566486,0.2845409458884498,44.03494583824187,-2.1242028543966103,4,D06_px-1055_py-0118,0.183986416745673,2.1242028543966103,2.8316421788311854,2.5328924439728615,2.0901485267101956,2.108054218413085
-193.59594650941017,-109.6327649530111,261.57058108444875,0.5050425120430584,16.758654338834674,3.049882118252254,19,D06_px-1055_py-0118,0.3265644661610988,3.049882118252254,2.4204563572051487,2.0574440780387993,2.306611589909516,1.5692097555075986
-158.93594236933774,-109.58582757160691,261.18709376342065,0.4478778448731333,25.87649863645987,3.1382551381482524,19,D06_px-1055_py-0118,0.2896013421220835,3.1382551381482524,2.432850024581172,2.401683881013482,1.148491732022371,1.3871996952426007
40.25344108611141,-106.03714810566788,257.9223109582714,0.2784116886462466,47.39204920646284,-1.8149640834475989,5,D06_px-1055_py-0118,0.1800231907369019,1.8149640834475989,1.8161137698636434,2.2046496866963734,1.5997649494602761,2.2369008702277506
-208.78779595026847,-103.69240382927256,256.9935839028868,0.5327486607325299,17.304760723913034,2.995569245924724,19,D06_px-1055_py-0118,0.34447948012607355,2.995569245924724,2.1121909219518633,1.8108032035817827,2.1097834279071854,2.1147694249051883
-54.63984338667965,-102.96179025885984,258.3966182890742,0.2852182361285614,46.36862356355073,-2.6656657757690843,2,D06_px-1055_py-0118,0.18442435794948064,2.6656657757690843,1.406474855247946,1.4911008408334756,1.4501667003385315,2.558078515151731
138.22533012016055,-103.78123951580908,260.4845802895362,0.4072104454476832,31.962449755404293,-1.2510001317923556,6,D06_px-1055_py-0118,0.26330548134432774,1.2510001317923556,0.31822231898808573,2.015823516109351,1.5243541319932041,1.9456801242231352
5.571035240865722,-101.27857532564497,261.51180865426454,0.2469666195190202,45.9491190602501,-2.1228241918819286,4,D06_px-1055_py-0118,0.1596905613679587,2.1228241918819286,2.4564525042234027,2.403847457175167,1.7134187298063557,1.3679987255504609
185.0151059738585,-103.064183762451,256.8097279671539,0.492061784596572,24.26518260649385,-1.115225558530319,7,D06_px-1055_py-0118,0.31817102555389876,1.115225558530319,1.6245317367951566,2.3222339607182914,1.6285736508703461,2.006837472797468
-177.93745798340046,-97.24533030217913,256.8306580313158,0.4741498058630066,26.96672036331472,3.0347760816314446,19,D06_px-1055_py-0118,0.30658899902438347,3.0347760816314446,1.3056449941420545,1.927127740922909,2.273996118232868,2.325405712221605
-126.20087578009483,-96.3936227201601,261.4240954591369,0.3760543634298453,34.57925625985524,-3.096290444900194,1,D06_px-1055_py-0118,0.24315971331646868,3.096290444900194,2.6248998047207652,2.0711596924668045,2.2091192777202213,2.5262575638193425
-159.5497914943073,-92.48740375972488,262.1605258420236,0.4288631766340804,27.37771070909565,3.0599554653999324,19,D06_px-1055_py-0118,0.2773063078731898,3.0599554653999324,1.73398998944573,2.1434599577732136,2.4823553587398237,2.202746811924787
-65.659746325996,-92.66248537748372,259.9443444802302,0.2766947093334942,45.42125502730056,-2.7942439459233896,2,D06_px-1055_py-0118,0.1789129783898058,2.7942439459233896,1.1860562794578309,2.4492022052841302,2.2572346650199804,1.6150018881564565
-5.485619082053727,-91.62074573889971,258.40801773300376,0.2268999338904437,50.43824288786567,-2.2375775789807704,3,D06_px-1055_py-0118,0.1467152843889784,2.2375775789807704,2.940044253512897,1.8114310511809273,2.6378779824391536,1.1517715474915615
176.85483302021103,-83.66946874013584,260.6986975791321,0.4538477920130361,25.58121452452196,-1.0488739437636097,7,D06_px-1055_py-0118,0.2934615569639305,1.0488739437636097,1.2179542547983409,2.147054852640504,1.9778336230814864,1.6035165504817501
122.96112944233082,-84.01183627888467,259.16136210589025,0.3574610561017043,38.99505997575716,-1.2063676921000506,6,D06_px-1055_py-0118,0.23113713435134203,1.2063676921000506,1.6233124895459388,1.9388207623874496,1.1373493231791332,1.7539755592138104
73.42217328926048,-81.26057315218881,260.53394543685204,0.2667225021728536,45.55975011436823,-1.443008428528048,6,D06_px-1055_py-0118,0.1724648706954879,1.443008428528048,2.21278153805598,2.3438539141014965,1.6625520113904146,2.7084564764437244
-216.98514374735217,-70.92302257203397,260.1053410657581,0.5184259379278127,16.190431331917807,2.8505233188564296,19,D06_px-1055_py-0118,0.3352182947502628,2.8505233188564296,1.8320830114205695,2.3969721641058914,1.6976011048035495,2.5205978912152993
-141.51003220294692,-72.85111208445625,260.2845854417472,0.3783222531045591,35.55284489324117,3.0100402688079453,19,D06_px-1055_py-0118,0.24462614864275276,3.0100402688079453,2.222950525286519,2.513447302184008,2.1456507332398695,1.3799609742539896
-14.622615552785089,-64.4892054362751,257.45473794719385,0.165424272507407,54.62588493770255,-2.4007507524161418,3,D06_px-1055_py-0118,0.10696463753701545,2.4007507524161418,2.1342955881968573,2.2751234732759658,2.227730822669642,1.9608609209995547
-151.92211050228008,-63.83521313228278,262.9919673844233,0.3867702936857112,31.67580487472196,2.9323973616302013,19,D06_px-1055_py-0118,0.2500887182219569,2.9323973616302013,1.5253166102475324,2.2403067180946534,1.668491727272098,1.425268694123834
-192.2091907824959,-60.48027407960236,257.89722392298364,0.4699136437916069,26.39413064020033,2.8394633297545004,19,D06_px-1055_py-0118,0.3038498632636683,2.8394633297545004,2.845411180189514,2.01755732181664,2.3708682077443832,1.8744309004380468
56.42609494045307,-44.74187051787567,257.16098482375554,0.1800466219559529,54.25768699435156,-1.277393812674187,6,D06_px-1055_py-0118,0.1164195638606797,1.277393812674187,2.1483395493982833,2.5410281039271636,1.7593765461406567,2.062690368953352
-240.68006499669195,-37.225166674675336,263.34861118979364,0.5412371854278119,8.378422367454732,2.68806382476407,18,D06_px-1055_py-0118,0.34996822705233965,2.68806382476407,2.0187115166875484,2.1528730006090817,1.392474611564149,1.556085173847856
214.8270779686565,-40.548412773528334,257.8141062030306,0.5037523784336239,21.26074419115525,-0.7935338642347799,8,D06_px-1055_py-0118,0.3257302556077394,0.7935338642347799,1.8879824715461035,2.64676620684492,2.1517619611244947,2.4434783420789943
-20.15975931878792,-29.45398418226187,262.0221273810262,0.0883122636165441,52.596668720727735,-2.7779887010536566,2,D06_px-1055_py-0118,0.0571034052296892,2.7779887010536566,1.9650944747839993,3.310421721105315,2.960851839074355,1.630817016571881
233.99405875384733,-27.1166705172967,258.3800785758817,0.5349548062924905,15.303798462192503,-0.7223510537411719,8,D06_px-1055_py-0118,0.34590599122144206,0.7223510537411719,2.3370114130339763,2.691362336298367,2.610776858773856,2.9865610082564356
26.92422848418136,-25.50856217723374,261.82381175227096,0.0918179469183292,52.71253021644884,-1.365384616247371,6,D06_px-1055_py-0118,0.05937020766449043,1.365384616247371,2.658623955998361,2.0623551703363847,2.349154447136869,2.277329867594219
182.18198000060409,-20.040721877335795,257.29264168777854,0.4336315716853375,32.10891281272529,-0.7165428770946315,8,D06_px-1055_py-0118,0.2803895896707154,0.7165428770946315,1.8388372660365124,1.7219900784210527,1.6655018799227905,1.4606978452521115
-2.3417384422943472,-15.611231463022056,260.4581163999285,0.0393749467111168,54.983737326045855,-2.3266691718054853,3,D06_px-1055_py-0118,0.025460150672902755,2.3266691718054853,2.189249974737532,2.3571213405191145,1.5512523321043101,2.5162448073966934
-72.90452222905978,-15.78516545363676,258.80421646200404,0.1851994021845974,52.3370074275046,2.747840074901595,18,D06_px-1055_py-0118,0.11975139214144291,2.747840074901595,1.2823297707440071,1.9887614769839268,1.6097955453162596,1.1148484190020818
220.85012956624976,-11.395881145071003,257.4797085007863,0.5091714532105858,20.75744848385113,-0.6585338741217268,8,D06_px-1055_py-0118,0.3292342720408645,0.6585338741217268,1.6642656629400225,2.0518737617636296,1.4563341342058584,2.7048618801636417
-88.01561517687718,-6.18121153164251,259.7277671588785,0.2173248713237104,49.65957258866928,2.604726583600882,18,D06_px-1055_py-0118,0.14052397351711698,2.604726583600882,1.4851335955355653,1.999429735786696,1.93832632749214,0.9229327650653186
6.867170285133677,3.815627203851608,246.07949498044192,0.020748091016463,69.5114185656306,-0.0998217637070834,10,D06_px-1055_py-0118,0.013415879069751387,0.0998217637070834,2.0870696491474527,2.2938804446935595,1.942418469369571,1.7910891344178945
-203.84881594533616,2.70248716110464,260.5067126707325,0.4705638716272844,23.37082960857657,2.5213565873047243,18,D06_px-1055_py-0118,0.30427030570361685,2.5213565873047243,1.9599599578339415,2.028211058395649,1.7754822924785385,2.178794342300692
-83.84362032188373,9.74405779229598,259.4893331662465,0.2083662967925771,50.41776062115184,2.418915101842332,17,D06_px-1055_py-0118,0.1347312886647287,2.418915101842332,1.2597269999711211,2.3817014910147463,1.6015957295964616,1.9249395844142505
-118.60247800711564,12.49330763772736,261.7887805003853,0.2878836861062963,42.619299148077005,2.4296624968339797,17,D06_px-1055_py-0118,0.1861478588990084,2.4296624968339797,1.25643561102912,1.9487117078348906,1.7906770293638576,2.5834422626174596
-98.34940300375382,16.620624041296335,261.3031578766037,0.2432049031407491,46.41772160977087,2.3671992386554974,17,D06_px-1055_py-0118,0.15725820592930442,2.3671992386554974,1.9332926021809875,1.4275430434633045,2.6379455332014174,2.578418325913315
-7.8430442767667214,17.928445364044677,261.98136995181545,0.0485141939845451,53.35391379951562,1.3761967788436684,14,D06_px-1055_py-0118,0.03136965994349449,1.3761967788436684,1.9507691389110964,2.3217019188089876,2.662941206817578,0.4778706708452165
-113.26595205275768,25.86256860853443,259.290111202935,0.2834081859037347,45.58040226050719,2.31012675989898,17,D06_px-1055_py-0118,0.18325396521758142,2.31012675989898,1.627765569647654,1.5968415992756242,2.84387570353055,2.387700094107154
196.46226325404487,25.247003431641044,255.24516946689363,0.467176822351077,29.76487133818199,-0.4791718561294666,9,D06_px-1055_py-0118,0.30208021296415316,0.4791718561294666,2.584088846908167,2.562125511566361,2.1967804353511613,2.6799220532831134
142.82451006081016,36.93796334658058,263.49713085709044,0.3490166491825595,35.24112088432207,-0.3539000073438872,9,D06_px-1055_py-0118,0.2256769143266117,0.3539000073438872,1.4745403017256618,2.330024217883441,1.890579824860044,2.435971693387705
61.88795761363106,37.57787622760885,258.6968337227248,0.1799517560044536,52.7011428462157,-0.06128853034094,10,D06_px-1055_py-0118,0.11635822278924611,0.06128853034094,2.560157824140866,2.3891255604839303,1.444985604315952,1.199162337138154
18.92185504314179,44.41663615111994,260.71690982781234,0.1197896444556362,53.04514359439611,0.5610924301544246,12,D06_px-1055_py-0118,0.07745692760602199,0.5610924301544246,1.9413906425296479,1.7330256831053656,1.1238439479843532,2.331986377947506
20.01459526507076,60.87942169525517,258.6102120429905,0.1597017984054707,53.700380507485306,0.6461897015533377,12,D06_px-1055_py-0118,0.1032644407106932,0.6461897015533377,2.2921376566283715,1.9128257858084856,1.5115500791368939,1.665678121095639
232.30199389573733,59.61596009062969,252.7614322191055,0.5526409495268146,18.676190142336,-0.3557694593645313,9,D06_px-1055_py-0118,0.35734199073839634,0.3557694593645313,1.9405882346875427,1.5904679849766004,1.4246107779401043,2.318408897001114
-5.276467162866888,63.88941853664672,259.73777209010126,0.159073659728303,52.58485052867695,1.0462172886465906,13,D06_px-1055_py-0118,0.10285828129461831,1.0462172886465906,2.1998646309882153,0.9512474291088453,1.7532091338142277,2.935277160244725
-20.6431339664942,68.39655914861405,261.25301939985275,0.1759156637457784,50.2956719802753,1.256938248785331,14,D06_px-1055_py-0118,0.11374845374525158,1.256938248785331,3.073797959992702,2.1731542454850428,2.5792584184741787,2.194444907993616
-105.5851046119955,84.77466196529724,262.13006971924693,0.3239381819410137,39.13223876554082,1.8581041898583488,16,D06_px-1055_py-0118,0.20946097988231333,1.8581041898583488,1.8148067549307736,3.037529841677249,1.687178541152922,1.6178585227456632
209.79938278106889,87.35649035323516,258.9275901808708,0.5184474846911952,17.54268528124379,-0.2124317900537229,9,D06_px-1055_py-0118,0.33523222705717504,0.2124317900537229,1.9345150414647325,2.5587920748369597,2.6495818538586824,2.4239501588902086
-98.10175007374474,99.38289624119795,254.3893015826056,0.3427323303169775,45.5456617573351,1.7427277290000251,15,D06_px-1055_py-0118,0.22161342425084965,1.7427277290000251,2.0273901322916457,2.1511467475394017,2.325121596262061,1.6025277024744693
12.083108902205243,110.46636769580704,255.97616263452392,0.2750292698510956,49.67176277294772,0.8548672348671181,13,D06_px-1055_py-0118,0.17783609210296042,0.8548672348671181,2.8114425089449115,2.011037423933954,2.4025154897283367,1.7606585300583175
-61.65402423419376,119.6371163400467,262.09152473398063,0.3221596558367616,39.33746283397954,1.4396624942774978,14,D06_px-1055_py-0118,0.20831097089507158,1.4396624942774978,1.8636176392939174,1.8287225189942347,1.6591902066628725,2.36794442348479
207.02006875684043,119.7084948761523,257.8465333471252,0.5425054232382766,14.568276112420165,-0.0827093338180748,10,D06_px-1055_py-0118,0.35078827960962694,0.0827093338180748,2.0293197156780627,1.487887960484688,1.874696211555668,2.511058771079896
-117.81365528272816,124.92137667384134,261.2229566055832,0.4037944346493565,31.57520456311852,1.7199415117795946,15,D06_px-1055_py-0118,0.2610966618565516,1.7199415117795946,1.4988610400391957,2.2716875121345828,2.1946413763012274,1.0136943944228314
-20.59885109859176,142.6907507385201,261.4261633269972,0.3441903065618275,37.92949360388877,1.107186437010803,13,D06_px-1055_py-0118,0.22255616317425023,1.107186437010803,1.8121250772709794,2.3323452791292594,1.4032971349149346,0.6772393757231021
95.73479797503796,147.66070539159247,260.7464851476847,0.4134084827510955,30.91057139263978,0.3886072438741701,11,D06_px-1055_py-0118,0.26731318108241003,0.3886072438741701,2.17605879222457,1.4216570100314718,1.4778936655258574,1.4491625999274402
-157.9945811484166,151.17956424038337,260.7477967252294,0.4990832829315882,18.671958840186,1.7712540375472368,15,D06_px-1055_py-0118,0.3227111816808549,1.7712540375472368,2.3093189345826777,1.8539791512858166,2.057944470303773,2.009762767598871
-67.80668749334049,154.4388661595263,260.2906450670707,0.3986482568713191,33.20634077112237,1.3775291258876372,14,D06_px-1055_py-0118,0.25776910277235393,1.3775291258876372,1.385035256495128,1.6589000582119984,1.677835333507283,1.597433870472671
-130.9986143466943,165.01755872272784,263.2432951611242,0.4797099559949138,18.9076223239066,1.6347943349279732,15,D06_px-1055_py-0118,0.3101842358931701,1.6347943349279732,1.6033623684918332,2.5967664650842,2.813796102101759,1.8146676760424754
182.31635304814395,170.2949906138272,261.6033404954881,0.5549048875855803,7.857349700886232,0.1443394436540191,10,D06_px-1055_py-0118,0.35880587091868416,0.1443394436540191,1.831676827292748,2.3336810871402256,1.8622265145491796,2.9167327899740796
-54.126554268804405,181.70718350910715,257.1402575729819,0.446922444013436,30.49691437667923,1.2533255735538011,14,D06_px-1055_py-0118,0.2889835724011648,1.2533255735538011,2.4790161803762234,1.9269579459886021,1.6562355081780393,1.9111062984775664
-151.70478858943287,180.57042889106347,255.15006868649343,0.5410109065901983,17.984659728446502,1.6625598278543072,15,D06_px-1055_py-0118,0.3498219133736953,1.6625598278543072,2.527804951105381,1.712239818844433,1.7965047265754674,1.3334219291528742
-105.33576038452593,190.5575545641361,261.4700545316816,0.4961182943564005,18.328591284133097,1.4687892659869988,14,D06_px-1055_py-0118,0.3207939967149536,1.4687892659869988,1.4250463998581688,1.4476788513135137,2.180337059687505,1.8817152964276933
59.15293513481384,219.406410505124,257.7890466104181,0.5203100642094124,18.537258751617745,0.700473711219575,12,D06_px-1055_py-0118,0.3364365856439178,0.700473711219575,2.1006748143951555,3.199735059789198,1.879655202190836,2.017813277897841
-72.13810359462697,219.620648995962,258.85007918838346,0.525942270890558,16.343783979581644,1.281181142205654,14,D06_px-1055_py-0118,0.34007841484498214,1.281181142205654,2.238256576057509,2.6066660247952287,2.3588255467833137,1.8356194247730757
-26.6234388542934,220.940933856193,259.36638178281027,0.5087411642635966,18.667990187421253,1.0837388452770904,13,D06_px-1055_py-0118,0.32895604381864985,1.0837388452770904,2.7053302657174174,2.2829740001113716,2.649841999234817,1.979172020989505
39.84343163665078,243.5088169310161,262.9995834320517,0.547617388836702,7.5979692604991556,0.801631822626453,12,D06_px-1055_py-0118,0.35409371682902163,0.801631822626453,2.2191054093817266,1.2215233894059896,1.9496702219264974,1.8688314692879173
36.89406109085369,-236.52731009920623,262.8794398514473,0.534452152470729,10.164710906100424,-2.023040500113403,4,D06_px-1055_py-0118,0.34558097130123105,2.023040500113403,2.400867116022776,1.5559685554729563,1.3817818235111612,2.9090392293794194
-81.83903327975057,-216.73138654417627,253.2349272643,0.5364709446130822,21.01945981425223,-2.5388291253240083,2,D06_px-1055_py-0118,0.3468863382011201,2.5388291253240083,1.5692390374808398,2.056511798666782,2.2375281894790513,2.5779207832466864
-31.72421754937877,-205.8479526187284,260.7305865838104,0.478918076329842,21.860965257950795,-2.330687618228057,3,D06_px-1055_py-0118,0.3096722002646408,2.330687618228057,2.747726441311718,1.878188994899698,2.1512503789839528,1.2593327042857232
68.55893324571001,-187.4238039606031,261.082753466993,0.4611282703652414,24.11080705109964,-1.8270985024244504,4,D06_px-1055_py-0118,0.2981691716098094,1.8270985024244504,1.6920116928664244,2.3989115262834195,2.2135271565717227,1.0774134538161206
-172.85750198940568,-179.23138250561976,257.4716294051258,0.5612026359628138,11.52522388681291,-2.945072955361989,1,D06_px-1055_py-0118,0.36287804462245515,2.945072955361989,2.289659074766112,2.5829657582879366,2.123554081116875,1.830367172983347
-158.47416328820384,-168.8781540623205,254.7140732355614,0.5337680957016312,19.77300864355845,-2.9314024741165934,1,D06_px-1055_py-0118,0.34513865480648565,2.9314024741165934,2.989124134255066,1.534537450602365,1.5713852330790776,2.09912240727601
-115.98596331613284,-172.35412812533573,253.36710374231825,0.4896691441080104,28.538620698582065,-2.7701168659877418,2,D06_px-1055_py-0118,0.3166239253688039,2.7701168659877418,1.7105714644398875,2.034649939577021,2.537505558342646,2.133462223449782
47.11727912044292,-168.22935910976216,260.4744910336136,0.4111188066995938,31.49226005261324,-1.9046951766448277,4,D06_px-1055_py-0118,0.26583265851329857,1.9046951766448277,2.1133881765188187,2.2374659378897315,2.2097798481345645,1.2899581477064144
119.20289740560878,-156.42958135974078,262.07004762012355,0.4538353880912391,24.05716582285794,-1.5266244985497508,5,D06_px-1055_py-0118,0.29345353649039935,1.5266244985497508,1.9830073227383593,1.8906096810523914,2.7104867402388964,2.3757407302990265
205.98549719397343,-143.30889794316016,256.49000889364333,0.5664118522722529,11.68521026470853,-1.2148294181943398,6,D06_px-1055_py-0118,0.36624636491756846,1.2148294181943398,2.055560766413814,3.2426191479176856,1.408213410365834,2.058058144049836
-142.86815793311015,-122.34421934346292,258.69842324740085,0.4414894015655113,29.50986762769349,-3.0404068974272813,1,D06_px-1055_py-0118,0.2854705243619814,3.0404068974272813,1.8895261847116147,2.0441926993499897,2.8274269337396674,2.1983844788210396
197.25266525529568,-125.66685122752084,254.09313794719384,0.5391666786135938,19.545259601312864,-1.1742225167505218,6,D06_px-1055_py-0118,0.3486294210383018,1.1742225167505218,1.9449355115796236,2.1485084741284664,2.119053890614521,1.8565640804754318
-91.32388934949036,-109.456617531606,259.3377933013152,0.3431523358169663,40.25029730801669,-2.8731071585234704,1,D06_px-1055_py-0118,0.22188500311523815,2.8731071585234704,1.108209643625179,0.9310897172076542,2.143946073060453,1.5911145617009976
-106.82570225739474,-106.29889454393378,260.93206451233766,0.3591300532991373,36.930742755551535,-2.965645846716769,1,D06_px-1055_py-0118,0.23221632108475032,2.965645846716769,1.4623612483937252,1.5933511782203786,1.2465991363812319,2.727657973426906
-13.536090164177669,-80.04430099277906,258.50523804925547,0.2013591593028821,51.80801912787609,-2.345298439018376,3,D06_px-1055_py-0118,0.1302004183734678,2.345298439018376,1.8188584650438484,2.232055853372305,2.3651887118900943,1.987279947315987
150.2986822129017,-77.21661082851833,259.41882772275494,0.4004981435516928,33.93235283728308,-1.08157002458463,7,D06_px-1055_py-0118,0.2589652540701743,1.08157002458463,1.5808433500478836,1.5953939478048724,1.8272238942804124,1.5745759782162514
193.38015799272588,-63.05102850871269,262.0929129937488,0.467191666165389,22.09308178484565,-0.9221581529977176,7,D06_px-1055_py-0118,0.30208981109140187,0.9221581529977176,2.502444189189781,2.185656136057315,1.528725295087973,1.9683229064464984
-31.572687986354577,-55.49774002909264,261.1323410906123,0.157614763916005,51.23405273281156,-2.695014065246422,2,D06_px-1055_py-0118,0.10191494777166304,2.695014065246422,1.2706673278669107,2.0889694706399373,2.4187951706332544,1.9909528859440113
195.5713974141177,-42.60270558811341,254.8461745323459,0.4720235671582133,29.50885395845524,-0.8214658522214171,8,D06_px-1055_py-0118,0.3052141563309377,0.8214658522214171,2.083887153010939,1.7381273082653563,1.7307006415022252,1.5184099582893547
-27.945297116527765,-43.44787580769627,262.65876529152433,0.1271506421010454,50.847487065594976,-2.7493497685334067,2,D06_px-1055_py-0118,0.08221660666108185,2.7493497685334067,1.6989924215631818,1.916671534684316,1.2131757075942766,2.7329229564050816
10.749438813870798,-27.2094021395052,259.7091020064422,0.0730909934598873,55.239518940505945,-1.801532405471467,5,D06_px-1055_py-0118,0.047261212058872126,1.801532405471467,1.1814093078502648,2.173074268011935,2.479735335325266,2.4538671607940374
-90.7332939044503,-20.295823316757133,260.3679605493759,0.2280717928075429,48.354242484558085,2.754677113610455,18,D06_px-1055_py-0118,0.14747301759470505,2.754677113610455,2.2112657497604977,1.4729547973972212,1.2994416868621572,2.0161083312616923
-159.03351870192355,-19.25219810809127,260.7882495336466,0.379882068420814,34.83641839132332,2.655084392266118,18,D06_px-1055_py-0118,0.24563473751184042,2.655084392266118,1.8491662260588244,1.8143631955842574,1.6542518902860683,2.634076803794106
-209.12154581481497,-17.203575458763154,259.8619950197645,0.4833282679325169,22.16476740263749,2.61669420425624,18,D06_px-1055_py-0118,0.3125238648909899,2.61669420425624,2.4467314527174224,1.873539756381887,2.8087332374132883,1.8250936966088616
246.7990817449896,-15.638498281445504,256.01372191554697,0.5606543099743108,13.351417943693493,-0.6702602299828047,8,D06_px-1055_py-0118,0.3625234927195007,0.6702602299828047,2.4626041033849466,0.5101374134717815,1.8836136287379945,2.6240571453843993
-70.82799628316585,-0.5229420700117351,261.26261340506926,0.1744282577009138,50.35577388586364,2.5419962554805395,18,D06_px-1055_py-0118,0.11278668528136317,2.5419962554805395,1.531788124254374,2.2964883158122316,2.578783709426674,1.6665451698784932
-123.99290920043724,1.147802279977948,261.0544960507255,0.2994588046528423,42.430376799296766,2.52535638680854,18,D06_px-1055_py-0118,0.1936324217204882,2.52535638680854,2.164722455316281,1.130286002056038,1.4743532754470428,2.722708563751958
247.25717189415568,-0.8664783390954128,241.0073622085772,0.588136377482555,25.96325179551809,-0.6104838782822558,8,D06_px-1055_py-0118,0.3802936140277598,0.6104838782822558,2.489848398978383,1.5283232437878493,2.2014561836455773,1.8116583850180659
-56.01676581205529,17.39775833220121,249.5932491723605,0.1515831116906038,63.15542124735168,2.2334772304169794,17,D06_px-1055_py-0118,0.09801483393552399,2.2334772304169794,2.475826771573201,1.7560882527786619,2.2489672735218074,2.5965583892731425
222.4379490565917,20.127612127410675,259.26978474345015,0.5104422085411726,18.49626517142235,-0.5167388739117367,8,D06_px-1055_py-0118,0.33005595244649155,0.5167388739117367,0.7173424751005166,2.4294268550751212,1.596479691548524,2.06322172909769
81.03686170070738,41.63438373802154,259.7353690679773,0.2241664440227231,49.2431036149743,-0.1323759697035959,10,D06_px-1055_py-0118,0.14494778831068222,0.1323759697035959,2.6996721967882844,3.0160358059028054,1.2383378212117526,2.149694195134626
224.50083098060705,78.59043692075724,252.8386647436623,0.5488260138517327,19.28058782341037,-0.2702446107497701,9,D06_px-1055_py-0118,0.35487522328325216,0.2702446107497701,1.6056166383887,1.9961045689026942,2.3326143945766287,1.7642518830746687
-83.92561570354648,82.3365094237682,257.01493695216897,0.2890145318243102,47.50807525053472,1.7587725042622195,15,D06_px-1055_py-0118,0.18687907264717363,1.7587725042622195,1.8063140911649351,1.9581381531688242,2.105378058103129,2.0385467623226026
-171.9603389405085,82.76337161630198,257.7895864320423,0.448488636581465,29.561773026844943,2.086042495883351,16,D06_px-1055_py-0118,0.28999628485147877,2.086042495883351,2.0953134927982404,2.7977179098362273,1.414162875490648,1.7505760700332846
-183.11915983230065,83.85330256832118,260.5563730791723,0.4655957198140416,24.04842523353409,2.105195287205668,16,D06_px-1055_py-0118,0.30105785961044396,2.105195287205668,2.1549391002226015,2.284983093732164,2.045784274676544,3.1551244928941813
192.0035714613097,86.63560763364356,259.09728433235057,0.4861445693065196,22.594077312477395,-0.1831125713427433,9,D06_px-1055_py-0118,0.31434490754149763,0.1831125713427433,3.1210852725229055,1.717412819223968,2.1883824550456383,1.7032067370778075
-25.54943782583354,73.4735745151141,249.51787498525485,0.1999350201510231,61.05446217941062,1.2984736411946225,14,D06_px-1055_py-0118,0.1292795587809068,1.2984736411946225,1.9948336308120362,3.067288652995394,2.1094769916018423,1.3934275866931514
123.51888817247134,109.95046334206938,256.7772316356049,0.3964411678379204,37.27679350618752,0.1203674153851235,10,D06_px-1055_py-0118,0.25634198161962923,0.1203674153851235,1.3624289399829617,1.2716288695326794,1.725690723711138,1.4554892178985215
162.5607633813604,119.28490936305268,261.7665494179491,0.4641871908480707,22.9009682402193,0.0260639918296217,10,D06_px-1055_py-0118,0.30014709368702897,0.0260639918296217,1.89596242819078,2.9712895559172696,1.8130193212209904,2.0883396979792264
149.17774248301848,126.006149432545,259.8186323366328,0.454424170652319,26.479056037805776,0.0944127690323728,10,D06_px-1055_py-0118,0.2938342479318307,0.0944127690323728,2.399920184563996,1.353457223401696,2.0306527524702798,1.8957148651482474
-16.413544645694436,121.31129794739668,259.76958943234234,0.2972384917065174,43.96070080588771,1.0983011617968037,13,D06_px-1055_py-0118,0.19219674988150973,1.0983011617968037,1.861894201732842,1.7396730040193944,2.3612177198739293,2.0718510499950638
-49.15933099213904,134.32834384723728,260.37443891465205,0.3429756250256058,39.16692367396331,1.314642009399254,14,D06_px-1055_py-0118,0.22177074052571455,1.314642009399254,1.8375497088081496,2.2348194378464585,1.957489367240515,3.0799838704179283
189.39741915007167,147.1620845598002,253.54172437589804,0.5513026789568517,18.0048263250668,0.0535797933007078,10,D06_px-1055_py-0118,0.3564766544472173,0.0535797933007078,2.979877738735805,1.8450580763535835,2.740800677679523,1.736824595336775
15.346821410661017,161.37901772134902,259.4857232445386,0.3857289795539612,35.58033162053204,0.869003928966627,13,D06_px-1055_py-0118,0.2494153963026489,0.869003928966627,2.692315767563278,2.3457724602652235,3.6005476437110735,1.6255055423753064
87.25802018851412,160.44241248065086,252.64342098611385,0.4392658089189127,36.499672373720784,0.4657007293502407,11,D06_px-1055_py-0118,0.284032731842974,0.4657007293502407,1.3423157118812714,2.163121358394607,2.1255592739093245,2.2535358298352888
-89.82078474470435,164.43736486443316,260.32323651041224,0.437592466293317,28.23986638928181,1.4637617282816469,14,D06_px-1055_py-0118,0.28295073532148973,1.4637617282816469,1.660028513856676,1.798209222495738,1.6081759357162502,2.6524763622417886
-77.05525534293682,172.16885763266487,263.07116668048184,0.4361279660081957,25.40462359502709,1.3846366733290183,14,D06_px-1055_py-0118,0.28200377790226433,1.3846366733290183,1.8668354980660726,2.956993464713106,2.5412519250420096,1.9213591058251898
-74.47857096721403,187.69524950555373,259.7621549372758,0.4678725847665526,24.60355645128311,1.3415665557959375,14,D06_px-1055_py-0118,0.3025300984220438,1.3415665557959375,1.707473191123887,1.9560426063796805,1.2868493061375572,1.7688353081070027
-43.750114259529134,193.77225060793023,256.9988401163634,0.4655849548055034,28.03130919504423,1.1858745866787568,14,D06_px-1055_py-0118,0.30105089887113456,1.1858745866787568,2.4661029027133194,1.9441734813649454,2.0443950610582435,2.7642734300218756
122.86363739371626,201.0317640933901,256.6135962731329,0.538050605171169,16.80749088271523,0.4152279427663826,11,D06_px-1055_py-0118,0.3479077591598836,0.4152279427663826,2.1110715027025035,2.0141975003508366,2.8489139338613425,2.0220742560560003
-75.08449786907582,204.0769518342737,257.2301206715206,0.5024455707499859,22.13872268230233,1.3163681231279925,14,D06_px-1055_py-0118,0.32488526346666974,1.3163681231279925,2.756363995325886,2.124731810339357,1.9707541972749218,2.5680968138142517
18.525167152314623,205.6738848158395,257.6922718225326,0.4802192627287553,25.08788925409857,0.8739886032233309,13,D06_px-1055_py-0118,0.31051355763873245,0.8739886032233309,2.1962966854685577,2.113591649803488,2.0473314074323135,2.9899005160166605
-30.65502794590272,204.22236816250748,253.40186094020297,0.4871389254973653,28.8850151444812,1.112810528878648,13,D06_px-1055_py-0118,0.3149878660863613,1.112810528878648,2.1529659597048934,1.9014301970722824,1.8242459768148502,2.255780286923925
-10.641133447206636,219.94945300479296,260.7580125842034,0.5020109289891604,18.18433475994265,1.0121590057553091,13,D06_px-1055_py-0118,0.32460422068074446,1.0121590057553091,2.6144202430061703,2.157925693994117,1.3108006120049729,2.6339124419379543
11.150666447546024,-212.02371998062569,259.5768442561854,0.4886514051173213,21.66130500838898,-2.1252326666641737,4,D06_px-1055_py-0118,0.3159658473213912,2.1252326666641737,1.9940571584123408,2.1859107643857447,2.6106137797140727,2.130409187763254
0.709530295946129,-202.30223984540703,260.3635184349987,0.4676814921607588,23.95794145521768,-2.1742685945114544,3,D06_px-1055_py-0118,0.30240653643803195,2.1742685945114544,2.1356281545422835,2.3871643183068185,2.0767026136828552,1.9081346290297514
16.931486612512398,-193.97474448736708,258.0595031326342,0.4559712988132097,28.21929500619126,-2.090709464220431,4,D06_px-1055_py-0118,0.29483463318633185,2.090709464220431,1.957721451927604,0.9488428852331852,2.236703867241636,2.6968062388496423
-8.114294432298179,-181.80341107532303,259.08232380881395,0.4283061458296577,30.83493332213009,-2.22237850289487,3,D06_px-1055_py-0118,0.2769461273676998,2.22237850289487,1.724129732323534,2.7303469948828614,1.9333328880992122,2.759475190150753
-31.916521335218352,-174.73177148246666,255.29168025329432,0.4247206957081268,35.458850221103205,-2.3584442058961868,3,D06_px-1055_py-0118,0.27462774707898235,2.3584442058961868,2.5805162641123753,1.7041751929555518,1.4340520902138416,1.4759044219202204
-143.73244617894093,-167.18221373027478,259.6764607936358,0.5042796503188954,19.047989083929167,-2.88789466931882,1,D06_px-1055_py-0118,0.3260711937617156,2.88789466931882,2.3073027858242057,1.103614222145428,2.4149194842042827,2.066924356533393
166.44577354045947,-166.42081731615292,257.85676106858114,0.5354943252905409,15.81619791222056,-1.3923027215783472,6,D06_px-1055_py-0118,0.34625484845500315,1.3923027215783472,2.0270291581192814,1.4541185812757154,2.190449118003934,1.8880977963618046
138.23859025529575,-156.747564322759,259.2388153281462,0.4826834796851294,22.96755048781108,-1.4550407771274252,6,D06_px-1055_py-0118,0.31210693973167364,1.4550407771274252,2.501446763892214,2.5524917120614083,0.7856037973985814,1.2321453633199333
-182.71267765952047,-149.3156281888989,258.3304074398597,0.5357912525392396,15.21251565138482,-3.0634217961324577,1,D06_px-1055_py-0118,0.3464468439527044,3.0634217961324577,1.7712235705247625,1.4939679215601545,2.151118305005382,1.8133325178055166
-8.312905242131416,-147.2806513418719,259.8873565864162,0.3534538469576676,38.63246094923869,-2.2341586511878746,3,D06_px-1055_py-0118,0.22854604135676526,2.2341586511878746,1.5070919803073874,1.6864462707222467,1.7457897906751159,2.1865838211764697
-59.558168781812455,-138.6254288346866,259.5089925857095,0.3613184037454962,38.22221526822915,-2.583564814263952,2,D06_px-1055_py-0118,0.23363132571950407,2.583564814263952,2.365527050340008,2.4192809927813306,0.9623384369630008,2.1479006765908473
-215.4102097524276,-127.77004035325454,259.4155658742868,0.560426106884289,9.37850765956074,3.069978827931399,19,D06_px-1055_py-0118,0.3623759348040931,3.069978827931399,2.9239232954399257,1.5957014102696556,1.8642190688188778,1.6722137904879184
-178.01401328461606,-128.4104953510668,259.1171125962111,0.5033101079204181,19.844994688245947,-3.123660286715036,1,D06_px-1055_py-0118,0.3254442800104385,3.123660286715036,1.1220661676117611,2.2312547951252246,1.3779306361466084,1.5056580084312063
13.342380398286808,-129.77140293872577,259.6780384628994,0.3156269464547676,42.47167756916952,-2.0753213675052806,4,D06_px-1055_py-0118,0.2040868695549955,2.0753213675052806,1.5630985557843846,2.574199482781285,1.3840947173761173,1.6828677481571894
143.33538525529565,-123.5973578941876,259.5967646138605,0.442548923174691,28.37224784913729,-1.3185681996697496,6,D06_px-1055_py-0118,0.28615561937960327,1.3185681996697496,1.0791142472062165,2.0240329194058573,1.5795356580810038,1.751143216155318
-19.76226818135676,-119.710542923246,257.71656152978454,0.2969655477078278,46.13040803064792,-2.3413840297924216,3,D06_px-1055_py-0118,0.19202026214216403,2.3413840297924216,1.9354828318487793,2.6356191535866644,2.228990045550683,1.970217789120459
130.89483473084076,-114.9959098800449,259.5843981318334,0.4113881684369775,32.42999392214324,-1.3278090838058834,6,D06_px-1055_py-0118,0.2660068299342689,1.3278090838058834,2.139933146227992,1.7694466793588788,2.1597120021122285,2.466346294265098
234.14034208285423,-106.3823672432762,257.8056225189276,0.57525642400982,8.38597258577829,-1.0334475148025797,7,D06_px-1055_py-0118,0.37196533466571496,1.0334475148025797,1.6929893943854069,2.6773605214902485,1.7069172146338805,2.075003340688367
22.14192210149944,-101.12940212520635,261.08350714468463,0.2522484587736301,46.02803705683209,-1.9622307017843377,4,D06_px-1055_py-0118,0.16310584023142075,1.9622307017843377,2.4383464525446583,1.3510720729120123,2.8061205274649392,2.3335841273622098
65.01038772958981,-101.87119166601713,251.78383320860507,0.3024084530280816,51.891492880610826,-1.6097672232052682,5,D06_px-1055_py-0118,0.19553968759227852,1.6097672232052682,2.0566980856525174,1.951482333055617,1.854429882822752,0.9636905319691975
-98.91913725516456,-93.911553040631,260.2527853669986,0.3283330737067951,40.70414903336632,-2.9891370001796327,1,D06_px-1055_py-0118,0.21230275151362077,2.9891370001796327,1.5208557872234985,1.902156098634145,2.4680398159752714,2.6230474076987456
-54.33814082725322,-85.41409834313762,257.0523242373218,0.2506042526412391,50.30304722644297,-2.744369356547673,2,D06_px-1055_py-0118,0.1620426835959308,2.744369356547673,1.876642780522026,1.3282093421895893,2.3507995009217284,1.9572068712877284
37.94750672260027,-63.883800509817526,257.53905479993176,0.1853829402693617,53.61516600779754,-1.6417736799245186,5,D06_px-1055_py-0118,0.11987006931265533,1.6417736799245186,1.3138255081798427,1.722464647653899,3.3270138367919686,1.6600998998307512
-170.64685797702754,-61.852168399238,261.446152088608,0.4239063247401118,28.80980391727047,2.8823422079035432,19,D06_px-1055_py-0118,0.2741011683968213,2.8823422079035432,1.5383200906953793,1.4293487166934822,1.4353070575063773,1.3480428582943356
-70.52084882997143,-49.7963893458875,256.1725648944865,0.2156436306969836,53.39740097813302,-3.1337486728605417,1,D06_px-1055_py-0118,0.13943687008589423,3.1337486728605417,1.9723249510951737,2.30982763102267,1.7545948481162958,1.8108123460371293
131.6837932807734,-48.59671980501555,261.60675493233185,0.3355666980483277,38.58378751278235,-0.9605156729623068,7,D06_px-1055_py-0118,0.21698006998716174,0.9605156729623068,1.6642231484008274,2.814212745901174,2.376356883612048,2.11443380567309
38.6318898451984,-46.953583891957855,253.25564573505807,0.1548081013866661,59.32293694353598,-1.4893055563137905,5,D06_px-1055_py-0118,0.10010013767403352,1.4893055563137905,2.040679102197596,2.0393463465865396,2.249573844183306,2.0335597117423916
-95.54225432568737,-33.8765296588934,256.4475663114162,0.2514962842507924,50.86673877002181,2.8753544415389385,19,D06_px-1055_py-0118,0.16261947826059017,2.8753544415389385,2.4712541815924363,0.7289680878928211,1.7368335326983053,2.2812535759928037
-77.85771990808388,-32.48282587181489,257.6614988146259,0.209690894077956,52.211995275637776,2.92986499441195,19,D06_px-1055_py-0118,0.13558778370240054,2.92986499441195,2.1884024346327675,1.4086878668622158,2.10223177885855,2.4956674249478152
163.46850434735117,-25.337029621804188,258.69240083075834,0.393917216823608,35.49569101252598,-0.7607523160214563,8,D06_px-1055_py-0118,0.2547099750143409,0.7607523160214563,1.1174304369865218,2.3312224592522046,2.0510155271055988,0.9635758928640412
-235.2356097093436,-24.39285103893064,256.85318207732115,0.5393054592583241,16.304080156051896,2.6379392332837903,18,D06_px-1055_py-0118,0.3487191576962645,2.6379392332837903,2.148911122061631,1.8421634082923142,3.4143791506315977,0.7671364487424152
-117.25373404078866,-20.372634832155057,261.1928080454487,0.2879368947635401,43.23655804323437,2.7066440072596625,18,D06_px-1055_py-0118,0.18618226403587043,2.7066440072596625,2.3219526152542853,1.8283852898958093,2.271154553499821,1.958409849736373
-230.12100623931144,-13.478088618378653,259.99105022248915,0.5228169205552182,15.567447976911978,2.5931158580372413,18,D06_px-1055_py-0118,0.3380575387019068,2.5931158580372413,1.8032379837490917,2.317510155415775,1.2005874836688424,2.1411036081160644
-33.28919926429631,-4.303102864665264,259.60090005132696,0.0838473753198124,55.12776194700223,2.6631645202927734,18,D06_px-1055_py-0118,0.05421637329015455,2.6631645202927734,2.0608564581834354,2.464516792775857,2.6927143384371255,1.376422107903954
183.87536020276937,-2.7293089897353604,256.6651264747909,0.4358433168603026,32.50978361620048,-0.6218216975853088,8,D06_px-1055_py-0118,0.2818197215212502,0.6218216975853088,1.8698137599301539,2.168316528606031,1.8559555619074999,3.0853423480461486
167.23394891027797,3.8529608769821455,257.5829642830216,0.3994287091534713,36.05241091245438,-0.5839442606633245,8,D06_px-1055_py-0118,0.2582737493650818,0.5839442606633245,1.775928439501266,1.9697944883027292,2.000704102353497,1.6239351136558426
-154.05114349245747,7.851803615698669,260.7241008391451,0.3671227879514488,36.30579582065428,2.483688378024481,18,D06_px-1055_py-0118,0.23738448626423309,2.483688378024481,2.016171101025657,1.2291483536715089,2.3540164997471646,2.125763816233489
-213.40815176598088,15.485860829216756,257.5894897202435,0.4950782728814735,22.90578170564044,2.462175562932773,17,D06_px-1055_py-0118,0.3201215106377288,2.462175562932773,2.678443287854986,2.25793278668875,2.374133175914645,1.7821907613375494
14.790936733759018,21.031229020829954,260.07763278615386,0.0641714860614546,55.02983925944904,0.3508898886782001,11,D06_px-1055_py-0118,0.04149378832219309,0.3508898886782001,1.0267087920319606,3.218096892450344,2.5724367240658657,2.3199381441893894
177.47428273601545,25.58668673306189,259.714977878642,0.4218264461987712,30.975652784362524,-0.4637949033591534,9,D06_px-1055_py-0118,0.2727563025502113,0.4637949033591534,2.3545168496990754,2.706931715952628,1.5598265804965818,2.518282930950071
-67.54148026999613,30.536150588302725,260.6795758200862,0.1827634322809643,50.5492151919571,2.1100062489731197,16,D06_px-1055_py-0118,0.11817627481528677,2.1100062489731197,1.8159797529537702,2.312607978562785,2.0453166754798127,1.7702810158773559
-227.0232569533532,41.43323881238477,257.569560001107,0.5273606063596377,17.578706529390786,2.3540933307677445,17,D06_px-1055_py-0118,0.34099552173054637,2.3540933307677445,2.066016972434354,2.392545850227438,2.3422128348501206,2.6507080210708294
198.22371801186907,44.96161832294564,255.9197365335665,0.4765621205772998,27.63320123628455,-0.3839309949016658,9,D06_px-1055_py-0118,0.3081488207187967,0.3839309949016658,2.0549037194710817,2.8687664053195645,1.544632473262531,1.875148043655159
126.53525495035348,43.22938052852534,261.97271901974904,0.3203451848750995,39.629425448752784,-0.2777725769034324,9,D06_px-1055_py-0118,0.2071377196799155,0.2777725769034324,2.036541578394849,2.9078449566107833,2.606980814338102,1.2069556311722023
-123.72018122588273,46.34641729402854,258.6571656613237,0.320554636601524,43.103747677889885,2.1761872469035715,17,D06_px-1055_py-0118,0.20727315281592942,2.1761872469035715,3.0067896073047593,1.4966993190735223,1.721846932327105,2.008972957791081
226.3859292924188,45.86430901996568,260.12569695724795,0.5234738776993307,15.298262810695576,-0.4070915073939644,9,D06_px-1055_py-0118,0.3384823323656916,0.4070915073939644,3.0851073253168106,1.1471129480719526,1.502483484101395,1.3165312431714893
-83.53997048067649,47.64619145024076,247.020881730694,0.2478596495142195,60.83601110926193,2.016287965367885,16,D06_px-1055_py-0118,0.16026800159664037,2.016287965367885,2.0693590283614,1.6563854767238606,1.3250960595716028,2.138232871355609
-205.04166187183145,56.66214136507173,259.04698018943606,0.4902999278934927,22.00364061920021,2.2649973436302933,17,D06_px-1055_py-0118,0.31703179513274876,2.2649973436302933,2.5143011349360993,1.9419344459188448,1.8171947075514876,1.7926203734700727
-174.3346227212439,55.6294216952553,260.99486502441766,0.4276201928968007,28.82223994541817,2.225730728850115,17,D06_px-1055_py-0118,0.2765025847985329,2.225730728850115,2.8236798634153266,1.9037298454974236,1.3407064771317945,2.0153563521764273
-73.77285195940456,69.27522253134437,259.1493543237251,0.2485811244826152,48.276319706928575,1.7806459878409164,15,D06_px-1055_py-0118,0.16073451299376937,1.7806459878409164,0.8003793281727287,1.8019797114351603,1.5533576157454407,1.9408366461891315
8.633363073283991,74.96448402172527,259.4941560774049,0.1868136995889815,51.55485108344732,0.8491558944478318,13,D06_px-1055_py-0118,0.12079520955783299,0.8491558944478318,2.094046625962077,0.573611274952764,2.478654206669519,2.031654460006121
-141.5793673902797,79.72991099164469,259.123284485479,0.3870309575694586,35.823335652244054,2.0217327636132154,16,D06_px-1055_py-0118,0.25025726554225886,2.0217327636132154,2.0889446829798706,1.707663485746584,2.5423034598369787,1.37067599667014
-5.613027207015892,83.89408813596324,259.6786910460213,0.20743676613171,50.27625590337067,1.0306233401919078,13,D06_px-1055_py-0118,0.13413024681813548,1.0306233401919078,2.4576478843205694,2.497123574359378,2.234890290860589,2.518804113760541
-213.32429084226533,98.99129673995878,258.67506315044585,0.533734741885709,15.177922850871935,2.100143936750602,16,D06_px-1055_py-0118,0.3451170879664052,2.100143936750602,2.4748544444342135,1.7426658180677508,1.9452118171481534,1.7883456059340905
-78.82046565932525,97.92161988552134,257.3119977053226,0.3074708010590269,45.670710555344215,1.6415591928043995,15,D06_px-1055_py-0118,0.19881304170173694,1.6415591928043995,2.853126774637586,2.9013559354551584,1.3603684413565373,2.3722206319139287
-219.0788524547448,119.5423172636843,261.9404038490839,0.554494766558586,7.539083067848708,2.0351089469028176,16,D06_px-1055_py-0118,0.3585406834323871,2.0351089469028176,1.8079408309524803,2.7909744248623003,1.7884449535835918,2.0131034523171465
-2.504157386213749,118.76818608904098,260.1181551379695,0.2885658149623643,44.30675759958882,0.98489808357197,13,D06_px-1055_py-0118,0.1865889287900039,0.98489808357197,2.846330849836617,1.8396270994760706,2.2222759779226755,3.0192930055999145
186.01798558049887,129.0504430814223,252.0742501423157,0.5284186905767888,23.75797586502261,-0.0004588365413458,10,D06_px-1055_py-0118,0.3416796873191612,0.0004588365413458,1.8060335751589707,2.127723382640323,1.401511630955222,2.5629197618330495
205.4462842923737,161.0761127520647,255.74744531975733,0.5858132557537629,8.720951814644877,0.0579476534518961,10,D06_px-1055_py-0118,0.3787914652202836,0.0579476534518961,1.3645686801432169,2.160793193236153,1.5675246063878694,2.970249849995435
178.66283714773613,157.4042773366597,256.0930433759102,0.5436172279277517,16.41500591311774,0.1152459143558348,10,D06_px-1055_py-0118,0.35150718127876585,0.1152459143558348,1.8079617848857286,2.9154352690597984,2.780416203821362,1.2680157767548614
1.930567760990436,167.06225405504762,259.1940697619243,0.3967625410691179,34.61892698436918,0.9522613311467876,13,D06_px-1055_py-0118,0.25654978408215845,0.9522613311467876,2.5992265738409452,1.9966392316701804,1.6216368438959219,1.6431099296201626
135.1848804599741,169.12709794844938,257.1225210412927,0.5008034264982744,22.525590013273813,0.2894970875798104,11,D06_px-1055_py-0118,0.3238234400594672,0.2894970875798104,1.517440653053169,2.646770660003093,1.635026944459237,1.411433945887818
17.703780273610704,178.25727771020803,260.0133460058019,0.4210334342161852,30.74991497629276,0.8648255243880126,13,D06_px-1055_py-0118,0.27224353475625884,0.8648255243880126,1.7501400547464314,1.7521983254222733,2.8159161153182124,1.3541893076325722
-5.097662316720831,176.6014417765944,254.841569222914,0.4233760582532504,36.12257769590855,0.992674131389437,13,D06_px-1055_py-0118,0.2737582939098707,0.992674131389437,2.5428862350887176,2.6698829027426205,2.4361363053425595,2.537320214970519
-90.28552665360456,186.0637301729385,253.8315334721164,0.4870419270256922,28.41353898012545,1.4155866697407444,14,D06_px-1055_py-0118,0.3149251461105869,1.4155866697407444,2.1484458593154407,2.117113795899227,1.7126447973191183,2.3470390980911042
34.209872644538734,189.6424194607249,254.261456927086,0.4577352732339249,32.20387620220259,0.7853447093165024,12,D06_px-1055_py-0118,0.29597523294038497,0.7853447093165024,1.3687323394574737,1.3993154961209782,1.7728445954778644,1.1819330667258159
-110.65008870841018,198.62984008097948,248.3639547571269,0.5367769794030893,26.63395124025368,1.4720693746402564,14,D06_px-1055_py-0118,0.34708422270676514,1.4720693746402564,2.129642049520574,1.9194190794171848,2.399212533812743,2.3565918763714526
-150.55566272735072,204.8880231036433,261.44049355095376,0.5637155931973222,6.347732222160289,1.5975312183756007,15,D06_px-1055_py-0118,0.36450294256313176,1.5975312183756007,1.7708092777325448,2.1118744786124606,1.729355771327402,2.081932104466278
31.459585268705023,204.12421968543023,257.6692758843935,0.4803109444626852,25.0999414301258,0.8109001520032101,12,D06_px-1055_py-0118,0.31057283977000577,0.8109001520032101,2.323648759195505,2.9458242404213744,1.5183724098818108,2.2244519098600595
94.13629892752029,212.39546038966768,255.031083345052,0.5346059394883393,19.257914236780834,0.5466217673847485,12,D06_px-1055_py-0118,0.34568041119809295,0.5466217673847485,2.654487444805646,1.5156740690657196,2.761494010472296,2.2718195904981813
-109.65436180472466,225.6049421261584,259.59462434936404,0.560814000083521,9.092467924363405,1.4162389530706418,14,D06_px-1055_py-0118,0.3626267496018857,1.4162389530706418,1.885705830766426,1.097574994127871,2.426665109132152,2.1327920552618007
-61.57660746208578,245.37135159533992,260.91620921989914,0.5623504085274598,7.233850427100606,1.209691932113523,14,D06_px-1055_py-0118,0.3636202034029738,1.209691932113523,1.75877471523306,1.805847478501267,2.1238168464225766,1.3656658471679397
-68.77018029020222,-222.63106262977587,250.0970596877052,0.5445214001315386,23.261051979174624,-2.477375383047857,3,D06_px-1055_py-0118,0.35209182614727985,2.477375383047857,2.0114803635860223,1.9429308187732945,1.3316855829477086,2.184260952226592
-135.57505815052815,-214.3165244551901,258.2975810483119,0.568017225354704,9.229902001004804,-2.7418164353492003,2,D06_px-1055_py-0118,0.3672844117971059,2.7418164353492003,2.326493222577412,2.8916340502080673,2.3630038927236416,2.8541462448253188
-52.806675212931744,-209.983614549706,258.506103610516,0.498558709777464,21.309201943456515,-2.424146958434165,3,D06_px-1055_py-0118,0.3223719885476946,2.424146958434165,1.011405404187168,2.2711290966708972,1.950056751672987,1.0846981612068074
-104.52934120843976,-197.1701167667917,258.2244110024362,0.511817855950562,19.465942173913845,-2.665249967471469,2,D06_px-1055_py-0118,0.3309454568964354,2.665249967471469,2.166202043038788,1.6085135923656821,2.5522672224534397,1.5555345681833468
-24.29421787611161,-192.8544804291363,253.50434962784,0.4623653831024505,32.39876964490952,-2.3030875460240186,3,D06_px-1055_py-0118,0.29896909844957875,2.3030875460240186,1.6027023080883758,1.8181172213249386,1.996502769086719,1.448428017744659
115.83109025529568,-190.6386803941876,258.1432796138605,0.5117698064684959,19.566989437709594,-1.631790578765277,5,D06_px-1055_py-0118,0.3309143877228786,1.631790578765277,2.229726741576071,1.593360294740481,1.5569392150648367,2.461745367031409
-90.19699153028726,-188.72814032890625,259.1478481592816,0.4831763777846112,22.994626517608253,-2.62360412233068,2,D06_px-1055_py-0118,0.3124256515250194,2.62360412233068,2.196170001259844,1.9084673619142025,2.8830330226254786,2.066381991838705
-48.27646018806298,-188.52301365965988,257.9517701585583,0.4559207565206047,28.34640829262485,-2.4284660834311125,3,D06_px-1055_py-0118,0.2948019521418464,2.4284660834311125,2.3215334176163216,1.86782405982273,1.9265331763774705,1.1498465406525056
99.27162820477224,-190.8846691003777,254.26464539674623,0.5028595313934712,25.456362444082345,-1.698208731627541,5,D06_px-1055_py-0118,0.32515293367923187,1.698208731627541,1.8196216691935223,1.4994700885948085,1.9327829376539352,1.5923192909069772
6.539380426584365,-182.86343110789065,258.3718940102716,0.4314138674624527,31.210953321977456,-2.142030084331746,4,D06_px-1055_py-0118,0.27895560465286046,2.142030084331746,2.5353872294072417,1.6926299498474473,1.8422002184493202,2.429145891841289
-132.41697376909443,-181.3694175457555,258.0433558333727,0.5147925188748386,19.17689830719803,-2.8084158347542827,2,D06_px-1055_py-0118,0.33286889737265574,2.8084158347542827,1.3774052515030513,1.692228309879516,2.5744603590947244,2.5705233119759
131.53413920225358,-184.63323333880533,258.5402813689307,0.5180213605251561,18.06090755202547,-1.558771020038865,5,D06_px-1055_py-0118,0.3349566918151259,1.558771020038865,1.560840675191318,1.9565999512230734,1.8722757256191567,2.298099760660783
54.518412437703056,-112.06241339782002,253.08062314910487,0.3097655053925315,49.91596677466299,-1.7249861108524978,5,D06_px-1055_py-0118,0.20029681559759582,1.7249861108524978,2.448630273617546,2.227762914872576,0.8922165818354966,1.668374275571807
124.64579779686338,-100.10602525760794,253.80596518393176,0.3886039369311131,41.38920004270312,-1.2836224199138235,6,D06_px-1055_py-0118,0.2512743663867861,1.2836224199138235,2.3687234788843514,1.8506773824019063,2.199751151186839,1.9312232513111236
-193.8102022955443,-97.2967200162034,255.2302463468401,0.5045968643613944,24.07528586297952,2.99987592852148,19,D06_px-1055_py-0118,0.32627630686007325,2.99987592852148,1.3690119010740889,2.462020223044628,1.6652899933073952,2.9894117595116763
167.34340483701527,-94.00552223191023,258.88987866498366,0.4490686256596406,28.26047007961415,-1.118800732600726,7,D06_px-1055_py-0118,0.290371310357604,1.118800732600726,1.9268021680534915,2.2191897353477485,2.596990644346997,1.2905529083397607
-186.7431275590756,-83.67683346304987,258.7659405420042,0.474803071223492,24.69386223084217,2.9558735661744406,19,D06_px-1055_py-0118,0.3070114055517973,2.9558735661744406,1.5757834656313572,2.331553072290377,2.3323987507094506,2.3259768049058653
-130.56025563907593,-82.32321658347044,258.4430699955105,0.3702865448704875,38.410996635405525,3.0971849880784137,19,D06_px-1055_py-0118,0.2394301964068305,3.0971849880784137,1.3657782881053868,1.469014813375328,1.8172559698109394,1.6826446855660382
21.71606721763991,-78.87535973985187,256.51761251627363,0.2044068294208199,53.67244080558561,-1.9091109547186824,4,D06_px-1055_py-0118,0.1321710658761371,1.9091109547186824,2.9215163225340177,1.7730598659358128,2.6325635611498512,1.8687420386441436
-151.97455544149634,-80.31227829432554,257.16552327546793,0.4098581500930425,35.2558910184398,3.020767651190748,19,D06_px-1055_py-0118,0.2650175080221736,3.020767651190748,1.7916844099500628,1.6265234239110171,2.163818492491329,2.5500779978654418
-37.12750894190566,-73.4571235562437,244.953751131696,0.2150294548827835,64.91590037349826,-2.645758838828677,2,D06_px-1055_py-0118,0.13903973916699006,2.645758838828677,1.5108640354788052,2.0507342586904365,2.7213081393535266,2.7600556985028346
-162.917522792513,-68.8378217454492,258.3648309086812,0.418652770895115,32.856851293153795,2.9343912608567586,19,D06_px-1055_py-0118,0.27070417910199995,2.9343912608567586,2.25683573582363,1.793156512755019,1.7008180207543824,2.687660611722389
91.4843780715198,-54.151842962136506,257.5440054919705,0.2621354884556246,48.990686021162674,-1.141439989937091,7,D06_px-1055_py-0118,0.1694988714971614,1.141439989937091,2.8182185253078025,2.8301106529927456,2.1339990725241096,2.147401246743172
2.4651290519336024,-53.43157873879599,258.846660866423,0.13351774937642,54.47273735866685,-2.1316723690349098,4,D06_px-1055_py-0118,0.08633362837468343,2.1316723690349098,1.9039251114375753,1.8913410077056207,2.528429756108472,2.3367171913076357
178.60295730436422,-46.17265174243838,255.93244505002588,0.4381451331291891,33.01430090396519,-0.8599619339613609,7,D06_px-1055_py-0118,0.28330809405054286,0.8599619339613609,1.2871728952346893,1.6406279120304155,2.50246456550587,1.7433714149485529
-8.357706550871695,-44.091611286258,259.9940918385301,0.1117271614935999,54.01856666656158,-2.365106549114511,3,D06_px-1055_py-0118,0.07224366262011155,2.365106549114511,2.1850956649569393,1.0720184356566511,2.132461007895544,1.8780964645890408
-194.2939763690698,-28.460062056624075,259.9955162889874,0.45636271132531,26.00735695627003,2.6800581589734365,18,D06_px-1055_py-0118,0.2950877235995442,2.6800581589734365,2.789019262971327,2.0264325666737104,2.3414804735894594,1.4251244237098821
86.22965751163738,-23.68668175711588,258.45460443584534,0.2212156406095324,50.733807817392574,-0.875060288133292,7,D06_px-1055_py-0118,0.14303977558225509,0.875060288133292,0.828768631441408,1.8252789646310894,0.9730591761294021,2.00874674538852
147.0535364976936,-15.88078427125092,256.13343762863025,0.359080487873764,42.061459928004126,-0.7145558360395486,8,D06_px-1055_py-0118,0.23218427169031106,0.7145558360395486,1.186946190186199,2.1829738087132933,1.7206394822275315,2.5108589732473856
-98.77902454062269,-0.3924240166365787,256.8699760424319,0.2449397457888054,50.87095464815508,2.538585847281185,18,D06_px-1055_py-0118,0.15837996884970526,2.538585847281185,1.6295431468298711,1.7512709640694828,2.3136855955313607,1.8537356953837028
149.07504858862904,4.110289513219921,255.49594165089752,0.3626241397844695,42.37719205215802,-0.579414567323,8,D06_px-1055_py-0118,0.23447562492669294,0.579414567323,2.355955349791622,1.859641162789836,1.522155546424556,2.4386240534395336
41.22236695370029,30.05226450416549,259.02531609095774,0.1273222553273774,54.50477393839196,0.0229639151088505,10,D06_px-1055_py-0118,0.082327573124908,0.0229639151088505,2.134750456823291,2.1782265022724063,1.1444709138667686,1.873220289860499
-203.7820672122368,29.63470028763061,256.9195864320423,0.4802954866588024,25.94761289645044,2.390201951341278,17,D06_px-1055_py-0118,0.3105628446322646,2.390201951341278,2.4123099977991647,1.6514087481124669,2.5129363054787612,1.5134778319847437
-67.27482056644179,42.70816604714381,258.8637513607578,0.1974820065735348,51.64906040832261,1.9689752792257225,16,D06_px-1055_py-0118,0.12769342088099453,1.9689752792257225,1.7485914382628769,2.136460885034576,1.6933652986844057,1.6861789904586781
-184.23124544483645,44.95109875046244,258.8379832135963,0.4444416190501783,28.95426260288923,2.2952962294023163,17,D06_px-1055_py-0118,0.2873794514401628,2.2952962294023163,1.2134965529920256,1.5855161450183521,2.28560700087632,0.6664360601124719
-140.60545554315897,44.97564450117632,252.57555786563125,0.3630659618096675,45.45538256851802,2.2250269613787768,17,D06_px-1055_py-0118,0.23476131052811552,2.2250269613787768,1.7059050966495306,1.1795615013319563,1.444094219373118,0.9531147046223349
43.1011315828643,47.31391974569034,256.27552465455227,0.1609277615264527,56.01369599541482,0.2249788383650359,11,D06_px-1055_py-0118,0.10405715812079223,0.2249788383650359,2.1021759307474954,2.0980157603161222,2.346458256089436,1.770702187497898
-156.75621880872654,53.43228363677982,258.90512068901705,0.3940373382632994,35.25132698527517,2.206101880320512,17,D06_px-1055_py-0118,0.25478764648335966,2.206101880320512,1.4915887116401305,2.068109199683319,1.778075243360217,2.4391734988830382
-106.47700744020452,57.21557323731093,255.31271086113009,0.2985402771555833,48.51523663347734,2.041532732784105,16,D06_px-1055_py-0118,0.19303849460614836,2.041532732784105,2.797003842780396,1.5495906214307924,2.4370457919843265,2.178465619464072
-140.25493808267373,61.97311854531178,256.60179404362407,0.3704823262664886,40.36521384418944,2.118548578038169,16,D06_px-1055_py-0118,0.23955679019952078,2.118548578038169,1.673952965984841,2.5265305225779913,2.997427223199346,1.0468298521701094
23.99300840970577,80.653118568333,257.9584582908527,0.2089361208549775,51.950667328031386,0.674669897367241,12,D06_px-1055_py-0118,0.13509974139159078,0.674669897367241,2.762569061730109,3.0712769187180444,2.2141240206685753,1.840117290280082
-41.599114183956615,84.70662042356952,259.1489747073184,0.2324221643295711,49.334204402750686,1.4203161667709048,14,D06_px-1055_py-0118,0.1502860020857462,1.4203161667709048,2.611697966602285,1.6958292677139608,2.6634412187840746,1.710296174803527
240.72142555885665,98.94511794936184,260.6105464702528,0.5757659852242081,4.940309736219319,-0.2169959046792899,9,D06_px-1055_py-0118,0.37229482096040306,0.2169959046792899,2.2578158561675066,2.150754466412515,2.3744509283995767,1.5122909382142118
30.70143644783964,106.60310451631877,254.81174564330345,0.2757763946135833,50.82574680086947,0.6834074384988741,12,D06_px-1055_py-0118,0.17831918885897513,0.6834074384988741,2.897825525257215,1.5690459984635616,2.388662759471078,3.122282967272958
142.40728765808154,112.1528821058124,255.16133496789416,0.4325934047785109,34.59254904002006,0.0601238079573211,10,D06_px-1055_py-0118,0.27971830277183146,0.0601238079573211,1.9868804399959243,2.091968985959907,2.9666865702298555,2.0138228933589755
-161.01243245414895,126.7043411582128,257.59291387021443,0.4771595465881636,25.66072799031531,1.867897152715068,16,D06_px-1055_py-0118,0.30853512108293685,1.867897152715068,1.8444729773986253,2.2336604983870334,0.8412986721854605,1.9369378910477835
14.118917530050444,128.8857099381052,260.05815751305767,0.313389936583028,42.27081505265232,0.8547058353566458,13,D06_px-1055_py-0118,0.20264040135253364,0.8547058353566458,2.5451829145951708,1.8420592778742915,1.546422433686031,1.2580270489771062
-142.09429460748302,135.42269342656718,258.095847152454,0.4591154242925738,27.733432646540905,1.77325066304492,15,D06_px-1055_py-0118,0.2968676494854122,1.77325066304492,1.7086172479562793,1.4556616325828848,1.2450962869763034,2.292006566563958
-6.957945597417409,134.49009140813806,259.0560299368579,0.3258564343000516,42.19830877814604,1.015506459415581,13,D06_px-1055_py-0118,0.21070133696642762,1.015506459415581,1.7246048477715727,2.1465585770514,2.0430199019650233,3.0958044217405223
9.708661703686472,145.36237156197242,257.130949563916,0.3528657158937907,41.62989939127653,0.8971264684583634,13,D06_px-1055_py-0118,0.22816575117855675,0.8971264684583634,1.888576465640285,2.036092144883622,2.332759230157655,1.778894881007828
-126.6832579383698,148.4453598359345,258.4493821790205,0.4562682251414261,27.743112660222096,1.670281378284583,15,D06_px-1055_py-0118,0.29502662808884195,1.670281378284583,2.3753274944548908,3.0695027008863773,1.9200830633960293,2.1810969282984063
-185.65820354012385,174.27102788867964,255.9265356422684,0.5740671249329379,10.860325215450302,1.7808416719839792,15,D06_px-1055_py-0118,0.3711963245153085,1.7808416719839792,1.0198866931760908,1.684666314039117,2.2680131132887773,1.6797444565251363
-68.15865680573482,170.11011072011962,255.1178528379725,0.4368264403595658,34.08757477468919,1.3449038602719727,14,D06_px-1055_py-0118,0.2824554169192644,1.3449038602719727,1.582219402206213,2.1459830502926702,1.9947778094102053,1.7589925539074007
171.31113548371715,197.7743230169393,248.4898159005711,0.600200882445581,14.52520364920798,0.2499954953924601,11,D06_px-1055_py-0118,0.3880946179606973,0.2499954953924601,2.2378415942241316,2.3727138150311164,1.1060726568794084,2.0412110921603794
46.27428629803874,205.0967524674845,260.3956648299244,0.4833151483579934,21.56408417916936,0.7419106497450804,12,D06_px-1055_py-0118,0.3125153816707691,0.7419106497450804,2.493760020252001,2.833178132065662,1.3552895306076604,1.5116889832655471
8.975732173602445,-252.1706552357891,257.8467753337311,0.5665371044166045,10.05300398494279,-2.1421969982752183,4,D06_px-1055_py-0118,0.36632735394063165,2.1421969982752183,2.07371472492784,2.39439755670898,2.028673611056732,1.2310466020252675
27.85559407977224,-232.44615171061267,253.3908893159539,0.5408154697561076,20.07162663577072,-2.058507856799644,4,D06_px-1055_py-0118,0.3496955423774501,2.058507856799644,1.3011097008015824,0.8775455852565792,3.1433722799258463,2.687753416189693
104.96373183441584,-229.5128434358816,254.4476685665853,0.5726454659180579,12.899554243629725,-1.7488408026367677,5,D06_px-1055_py-0118,0.3702770685988524,1.7488408026367677,2.7869223766730142,2.557959023012146,1.9943512572809876,1.7184224189563404
46.794833447016885,-222.9288172405928,256.2139972064531,0.5239981569680616,19.725191685546804,-1.9708705287506048,4,D06_px-1055_py-0118,0.3388213354702418,1.9708705287506048,1.2960018036995695,1.8098579564993837,2.03079944526709,2.143787841805066
75.4263292076293,-220.86896496469404,250.9120699564623,0.5438064504377316,22.43511692965859,-1.8486951115191417,4,D06_px-1055_py-0118,0.35162953404409497,1.8486951115191417,2.507635741846974,2.2498960324423916,1.5112001408399691,2.308254044086132
-102.80826240151292,-214.2866694053997,254.0150347731065,0.5464136430222601,18.33941403780369,-2.6251086849598995,2,D06_px-1055_py-0118,0.35331536530432195,2.6251086849598995,1.3370269229794434,2.0820219116587384,1.8887756909584392,1.9959735834118433
97.04375620137904,-202.08465604271245,258.10238121609854,0.5139567928600804,19.249098920754022,-1.730082472713467,5,D06_px-1055_py-0118,0.33232851034907157,1.730082472713467,3.480942270936851,2.474784519055838,2.6607140518014543,2.6464994485407285
-130.90916481630336,-197.9175236221112,257.3150800315216,0.5399970652836353,15.641531031287514,-2.762146338727264,2,D06_px-1055_py-0118,0.34916635559953785,2.762146338727264,2.0104884352792567,2.188727925101159,2.0542049096685076,1.190025364810352
-119.52818276933228,-189.5282364165067,256.8258171331012,0.5158781659232088,20.39424181110008,-2.740436088720182,2,D06_px-1055_py-0118,0.3335708853050304,2.740436088720182,2.3731213378877376,1.2007437779437526,1.8583801099327262,1.1447213849885665
165.3707610959518,-184.60312258077207,255.00933665838303,0.5634254711547664,14.011393154618702,-1.447276181622942,6,D06_px-1055_py-0118,0.36431534736532245,1.447276181622942,2.0251780725642012,2.13254735340558,1.5317448343277986,2.5887098301465787
-127.26429841789808,-166.34745550391065,258.4168806435701,0.4848751002307061,23.55935048843997,-2.83084026682067,1,D06_px-1055_py-0118,0.31352405883833795,2.83084026682067,2.177613900504758,1.5406097293435645,2.7654313916773745,2.5759356091540346
-72.35948737456388,-165.04917604511863,255.886220033658,0.4293035476184985,34.22011074396789,-2.5909512615383714,2,D06_px-1055_py-0118,0.2775910552202152,2.5909512615383714,1.3782774351015261,2.4240895509879854,1.3443172788821611,1.8599460377461625
106.63754488558364,-163.44203435348368,256.596804542762,0.4591208614282461,29.40487167582711,-1.5996811489273517,5,D06_px-1055_py-0118,0.29687116518016254,1.5996811489273517,0.8660573939828426,2.816700758909851,1.8495918966316613,2.3392414870077434
182.08923108891432,-155.15506037963775,255.3405418956133,0.5469971432213021,16.68186820098458,-1.3126813946642035,6,D06_px-1055_py-0118,0.35369266112885406,1.3126813946642035,1.1040024005832438,2.191032773328593,2.573240318936744,1.6921614911214244
-119.35309330326284,-152.61234311941274,255.88194515440105,0.4573464650113514,30.45202769041225,-2.8414860577893046,1,D06_px-1055_py-0118,0.2957238264812928,2.8414860577893046,1.5812341739007103,1.9468735445838132,2.5588304563584603,2.8850021231698637
33.73155706671005,-152.1023908470411,258.365325209394,0.3735551745946264,38.14079978007095,-1.959539086729177,4,D06_px-1055_py-0118,0.24154371813121694,1.959539086729177,1.997496744727111,1.7990623435116793,1.5869412589931042,1.686094738379542
-30.35113951924009,-144.23412054670743,258.03307570139367,0.3555151220851991,40.39901211525665,-2.385179546651056,3,D06_px-1055_py-0118,0.22987887808947993,2.385179546651056,2.0452429512429355,2.2713280128568196,2.532017520028208,2.142038686721359
-200.99658389089345,-123.93104125945202,256.32219595080346,0.539537701799615,16.881363596885535,3.087136726261176,19,D06_px-1055_py-0118,0.3488693275526787,3.087136726261176,1.705911179748984,2.615796257398298,1.6892519349123458,1.0740845815728033
180.29146598709207,-123.62666418032002,256.6546281777097,0.5056323603406584,22.280178835757567,-1.2080466100603455,6,D06_px-1055_py-0118,0.32694586671615816,1.2080466100603455,2.1631072561898055,1.4965334073948244,2.2114170639377155,2.501182503117223
116.3676663753346,-121.24193162683916,255.46830015805327,0.4040533139796055,37.80240298604332,-1.4128885741902764,6,D06_px-1055_py-0118,0.26126405527050583,1.4128885741902764,0.9078030881725347,2.205163253173237,2.374088950515083,1.5027094289806655
102.06504622120484,-111.98117329191484,253.99910347749687,0.3698919082460599,43.21976974721565,-1.438671632287197,6,D06_px-1055_py-0118,0.23917502125719312,1.438671632287197,2.0143812643434984,2.2271254685837345,2.1633965843047918,2.028123246697925
-85.59478552840338,-92.01859124841953,258.8452290652712,0.3056938354571477,44.21476353473548,-2.9270224264217344,1,D06_px-1055_py-0118,0.19766404174762048,2.9270224264217344,2.1851748200668846,2.3073965193427206,0.8200012170997137,1.7967427758187058
6.90175125330956,-85.43549922487273,255.4974721411693,0.2146998743409266,54.14244396491392,-2.0971677226807297,4,D06_px-1055_py-0118,0.13882662979274515,2.0971677226807297,2.3051496456823894,1.966462435405822,1.8874802885411612,2.386622728215672
-219.6653221462791,-86.95066120127422,256.2654991020495,0.5398515134126455,16.891294420981353,2.9115216227203526,19,D06_px-1055_py-0118,0.3490722406133434,2.9115216227203526,1.5344843191312179,1.382041267325363,1.3336584807574328,2.1567246687776858
99.19357336340384,-84.2993309768354,257.2774171481339,0.317740305134179,44.80953902293879,-1.3113845907520307,6,D06_px-1055_py-0118,0.2054533839225822,1.3113845907520307,0.787072402190224,2.3117163136757606,2.35346031929489,1.4684021982403577
220.2402427422068,-79.8245393601561,255.6415616819233,0.537203477885833,18.089784542145367,-0.9546961592960368,7,D06_px-1055_py-0118,0.34735999998494377,0.9546961592960368,1.535444133342947,2.5015701930447127,1.8925825037111252,2.0668292559723422
-228.8149264626674,-65.9111917610034,258.42397876047494,0.539630474946765,14.414844502442122,2.8150751259931543,19,D06_px-1055_py-0118,0.3489293154003364,2.8150751259931543,1.6806472517003037,1.7247521440797402,2.2675912102941833,2.1719732053807483
-79.12850598039557,-65.26904334179545,256.2396024418617,0.2545531004930845,50.87226717795062,-3.0588621880671303,1,D06_px-1055_py-0118,0.16459603971930473,3.0588621880671303,2.4289034227266812,2.0094634481108047,1.2146646806830121,1.9988188678947192
116.584667003048,-63.36068818239867,242.6761983286744,0.3414817626561676,58.09678823776568,-1.104798263039704,7,D06_px-1055_py-0118,0.2208047973515048,1.104798263039704,2.5857332932635204,2.191896171873938,1.9131988303017498,1.6396307469007052
241.3867539150895,-52.18835500758963,254.07295100561308,0.5634834718676893,15.107965062573555,-0.8199045218573269,8,D06_px-1055_py-0118,0.3643528510831303,0.8199045218573269,1.9768632592186348,1.8130566102534384,3.3570942536176824,1.5643327020131623
-88.68668064712027,-51.5517602437849,257.3156727332352,0.2535515076845315,49.82950800884447,3.061153898108253,19,D06_px-1055_py-0118,0.1639484019204336,3.061153898108253,2.785435382544686,1.5314425725056209,1.7941560818127558,2.6003924160692993
218.8531209176442,-52.89747309686207,252.4654497454944,0.5253492342551235,23.82653320416597,-0.8441342130339738,7,D06_px-1055_py-0118,0.33969495268556665,0.8441342130339738,2.721247257482918,2.156992400743097,1.8407901371715205,1.3011209193340463
-204.5173668418048,-46.21124466424834,256.53495822141275,0.4883441506792413,25.153818326920543,2.7568341418900304,18,D06_px-1055_py-0118,0.31576717418169586,2.7568341418900304,2.5387702009130892,1.6175238582906477,2.134178409334511,1.572462474306386
-231.4533520555732,-42.705228234458446,256.3168786805932,0.5381040034845996,17.143517130693056,2.717070101803452,18,D06_px-1055_py-0118,0.3479422869299298,2.717070101803452,2.176772005861986,2.617121650519661,2.6524987707491547,1.5094301105113366
179.37830977826383,-33.6443793782865,257.09905479053896,0.4323049836694719,32.49591655897012,-0.7923864321955162,8,D06_px-1055_py-0118,0.2795318074110313,0.7923864321955162,1.7588476203943366,1.4676430985952502,1.7191673295388905,2.0126506830527053
-31.76487488075876,-31.9127312362986,254.0609920617429,0.1146933094743155,59.90265958287293,-2.9608520740316573,1,D06_px-1055_py-0118,0.07416159726675892,2.9608520740316573,2.1455816471807605,2.42817915273943,1.6791922559558352,1.8455107898614056
-102.23025705200396,-15.713886653758731,255.0481019083985,0.2577349684704963,51.883735529833416,2.6871301472913776,18,D06_px-1055_py-0118,0.1666534606148946,2.6871301472913776,1.8924751554030872,2.3472829924049727,2.7730971635349135,1.6764880618963391
170.51274580607014,-12.335930286614468,255.8552256121393,0.4097379265030773,36.69907875500593,-0.6791997969858098,8,D06_px-1055_py-0118,0.2649397705019832,0.6791997969858098,1.99519607816516,2.238799905463442,2.4945971741913713,2.089633078817158
52.14104402671244,-3.530151742912984,257.26402893479656,0.131281049239776,56.14689222835517,-0.6745802624688444,8,D06_px-1055_py-0118,0.08488736044937394,0.6745802624688444,2.0415294008593925,2.658159346822155,3.1185399109580723,1.8288559175140686
-230.82063092039533,2.774805619633036,255.9139453181392,0.53029060070982,18.98714416707452,2.522592220711548,18,D06_px-1055_py-0118,0.3428900791549336,2.522592220711548,1.9093720924481592,1.3807564157392114,1.79361594082264,1.655661196861236
121.53310993901036,29.01008264417048,258.0650116125146,0.3048978459335896,45.10078723321618,-0.3726631048381296,9,D06_px-1055_py-0118,0.1971493486522234,0.3726631048381296,2.016526315669176,2.322249655484685,2.3841146944446776,1.8108049799741819
152.97389372312952,30.72249776933675,246.37099541464784,0.3905085686883269,49.2149480733824,-0.4087813055250332,9,D06_px-1055_py-0118,0.2525059162824807,0.4087813055250332,1.5877349221906631,2.0374174844785227,2.183602782020448,2.4330201408600765
175.9154190084085,36.63794080378474,252.9428560546289,0.4325895682874905,37.036620009580645,-0.4016446434579834,9,D06_px-1055_py-0118,0.2797158220665203,0.4016446434579834,1.6880374516898513,2.1750444008659775,0.983307938939147,2.684445524717825
-91.60589276939564,38.09877898308199,257.8684634373899,0.2450557765939604,49.834036365238205,2.140476474914367,16,D06_px-1055_py-0118,0.1584549952822137,2.140476474914367,1.2314812952787617,1.86144290724467,1.4222346758738107,2.519901741050546
104.5702395891727,49.17245796225617,256.2891044507284,0.2850863661463114,48.57518909870271,-0.1674271885095979,9,D06_px-1055_py-0118,0.18433908978030822,0.1674271885095979,1.8927175241169563,1.685695495269944,2.4337400267010016,2.145107418413465
-250.00146003206063,51.99016658857107,257.035700590872,0.5733729446305343,9.67670546060208,2.329576088317109,17,D06_px-1055_py-0118,0.3707474620641914,2.329576088317109,2.6534629951610627,2.430286169464366,2.361248335836619,1.9542915323328827
128.00568883253146,59.776865845649965,256.1965062398768,0.3441666614318814,43.48729265594494,-0.1700901698782553,9,D06_px-1055_py-0118,0.2225408740469906,0.1700901698782553,1.5636541755370528,1.972262924020014,2.775604689335718,0.5982115683031863
108.25797199384029,73.07721787785707,260.6083895965328,0.3149310680350122,41.55519670641922,-0.013210277090125,10,D06_px-1055_py-0118,0.20363690908782384,0.013210277090125,1.8133777587085875,2.5208060723862986,1.1300355989527637,2.449998137478257
-229.362456067905,72.13343641962558,254.97732772517028,0.5498765266826815,16.581490569247194,2.229911417946381,17,D06_px-1055_py-0118,0.3555544931539139,2.229911417946381,1.3693543043742258,1.3845157636025531,1.5018196490697446,2.4429945024325894
-253.68070679397204,73.48946439656987,259.693327802688,0.5841090224829846,4.33705702493063,2.2526391276085427,17,D06_px-1055_py-0118,0.3776894945643198,2.2526391276085427,1.6901767506224825,2.891794251031124,2.230059923252032,2.084652704523354
251.28567511888428,79.71458200088057,258.4783825781837,0.5854222855289913,5.523974623587719,-0.2997940974456595,9,D06_px-1055_py-0118,0.3785386607935416,0.2997940974456595,1.549426793502895,2.693806283379072,1.4102960619996767,2.687878531434823
131.0081002610406,91.11975303649048,255.12029392829945,0.3861675952742511,40.24287194106955,0.0007385287522033,10,D06_px-1055_py-0118,0.24969900868206407,0.0007385287522033,2.2197634642182154,2.985690252196867,1.7677531373229032,0.9929575957013561
220.93197473287304,93.57659916545178,254.15020720285727,0.5503865134545914,17.458370318877996,-0.2063343828555183,9,D06_px-1055_py-0118,0.3558842546174475,0.2063343828555183,2.160136186676238,2.149047997260765,1.0474283297682068,1.5786617502326399
-193.9777954296746,90.818888332815,247.96822035119425,0.5115879775825807,31.26629151460071,2.0967339859369374,16,D06_px-1055_py-0118,0.3307968157331042,2.0967339859369374,1.0330463646259003,2.396076044530244,2.1536392135477778,1.9514894634951712
22.99961311058627,102.07680762551657,240.7315011151571,0.2753509891558263,65.48901127347014,0.7422008992315144,12,D06_px-1055_py-0118,0.17804411833936196,0.7422008992315144,2.206499862875301,2.4364903421539044,1.890428661602312,2.452904593316057
-8.21579436681759,104.3075357097313,256.0104179098717,0.2596556043554188,50.75395260891781,1.0424196223667743,13,D06_px-1055_py-0118,0.16789535890561927,1.0424196223667743,2.4627716604131025,1.6225234967897255,1.9045758740753684,1.6257550459066694
-73.45960516723957,123.77139317221078,256.05903036838765,0.350293807934846,43.02951327125743,1.4994508426661115,15,D06_px-1055_py-0118,0.22650273523514516,1.4994508426661115,1.9915713581492427,1.2022154123674742,2.4670738014409914,2.0284990466408614
146.14478020934746,170.91520457866127,247.8824321827828,0.5327956899354933,27.873749388193914,0.2563856198135202,11,D06_px-1055_py-0118,0.3445098895791265,0.2563856198135202,1.956211305992178,1.9291646460469902,2.100824933819428,2.1529787512760405
142.62064942242057,191.14161217728025,253.62959592776923,0.5486076732481951,18.39318249768581,0.3227831155569289,11,D06_px-1055_py-0118,0.35473404252928536,0.3227831155569289,1.8944104791262317,1.226141203364683,2.0351040011142554,1.4550479909485645
101.10099432716284,189.6510763997813,252.18059565755857,0.5058709084452807,27.35604603132265,0.4740493365636674,11,D06_px-1055_py-0118,0.327100113799487,0.4740493365636674,1.4779970619875669,1.93014083894834,2.665453844174447,1.9540197638060046
-3.0764039035828388,206.183349395532,253.9817784456362,0.485585618572753,28.464708140501106,0.9787364072641056,13,D06_px-1055_py-0118,0.3139834855945719,0.9787364072641056,2.9234981227067824,1.5566961153295602,2.0934845519216747,1.7945837326454475
79.38381531482963,211.5855237115277,246.8354546223653,0.536808513384933,28.40720794523486,0.6048835259816666,12,D06_px-1055_py-0118,0.34710461282779687,0.6048835259816666,1.9612962004854877,1.6445548345301801,2.2561280648431516,2.1553761066332675
-9.8747337496795,230.59096944688488,254.17054778688427,0.5332117589540197,20.50135122451195,1.0066142389074564,13,D06_px-1055_py-0118,0.3447789230835964,1.0066142389074564,2.1665038017605998,1.6335745079195652,2.8699867073430076,1.2770341576617716
16.562841201469013,227.6508636028688,243.193818406964,0.5477878183989877,30.7664358593118,0.8911893114935588,13,D06_px-1055_py-0118,0.35420391792635253,0.8911893114935588,0.8781266157427343,1.86828322900794,1.8168133966213869,2.0863886864578385
-71.4982703555473,237.05503583771,253.6848283049113,0.565341834631123,15.213799948714438,1.2567503888821785,14,D06_px-1055_py-0118,0.3655544830830176,1.2567503888821785,2.02018587899495,2.112307201622018,1.890300768937978,2.314069107091232
-15.82321192917028,-245.708161583508,249.12037306046244,0.5710315819134223,19.545722035581377,-2.2420854539279027,3,D06_px-1055_py-0118,0.3692335184899958,2.2420854539279027,1.6607449499765476,2.4791045782820618,1.5464680807423916,2.0979672854180933
-23.953160210873666,-234.05942476685672,251.88363157177207,0.5456663135028412,20.96790411846405,-2.279758766928173,3,D06_px-1055_py-0118,0.3528321361508628,2.279758766928173,1.8802723135345747,2.1735607912178665,2.9960617851067664,2.3979563170857263
-58.13579230850328,-231.9674809565396,252.4205627301457,0.5519603136705401,19.20104709434804,-2.4233383806548354,3,D06_px-1055_py-0118,0.3569018862328266,2.4233383806548354,1.4584169959066104,2.584078772808753,1.9779614521842857,1.6299770817911008
2.235786061895099,-228.56160002067705,256.58254118581283,0.5248668775220279,19.150578509356592,-2.167994185969233,3,D06_px-1055_py-0118,0.33938305702275334,2.167994185969233,1.9078788777247675,1.5137690504192773,1.1281112908980082,2.416183755152984
104.86944583781992,-215.51181969723888,255.08790946822944,0.548264269761265,16.746773755790628,-1.7249003698228762,5,D06_px-1055_py-0118,0.3545119951298822,1.7249003698228762,1.960355369686594,2.311043425042776,1.959202858682969,1.695420439810933
129.42278582945838,-202.4834815305512,256.2094428913725,0.5474981493431575,15.572936925056638,-1.609046733832205,5,D06_px-1055_py-0118,0.3540166156333279,1.609046733832205,1.8514935836211215,1.7921438669570007,3.087958810975762,2.4745973727368833
147.7376207920666,-188.888115358262,256.9965525428546,0.5451939170473421,15.0725283360905,-1.5140182285876898,5,D06_px-1055_py-0118,0.3525266808819936,1.5140182285876898,1.1798218431773073,3.2146690690701862,1.8584219207516286,2.0500922459948248
90.10066942558244,-178.51392936247603,250.2151057433132,0.4790924311343734,33.683943792285504,-1.7103543873674667,5,D06_px-1055_py-0118,0.3097849394545242,1.7103543873674667,2.2968847030710027,2.090831772576512,2.060042778748823,1.7380591747434426
-57.70741500360399,-171.15155617435394,255.72718362449388,0.4303879166391956,34.25517210240457,-2.502976713865053,2,D06_px-1055_py-0118,0.2782922167698303,2.502976713865053,2.374075215662873,1.6215196333896376,2.31375360876988,1.6043547905626487
-62.477222207211824,-153.28952941188402,256.09003088860555,0.3977556414381119,37.86868995422509,-2.5647966584933224,2,D06_px-1055_py-0118,0.25719193060272155,2.5647966584933224,1.8252440520323587,1.5252584471793744,2.5697210438449702,2.40668709718634
-136.6188195968468,-149.56075700100712,256.5044462553813,0.474244449349985,27.31937633187806,-2.917981679120351,1,D06_px-1055_py-0118,0.30665019624850565,2.917981679120351,2.5203073172289803,2.089534931637105,1.8522287956434893,2.4932630181544164
-193.58900282981065,-140.22499023461302,255.73842589045623,0.5459570940815709,16.40537802524534,-3.1216942586742915,1,D06_px-1055_py-0118,0.3530201571633489,3.1216942586742915,2.1258913656909897,2.0311947665079773,1.9765888095892215,1.726620743753562
-46.24601989321919,-116.18751393379152,256.46219669306845,0.3069292192741814,46.60855424747911,-2.5565820917583086,2,D06_px-1055_py-0118,0.19846285065398692,2.5565820917583086,1.0470703327460107,2.0460989231936186,1.8008378867943007,1.7511956541336986
-41.19177270211594,-102.99979517349288,253.77091877553096,0.2768391284865711,51.82795776248628,-2.5582140602674466,2,D06_px-1055_py-0118,0.1790063609516761,2.5582140602674466,2.0665387639156885,2.1461574055939328,1.8728470699690232,1.4453730058289043
-235.02959935791023,-94.62044060617193,258.3991351856431,0.5674148518784081,9.227167042090286,2.917349800887444,19,D06_px-1055_py-0118,0.3668949123628496,2.917349800887444,1.8712696698569729,1.7248719541995325,2.103446760420387,1.9904674692787747
-110.12079436502246,-84.27297730927219,254.76322092992,0.3400501436387521,45.40630866239837,-3.0953648970007315,1,D06_px-1055_py-0118,0.21987910121896118,3.0953648970007315,2.37462588922956,1.9951001562374797,2.606781563839431,1.8292053496843577
165.42563097705747,-82.63233376858788,254.77788084587087,0.4408048780784818,33.93726108636815,-1.070237854697507,7,D06_px-1055_py-0118,0.28502790608374534,1.070237854697507,1.731952233965615,2.0519774902476167,2.281381273989974,1.4304227515389352
204.112329730035,-79.46820851166954,253.63840541578512,0.5114970982951849,24.77838836321609,-0.9782588416502856,7,D06_px-1055_py-0118,0.33073805247008015,0.9782588416502856,1.8759771748075154,1.0116195716581111,1.629261833082676,2.278794953766286
-94.17763109643496,-77.54800657519782,253.3465215455724,0.3033410140285909,50.1771723333909,-3.0597113413675,1,D06_px-1055_py-0118,0.1961426888803523,3.0597113413675,1.8966050744389482,1.5218989549884463,1.8494775247417417,1.770173014197229
-245.0311368854468,-66.92204387915677,256.6077630743479,0.5717274836860428,10.509911364717029,2.8012274059262934,18,D06_px-1055_py-0118,0.369683494057314,2.8012274059262934,2.54472049040126,3.1428295998463485,1.8335463061050465,1.666865655426264
216.34460547225024,-67.11328904726105,253.4905890252707,0.5262046627561876,22.496131517459048,-0.907781117558848,7,D06_px-1055_py-0118,0.3402480794919793,0.907781117558848,1.2601491107819491,1.7306928876326277,2.641901259911215,2.790711096140703
-142.394430306062,-58.25625627538862,256.8809346399702,0.3712451442467533,39.98399975813357,2.922955839297682,19,D06_px-1055_py-0118,0.24005003431375488,2.922955839297682,2.608254352834763,2.3661466088068956,2.0494237685480208,1.76038507427608
-219.8619633161329,-52.74568932275892,256.54854747100336,0.5202211765154335,19.982013870404955,2.770067005846639,18,D06_px-1055_py-0118,0.33637911016088357,2.770067005846639,1.9267212535294052,1.3705162437752576,1.3937100626888403,2.002348331652091
-160.88846112507238,-52.75355961197892,257.7515682130425,0.4035494149242935,35.379522097035704,2.851455816195492,19,D06_px-1055_py-0118,0.2609382301724733,2.851455816195492,1.2548607852486673,2.087283670634678,2.789592331083675,2.3808890210167286
228.4317839878213,-41.372467381605965,246.5994102056592,0.5491298225025742,26.540170094408097,-0.7861524574754808,8,D06_px-1055_py-0118,0.35507166834977905,0.7861524574754808,1.9522269182793561,2.386099335117694,2.0554026749800083,1.8935061332723508
-5.867384557490316,-30.247131761889687,254.8002425004227,0.0784380488939029,60.05779991363343,-2.3693777764791,3,D06_px-1055_py-0118,0.05071866021760106,2.3693777764791,1.4758361340949802,2.5776785253596177,1.1714283353843822,2.395050616996871
117.1876637104353,-23.74373108491839,257.1174236275266,0.2935411892408759,47.03687015091464,-0.806886217765011,8,D06_px-1055_py-0118,0.189806044986106,0.806886217765011,2.471654170442692,2.9426612841389836,2.338245733816612,2.2279617114369423
-268.90898284859065,-21.28364748861696,260.6062733444524,0.5922408822151697,1.5438149920664728,2.6135966137429816,18,D06_px-1055_py-0118,0.3829476191162418,2.6135966137429816,2.6183220671240197,2.609488659046579,2.7278111435373047,2.2174462927551764
-134.82335214808313,-19.095555755793697,253.5722493257328,0.3358296799347317,47.068256467620245,2.675311183278692,18,D06_px-1055_py-0118,0.21715011614623878,2.675311183278692,1.7964979519938613,2.40144087702432,1.7211846925557392,2.154714133837094
132.07622738000703,-17.22856516131611,255.69099660770192,0.3264826522579989,45.69308202075291,-0.7366912345926159,8,D06_px-1055_py-0118,0.2111062544303264,0.7366912345926159,1.9788408676814182,2.3181676492167784,1.7167270526436458,2.1517820536602885
15.994888700688444,-23.0591018691048,249.94253333707945,0.0728526488523234,65.0366002075128,-1.5713260429571303,5,D06_px-1055_py-0118,0.04710709655834403,1.5713260429571303,2.385056169324821,2.205376710120097,1.8935293856363922,1.7822145736745854
-119.82220172494888,0.2021295187946109,245.6799652911888,0.3069940125961775,57.91409462643588,2.5329262112823003,18,D06_px-1055_py-0118,0.19850474652632222,2.5329262112823003,1.6685152914634207,1.8743743949241658,2.3183648131828893,1.9691490184075364
-190.4686088187784,-4.105636412706067,257.8451083175642,0.4477333558567186,29.60403298539393,2.5561652333505265,18,D06_px-1055_py-0118,0.28950791438602863,2.5561652333505265,2.1175255619281548,1.618052396188298,1.105987683608339,1.3642124957924175
-108.89753319910928,8.646081487574449,255.97905530937828,0.2705872430859466,49.99910825003826,2.4553828406555778,17,D06_px-1055_py-0118,0.17496384260981176,2.4553828406555778,2.275325522780637,1.217497381773762,2.046227738730776,2.6885771302968666
137.524605040242,11.268365976780194,258.0394691299895,0.334521456418642,42.461231481305504,-0.5252250731059811,8,D06_px-1055_py-0118,0.21630420851675433,0.5252250731059811,1.8151683833298293,2.3534101470137605,1.3415009145017427,1.7642062915726433
-187.03331098945543,14.296553371559376,257.29638961685987,0.4425299443631013,30.92042007914301,2.458322934215755,17,D06_px-1055_py-0118,0.2861433475305462,2.458322934215755,1.4045768363513642,2.5742509906574496,2.055903307227993,2.4391642451514475
80.66220386440835,11.767270595021095,254.46648854671423,0.2052882512673458,55.719579361207536,-0.4621180821937121,9,D06_px-1055_py-0118,0.13274100018445711,0.4621180821937121,2.5017949001431354,1.8150562616165447,1.9074266785704526,1.3989351246157318
251.08338119833152,24.67650141807361,252.9108801261912,0.5752581968195563,14.21927835358366,-0.509014032676074,8,D06_px-1055_py-0118,0.3719664809784536,0.509014032676074,2.545311950877177,2.706406457277457,2.4031124855108836,1.4329669529240427
153.63440571947316,40.52472872538855,257.2471361981188,0.3817762742460057,38.439212636857576,-0.3490799030884087,9,D06_px-1055_py-0118,0.24685954591777165,0.3490799030884087,2.8982746530203487,2.0958841127382692,1.6678753623872766,2.4330412720032553
165.90288716466654,49.8191821498072,257.71238569613064,0.4119050672637895,34.40895228515586,-0.3152555747233228,9,D06_px-1055_py-0118,0.26634106078694364,0.3152555747233228,2.113348927997117,1.0327443736477102,1.507592935493952,1.3465497386242595
-186.8782595535993,56.403125330273966,244.3086874491628,0.4790113987153379,40.35129751288355,2.24148974981122,17,D06_px-1055_py-0118,0.30973254325413896,2.24148974981122,1.585303015983207,1.621021947627758,2.6492493351167417,1.9637454995469197
-90.46275656507804,68.163129242642,256.23014481880324,0.279799390656324,49.04598099130146,1.8888797068370349,16,D06_px-1055_py-0118,0.1809204897865965,1.8888797068370349,2.1966893544470434,2.309810775078155,2.1554122632835857,2.238373483603799
165.93488952456053,73.49699193752197,255.5455853047374,0.4324724278925157,34.18503165143602,-0.190023316243066,9,D06_px-1055_py-0118,0.2796400781644949,0.190023316243066,1.1765434303031614,2.185319550086224,2.1928790030205394,2.3457778530135873
64.48610400618288,73.59645911078044,255.547522427913,0.2439343733441982,52.30014095904755,0.2443007390767463,11,D06_px-1055_py-0118,0.15772988710839192,0.2443007390767463,1.6865617794659156,1.7515702654614427,2.258055439889071,1.7741951322422889
-127.06134185464512,75.79464203559075,251.84484108522324,0.3647660783062517,46.0625462173129,1.9967563136667208,16,D06_px-1055_py-0118,0.23586061924546042,1.9967563136667208,3.091293175242705,2.4664753935767187,2.530462299739986,1.2125831415341963
-211.16684243701204,84.59954877247915,255.15319948565536,0.5252174246417437,20.74237301740868,2.153564670466455,17,D06_px-1055_py-0118,0.33960972355138125,2.153564670466455,2.08206322390126,2.0910315168120714,1.9433950702748803,1.3963056677094277
-64.92924062705723,101.14994092934178,257.2143457903311,0.2948887825748681,46.82587208019066,1.5344843799614107,15,D06_px-1055_py-0118,0.19067740944993536,1.5344843799614107,1.2764295544617257,2.4896528022653124,1.663957432870947,2.1159250213554266
-129.03496220052017,105.82139834091312,255.44910703885023,0.4015545444182174,38.11892408652989,1.8477364875923787,16,D06_px-1055_py-0118,0.25964833119101544,1.8477364875923787,2.8398563871982563,1.8189830956291506,2.8233275586103668,2.3086434294918687
156.61495326566506,107.15028975325244,256.06294706363366,0.4488989975070344,31.42176473311088,-0.0069611102962028,10,D06_px-1055_py-0118,0.290261627458084,0.0069611102962028,1.594383029624063,1.4938858667697494,2.146036174392371,1.8223186912017608
-180.2800318207277,111.73605299600082,255.2194552961217,0.4952716268046999,25.56892373429384,1.9797679284644685,16,D06_px-1055_py-0118,0.32024653480740345,1.9797679284644685,2.1906913105853567,3.142199892013194,2.4983705495642803,1.7145747405387857
-198.87817110834064,119.10956659779109,253.1304955229514,0.5369364966370954,21.059376366286813,1.9949975457148208,16,D06_px-1055_py-0118,0.3471873678066815,1.9949975457148208,2.0782931126308197,1.7020845207894038,1.1209022179747925,1.2332249191220372
114.4352030527946,126.1910023155744,258.1500048558936,0.4051950062641082,34.74853618850324,0.2272348427889524,11,D06_px-1055_py-0118,0.26200228249399365,0.2272348427889524,2.017728938567043,1.7882190909651747,2.3434007563478936,1.7990479438840763
201.14980841883457,134.1428284865095,253.5417799489812,0.5548771300524742,17.347222740220502,-0.0188290982590719,10,D06_px-1055_py-0118,0.35878792267915066,0.0188290982590719,2.0245670529307946,1.7496475183654372,2.200564386392514,2.188662369288909
-64.94799421492941,138.05220494986744,253.336720288029,0.3731133891329855,43.58896896705534,1.403554113185613,14,D06_px-1055_py-0118,0.24125805617207835,1.403554113185613,2.664208311103539,1.9434666148514683,2.190876214411583,2.5756082025281586
-86.41101752885832,143.52737303509798,255.83932390301263,0.4024137653848081,37.59343590460344,1.505744139209535,15,D06_px-1055_py-0118,0.2602039102355082,1.505744139209535,2.257587340264838,0.9581207927790443,3.2021367068994513,1.8067810633917496
38.74132945282659,144.07630031568897,251.69285523114445,0.3677662460548707,45.91501399157608,0.7011356012729452,12,D06_px-1055_py-0118,0.23780055134198455,0.7011356012729452,3.324733035915874,2.1036716617837854,1.836706886489575,2.473746755772023
-8.147220042395615,151.44571321152318,258.12055406708043,0.3648258823835794,39.33854762053056,1.017561295361118,13,D06_px-1055_py-0118,0.23589928903289628,1.017561295361118,2.2800946900072048,2.790734241234264,2.123493494065539,1.441943067958512
-96.99580239453168,155.6927314939517,255.35475886550785,0.4368433005711914,33.823899038590184,1.5209730554231973,15,D06_px-1055_py-0118,0.28246631886489787,1.5209730554231973,1.4884850123809046,2.5880920867702413,2.7050358251732987,1.8854173138939196
-177.43697241783457,156.82241119168503,257.4989669407303,0.5387748432270021,15.646701390768952,1.8108092950842831,15,D06_px-1055_py-0118,0.34837605719111253,1.8108092950842831,2.1378826990711426,1.944433194337327,1.8075349907141929,2.5558372634654
-174.25507194754476,168.43892718145315,250.9898516654196,0.5604961345981054,19.31286210725682,1.7661851604746328,15,D06_px-1055_py-0118,0.3624212152754072,1.7661851604746328,1.7289067122366344,2.7342909089171146,2.9810579405221755,2.271122922818104
-136.15692157598005,175.42901379305536,253.6135856838193,0.5174261627442879,23.83053255430525,1.6238367241483709,15,D06_px-1055_py-0118,0.3345718322420511,1.6238367241483709,0.7929388394667864,1.2816282650084978,2.139226425485412,2.1868025920818535
85.28649353293058,186.77901749570108,248.24951086921607,0.4932895272502194,33.79198025172121,0.5354737297423019,12,D06_px-1055_py-0118,0.31896489362383534,0.5354737297423019,1.7171645310317203,1.36180995047816,1.9990560464935827,1.3535467239775434
-50.08429303587919,212.7413213038637,251.6963905610218,0.5138461390857331,26.623544487176275,1.1950299939329172,14,D06_px-1055_py-0118,0.33225696074703454,1.1950299939329172,1.71723672443727,2.2301396919594043,1.5187404474019082,1.6109249273595574
53.04865908135682,211.23050157746573,249.94209324550195,0.5153359254559066,28.39613086468336,0.7177644504605784,12,D06_px-1055_py-0118,0.3332202683480159,0.7177644504605784,1.9704973802080494,1.8600353812275001,1.7488782063108332,2.6273262352601128
132.1570108028904,219.71101926036715,257.8029808676988,0.5738756400262538,8.663671822371441,0.4222923002497326,11,D06_px-1055_py-0118,0.37107250886645105,0.4222923002497326,2.0924484527094274,2.7484593454466637,2.0428656451047917,1.6552731936237006
-18.03078023206896,215.5792358964261,253.0791663467125,0.5071475254902617,26.12383858244528,1.047261340646735,13,D06_px-1055_py-0118,0.32792558443581005,1.047261340646735,2.0829881524477534,2.3899990086641525,2.432541967000608,1.7978499723576142
77.15514010599244,225.5861933201456,253.04356785208213,0.5495054675783254,18.91705937505924,0.6342681229977883,12,D06_px-1055_py-0118,0.3553145634144588,0.6342681229977883,1.7301545706775414,1.7831914456320037,2.8065703164844162,1.6469488957516552
-56.05739188756152,227.33839447330365,255.96294928826737,0.5364408333833173,17.8508933771368,1.2055752583237664,14,D06_px-1055_py-0118,0.34686686804278855,1.2055752583237664,1.9436922285523024,1.516991188368987,2.656385128076485,1.4699779508556063
33.425170551990256,231.37112185093383,247.1047180348084,0.5513262803305812,25.55718144009597,0.8203437974817444,12,D06_px-1055_py-0118,0.3564919152813627,0.8203437974817444,1.1066761123027387,2.374152560544852,1.1654251499017811,2.621558321487165
-38.53617564839047,238.9553791331609,253.20547120125644,0.5559662750855676,17.541473237682453,1.1237094648984622,13,D06_px-1055_py-0118,0.3594921724359985,1.1237094648984622,2.0542851835579685,1.3485873927316483,2.414494997595175,1.5616572991587208
60.78120993614675,240.4787686306352,252.53523440109456,0.5682004446926102,16.030637344848458,0.7162507896783666,12,D06_px-1055_py-0118,0.36740288286408934,0.7162507896783666,2.50752640361929,1.8259439956974093,2.429412064287699,2.2530273598926702
7.295424878445129,242.02569502640463,248.3871740171804,0.5647885431075838,21.5907996962788,0.9336827362096516,13,D06_px-1055_py-0118,0.3651967204259986,0.9336827362096516,2.3256452251642408,2.497909326016701,1.9716380778030982,2.068796049654278
97.82845357748354,241.3202141748812,257.7508985753337,0.5810494250199625,7.287767191778244,0.5786737582283122,12,D06_px-1055_py-0118,0.37571113474637546,0.5786737582283122,1.2619737085388036,2.5452193899983238,2.142034294369232,2.270970889284517
15.861318793148222,-239.8290575280321,252.970043901342,0.5532463600787226,18.320023288342497,-2.1117360974052373,4,D06_px-1055_py-0118,0.35773345396966444,2.1117360974052373,1.85125760100804,1.3263921534123289,1.5612047381361078,2.514418765726711
-2.8363224542014307,-239.73594470983,252.73425377587168,0.5525455920071621,18.72558269959768,-2.1896063337473914,3,D06_px-1055_py-0118,0.35728033181512314,2.1896063337473914,1.4543483922058438,3.1465567011790228,1.6513994319298337,2.638624544884895
89.67216250300207,-225.77555826116009,252.35122112762195,0.5591290030623346,17.960716049800624,-1.799708132906885,5,D06_px-1055_py-0118,0.36153721725641874,1.799708132906885,1.4336455501778282,1.8296248876315193,2.8046913183474205,1.7318590928665796
-13.130353003013116,-220.119520081819,256.062380634054,0.5103012472748732,22.195411668994154,-2.237356274293392,3,D06_px-1055_py-0118,0.329964805781447,2.237356274293392,2.02602468798102,1.8119818760399098,2.368438413132636,1.9406004080082564
-117.75998929015888,-205.20655845362805,254.18504097749687,0.5441014996610566,18.5574046494516,-2.698753539426592,2,D06_px-1055_py-0118,0.35182031519579765,2.698753539426592,1.5660562356201004,2.082237403731707,2.7540559576686534,2.457246453102613
82.01634429361268,-203.2479443404685,256.32884263038943,0.5072682632728188,22.38656611428081,-1.7942313508923244,5,D06_px-1055_py-0118,0.3280036544369804,1.7942313508923244,1.580710058843042,1.903106804967233,1.251957337673872,1.9396854718614338
-39.911148194148,-200.2382644834473,255.0927156927188,0.4797255886635008,28.092877733306807,-2.374515840920989,3,D06_px-1055_py-0118,0.3101943440998063,2.374515840920989,1.3897600040495213,1.747105433562563,2.0678719838334603,2.3021335196916315
-72.46399442882735,-180.8724711776456,256.020240856587,0.4593930328360561,30.00959791927886,-2.5588302534886807,2,D06_px-1055_py-0118,0.2970471533561603,2.5588302534886807,2.109367811557302,2.558433576625411,2.0751456481541157,2.966924038559732
107.17440956119748,-178.97139054589155,255.71433894470007,0.4875610102537298,26.20338922775244,-1.6382131000188935,5,D06_px-1055_py-0118,0.3152607894142992,1.6382131000188935,2.502126580580489,1.9520568990024165,1.4915808773633001,1.9719594405522638
-204.0554183250756,-165.3943189303079,257.24083186958075,0.5859533321094383,6.900037842252004,-3.0674396226344927,1,D06_px-1055_py-0118,0.37888203969514894,3.0674396226344927,1.9722328602301968,1.8250704129381796,2.096950180069066,2.3883842799138133
7.102574193843164,-163.24900336904787,257.19940740715657,0.3916258605016067,37.3767984517803,-2.1342956681602074,4,D06_px-1055_py-0118,0.25322836596909004,2.1342956681602074,1.54492561848064,2.0145033126611027,2.398146451572526,1.8279480002942496
124.63324370934312,-163.90220006095564,253.8912159346152,0.4851318727286705,28.635804086181054,-1.5276441349298433,5,D06_px-1055_py-0118,0.31369008995794284,1.5276441349298433,2.150192425468976,2.2378218773427587,2.8015990075741026,1.7194016751443444
-93.12040643734656,-154.4837616056773,254.8129232800439,0.4312440430099582,35.15082835291537,-2.7202402202924287,2,D06_px-1055_py-0118,0.27884579482428656,2.7202402202924287,2.419914147958375,2.2553857235164485,1.9866112737137644,2.129655550179695
177.4460336389546,-142.00164720146998,256.57664440071665,0.5224017462180546,19.579099941974107,-1.2818744706140952,6,D06_px-1055_py-0118,0.33778908370545285,1.2818744706140952,1.8200061185345153,1.8636393510988665,1.7533323925933495,1.6812011278501093
-166.65349373524057,-140.54349013393517,255.29277685360813,0.5067196364288472,23.660880521836816,-3.047964572969178,1,D06_px-1055_py-0118,0.3276489079985103,3.047964572969178,1.959174883360233,1.067381498147701,1.803325423456542,1.8553930045801397
-46.97216871841507,-139.33700667072955,255.6617483954581,0.357754497991563,42.70089060107136,-2.502923295853856,2,D06_px-1055_py-0118,0.2313268761885655,2.502923295853856,1.4020212999562016,2.3979359128753277,2.246751850559952,2.4143382650051866
-148.09229894751434,-141.90179107683872,253.561050307202,0.4840581111557817,29.171024002712784,-2.9845177942366523,1,D06_px-1055_py-0118,0.3129957872676282,2.9845177942366523,2.308617301279741,1.9539365030297617,1.5783509648891016,1.8835995408477593
-100.16758748567598,-119.057692069298,255.5882531459468,0.3767848392300494,40.77418722116949,-2.877218790223087,1,D06_px-1055_py-0118,0.2436320447223384,2.877218790223087,1.527943275255466,1.7566267572984136,2.328896264802541,2.058251374679683
-168.63169376418887,-113.17175648626804,254.6513229042439,0.4782453046241195,28.81101974830017,3.12569105464137,19,D06_px-1055_py-0118,0.30923718078075857,3.12569105464137,1.6831258398221502,1.947183315386627,1.7435310725084416,1.691988827624434
206.15144371131,-113.29056493188948,253.8780473427653,0.5420765172077107,19.278697343156352,-1.1094773331202186,7,D06_px-1055_py-0118,0.3505109455920639,1.1094773331202186,2.2769995529221347,1.4465376697147063,2.6092852879180937,1.6999909875044177
-139.63060189098724,-92.86558312200528,256.48615281529936,0.4018488756271675,36.95741446368794,3.121516769128624,19,D06_px-1055_py-0118,0.25983864806896795,3.121516769128624,0.7772925679728178,3.0533027340621004,2.240484061044376,2.6401205161382153
-116.16528101336093,-62.85159550612784,256.51618073326347,0.3229624307491984,45.14262369678153,3.030561438790895,19,D06_px-1055_py-0118,0.20883005147636152,3.030561438790895,1.7327531740117192,1.556511234285499,2.0784588480263895,1.8138001484659254
-186.34321067740368,-43.84821518753064,254.1204536262965,0.4553369976825361,32.69454163412803,2.7657177920309706,18,D06_px-1055_py-0118,0.2944244890792826,2.7657177920309706,2.9050667496789666,2.4968279697091686,2.395323905496313,1.3862030616155079
-159.91077691589436,-38.31120975222514,256.2894630689753,0.3951107019732089,37.95998090848229,2.7697596724016806,18,D06_px-1055_py-0118,0.25548169191233816,2.7697596724016806,2.4457177881926757,1.8865346945007708,1.9345083804299361,1.5516170592567815
-180.5293227488408,-26.002753881778062,255.02776448976536,0.4351517108566776,34.40651738124319,2.6776654407653866,18,D06_px-1055_py-0118,0.2813725236319993,2.6776654407653866,1.3794562166750053,1.8191139031489834,1.9462782244844756,1.176095628242414
-165.06134325534262,-26.362720731067032,257.88878050038534,0.3987362650850142,35.8021940985941,2.692990180011253,18,D06_px-1055_py-0118,0.25782600957650964,2.692990180011253,1.57815493455659,1.996268673415659,2.6917872425624925,2.23286864041712
-194.37050958747167,-21.02361160487939,251.62745807298,0.4676581451517032,33.7482971996572,2.6423568135916287,18,D06_px-1055_py-0118,0.30239144007808816,2.6423568135916287,1.553688510124666,1.641957307157393,1.7231907566474272,1.394421927045581
266.0382485162511,-14.03705078009361,253.7650287749343,0.5988056053364962,8.425813218623716,-0.6596939304594036,8,D06_px-1055_py-0118,0.3871924207923206,0.6596939304594036,1.0973018016901714,2.1753971919023165,2.7559424584734176,2.0268153438988152
-148.61423274394934,-13.490945753757249,250.96111771314327,0.3688144978322453,46.5903720158604,2.6251432775597703,18,D06_px-1055_py-0118,0.23847835919759647,2.6251432775597703,1.9271275851835736,1.7024205797352356,1.8742559290878962,2.2517377273287367
37.015403861290594,-14.67214497977798,254.848526318447,0.1012082461641171,59.48454872189387,-0.9843608434168868,7,D06_px-1055_py-0118,0.06544204911777436,0.9843608434168868,1.2800478858843682,1.7856873981333308,1.9930184981593158,1.5788605502234443
158.14979719286708,-7.542778343369124,254.6538370462929,0.3840648962305848,40.980617335987006,-0.6546373035623716,8,D06_px-1055_py-0118,0.24833938691890883,0.6546373035623716,1.5083417092089662,2.919174337539287,1.23453320291786,1.9170033389626857
35.20256039509692,5.848040672147607,253.87143276173063,0.0911131818861726,60.715028438991055,-0.4423575040065721,9,D06_px-1055_py-0118,0.05891450104374637,0.4423575040065721,1.640421427157733,2.5095723743711016,2.356920324583722,0.7412846442906352
-133.29207611586273,21.930423476970784,253.41407600865955,0.3335417721225013,47.449266140009456,2.3715449705743312,17,D06_px-1055_py-0118,0.21567073693456737,2.3715449705743312,1.001051585373545,1.8820687171217414,2.2437175160506406,2.5066332038534607
-169.60477776247728,29.57852592155422,254.54022942343613,0.4142083929694363,37.59009732391314,2.3619528173486835,17,D06_px-1055_py-0118,0.2678304093299343,2.3619528173486835,2.4387606427131896,2.675018615717293,1.7889092126051336,1.8422758322073043
-153.44231252248207,36.38697301490337,254.92973794719384,0.3823027060445897,40.87828802528662,2.301776205860551,17,D06_px-1055_py-0118,0.2471999408650789,2.301776205860551,2.015677325723587,1.9570295917058806,2.0218053303067327,2.2592340817815204
35.89418876441353,37.84011719699046,248.63599308108573,0.135514327496022,64.70730404481839,0.204803593394378,11,D06_px-1055_py-0118,0.08762463151249683,0.204803593394378,2.8946170855211824,1.26981719421171,2.498131775130207,2.159023908974803
142.38487598948896,49.7922355060354,247.73868443548807,0.3768492489730118,49.20913246976983,-0.2705704687556893,9,D06_px-1055_py-0118,0.24367369256944932,0.2705704687556893,0.6467460371392202,2.519668633570143,1.961106852916455,1.9829997754339557
-242.4028459095572,57.084965942974925,245.15328691938248,0.5835741497050021,21.87073128545387,2.303330915970464,17,D06_px-1055_py-0118,0.37734364161324974,2.303330915970464,1.4601697486753715,1.703577671769563,1.8388938072254781,1.9584138418541328
-165.32955724383896,67.19043835364906,256.046603644667,0.4253806010654288,34.54636269464805,2.1485990798215844,16,D06_px-1055_py-0118,0.2750544470806365,2.1485990798215844,1.8565391553745063,1.7617119699421155,1.6686111765531026,1.467364698352009
188.89269786332508,65.8851836687913,251.83464396415167,0.4766412747051176,32.21895978799364,-0.2713769360974936,9,D06_px-1055_py-0118,0.30820000240128653,0.2713769360974936,1.3406096273821184,1.5908863090269634,1.886694281395802,2.06698227069903
-146.6504037357239,74.35652711373633,249.04417270683464,0.4053745708548088,44.6357968427252,2.065355319084211,16,D06_px-1055_py-0118,0.26211839037264806,2.065355319084211,2.911361869008089,2.047627187651811,2.207217083840245,2.0817877442603487
236.051947905138,83.44310292600171,252.394511869381,0.5726944827399533,15.332929611559734,-0.2671948288462634,9,D06_px-1055_py-0118,0.37030876326196194,0.2671948288462634,1.7700214265085934,2.216923214205595,2.177940269739488,1.9940628711900212
-96.9346554690504,84.56113160279432,255.62542875872973,0.3161214235380717,46.691421086464686,1.8172848964217163,15,D06_px-1055_py-0118,0.20440660233171734,1.8172848964217163,1.6184867940837293,3.3977270254880185,1.8010994061201413,1.7290904187385197
164.84115976177182,90.35967085078796,251.83216834767023,0.4517368801834457,35.73403715280193,-0.1055484969990356,10,D06_px-1055_py-0118,0.2920966247487103,0.1055484969990356,2.2277531377022077,2.579774788179516,1.6097185849328284,1.6554423383564123
-178.62930941669515,95.67227742811706,256.00235156194947,0.4751821123241446,27.745059664219013,2.0428996272188646,16,D06_px-1055_py-0118,0.3072564965129264,2.0428996272188646,1.8193269711540034,2.5950997302408236,1.9495958140767686,0.9164770771110857
55.21725716281008,106.74652372430964,255.2699595271553,0.2969731516368177,48.68838152255745,0.4864452647124474,11,D06_px-1055_py-0118,0.19202517890253984,0.4864452647124474,1.4879847095663528,2.2613098310861264,2.366376925707068,1.9561478901778946
-147.25827414070028,111.99170124391904,249.58177108824125,0.4489990003741699,38.60232719734984,1.8844181370943984,16,D06_px-1055_py-0118,0.29032629009962796,1.8844181370943984,2.363040146766452,1.7792841512294983,1.7130558721064344,2.458710437094032
-46.915181296428464,123.1584137150078,243.58117472880303,0.3381777107054821,57.438150938315744,1.327779374611329,14,D06_px-1055_py-0118,0.21866837133643666,1.327779374611329,3.0882773202867604,2.192443162234965,2.1557583536724025,2.100887525278607
219.7702524445077,122.99970047917948,252.6171062573497,0.5749844871653664,14.62281729380203,-0.096739402770865,10,D06_px-1055_py-0118,0.37178949816023094,0.096739402770865,2.4938699892915963,2.401254297553452,1.3901517910827985,2.6409575282186153
-209.223486151354,132.4830611339453,253.97281126347687,0.564899294433132,14.957141534796676,1.970129515319417,16,D06_px-1055_py-0118,0.3652683331054105,1.970129515319417,2.067928111690602,1.1759554663020197,1.764211092613672,2.1342562463583645
-180.07359514738897,132.01932505883275,251.83482743265245,0.5228166208252036,24.98124650364315,1.901989408625822,16,D06_px-1055_py-0118,0.33805734489411865,1.901989408625822,2.2191542730925766,1.2931561881194267,2.095351898727789,2.0907701844452884
70.80613290379846,132.30531214999507,254.47815473659,0.3660204546572804,43.11302444784752,0.4724288717868524,11,D06_px-1055_py-0118,0.2366717088738992,0.4724288717868524,2.0819243891035315,1.9476915177111542,2.308560001994778,1.2644080319152082
-191.5955353068178,145.60931830592486,256.8133101787846,0.5470710054598799,14.943970850926403,1.8847535521901648,16,D06_px-1055_py-0118,0.3537404210340807,1.8847535521901648,1.3648122555245452,2.4249597148761355,2.3496687735721866,2.4720442137677265
-169.91453474470435,143.7035547515524,253.01512658695464,0.5193470134914575,24.19997397654555,1.832597287893164,16,D06_px-1055_py-0118,0.3358138694643971,1.832597287893164,1.7369851149429294,1.6120913315898717,1.1039983535411528,2.135340570940368
-143.29527752324626,150.40446394900368,248.22855729611635,0.4982042094042469,33.06572205071291,1.7250140570414794,15,D06_px-1055_py-0118,0.32214276581421575,1.7250140570414794,1.6648325804726225,2.856918364367582,2.584401624687285,1.9603117568806798
-79.05135784939742,158.53374853180517,254.1026320506836,0.4254729569738342,36.66885352540669,1.4263762642342417,14,D06_px-1055_py-0118,0.2751141651384356,1.4263762642342417,1.2868946698498278,1.9949535907853624,2.3095642652311215,2.827641493066392
-123.58991885715936,165.62329727416812,246.68675276685167,0.4986221465212371,34.75699670358597,1.6048885013781464,15,D06_px-1055_py-0118,0.3224130072458661,1.6048885013781464,1.1145563501233426,2.0688533676165997,2.331654436681547,1.5939055001844973
186.94514502239903,164.32973800100888,248.2703129108037,0.5775389733347401,19.31099375000548,0.1141264223838535,10,D06_px-1055_py-0118,0.3734412490372864,0.1141264223838535,1.7026137258071727,1.8183907557194057,2.8179584639058897,1.7808044522453441
122.36975678992674,168.71897536067883,251.78342362698865,0.4936326001417696,29.72697413868832,0.3363202084621479,11,D06_px-1055_py-0118,0.31918672725766195,0.3363202084621479,1.6888913772887055,1.1523274115605036,1.4758038376248463,2.138906090721844
108.68761117804245,171.92112244916012,251.73385096579185,0.483593436605738,31.304828892406363,0.4000605309109938,11,D06_px-1055_py-0118,0.3126953250436467,0.4000605309109938,2.256853319087033,3.0056347729437176,2.649314394289576,1.970829524705049
159.00496590101258,174.5573160274655,251.71128838484628,0.5475499470756465,20.831837934042653,0.2250099157997699,11,D06_px-1055_py-0118,0.3540501084551306,0.2250099157997699,1.2179851940558883,2.3935639300071747,2.0497174268064313,2.5159094640327826
159.4562267894815,187.63231512415604,251.6822161758394,0.5664237251793415,17.380530422703316,0.2594194013736719,11,D06_px-1055_py-0118,0.3662540420328067,0.2594194013736719,2.3965061607760028,2.265034362927589,1.625995662785508,2.0000339310072714
-13.742659744704303,189.9428821058125,254.6354671138605,0.4524890888445919,32.51477443198257,1.036042481205535,13,D06_px-1055_py-0118,0.29258300879363996,1.036042481205535,2.608848582668597,1.8649862481709336,1.7674012295111194,1.6259118035420075
-157.04729087746043,193.4997636193606,247.36073441985693,0.5797851555108796,19.96311207892381,1.6455999749359056,15,D06_px-1055_py-0118,0.3748936481240172,1.6455999749359056,2.585555674293386,2.145714543192665,0.768315387600429,3.1721688954202847
-172.7194863596346,201.71132121602977,257.73755391636143,0.5901102038597775,5.445362549981553,1.6719400549565986,15,D06_px-1055_py-0118,0.38156990570975075,1.6719400549565986,2.0924707609041877,1.9260682725828047,2.0683238952999803,2.0655895542989713
19.93307865582936,216.4076997755428,249.1967974392385,0.5156976224895214,29.19396663853377,0.8719670465123938,13,D06_px-1055_py-0118,0.3334541444987911,0.8719670465123938,2.355578314165308,2.772070850914743,1.7465230390151216,2.4895267146607756
-32.551911938655145,222.14664521432329,241.5358984873565,0.5435060409066097,33.44309067579087,1.1093147511302388,13,D06_px-1055_py-0118,0.3514352868751514,1.1093147511302388,2.292180020278451,1.8554499396605697,0.9231022176927415,2.982078085148436
-87.73967885669995,225.8840102968637,252.2502270129821,0.5581870973103013,18.25499722405613,1.334307695622547,14,D06_px-1055_py-0118,0.36092817357840734,1.334307695622547,1.542732057236706,1.9113937212676486,1.9906710725942585,1.7515251728188508
48.042458262288726,231.02351147644177,252.86266335511925,0.5452334260444222,19.90024817625823,0.7587841784680366,12,D06_px-1055_py-0118,0.3525522277106909,0.7587841784680366,2.239227667730977,2.9652808769998247,1.3019639614231893,2.1728000983664297
-21.237520701836623,242.50506244579765,252.2239914579108,0.5602842281149532,17.895369871648654,1.0511695099029654,13,D06_px-1055_py-0118,0.36228419487435864,1.0511695099029654,1.8754022096787097,1.621681871787302,1.7859633004125142,1.4141223375105132
-22.41071399609661,-260.3069676545813,255.1844922968031,0.5871948876657314,9.115257730418648,-2.2636574974545938,3,D06_px-1055_py-0118,0.379684839296731,2.2636574974545938,1.7300779075622428,2.348165111224789,2.500145470354517,2.433112421818016
36.40334086237701,-258.3958410651103,251.0315252467917,0.594213702915613,12.68122103929943,-2.0378149087619275,4,D06_px-1055_py-0118,0.38422326051970634,2.0378149087619275,2.4239767463100943,2.445075257437682,2.6583255461546083,1.8032592660694096
-40.62093230753756,-248.83835932602307,251.89391032597013,0.5768071575529327,15.129137881215,-2.339590826975202,3,D06_px-1055_py-0118,0.3729680511887579,2.339590826975202,1.4499705460070735,3.30076205328076,2.1081903330295977,1.7545206125077666
87.34975332929638,-247.4469967621536,255.5215918179129,0.5885984194773781,8.423069943689882,-1.8384274752258676,4,D06_px-1055_py-0118,0.38059237402080087,1.8384274752258676,1.9776324707670792,2.621652472141443,1.6726892170938001,1.660512248178084
-91.7853842488009,-228.93012781225565,248.80204281998385,0.5724027242067685,19.66308669752556,-2.559085313740084,2,D06_px-1055_py-0118,0.37012010989642247,2.559085313740084,1.56456171083103,2.4168262011627784,1.9845604417454508,1.4400274705981952
-69.62578474470433,-210.8227428941876,254.5257796138605,0.5157967974556673,23.05188947142477,-2.496755582275808,2,D06_px-1055_py-0118,0.33351827181303434,2.496755582275808,2.5605083032982225,1.42032519411858,1.1143426545026514,2.1077491687399217
116.15701198813274,-204.1051824103166,250.1984517602625,0.547818924947339,22.555640072936683,-1.6603841042130334,5,D06_px-1055_py-0118,0.35422403166552147,1.6603841042130334,1.4580685430218712,1.7522383270416912,2.355121562840231,2.5599758679417004
51.86393965445981,-198.08797473849268,254.2313314686149,0.4822924923623259,28.67969052232501,-1.9217012186299105,4,D06_px-1055_py-0118,0.31185412424920944,1.9217012186299105,2.809040520001142,2.3783000535545193,1.7804547685773444,1.6908674203492375
-80.00181043801595,-196.71416520250733,254.2050914001574,0.4974549008365116,26.379985165498056,-2.5640366920122406,2,D06_px-1055_py-0118,0.32165825699252754,2.5640366920122406,2.4766396136558444,2.5383995032878977,2.55293492070473,2.3264901895082617
-151.4579619747513,-183.67458268291995,251.40685062325016,0.5517461481757572,20.4304783795734,-2.8673375293976533,1,D06_px-1055_py-0118,0.356763405137065,2.8673375293976533,2.882171113376777,2.246019750212106,2.710758382087038,1.9707041117787405
-83.76016581266552,-171.53546740875063,254.6233463614333,0.4534442411967359,32.396602962721715,-2.632016895914766,2,D06_px-1055_py-0118,0.29320061782761736,2.632016895914766,1.6059594070991237,2.889945291898555,2.021186035584191,2.822963738651759
161.00765438411162,-171.55895706023372,249.4310099749923,0.5500102803851583,23.06276648278424,-1.4240939413990894,6,D06_px-1055_py-0118,0.35564097935142175,1.4240939413990894,1.850782526003992,2.281352788042166,2.235533815112596,1.2519324539258916
196.3013971190232,-156.78699765370655,251.66729639742763,0.5755804253711998,15.638710381469252,-1.2809306216887264,6,D06_px-1055_py-0118,0.37217483649792,1.2809306216887264,1.537287162183511,1.0489515697988923,1.8062545148752522,2.61091284742248
-204.59960077924543,-149.83678941467517,251.9572664492821,0.5793454598840904,14.555348622656195,-3.1164685992493686,1,D06_px-1055_py-0118,0.3746093374685539,3.1164685992493686,2.020329702066703,1.841518847985915,1.9288413234869437,2.0999415452125154
117.70058748383462,-146.2908359157907,254.34903394870983,0.4473842766741335,33.529673921617416,-1.5002571521888026,5,D06_px-1055_py-0118,0.28928219703711144,1.5002571521888026,2.9100824260593683,2.56084658570603,2.485501305042841,2.4167747764697007
-105.04438491758177,-145.27796691454864,253.92674460617707,0.4302390784098328,36.25536791378033,-2.803809903832968,2,D06_px-1055_py-0118,0.27819597679842745,2.803809903832968,1.5651438213219344,2.2660762625437005,2.744090805963932,1.358931351199609
-217.8327101503004,-137.5758975791158,246.71987628091904,0.5963344204923713,17.456877608834418,3.0979206664717176,19,D06_px-1055_py-0118,0.38559453320827847,3.0979206664717176,2.026577477060609,1.7167775368137095,2.0215855540389116,1.715253457907579
-27.36355860587572,-129.1844280894153,254.3480857418432,0.3254621822902235,47.20350123156061,-2.386508415410921,3,D06_px-1055_py-0118,0.21044641051161964,2.386508415410921,2.9112780108753844,1.5938293342887326,1.4367757675147714,1.572249604240084
-186.9857054512541,-126.04335306695702,251.65874344831124,0.5274057569857084,24.411175810991665,3.1277305935520205,19,D06_px-1055_py-0118,0.34102471648098426,3.1277305935520205,1.7202751161899696,1.3609326750612127,1.696008707596969,2.239039811366978
-162.78034488032176,-125.59908077784203,253.45623687653003,0.4852311635028288,29.11252179059749,-3.0913983866748285,1,D06_px-1055_py-0118,0.313754292154559,3.0913983866748285,1.4930679497152497,2.1716667157703036,2.725540139416755,2.154152597398497
-182.8081080094858,-110.3609996422595,254.08978507658543,0.4999685702010116,26.115093630243337,3.077747746887386,19,D06_px-1055_py-0118,0.3232836154020657,3.077747746887386,1.4633426114063595,1.6152899566344192,2.3368838262781573,2.474139151939491
-6.69174517200881,-109.62043151955702,252.6188784112268,0.275402739289095,53.13246693839369,-2.2387448901733413,3,D06_px-1055_py-0118,0.17807758038313384,2.2387448901733413,1.5095574409728676,1.9345550376017924,1.5570264283444006,2.7921386730973308
-220.1354810010204,-104.11491761857886,248.5509866074296,0.5670611257262198,20.97178173245084,2.976394351350277,19,D06_px-1055_py-0118,0.36666619024678593,2.976394351350277,1.470451269214184,0.9661895047766922,2.588658355271072,1.610852854776184
197.13109037874025,-98.78243292480184,248.181704831123,0.5237040753660368,29.050916452592617,-1.071506930100991,7,D06_px-1055_py-0118,0.3386311799900931,1.071506930100991,2.214965606779719,1.9294304731362937,1.3819164450388193,2.1005418402498615
190.27595999623844,-86.91120048086462,254.1520629699181,0.4912512642303619,27.40573043675954,-1.035444109778462,7,D06_px-1055_py-0118,0.3176469367011933,1.035444109778462,2.660737943909453,2.121998803604744,1.8066061069803356,1.5775916091836617
240.22469135544745,-80.36456857704033,251.02148048639464,0.5805312737893655,15.440502890546613,-0.929814945297816,7,D06_px-1055_py-0118,0.375376094079549,0.929814945297816,2.3268822658467467,1.0937629322111784,1.9856974713665974,1.8823601430234784
180.41959413357736,-74.30714176053584,255.49109435133067,0.4607754946256088,30.404605181671684,-0.9976658140488526,7,D06_px-1055_py-0118,0.29794106403799,0.9976658140488526,2.0118451821419887,2.135492559832323,3.5207383450824197,1.9089019910699965
249.1603163301467,-65.97985552692526,249.4449218373777,0.5914356571558734,15.158914169536729,-0.865846641670135,7,D06_px-1055_py-0118,0.3824269542506944,0.865846641670135,2.1928090327927334,2.602605038991757,2.4191952012689417,1.4674526674297583
-208.945282667142,-64.77564975014319,254.38650156676908,0.5096940554889479,24.214972166269376,2.8352301971687472,19,D06_px-1055_py-0118,0.3295721907902337,2.8352301971687472,2.1075866991201555,1.9436248862118193,2.557754913356104,2.4401777707841155
-103.67501162331703,-65.62927107337828,254.242358371086,0.3039787452219676,49.18523624123157,3.098965153996043,19,D06_px-1055_py-0118,0.1965550508929616,3.098965153996043,2.446090237169999,3.038123832444093,2.076192625349547,1.7115290802233583
-247.9229146329725,-48.745628136273176,252.93928170883257,0.5758878110141015,14.062248411691767,2.728752791580138,18,D06_px-1055_py-0118,0.37237359447568646,2.728752791580138,1.658319563921234,2.265861342702934,1.9189756486542122,0.888173251637552
69.88658449765475,-49.70914974954693,254.74486565561685,0.2154322943815497,54.87101754051474,-1.2252380064488722,6,D06_px-1055_py-0118,0.1393002183597832,1.2252380064488722,1.327841071347018,2.1019059061439513,2.229918743298936,2.1177811250617684
201.2153621625121,-49.30670552305348,251.2432602839636,0.4920098641014192,30.588881741562147,-0.8472887267041956,7,D06_px-1055_py-0118,0.31813745335279076,0.8472887267041956,1.288850948382295,3.124238044749191,2.6355956334357513,1.8909785451842451
-136.19800262643383,-45.25947983762771,237.1432757445623,0.3747912931528797,60.81115637435926,2.8554392302567546,19,D06_px-1055_py-0118,0.24234300212704302,2.8554392302567546,1.501473991381581,1.118274245351415,1.0559701409250413,1.319573444616266
-249.44059069643225,-32.76895003900379,252.331662430646,0.5750197543944279,14.956082911025646,2.665234882979978,18,D06_px-1055_py-0118,0.3718123022283179,2.665234882979978,1.7432091010178739,3.0992385952594117,1.9284907424118845,1.0618199064123277
199.33393644937345,-16.979560765124162,253.15349344553093,0.474520319190897,31.045711448210056,-0.6919558870085106,8,D06_px-1055_py-0118,0.3068285758604772,0.6919558870085106,2.9560718901174345,1.8980041965604184,1.9692062768541934,2.509678877104905
-222.5532098868924,-17.658927864077196,253.3873464004112,0.5201020390254547,23.64509730483462,2.613794218995306,18,D06_px-1055_py-0118,0.33630207492149883,2.613794218995306,1.871934361293053,2.6739638719914165,2.1642353617259458,2.8403755116170224
233.6539677587093,-14.36350387507052,249.63241963434297,0.5474071160687657,23.29213119352255,-0.6683756716049595,8,D06_px-1055_py-0118,0.3539577528010994,0.6683756716049595,1.494315760939068,2.384407553289879,2.30690072547876,2.2105461000532465
-253.0937293755768,-6.417587692845316,252.69388783533705,0.5772448605449695,14.08884331637671,2.559964254837977,18,D06_px-1055_py-0118,0.3732510733908957,2.559964254837977,1.99738641018272,1.3674054624152845,2.0538792102700105,2.3781332013623997
-157.129248929602,2.115126283652951,248.8390828072268,0.3895073908990962,46.65664889603636,2.5211528744867726,18,D06_px-1055_py-0118,0.2518585468383722,2.5211528744867726,1.3952055562728443,1.7092066667720478,2.5339698479773096,2.1855978879614946
-216.3157821459517,-0.6553299523995275,255.3939617864177,0.5032616456996772,24.10299049736807,2.5376426184531176,18,D06_px-1055_py-0118,0.32541294395680376,2.5376426184531176,1.9205311421244438,1.6307361103376292,2.536818176075149,1.6573858461553825
-139.03795633329904,5.196466627197388,251.2509361820886,0.345511298825129,48.612013074860215,2.4972560630802585,18,D06_px-1055_py-0118,0.22341032717625253,2.4972560630802585,1.5146894663659727,1.9110703479015727,1.5595969600533635,2.2432069335643954
-249.25563722343173,6.751291280803133,253.27097916066035,0.5692632120264227,14.95354411783967,2.507533930794101,18,D06_px-1055_py-0118,0.3680900765928231,2.507533930794101,2.6336760119654956,2.468527740382388,1.4522038295470558,2.600573792913238
72.38819714856128,27.4880155238557,254.53620766341567,0.1952158922006485,56.179364489435216,-0.2440679261451638,9,D06_px-1055_py-0118,0.12622813347885498,0.2440679261451638,2.619418530188459,1.1147486203474317,2.216856651345359,2.195210583195069
-217.1298152858902,30.532309085517944,252.39689207904155,0.5140422071702305,25.78708343258387,2.3949113433243583,17,D06_px-1055_py-0118,0.3323837399147646,2.3949113433243583,2.6757159113920226,2.327645487989946,1.5372518398280313,2.4050631653940764
244.0585646705004,64.46028951321978,251.7375839510925,0.5776267522017912,15.155305032483682,-0.3487579938449613,9,D06_px-1055_py-0118,0.3734980075440957,0.3487579938449613,2.6103548026169383,2.24109385655726,1.4761327208713513,1.2770618962859799
-186.7387797111473,76.25942572997351,252.2251797816457,0.4793767289114387,31.37685901846129,2.1469079392993526,16,D06_px-1055_py-0118,0.30996876863639355,2.1469079392993526,2.1126055797164023,2.370422722603646,1.5648174127524186,3.4181214296376767
-241.1829479923563,82.68649555119063,249.65936803452288,0.5860215878488265,15.98583527502933,2.2043335788843845,17,D06_px-1055_py-0118,0.3789261743938411,2.2043335788843845,2.257286773936268,2.253632351353745,1.7894295571093761,2.003365748926419
-66.61341572130665,82.15237345881344,255.84263214861804,0.2625096738314633,50.72562038764238,1.645139866799688,15,D06_px-1055_py-0118,0.16974082270838067,1.645139866799688,2.71725220182945,2.2181588707284754,2.2392986615217643,1.9488475445319247
-220.1184921267439,105.66932046197682,252.6993345986398,0.56079403497713,17.238754662124222,2.0870471997228206,16,D06_px-1055_py-0118,0.36261384000684177,2.0870471997228206,1.4968898936208679,2.174901502247055,2.8378018599783044,1.7222444063474978
-106.8629194457812,114.52291552579018,253.048363395888,0.3825309610774173,42.881009980697854,1.714628547303862,15,D06_px-1055_py-0118,0.24734753236711382,1.714628547303862,1.6382905306531532,1.6116188740037032,2.464861740845767,2.54037068264695
33.96158056071779,123.63332136456332,250.6980689927212,0.3209334755517906,51.45678762942589,0.6957332194961315,12,D06_px-1055_py-0118,0.2075181130650268,0.6957332194961315,2.67951860524966,1.403694856239253,3.3185280803302337,1.5478916660744908
236.468743028068,130.66324339962262,255.31600773125848,0.6024973336138799,5.765386779237701,-0.1021727525513781,10,D06_px-1055_py-0118,0.3895795213736928,0.1021727525513781,2.120196536876778,1.951082157965918,2.5652688395806718,2.25974398819946
83.44532684699114,141.1673883608032,253.36433780523657,0.3982242731243117,40.77103757328501,0.4299603761126597,11,D06_px-1055_py-0118,0.2574949515421093,0.4299603761126597,1.819774421317717,1.2539053860279181,2.284169433061596,2.047632292643633
-110.41040251329936,149.4772622711018,255.13721039898445,0.4421724991575761,33.35755863943109,1.6000100125783976,15,D06_px-1055_py-0118,0.28591222064530253,1.6000100125783976,2.3860052303185704,2.861669125523664,1.1421316309640366,2.028493346833467
76.86660243941122,152.95297235852016,254.80804721313848,0.4117165656339346,37.60127614826365,0.4981308176250821,12,D06_px-1055_py-0118,0.2662191741483812,0.4981308176250821,2.263985913423617,1.2659791431569674,1.378463617586923,1.6507957397245019
130.93577581430185,155.68859639152674,252.68165306106548,0.482113870653005,30.455557991125204,0.2645646863007227,11,D06_px-1055_py-0118,0.3117386260450816,0.2645646863007227,2.039376897633983,2.0386991165397,1.5688545025873613,1.0655053962895822
148.0892105736478,157.79454326465793,252.7087366253168,0.507905860391414,26.42566246308872,0.2101368176039897,11,D06_px-1055_py-0118,0.32841592975578,0.2101368176039897,2.4924356813618367,1.4220542904479225,2.559975810105705,2.071491707329125
-26.434811037039392,164.85653629476087,248.15411406127583,0.4122690534730541,44.79656033579204,1.122813689165461,13,D06_px-1055_py-0118,0.26657641713672425,1.122813689165461,2.092966249661428,2.519344822340746,1.6787517269679038,2.5557972307475687
167.19631109431353,162.1296897456487,251.47038142150035,0.5418810976836989,22.12383187183218,0.1630350248990406,10,D06_px-1055_py-0118,0.3503845857886521,0.1630350248990406,2.090037487230044,1.5231927016088376,1.999403818608724,1.9948292953438973
-143.88900282981064,163.27743202397937,250.3101116515037,0.5143937496891702,28.12648459238284,1.6861783129113066,15,D06_px-1055_py-0118,0.3326110500763707,1.6861783129113066,1.5737242704546333,2.308977724242444,1.7201543630784957,1.953285101316424
75.28457372483506,170.85979146688223,247.9357433954356,0.4552036648343687,39.598900874969445,0.5487889729156249,12,D06_px-1055_py-0118,0.294338275009486,0.5487889729156249,1.5525290676328,2.0271918084575358,1.9007886025608238,2.417809378780891
-84.83534722630574,174.89103341579178,242.4995912491269,0.4803231730867019,42.203304451398765,1.4154536382496654,14,D06_px-1055_py-0118,0.31058074689461146,1.4154536382496654,1.5228636982795005,2.8880821136304453,1.6008541063346322,1.5987646193040868
172.50586838158117,177.56690925513365,252.6586732275997,0.5671073630570108,16.093052088939828,0.1928747350987137,11,D06_px-1055_py-0118,0.3666960876690552,0.1928747350987137,1.9671555367179716,1.969643560213063,1.4591104104547363,1.44219108323755
-122.60609318626273,187.7781140167588,251.28123763797925,0.5256622727246699,25.142599184992434,1.5422494950093966,15,D06_px-1055_py-0118,0.33989736582556507,1.5422494950093966,1.8600157740299197,1.0350435245949687,2.8849232175700097,3.3366474571238958
118.25258012275631,190.02668156797145,250.3316620091736,0.5264452596099782,26.10878508320968,0.4071652928858743,11,D06_px-1055_py-0118,0.340403651312657,0.4071652928858743,2.028202257339337,2.1085932408167753,1.6311543367122179,1.6845498471353868
71.68099147458423,196.095493033572,249.60864333773287,0.4979894785063111,31.527841559539013,0.6133644044896688,12,D06_px-1055_py-0118,0.3220039191243222,0.6133644044896688,1.7095822778045042,2.5412440535034513,1.1421302735322816,1.9978920555461441
-125.6295711915597,207.62762358741944,248.55027391374185,0.5655013234686072,21.264683833558703,1.5079570451016426,15,D06_px-1055_py-0118,0.36565760982151924,1.5079570451016426,2.029797217063421,2.36586127406082,2.941684184989384,1.7404554437443749
149.37227376593393,205.7856480632593,249.72665284081089,0.5846670315612402,16.174073941843005,0.3359428914272325,11,D06_px-1055_py-0118,0.37805030762937536,0.3359428914272325,2.184295459620322,2.5716703774706002,2.190410807408675,1.6896026911013715
124.41901199025088,218.243150991856,250.19515621437267,0.5782398553375121,16.876990044135994,0.4456776627399422,11,D06_px-1055_py-0118,0.37389444486064644,0.4456776627399422,2.1438434158193758,2.064546535339363,1.4462472073755728,1.2672888639872715
110.66292664525707,225.5319844224148,250.81527527023115,0.5771102890738806,16.3569326091029,0.5076569038503932,12,D06_px-1055_py-0118,0.3731640584177623,0.5076569038503932,1.0643017635887326,1.8419847181025473,2.2569208298895878,3.086072933692602
90.68596597060323,232.2676889727652,251.1831356582096,0.5730215048894062,16.71123467875765,0.5915812222259641,12,D06_px-1055_py-0118,0.37052021835952775,0.5915812222259641,2.0653791151698098,1.6828356905530022,2.360375321950287,1.8935410716585668
-99.66492314449712,234.0816754771228,250.92155997377765,0.5827118751997735,15.129455318893292,1.3663393434234488,14,D06_px-1055_py-0118,0.37678608812662306,1.3663393434234488,2.2865757979652646,1.0044244922477197,1.5049723659725465,2.404568298687052
37.7352228084475,249.7935012777632,250.02222520319285,0.5811222200460214,16.519541076284668,0.8138847898978233,12,D06_px-1055_py-0118,0.3757582045835818,0.8138847898978233,1.2800590077284786,0.9717943801897004,2.039246060234611,1.8293413081637382
-33.99835540747229,261.13475345084174,252.88660929222303,0.5950298808127688,10.273869326854538,1.0932832378688295,13,D06_px-1055_py-0118,0.3847510075764817,1.0932832378688295,1.8592070549345328,1.7456444325117522,1.3898742334768346,2.5753870745143805
-62.61892888584944,-245.3633629008453,245.16281606525865,0.5912604065231085,20.351953711802025,-2.4276510326493006,3,D06_px-1055_py-0118,0.3823136358112194,2.4276510326493006,1.9455660777581756,1.3757298147540968,2.3845142984281837,1.9641941784067272
117.75738540239313,-223.2683156877258,248.16808178748803,0.5841631801001989,18.142270162331386,-1.6924293964566748,5,D06_px-1055_py-0118,0.377724513306173,1.6924293964566748,1.0439496360787215,1.7113020327868669,2.1553705993207535,2.1885050848959597
-120.6007534235197,-221.1745666413402,251.84327249540948,0.5765109804850892,15.247422241256004,-2.676983467765561,2,D06_px-1055_py-0118,0.37277654076390637,2.676983467765561,1.6494101713383995,1.739749215945602,1.3369641592711594,2.0362164583252085
-43.970286957093705,-218.22986125701945,253.4439709855419,0.518774071226608,23.801539802999,-2.3765999661268404,3,D06_px-1055_py-0118,0.3354434004832715,2.3765999661268404,2.220168148370794,1.5205847224484692,1.852681322180649,2.2148806144791857
158.08085357937077,-208.0100463083999,255.2620712106533,0.5870404373109057,9.053579409886026,-1.527926075327156,5,D06_px-1055_py-0118,0.37958497048080103,1.527926075327156,1.9200159629182856,2.154261738490475,1.8834003182368138,2.2886517147011394
-25.759981329643043,-208.9000951271123,252.87070408846645,0.4959392545953309,28.134694736085407,-2.3004689161471115,3,D06_px-1055_py-0118,0.3206782281952724,2.3004689161471115,2.0580455420183044,1.860702341339721,1.6401814701907755,1.1966978909114365
-157.1618493897135,-202.45400812211523,254.1545982214057,0.5802150120078082,11.756547241231544,-2.837887744935886,1,D06_px-1055_py-0118,0.37517159672061656,2.837887744935886,2.0630466611349947,3.01213686227166,1.8875226568282244,1.2218894792368324
143.4815836135521,-201.9315913272133,252.4527122816937,0.5677543180042715,16.213797790426725,-1.5600073846135871,5,D06_px-1055_py-0118,0.36711441383357507,1.5600073846135871,1.7512956768915335,1.1069207304514672,2.1078194412899265,1.4727430343161474
-17.013633843803376,-184.10318165025137,252.731453123909,0.4438664431855172,35.794478297099545,-2.269927698140501,3,D06_px-1055_py-0118,0.2870075381958065,2.269927698140501,1.6307638817800874,1.270050875556913,1.9033088193912726,1.7920294520092437
17.07804257488332,-176.34010758490922,252.23789945922127,0.4282814355583303,38.362130825485394,-2.081229772254076,4,D06_px-1055_py-0118,0.27693014951163364,2.081229772254076,2.263449086343113,2.0795394870808295,1.9785066439247605,2.840800204123739
32.58454782410301,-167.69818823057895,251.44005904811127,0.4158682367109081,40.775690057993074,-1.985862488703042,4,D06_px-1055_py-0118,0.26890367736662263,1.985862488703042,1.597901123280652,2.6818240750655087,1.6137604014005764,2.2147173919947765
-106.64949079609038,-163.4701740131869,253.4499374062878,0.4641030680254884,32.21367031446562,-2.7558430477208304,2,D06_px-1055_py-0118,0.30009269920736936,2.7558430477208304,2.0210062467758716,3.294647184439043,2.4519465300241423,2.1929104897690417
-230.301118595636,-146.80624832897018,243.81312304036152,0.6293454057343925,14.049126432429205,3.1021176650242204,19,D06_px-1055_py-0118,0.406939696270697,3.1021176650242204,2.58465466754632,1.5035468235801936,2.4801529722627147,1.512817907952468
-80.61261397639703,-147.4683663935873,252.65177676272003,0.4081037526593304,40.3866192482148,-2.678038398268088,2,D06_px-1055_py-0118,0.26388310082334804,2.678038398268088,2.5023002178579645,1.739437525920157,1.344171543841326,1.9811113182062194
55.7964094613043,-142.81771875255663,243.70015997866736,0.3882100555783964,52.35165241106364,-1.805327366912946,5,D06_px-1055_py-0118,0.25101967960178573,1.805327366912946,1.4583580692106242,1.4970023038989209,2.0543386821511476,1.8043646661628445
130.36006919192556,-141.3355960506927,255.8325423959056,0.4544187791325767,30.916119966336453,-1.4327521431629413,6,D06_px-1055_py-0118,0.29383076173270006,1.4327521431629413,1.9392742700155483,2.7105336743109847,1.8674523825446765,2.0466856569385676
-135.59204739835587,-133.06150690358743,252.490385091084,0.4548603004967581,34.57510884424863,-2.972593088397322,1,D06_px-1055_py-0118,0.2941162529243412,2.972593088397322,1.4427177149146027,2.5045243885416255,1.48943363225434,2.6438423925321675
-6.793043615128734,-123.01475768758527,248.63079154402,0.3115973737149383,54.43458007241526,-2.2329412017685253,3,D06_px-1055_py-0118,0.20148131608323652,2.2329412017685253,1.9119728392734865,1.5381017247872761,2.543623165145792,2.2130142992878694
193.991287173104,-113.08399004030626,247.7202630613491,0.532433552451178,28.12339339562908,-1.1347554918286071,7,D06_px-1055_py-0118,0.3442757286294592,1.1347554918286071,1.894601803263817,2.5424366597412096,2.128733143192129,1.1557496211268565
-65.61680512654124,-106.62988363206163,253.20540874182748,0.3109758510530617,49.68171826513469,-2.729420060892369,2,D06_px-1055_py-0118,0.20107943463475866,2.729420060892369,1.7380040085584596,1.2704243933601962,2.065860359516158,2.6319933803356053
-113.302427121386,-104.28719127372275,250.8377927100692,0.3796781761684524,45.57269553583348,-3.004582626899764,1,D06_px-1055_py-0118,0.24550289917554372,3.004582626899764,1.3993314936799872,2.0926730195632457,2.943826605850325,0.49954702492146885
237.11819978623384,-106.65530152692212,244.83258225857108,0.604165609460245,18.147402553957704,-1.02966549522192,7,D06_px-1055_py-0118,0.390658241675819,1.02966549522192,1.7109224446334006,1.779236335938758,1.3358480956964054,1.9826676384996726
-153.11193850477596,-96.85965146625564,251.7473670131443,0.4375494161987059,37.71345996870747,3.098663794983905,19,D06_px-1055_py-0118,0.28292289879123805,3.098663794983905,2.960222101326661,2.0128296606527707,1.7911505699775352,1.2322026411334324
35.250613319076976,-95.67228873701214,252.61605153868965,0.2565680786037524,54.47901475038253,-1.824758524250699,4,D06_px-1055_py-0118,0.16589894043626552,1.824758524250699,2.2580373983012247,2.4201945107186824,1.9010088790427626,1.9063147851288984
210.54389870075457,-93.951154415091,250.0469692462488,0.5399267721068797,24.127667338005665,-1.026694499922822,7,D06_px-1055_py-0118,0.3491209034777964,1.026694499922822,2.3819682957172867,2.757212772868333,1.9227686560194912,2.292585626075931
55.29721177770678,-80.34634509666051,253.3324298585797,0.2452217854159643,54.4989176684677,-1.5749892058703543,5,D06_px-1055_py-0118,0.15856233789405924,1.5749892058703543,1.721649436110893,1.4684319263133658,2.122185396229055,1.3972183092719614
-177.7080925777936,-65.88933360917054,255.4854358486092,0.4493043687475196,32.00737670898815,2.8896726453814665,19,D06_px-1055_py-0118,0.29052374369501344,2.8896726453814665,2.073745161680277,1.4818205043158046,1.5241098017461,2.1081942777307257
-232.38959868332327,-63.82218183280647,251.54109770848964,0.5569768387462936,19.314745161629787,2.802639420825642,18,D06_px-1055_py-0118,0.3601456108585419,2.802639420825642,1.68975295474315,2.480594963244148,1.821807921379521,2.0289738261543104
199.52140480851523,-62.537656658970754,252.4457804351483,0.4938734991731601,28.937652813587988,-0.910719023741841,7,D06_px-1055_py-0118,0.3193424944687558,0.910719023741841,2.0252627502928524,2.105173280113606,2.4341235400667527,1.3889559091811492
101.07279098406627,-54.03178202600001,250.49897115378445,0.2890596036553693,54.30248018767986,-1.09790917091233,7,D06_px-1055_py-0118,0.1869082164481364,1.09790917091233,1.9626842394955417,1.4010600510939715,2.26593989527347,1.5000075271819804
-262.2221103380716,-51.35513783566361,250.57395690604648,0.6061058272891329,10.762154855253698,2.728011228905922,18,D06_px-1055_py-0118,0.3919128018057452,2.728011228905922,1.5989633349098094,2.1094073083733056,2.4988386462872327,1.8137818078841605
258.48204428602105,-45.7804406689737,250.12035931769324,0.5986687674479092,12.866464930593509,-0.7822743360918973,8,D06_px-1055_py-0118,0.3871039403357819,0.7822743360918973,1.625694305541481,2.3729930965776367,1.5035773188751755,1.5700932991840004
108.4431676051652,-44.62388029627627,253.3101774598135,0.2922880005349493,51.11424518427242,-0.9973564127420133,7,D06_px-1055_py-0118,0.1889957232983445,0.9973564127420133,1.6552337620264783,2.373810464257536,2.0215966689960982,1.9248498545229573
-204.6661920623993,-29.531717588221227,252.65893648535464,0.4889070419729248,29.457244955329145,2.6779161650369203,18,D06_px-1055_py-0118,0.31613114412570087,2.6779161650369203,2.6416294636300415,1.6692603623303188,2.3249825744924,2.019500412014429
221.1527435427575,-27.960650004279245,250.9973984976525,0.5235396740165588,25.82694714396285,-0.7327436513173984,8,D06_px-1055_py-0118,0.33852487678264376,0.7327436513173984,1.9309987375261937,1.2450330390469526,1.6003685670593537,1.9627026790585826
129.60921309640096,-3.5448726437558573,253.6298674808725,0.3208070849872287,48.37846825986429,-0.6343231831364718,8,D06_px-1055_py-0118,0.20743638793048916,0.6343231831364718,2.295415179376222,2.4181947622826896,1.6153942997448896,2.0292726685604734
223.54371842959355,3.366233394769744,251.1459909932372,0.5245559109848498,25.48500321757939,-0.5919221685028931,8,D06_px-1055_py-0118,0.33918198361054347,0.5919221685028931,1.1049289315178017,2.4292343642638143,2.6225617492226077,1.3949416226309033
-124.1549618433788,10.919082400363235,253.07007913521545,0.309809746547296,49.92327478618336,2.446891614816468,17,D06_px-1055_py-0118,0.2003254222767238,2.446891614816468,1.970122339909206,2.3280327074629033,1.828685708582878,1.8701904646175826
180.8972870714007,17.632036874516032,249.6934206047229,0.4419313311455745,39.41215299742197,-0.5098165710379725,8,D06_px-1055_py-0118,0.28575627950922694,0.5098165710379725,2.305945679546981,2.0565950569038867,0.7696477321936439,1.44023234891293
-270.3885005078998,20.70227582906489,254.8053917750588,0.605181606734438,5.811976022787746,2.4581972832857653,17,D06_px-1055_py-0118,0.39131519351562705,2.4581972832857653,2.142195165980214,1.96771680701,1.9746200553849187,2.887232765634062
64.76241733387488,24.2586961746684,245.1155905450045,0.1813751286979699,66.44050984561216,-0.2485772684802124,9,D06_px-1055_py-0118,0.11727858678380586,0.2485772684802124,1.5537391229643764,2.178821094451033,2.367027360458567,1.4318614093652298
-250.87563566213552,23.509762839757443,253.4573679166128,0.5736977261894484,13.872935296951994,2.441175174231577,17,D06_px-1055_py-0118,0.37095746837826715,2.441175174231577,2.1552557920349056,1.8920649532280094,1.8642664137786227,2.2692693683944674
-101.63370666189604,28.09482630023188,255.5202344968488,0.2620661451473632,51.09095824259106,2.264915919903703,17,D06_px-1055_py-0118,0.1694540335678698,2.264915919903703,2.144753938008216,2.026872456363698,1.896749034392014,2.619950065402735
229.55742787211813,41.60615313384999,249.21731582881367,0.5466302106943137,23.916332998766507,-0.4276808557595009,9,D06_px-1055_py-0118,0.3534553996668271,0.4276808557595009,1.2937071357685657,1.5932066746108016,2.329251649323962,1.0113765025862933
-112.95172242628476,41.35421853811924,251.49508270799183,0.3014078416997063,52.27605227302638,2.183647686486448,17,D06_px-1055_py-0118,0.19489268442622074,2.183647686486448,2.38709338685345,2.3173135973398162,1.8690507176077338,2.159653075049076
-192.6343149644845,45.76918247211272,251.99704563950152,0.472180788249278,32.685071223886496,2.3013422534994303,17,D06_px-1055_py-0118,0.305315816726743,2.3013422534994303,1.6180027001306425,2.7321454972086094,2.5079646607698605,2.46133816962658
74.18066737089825,52.43716620101456,253.85797431540945,0.2285382330715412,55.00904566634438,0.008351993957698,10,D06_px-1055_py-0118,0.14777462154323692,0.008351993957698,1.758536797057349,1.8308465954809032,2.4473177848921965,2.0960092140254654
-221.8061826002348,54.22331099971765,244.4665513407228,0.5456354728267427,29.65042264948136,2.2948529027583366,17,D06_px-1055_py-0118,0.3528121943267866,2.2948529027583366,1.9932251635109983,2.5592188700345915,1.3593753840749443,1.4526607592631455
269.2919077664643,57.76374502610399,246.3231563185396,0.628470250236485,11.138154580833202,-0.3956790901203506,9,D06_px-1055_py-0118,0.4063738138327494,0.3956790901203506,2.844231967192514,1.6089050909567841,2.219421787194346,2.3930341868054112
202.1805928655045,60.111284492289066,251.12395681803685,0.4997336162557993,29.531292501931546,-0.3179880316661898,9,D06_px-1055_py-0118,0.3231316923305201,0.3179880316661898,1.7360261746452172,1.674407221720301,1.6717013218683356,1.4611503089052207
-212.1877325265897,70.60223515572017,250.44469481718767,0.5258782578416925,26.07342166401685,2.213401376250295,17,D06_px-1055_py-0118,0.34003702350339876,2.213401376250295,1.9860779095925494,1.3984769477819032,1.8707214720003988,2.5406141407210923
146.61853663709,92.28975178492183,253.40280605459395,0.4181809547324808,38.34610129583666,-0.045183127212565,10,D06_px-1055_py-0118,0.2703990990550678,0.045183127212565,1.4131586810654115,2.862255067744021,1.8227627086992813,3.0547065064010965
-140.34348827195274,99.53218668622029,251.3277235707311,0.4186714312484624,40.556864490446,1.9177365379363684,16,D06_px-1055_py-0118,0.2707162450334492,1.9177365379363684,2.026546423972113,1.3881425928980495,2.7383729668539267,2.2821862537122497
227.9714756179899,104.90372026491023,251.0964427120013,0.5761082509010583,16.21661566776487,-0.1757074172758509,9,D06_px-1055_py-0118,0.37251613264284683,0.1757074172758509,1.1921919305086122,1.5326468607229051,1.8123618530910943,2.148004148856789
-196.6516173457588,107.001036763106,246.6426699917164,0.533037480225571,29.27216760368077,2.036299597530707,16,D06_px-1055_py-0118,0.34466623308510724,2.036299597530707,2.7782463059860953,1.9982884594423072,1.2605318319843393,3.3319475967191545
-127.29852018601464,123.27162641882428,252.7618959696385,0.4275779565624886,37.87525015044815,1.765284498940285,15,D06_px-1055_py-0118,0.2764752744521,1.765284498940285,2.21023760279715,1.9316192353584873,1.282573177771744,2.4224420755054483
-39.94506909584936,120.42387447222475,254.28247331615057,0.3136185362625295,48.32240219830027,1.284100145292519,14,D06_px-1055_py-0118,0.20278821570582245,1.284100145292519,2.9418310490523583,1.7927247758121108,2.246731731180497,1.5462491551418354
-21.468831250842253,127.6873485836217,251.8632837451164,0.3224911994696157,50.09104476990126,1.1303946855167388,13,D06_px-1055_py-0118,0.2085253496194172,1.1303946855167388,0.7839266281848123,1.8574745989052377,2.525570830327352,1.3366783127382602
3.791624675585493,131.86882413479802,252.5743031645852,0.3272944529271764,48.91018612731159,0.9350717118936086,13,D06_px-1055_py-0118,0.2116311711370146,0.9350717118936086,1.8399390106965239,1.7705069484406923,2.5120654270595617,1.6470547152314534
-118.63456066822997,133.46202014858625,251.2249690986304,0.4327973472526712,38.90225180264014,1.6904660580618105,15,D06_px-1055_py-0118,0.27985017358193875,1.6904660580618105,1.162106053783086,2.6249512798153924,2.082716524715695,1.874175387178576
-220.00228498723004,142.74257255470562,260.4237152232617,0.5795775799936077,4.390680004067974,1.959065666765195,16,D06_px-1055_py-0118,0.374759428159619,1.959065666765195,1.7417450885402945,2.718493392148126,1.963172640896432,2.2873736772774613
-23.15927476888812,145.6782750925114,248.84921598024505,0.3677644226203966,48.96261251847267,1.1214729579334763,13,D06_px-1055_py-0118,0.23779937229489168,1.1214729579334763,1.769874579740219,1.889499885674644,0.9441987491762842,2.4502059914260617
25.88858877635577,158.0120870277246,253.82623187368063,0.3891258393893448,41.308643365862,0.8014203296946975,12,D06_px-1055_py-0118,0.251611832626947,0.8014203296946975,1.85249807414827,2.390589936421912,1.3840036283844506,2.0177094006449234
103.68647705968012,158.43466962689183,252.27874019564803,0.4538856147937039,34.94438041671259,0.3843244651279202,11,D06_px-1055_py-0118,0.29348601347181447,0.3843244651279202,1.6128373688520854,2.0761828448674606,2.4143733987891487,2.3989073800379455
43.32485256382955,162.1487245565783,253.220966977099,0.4067944896519734,39.92235077994468,0.7027239502187265,12,D06_px-1055_py-0118,0.26303652105062275,0.7027239502187265,1.5368695040109859,1.3058740410644425,1.6604129110897783,1.8722859197034976
-205.829340042194,168.14645791130766,253.84820833000992,0.5975540792329681,8.587105560084353,1.8496388901292973,16,D06_px-1055_py-0118,0.38638317415636514,1.8496388901292973,1.4040992169504953,2.542331722704305,2.396424183154571,1.3953138378113916
93.52458974229972,174.49248538898613,252.5292021514802,0.4712838891649867,32.217242664493995,0.4718007017190074,11,D06_px-1055_py-0118,0.3047358747145803,0.4718007017190074,2.4499339106451554,1.9792426283413747,2.5840846740548304,1.7802770188493677
2.0145456760626352,190.1289594726261,252.0015199854248,0.4559676355420555,34.96713207467792,0.9532215111244384,13,D06_px-1055_py-0118,0.29483226448635047,0.9532215111244384,1.448446002171849,2.581590420187447,1.684666234859388,2.6425591927903227
12.415621824390234,200.41938993426723,251.8987361319,0.4780650840793529,31.93796462909262,0.9019476498872986,13,D06_px-1055_py-0118,0.3091206487570386,0.9019476498872986,1.451027723668798,2.800691926808995,1.8895318238334813,1.3970987543975362
-140.8033252529388,229.0911679212896,249.2582383308784,0.6115483304730682,11.210082567068582,1.514914814988523,15,D06_px-1055_py-0118,0.3954319672313488,1.514914814988523,2.184951147387446,1.5082972794608058,1.2367275587991797,2.0359752468957524
-4.498476350543727,264.99200619340365,254.6668060737145,0.5947458334462761,8.183315769041883,0.980791059070865,13,D06_px-1055_py-0118,0.38456734031206086,0.980791059070865,2.33401926446345,1.852824245755165,2.258755901113074,1.9961843897592249
22.661777476872302,269.04945386641674,255.2540406781642,0.6023252515795889,5.877255821649783,0.8797860988828482,13,D06_px-1055_py-0118,0.38946825177494787,0.8797860988828482,2.2931414132274632,1.0995332026055555,1.6636657927343113,1.693030073567873
61.70462944483933,-211.7564551909178,246.41094824036864,0.5269429398519347,30.561016997060108,-1.8942327573476003,4,D06_px-1055_py-0118,0.3407254552769926,1.8942327573476003,1.436106234455126,2.5554846749626727,2.089994460458552,1.2417069450149356
-180.4659607155781,-207.33756085535265,252.1843900507537,0.6163993930925206,6.581232455335112,-2.89399281183449,1,D06_px-1055_py-0118,0.3985687025295854,2.89399281183449,2.185335057165914,3.311088316194641,1.382122132172599,1.5847238111557826
180.7244471709018,-181.5855639759022,254.9715720619516,0.5785603299287349,11.109590772659544,-1.394754431057132,6,D06_px-1055_py-0118,0.37410166625548996,1.394754431057132,2.6530614506010135,2.2046438132563804,1.286855396260263,1.8050462743889855
42.294441412378426,-179.7783941915228,251.3613064371424,0.4455547462095894,37.087616591727055,-1.946718698100204,4,D06_px-1055_py-0118,0.2880992082287785,1.946718698100204,1.9682683983095397,2.3911884301024164,1.6701558648365082,1.994617548582685
-94.53338957408548,-181.1990554303356,251.7095480493724,0.4856154719302553,31.029452706196537,-2.658640372803844,2,D06_px-1055_py-0118,0.31400278901066736,2.658640372803844,1.3946774216857054,2.23440757730142,1.2546942739619986,2.060071950634067
181.44694786897543,-171.9111224795906,250.6264485573072,0.5751461417603548,16.963612489104776,-1.3653979476425553,6,D06_px-1055_py-0118,0.371894025294593,1.3653979476425553,1.5580669043783348,1.4001882762704803,1.8401960269023308,2.0023416725412346
-134.94806991005134,-169.0932753231582,250.4035191923421,0.5116908459115772,28.45682774783961,-2.8513381393951662,1,D06_px-1055_py-0118,0.3308633312048568,2.8513381393951662,1.749382630280691,1.989981455621086,2.318030893399502,0.7199837495973325
-195.3008652302221,-163.96328792961154,244.5050053640168,0.5957443753556383,20.25203718982528,-3.0501809216556888,1,D06_px-1055_py-0118,0.3852130053754854,3.0501809216556888,2.3471820591350054,2.1007852337066333,1.7970935993344122,1.6002209462644164
20.799624547331103,-160.41260461985132,254.1665373572233,0.392234952448435,40.5888613165186,-2.048831992342836,4,D06_px-1055_py-0118,0.2536222096193094,2.048831992342836,2.615365051627605,1.414106718984227,3.073596539409029,1.6332399428522346
23.22420706064113,-152.3159782068451,237.38428913226696,0.3992319599427743,57.99830288714776,-2.0264673581314345,4,D06_px-1055_py-0118,0.2581465297757863,2.0264673581314345,1.7671187184882156,1.4642539795305565,2.3349430981051986,1.9030706099013468
-125.05760115095435,-139.1659655504375,252.0881038326105,0.4494943994389642,35.75339719760791,-2.909829123936772,1,D06_px-1055_py-0118,0.29064661903684313,2.909829123936772,1.403757681109501,2.3467709982858276,1.8194050864260802,1.7106906505314852
88.94661405674294,-141.206005275463,251.8460088653304,0.4067062190785498,41.42991124909145,-1.61565588165428,5,D06_px-1055_py-0118,0.2629794446026002,1.61565588165428,3.0001591898947275,1.6544263289665557,2.2910917692192436,1.950525345427881
-72.1567666921879,-138.30357303641946,248.2091507845388,0.3878241217292458,47.52246339789821,-2.6586539360136,2,D06_px-1055_py-0118,0.25077013173518825,2.6586539360136,2.033304244327926,1.9339580408546384,1.8622161944212081,1.538366505872431
3.935925568806449,-136.27222364188592,249.5331737106508,0.3412275664767237,50.84353991286355,-2.1489010700691336,4,D06_px-1055_py-0118,0.2206404320997471,2.1489010700691336,1.782440013892923,2.1052005998412744,1.8619282641815131,2.2140755252573836
-90.4996377557978,-135.94268049323668,253.28035865506493,0.3968713600723313,41.01820392426919,-2.7651221616745416,2,D06_px-1055_py-0118,0.256620147306729,2.7651221616745416,1.954289098634642,1.6661576325551224,2.3666968608214782,2.943299812611593
-109.16651363652484,-130.9559569443195,253.96348904657816,0.4114495405817568,38.55514444071389,-2.8726788256595124,1,D06_px-1055_py-0118,0.26604651364646953,2.8726788256595124,1.3326364357628488,1.794805179385645,1.5819151967654357,1.4239787272503548
235.28639548785384,-128.91200161511776,249.14117205572097,0.6106931628411318,11.535314814513413,-1.108204405411846,7,D06_px-1055_py-0118,0.39487900910496887,1.108204405411846,0.5797369792328335,1.5636357152280733,2.4937816724016884,2.149412276305309
15.12920446655576,-118.13883214196343,237.7588365618089,0.3147862229302313,65.59846837007024,-2.0504062060400137,4,D06_px-1055_py-0118,0.2035432511022268,2.0504062060400137,2.958796867519574,2.184343583574049,1.9702011529213455,1.0273016530436208
-68.52823452149008,-120.07047168883034,247.09612559600336,0.3488042580159363,52.714710052958935,-2.696397801171872,2,D06_px-1055_py-0118,0.22553958052541334,2.696397801171872,1.3380074090600373,2.2744584781485706,2.2915765927576786,2.899823936806868
-31.295697364277498,-114.763600602061,252.3494399339488,0.2973193022674185,51.71462053716101,-2.4439997936654763,3,D06_px-1055_py-0118,0.19224900262667782,2.4439997936654763,1.8139524043838011,1.876877886717105,2.367528145244454,1.8521226317261141
222.4790322954113,-112.4168685266415,250.41439341039103,0.574280267922566,17.38362924842511,-1.074851749100219,7,D06_px-1055_py-0118,0.3713341444511834,1.074851749100219,2.3804408526721152,1.778882206470482,2.953570640962699,2.024917536488495
8.213969928192892,-109.56031882876697,251.59990928675768,0.2765657869745399,54.10520518684263,-2.102943729965704,4,D06_px-1055_py-0118,0.1788296161770728,2.102943729965704,2.3112430402935686,3.2974857223907854,1.661931426549085,1.9285047731246836
-78.49417069464747,-105.38807352558688,252.77544329417904,0.3258626343302753,48.82719849776413,-2.8179475704179384,1,D06_px-1055_py-0118,0.21070534595480364,2.8179475704179384,2.418170799566806,1.6305888914764979,1.425983405287613,1.914026358604255
69.04187142222825,-84.80485314139645,251.17621588446124,0.2757820110654876,54.60362805892135,-1.494480404846246,5,D06_px-1055_py-0118,0.17832282050101342,1.494480404846246,0.8729217863823657,2.686609371698573,1.3344425013456893,2.21180322761204
113.24059652021212,-89.88479262995295,246.2652164106556,0.3645468332954702,52.05718429108072,-1.2778982372848615,6,D06_px-1055_py-0118,0.2357188536946463,1.2778982372848615,2.2210507617214734,1.5276346187525367,1.9376690716742377,2.2229976504928297
-212.32799628316587,-79.96570763777727,251.8239687164246,0.5297888326603224,23.81408259047401,2.894798102365644,19,D06_px-1055_py-0118,0.34256563198204504,2.894798102365644,1.5301558371377628,2.190239565163392,1.003132132095713,2.5459236547567814
-192.61605395828784,-75.9766978763145,251.2030846853529,0.4918562745091276,30.65792071112577,2.91032271319464,19,D06_px-1055_py-0118,0.31803814111269496,2.91032271319464,2.4776894373830034,2.280000311559032,2.1730321455076336,2.1040176355309224
-118.37862108634926,-73.68876285138893,250.6486468914936,0.3469765507021699,49.111271838367145,3.091400921084247,19,D06_px-1055_py-0118,0.22435777058073295,3.091400921084247,0.9439391610940058,2.4110475191746983,2.963662634587279,2.5989035342094664
142.29454299551784,-51.45720963730678,253.44738240236848,0.3701730327637393,43.78186801081563,-0.9539725905782824,7,D06_px-1055_py-0118,0.23935679858454995,0.9539725905782824,1.7917346871716642,1.8039196149110561,1.2970380344728323,1.8485811345082328
124.61103844753568,-41.65497601686052,249.99722276004903,0.3291854301521629,51.46166245960194,-0.9295818302992738,7,D06_px-1055_py-0118,0.2128538919046237,0.9295818302992738,2.829971585288283,2.6361610811589986,2.720991087279502,2.292718262425964
-121.03505713276402,-28.258311924038253,251.47028521087543,0.3108497784260857,51.51495966234052,2.763976675881549,18,D06_px-1055_py-0118,0.2009979150811682,2.763976675881549,1.8012964868262435,1.8702987317808342,1.401843740432076,1.8851834375910044
-164.58671478808827,-14.222931343211414,250.0307863926024,0.405648495255722,43.53017294380635,2.6208150051327945,18,D06_px-1055_py-0118,0.26229551204779344,2.6208150051327945,2.025777549301147,1.8862652924923062,1.3191141543006992,2.584822212011501
-238.21716632365167,-9.942779345112127,249.8533391800056,0.5551891213002678,21.62987086661036,2.576327208954931,18,D06_px-1055_py-0118,0.3589896586773154,2.576327208954931,1.2418981227185935,1.9248147363908115,1.9787318431359844,1.8825912041667898
118.9144787645636,-1.8578781832230529,246.7361705579384,0.3036187025913017,57.08128168718537,-0.6226019106751152,8,D06_px-1055_py-0118,0.19632224449216376,0.6226019106751152,2.4469937300265006,1.9766243754503527,1.3190174746081944,2.4964744956688794
277.982062546343,10.01462640710079,249.89137488145207,0.6263483198973312,7.202080872841577,-0.5709689451160693,8,D06_px-1055_py-0118,0.4050017569624602,0.5709689451160693,1.7998698709993568,2.508332770655046,2.3476389056419267,2.5378041656875423
96.12482210674756,12.69703857329502,251.0025421228597,0.2460028563157006,56.84999177563429,-0.475650725491567,9,D06_px-1055_py-0118,0.1590673844897894,0.475650725491567,1.8232685554737469,1.6582437040440856,3.0441008589603373,2.119940572690971
-179.0306228372761,16.36695452089279,250.95824671912365,0.435780425726691,38.813301576247,2.443446675216593,17,D06_px-1055_py-0118,0.28177905561890654,2.443446675216593,2.364243271338199,1.5694949470926038,1.9262800171821959,2.1391922237759724
111.8929014373156,22.440895424347392,253.04474904597296,0.2851555724893916,51.95065413157175,-0.409048531595805,9,D06_px-1055_py-0118,0.18438383914683487,0.409048531595805,2.287566988682092,1.57260160160272,2.7550809133337957,1.7266359424918905
86.06752214807477,27.66207247780384,253.58595603618,0.2277065738447575,55.33859049811315,-0.296007454275941,9,D06_px-1055_py-0118,0.14723686413678833,0.296007454275941,2.470488175053406,1.3707531240525075,2.2189476430218678,1.1663657940847234
-171.93579600596556,51.16459381752415,251.2916748841308,0.4344426126397785,38.617819862119575,2.2453783093505395,17,D06_px-1055_py-0118,0.28091401513987124,2.2453783093505395,1.7342373507341535,1.80799698059805,1.8214642421631195,1.7374991381925227
-124.7387661362901,57.11485621584477,249.79907451677312,0.3428867832590513,50.40472156997572,2.105229053757101,16,D06_px-1055_py-0118,0.22171329473971466,2.105229053757101,1.6404094495561035,1.2355861966168271,1.6095966283445462,1.4725439964256033
77.62654633637672,64.86769291662338,249.67956677602265,0.2575109321463257,57.45089281716503,0.0891173422926343,10,D06_px-1055_py-0118,0.16650859696310516,0.0891173422926343,2.0428810360283807,1.7524563306732328,2.119356915730415,1.4768383223932355
-103.0249998609834,75.7866030360451,252.95493174564345,0.3175286124600841,49.37832478357643,1.9003829905948044,16,D06_px-1055_py-0118,0.2053165017721542,1.9003829905948044,1.8027644835593577,2.47546582706883,1.5120439257159604,1.3526050995225942
71.93370987590723,87.9377065678736,253.93827890604624,0.2830025071328883,51.18582532921579,0.2781916678904902,11,D06_px-1055_py-0118,0.18299165012909827,0.2781916678904902,1.9332410314024675,1.9764334662512617,1.8130182645589432,1.707163517234532
85.59631556530454,90.03884313327043,257.6988182542502,0.3036633775627352,45.58939752611008,0.2037073068856982,11,D06_px-1055_py-0118,0.19635113168056684,0.2037073068856982,1.9956097891899796,1.9659697082672192,1.9658464599015644,2.1407000934331895
-237.2627620395076,99.0501623389353,251.89406124329227,0.5857754660988482,13.352983860762436,2.139137423668223,16,D06_px-1055_py-0118,0.3787670301317726,2.139137423668223,2.636324956531645,1.3454089729036838,2.3071560913193183,2.4357359250824553
176.29901979112333,100.1509407009412,251.31918082282627,0.4829831491981379,31.8641109627049,-0.0903656823799685,10,D06_px-1055_py-0118,0.3123007083990765,0.0903656823799685,1.8670715868061585,2.9240948317516415,1.7803132169705864,2.1198886082247457
-165.4143573768434,100.6213106265644,249.9679459405721,0.4664134828079971,35.783130189437884,1.9881140933701624,16,D06_px-1055_py-0118,0.3015866316032948,1.9881140933701624,2.143705781664412,1.7879420113764666,1.748311157647824,2.2570656134032463
184.49406740583325,110.99352726710278,251.89108203321533,0.5071314023787057,27.485576605563324,-0.0653768443891809,10,D06_px-1055_py-0118,0.3279151591048872,0.0653768443891809,0.9830835887701328,1.6100165570724105,1.8443829698151233,2.398438212147827
213.1582198965401,108.72563674705684,251.02270917984143,0.5547127721789346,20.341036779939657,-0.1353083268221636,10,D06_px-1055_py-0118,0.3586816475835855,0.1353083268221636,2.3125352828618047,1.577897752383453,2.1261812045524704,1.930061167742688
-75.18133123934892,109.61685484193715,253.00524103060832,0.3290739392608784,48.29314819867733,1.5649866463840358,15,D06_px-1055_py-0118,0.21278180101618174,1.5649866463840358,2.4761460064261174,2.607581682499437,2.064806575029322,1.4035199021319347
242.90018061512384,112.28338693932476,249.13010493609465,0.6095041844751252,11.801474604175668,-0.173975904966235,9,D06_px-1055_py-0118,0.39411020632874055,0.173975904966235,1.8338466655384709,0.8729890610320319,1.334965480741959,2.227734764897482
169.1965763664068,116.3671338307708,250.96967965549743,0.4888003513592981,31.386797471978696,-0.0045136633861582,10,D06_px-1055_py-0118,0.31606215713460095,0.0045136633861582,2.214924199310069,2.0636594803087567,1.8044944226928077,2.4045049330167068
-161.37147756850823,114.93012831351376,247.2193042638021,0.4802224923972731,36.89601489992776,1.9157404800211133,16,D06_px-1055_py-0118,0.31051564596783393,1.9157404800211133,2.432988339597861,1.8941918333782843,2.62788021610607,1.7291666404613761
-229.6883940792331,119.99717379738452,245.4184558192799,0.6015094290471915,17.980216480451475,2.0531793031408934,16,D06_px-1055_py-0118,0.3889407344998242,2.0531793031408934,2.028228117541005,2.3812957401179795,2.1980116905822626,1.3487709381149164
-145.80083395730273,125.74674037352898,249.791483354018,0.4644565419859506,36.255426440864085,1.8229322589482544,16,D06_px-1055_py-0118,0.3003212582542766,1.8229322589482544,2.0104519868785493,2.408073266946351,1.6509098704847192,2.7394043999259434
151.55819252802294,138.45591240884266,251.0456470381029,0.4885329823366396,31.341171747510487,0.1332712521008778,10,D06_px-1055_py-0118,0.31588927421866725,0.1332712521008778,1.4624354965139656,2.6428356729438516,1.2915776435494728,1.8852500269374644
-152.4960149969446,141.63728303511894,250.6893767346704,0.4948528034286335,30.782100485526826,1.7861159242684028,15,D06_px-1055_py-0118,0.319975720313654,1.7861159242684028,1.8134205984704046,1.477960593622163,1.452117222316033,1.2868768787306606
-200.8302080338876,152.65663486519446,246.522287616068,0.586943171161259,19.56992079310902,1.8846616345654983,16,D06_px-1055_py-0118,0.3795220774223407,1.8846616345654983,0.5531577720645635,1.5310508227461468,1.6663679067326507,2.3911570935557136
-192.4371684895603,164.75464042979306,249.4316552685556,0.5834838465485663,16.761678205732892,1.8265608069225363,16,D06_px-1055_py-0118,0.3772852508810422,1.8265608069225363,1.2119679017531482,1.3221028996669522,1.7181748989352579,1.8679216780554952
58.72769140370547,168.77699871358624,251.10037987887816,0.433274835665299,38.97843011841008,0.6289602542015317,12,D06_px-1055_py-0118,0.28015892135039316,0.6289602542015317,1.6846234351550975,1.9597109670735953,1.792068822126307,1.6029910778227483
25.1445039177826,174.69258952483028,249.0278309461489,0.4316940389559811,41.46214576061112,0.8208628932439613,12,D06_px-1055_py-0118,0.2791367657472949,0.8208628932439613,1.4795427410500812,2.0342187221508143,2.2602778918516133,2.3572517168877045
-97.43790416641016,173.57049499200193,248.51319230860568,0.480011938002416,35.46783619275743,1.4753502267041043,14,D06_px-1055_py-0118,0.31037949983772656,1.4753502267041043,2.7605841146985677,2.19248972073616,1.6997161551142153,1.0072233143760316
-44.29327725967438,179.35048689623167,253.13233275757307,0.4429404880221625,35.473824157290665,1.20593687127303,14,D06_px-1055_py-0118,0.2864088082940665,1.20593687127303,1.973666492158018,2.2217214913224836,2.6458391810124713,1.8270905273499336
13.292448696620427,179.87786410725246,250.52702016461643,0.4376978176740741,39.04152437472692,0.8900537890122237,13,D06_px-1055_py-0118,0.283018856354068,0.8900537890122237,2.773158955723752,1.9215187752022327,2.70777191908317,1.511984947153536
188.4162669430593,180.82756565011627,250.25726959276344,0.5960076935659713,13.248611115083293,0.1578695189099779,10,D06_px-1055_py-0118,0.38538326900426395,0.1578695189099779,2.7059690475179954,2.3660706595144942,1.858456295440724,1.791805616367573
-72.18579574177178,180.851318078442,248.7267809579465,0.4707245497186929,36.56439976702552,1.3435853916846927,14,D06_px-1055_py-0118,0.30437420142307287,1.3435853916846927,2.392495532076574,1.5154403205400344,1.633082557814553,2.1752094304982252
208.23389043211347,188.54969175319445,257.1762206724775,0.6174022584592136,0.239273483020554,0.1288498612099662,10,D06_px-1055_py-0118,0.3992171631745729,0.1288498612099662,3.179653010012434,1.2314226815639644,2.158183583797977,2.212749010419473
90.6835960964172,201.2525999686232,247.80366523808905,0.5248431760897231,29.29891631954996,0.5404674297113082,12,D06_px-1055_py-0118,0.3393677314899451,0.5404674297113082,2.616970712441884,1.3627341281774308,2.059109607444702,2.6249166981805896
-95.98947229674432,199.9363958443637,249.6464670618205,0.5236790725035642,27.363614240218222,1.4114180764970206,14,D06_px-1055_py-0118,0.33861501294228785,1.4114180764970206,2.5960376125026015,1.882124335058415,1.7249430535295898,2.845400283614418
92.32523690134704,219.22490874710644,243.40941603155792,0.5659114201231382,27.278363262852903,0.5652168124211469,12,D06_px-1055_py-0118,0.36592278154838953,0.5652168124211469,2.207139543989226,2.2306032342984032,1.1749022843597938,2.1906172928349292
-55.03990825068032,-264.4063808423947,251.63387971346208,0.6091361263756694,8.826659739503725,-2.38300901947496,3,D06_px-1055_py-0118,0.39387221706269077,2.38300901947496,2.0327133180550643,2.427254522497863,1.9978686768374274,1.235149843612711
56.17763360905165,-261.8789506059616,252.5513193714524,0.603536104752291,8.90157929031028,-1.966460868415914,4,D06_px-1055_py-0118,0.3902511989734784,1.966460868415914,2.074550294917448,1.0960623616375618,1.9570661462017278,2.6431346463127587
33.296681471511924,-246.6644151914848,239.0242424516984,0.5950266141985838,27.01383290649505,-2.0435991333269548,4,D06_px-1055_py-0118,0.3847488953580208,2.0435991333269548,2.0458496245139637,1.9347332315208585,1.9317093473989262,1.7295317716532832
55.59679833251423,-245.0720506640685,250.24829666149785,0.5782918240036652,16.80339678455283,-1.954692707122129,4,D06_px-1055_py-0118,0.3739280482095026,1.954692707122129,1.015808386348878,1.321500691177937,2.344594667647339,1.7165796576746586
-34.939432425468254,-240.6711288082394,246.38784390444712,0.5704293429137888,22.90674195976959,-2.3219436777603653,3,D06_px-1055_py-0118,0.36884410600940853,2.3219436777603653,2.292712828958501,2.2182699583054646,2.437092692929192,2.302483872183448
47.88431130827225,-237.79427236573224,246.55709829337795,0.5689458849073005,22.98386493641481,-1.9790646374029623,4,D06_px-1055_py-0118,0.36788489037823024,1.9790646374029623,2.4823732886133927,2.568027790610153,0.8431039489502843,2.279365485770315
66.6252047304703,-233.0116449849937,247.74660755892376,0.5663565913438207,22.057071689652787,-1.8992760427632815,4,D06_px-1055_py-0118,0.3662106327659917,1.8992760427632815,0.974901945499228,2.191078443750799,3.140017218005662,1.9119499624570007
132.40065982981534,-226.8027129208305,255.6700563173968,0.5886967563104708,8.224385599334141,-1.649375537119406,5,D06_px-1055_py-0118,0.3806559593916105,1.649375537119406,2.1662842953254544,1.5209881449838951,1.169291350109321,2.3004717953036664
52.937995078413785,-223.56061028415056,240.69754611941377,0.5552968965294348,32.38498007673036,-1.945263688445272,4,D06_px-1055_py-0118,0.3590593469893665,1.945263688445272,1.9227402689923005,2.4139173786761763,2.2476096495752413,1.7340567973803382
-138.12999785302455,-209.51744756451723,247.8265851476125,0.5821182929794494,18.95214393373874,-2.760644954850469,2,D06_px-1055_py-0118,0.37640227318772074,2.760644954850469,2.7606286775886058,1.1321592815132369,1.5565404707777108,1.4853328592322612
90.45316489772718,-209.81672456880017,251.2947061633241,0.533773443454457,23.743955949497376,-1.770745100431328,5,D06_px-1055_py-0118,0.34514211270558337,1.770745100431328,2.5433072645563835,2.2195447824534646,1.0366813886987165,2.1957457018287823
-10.343392460135089,-201.3120477539069,250.8236090226781,0.4813915158792779,32.659530103238524,-2.2291106155170075,3,D06_px-1055_py-0118,0.31127154575889576,2.2291106155170075,2.0439549418612937,2.4575777879506084,2.393979023244369,1.6792537972647281
175.803945393465,-185.38281161900048,248.8782842914656,0.5884140643425756,16.44732071821761,-1.418892015752163,6,D06_px-1055_py-0118,0.38047316853859836,1.418892015752163,2.1124070343067585,1.8681415755286062,1.50065509752333,2.491770586054488
-212.0986486106364,-167.05005636985328,247.07172600963645,0.617591305568106,12.590889154746437,-3.081434707625072,1,D06_px-1055_py-0118,0.39933940252417743,3.081434707625072,2.5787900500715075,2.724196845364328,1.8078145609698022,3.0767617281041737
-9.202871137162166,-160.61860129148437,246.6735988404582,0.4009673713972195,47.71956509965804,-2.2350097046021804,3,D06_px-1055_py-0118,0.2592686604908783,2.2350097046021804,2.953083957869799,2.7784481655955817,1.1987232077551333,1.9539088605840802
-155.6137460003001,-153.9742762825909,246.6520164237092,0.5232643855506125,30.88963223379937,-2.968469622224692,1,D06_px-1055_py-0118,0.33834687309230416,2.968469622224692,1.9405287639936448,2.1581667841256182,1.7910415084539977,1.2274016310561238
-46.18959301976256,-152.62344762506277,249.547533030898,0.3936660902903319,45.42722515948941,-2.4716507042869877,3,D06_px-1055_py-0118,0.25454759461997284,2.4716507042869877,1.8343017792805505,2.8030471262580328,1.692379389134522,2.7544672568015836
72.39184441073138,-142.9808405656461,250.72245283188985,0.3937813490610946,44.14199170049597,-1.709097371131088,5,D06_px-1055_py-0118,0.2546221218489624,1.709097371131088,2.248663216465558,2.0015490622001373,2.0455993149441856,1.9607065839698867
-18.23820624228889,-143.94408131723796,252.1068428471248,0.3579762344127174,46.4737678640019,-2.30380770572668,3,D06_px-1055_py-0118,0.23147025270494992,2.30380770572668,2.372893262776938,2.039124997451115,2.364503477115924,1.9706423661703911
-59.738853221554194,-130.29129790284182,249.9271596982396,0.3568196685765197,48.91620308992475,-2.6076777211918847,2,D06_px-1055_py-0118,0.2307224081257873,2.6076777211918847,2.3869216276498317,2.046704643181843,1.8705578603185913,1.8643795321045906
-230.2041823217968,-127.19586972972348,248.5639156270764,0.6024702164429959,13.966066304868548,3.039400512463853,19,D06_px-1055_py-0118,0.3895619871974158,3.039400512463853,2.1611870622722194,1.8801526461945968,2.6271078479423324,2.5553323887603847
-214.45969762723152,-117.755804962302,248.40674518641725,0.5694555343222277,20.692191918660967,3.0367507066670534,19,D06_px-1055_py-0118,0.3682144337040817,3.0367507066670534,1.8991595230899727,1.2470867393770555,1.3690136650685245,2.372766093664507
-194.87663014504508,-114.3500991548349,250.62089354060663,0.5300702597340105,25.160396476027813,3.0652568080024425,19,D06_px-1055_py-0118,0.34274760494450013,3.0652568080024425,2.426578155102942,2.286974740724122,2.177787776343475,2.144499710199412
-248.1222444952712,-116.38237866516262,252.44895563426863,0.6145055610495559,6.671007939765275,2.973197723864662,19,D06_px-1055_py-0118,0.39734413581418615,2.973197723864662,0.7773953852411164,1.538664942227586,1.42378169648154,2.0716469977604866
26.16170801223374,-110.0174442131872,251.8633686272792,0.283959717323281,53.27353724215237,-1.9443158827032676,4,D06_px-1055_py-0118,0.18361058977749542,1.9443158827032676,2.6044637582155774,2.2401189851295946,2.8130541402254265,2.101952654020175
171.28253024481347,-99.8099061541456,251.8120754733993,0.4729787994220031,32.777394370737966,-1.1345968958427777,7,D06_px-1055_py-0118,0.30583181703641465,1.1345968958427777,1.180861254197133,2.406569030422762,2.187925142293646,2.218950154795759
-99.71923320192734,-96.8390533780585,248.68178329548743,0.3484938184080411,51.0573077265492,-2.9778260306698217,1,D06_px-1055_py-0118,0.2253388478298281,2.9778260306698217,1.9812226066711918,1.6899074340829652,1.9880106313130779,2.2590535977634953
-72.94545179188853,-85.27291698094551,246.0292432744389,0.2882163871976794,59.029931040846805,-2.885416865306558,1,D06_px-1055_py-0118,0.18636298604515542,2.885416865306558,2.2955577647704244,1.7612894112591395,1.83591076330807,2.5636023552754215
129.56098267074245,-83.21486145804424,248.37688164566265,0.3830658699657047,47.85876673948076,-1.1779108977924126,6,D06_px-1055_py-0118,0.24769340866739148,1.1779108977924126,1.921374736458234,1.2916373820551335,2.4049341225120537,1.6705746666598644
192.608829741277,-72.52068264719153,251.41989148524456,0.4889824618812896,30.84928316173256,-0.9670803471779555,7,D06_px-1055_py-0118,0.3161799112324805,0.9670803471779555,1.3365109339203087,1.577153222123071,2.6060016440779497,2.378776160257168
-133.52897675783345,-70.63639579353102,252.0367219005126,0.3714960105243544,45.15591780839975,3.0211881439932347,19,D06_px-1055_py-0118,0.2402122464247536,3.0211881439932347,1.502601157734591,1.3079634843655237,1.4429658700449444,1.7721075350119047
163.5641148903321,-67.42686241973502,245.8485943948824,0.4375174800233386,44.22979088802919,-0.9979886740628108,7,D06_px-1055_py-0118,0.2829022486087062,0.9979886740628108,2.1348427204142704,1.9007381115282012,1.922553045397522,1.0601530420986158
266.29910415971153,-61.01016987853637,250.37355665410644,0.6169113817992072,8.689101299746369,-0.8321966987951795,7,D06_px-1055_py-0118,0.3988997584599135,0.8321966987951795,1.677262337905499,2.8560222848717043,2.4047025812906333,2.3963016343849945
-86.60513303530252,-55.94996689703652,250.34960974206564,0.2615680344869034,56.47896080131727,3.108196105284753,19,D06_px-1055_py-0118,0.16913195129153988,3.108196105284753,1.7196313441215758,2.5794235935271854,1.3230541059357734,2.296380007291792
-97.0317395213518,-59.36463226835826,242.5057035966115,0.2959394865148001,62.11701105041254,3.0836685481127937,19,D06_px-1055_py-0118,0.1913568028931709,3.0836685481127937,1.8594182778578878,1.907733030912202,2.3610714648444584,1.3131476420261308
211.70594831090327,-38.2975017174416,238.8431982854576,0.5296884075063379,38.87331014324707,-0.7859436110077666,8,D06_px-1055_py-0118,0.34250069628649854,0.7859436110077666,2.8394949065413506,1.7905076273856146,1.8236163643435537,2.4497808784920756
109.29287452948924,-32.72035378128434,246.9484711461185,0.2917212259540505,57.80165303976781,-0.8978695464605413,7,D06_px-1055_py-0118,0.18862924239024004,0.8978695464605413,3.0402033067004073,2.261811859783982,0.9711080037725608,1.6393227860263282
77.22082581668194,-36.85858260749272,240.88435743156387,0.2269150025876443,68.42201693630733,-1.0523142049405934,7,D06_px-1055_py-0118,0.14672502792727413,1.0523142049405934,1.2187728473918416,1.7577547544446568,1.7199941054276673,1.9825763722274958
58.95157622169318,-20.209321593067497,250.99608552034653,0.1600077020090387,61.40010832791023,-0.9372367018167608,7,D06_px-1055_py-0118,0.10346224039015349,0.9372367018167608,2.419527725303926,1.9320542038966304,1.4468348939871838,1.967660987829329
105.24520184983938,-14.17082438525059,252.08067084151807,0.2672761510532513,54.28331256402089,-0.7408203830861289,8,D06_px-1055_py-0118,0.17282286442226621,0.7408203830861289,2.1793512136260276,2.034596139223535,1.4334277977149792,2.77066980275662
-204.9207288259156,-9.094537027016171,250.16944315481027,0.4896643825984377,32.16279865578497,2.578964774722556,18,D06_px-1055_py-0118,0.3166208465392111,2.578964774722556,2.112539007768415,2.647671919154764,1.522511938368658,1.848368265187626
-200.0295305324045,11.534516478179826,252.2424661134393,0.4766099154079729,31.764576721666003,2.477012840197952,17,D06_px-1055_py-0118,0.30817972523275705,2.477012840197952,1.7316083154641455,1.9849144210492833,1.6133095537337852,1.5985115293109673
259.66210660092776,9.40668026099423,237.60976598119635,0.6179321526738145,24.126138637436725,-0.5707687477007477,8,D06_px-1055_py-0118,0.3995597969473478,0.5707687477007477,1.7068223054041733,1.866314642520418,2.0773492778503875,2.2422596099144902
-222.3413869447795,14.05340861953942,251.1296407928752,0.5230626350639115,25.75404926447868,2.471490646751991,17,D06_px-1055_py-0118,0.3382164196385528,2.471490646751991,2.2173519593322735,1.8819630762209483,1.8863622280183692,2.2990653244345585
235.3786929210017,17.742579512152517,249.60937291357232,0.5511446369135353,22.64958297754885,-0.5317429456243599,8,D06_px-1055_py-0118,0.35637446321722,0.5317429456243599,1.3473629237336822,2.300021682055369,1.7121617988213642,2.094551854961039
-189.70788314638327,30.44913654559292,250.2168841101472,0.4629437742548029,35.99125395331464,2.375465129792275,17,D06_px-1055_py-0118,0.2993430907242809,2.375465129792275,2.404196846052705,2.9620346768819426,0.7007796360043821,2.069349053269452
218.9351235696465,30.80132553785505,249.3880712805272,0.5227713476003353,27.8127523592824,-0.4672098612218511,9,D06_px-1055_py-0118,0.33802807087033254,0.4672098612218511,2.626355040209688,1.8478605682844371,1.5380360143627285,1.7418239134636806
205.4663151746072,32.521090820175075,250.3585751356464,0.4952014112751299,31.10444948520092,-0.4500023433960988,9,D06_px-1055_py-0118,0.3202011328929439,0.4500023433960988,1.6857775661994503,2.310371737255361,1.7029696626271758,2.565872839677634
-249.2906900127265,41.27765105220795,249.9871162589621,0.5812907246157615,16.52843794467708,2.37052154262298,17,D06_px-1055_py-0118,0.3758671609655708,2.37052154262298,0.7571566946984352,2.752936726924699,2.567590839997365,1.47638921802683
-206.72829689878063,49.9587908567474,249.4233492660669,0.5060961097812874,30.47249283833679,2.297495345573678,17,D06_px-1055_py-0118,0.32724573075710567,2.297495345573678,1.7294014452541544,2.5389172266855855,2.325011455982694,1.99995453715457
199.1215882881998,79.75838997419584,250.7285576896831,0.5075013286193562,28.75649724831794,-0.2259980776643153,9,D06_px-1055_py-0118,0.3281543563257475,0.2259980776643153,2.652161616177305,2.4525554304577977,1.4098775138189814,3.1517596204826805
-150.5974836366084,87.92877536678046,251.7333901407714,0.4230916951236913,39.56712949903397,2.006141211683949,16,D06_px-1055_py-0118,0.2735744224705641,2.006141211683949,2.202313283774718,0.6845815429227682,1.432241469981725,2.7940050024246004
59.58922734773567,89.43539733332946,254.3851452086294,0.2679965979009822,51.84189213146027,0.3760802990435488,11,D06_px-1055_py-0118,0.1732887110284755,0.3760802990435488,2.1566741372339586,2.6119809589467184,1.4113666914235834,2.097535411467641
-181.7669364914292,90.99174673463337,246.26943954835832,0.4924257389408148,36.16974972176951,2.070489066649452,16,D06_px-1055_py-0118,0.3184063612995053,2.070489066649452,2.598581727114181,1.7600390863739535,2.1628734925714412,2.5414963723753488
250.8778827605612,91.75842856029416,241.6997570594491,0.6229643385165466,18.039982035177445,-0.2563435606424593,9,D06_px-1055_py-0118,0.4028136479483406,0.2563435606424593,0.8252641070140274,1.6856626813383269,1.9086129793404993,1.8580414423580394
45.51350403232775,111.7364018671846,251.79784010975908,0.3019290066477701,51.91623725636373,0.5770081161955275,12,D06_px-1055_py-0118,0.19522967378649825,0.5770081161955275,2.8927863330588988,1.9252919961912602,1.687468466020872,2.414278949893865
19.373849767979262,120.6709061378552,252.5598558822183,0.3047436995215798,50.884971778294926,0.8046242103902191,12,D06_px-1055_py-0118,0.1970496763681121,0.8046242103902191,1.7832331846524956,2.0336530463165414,1.8624559154054245,1.1008910151251297
-8.031813869020233,122.32293683607044,251.69208483278152,0.3065991426897554,51.640126983312086,1.0293834109835749,13,D06_px-1055_py-0118,0.19824942053470984,1.0293834109835749,2.502431866080678,1.8929059764433123,0.5536496770063686,2.2062328026270377
47.47908227657228,127.024890084536,249.98270780534983,0.3389942927871768,50.576060042500046,0.6061180844529491,12,D06_px-1055_py-0118,0.2191963797421184,0.6061180844529491,1.6161944268293509,1.4743031905118325,1.1703574375264996,1.9697987142435893
22.56998815117701,135.20110415748815,249.246219144431,0.3433096958059798,50.95176345214463,0.7984056674595413,12,D06_px-1055_py-0118,0.22198675332355117,0.7984056674595413,2.1106533397994394,2.3408894457708307,1.336128358299911,1.3134297944229467
-104.3943231844474,139.14664863395754,249.5576343078537,0.4254138708384806,41.66606593935808,1.6074758155052726,15,D06_px-1055_py-0118,0.27507595957793496,1.6074758155052726,2.038355807972412,2.3487239924700076,2.537935591162742,1.5840013187510804
99.2604905674793,133.1744480862378,230.672568974306,0.4377500255403743,60.9562430817075,0.3233035688423665,11,D06_px-1055_py-0118,0.28305261437162327,0.3233035688423665,1.8862642873910704,2.3156492941144675,2.4153445162296547,1.3189541813224208
66.33841548618332,155.42302063839333,250.94741795403496,0.4125877163072398,41.70962444143714,0.560401455442655,12,D06_px-1055_py-0118,0.26678246703519765,0.560401455442655,2.14832933990642,2.095053597562255,2.019824222839634,2.847259754731058
-107.87400340955443,160.6746804709351,247.6083255947869,0.4700536966417439,37.91409235105431,1.5550763951974926,15,D06_px-1055_py-0118,0.3039404225396673,1.5550763951974926,2.3268580758783663,2.2555947305713504,2.027720429854137,1.9894871215513619
-41.11927881461698,166.9418958386464,252.4985581719129,0.4166814816112748,39.5193029351114,1.2053184989576788,14,D06_px-1055_py-0118,0.2694295279245729,1.2053184989576788,1.7721569102285244,2.1397390735889736,2.477557821100646,2.6054209319036543
-109.51535933241048,179.09591059156958,249.7806250036656,0.4999882054382898,31.022218158440523,1.5126420199952617,15,D06_px-1055_py-0118,0.3232963117011431,1.5126420199952617,2.766079886074755,2.751301283363519,2.126227251254604,1.954815078502173
129.99613363575838,200.9710054991288,247.2757105264569,0.5615892455510004,23.49735002551768,0.3896660541574449,11,D06_px-1055_py-0118,0.3631280294272356,0.3896660541574449,2.7943478273968476,2.048340755273614,2.5703147443694587,2.4345482406324495
-188.5325941950689,203.76206139166032,252.20962671144883,0.6210165437379731,5.532568256191837,1.7104129429120416,15,D06_px-1055_py-0118,0.4015541885030692,1.7104129429120416,1.5845873302052624,1.5261520041715309,2.462180428101663,1.746020708818293
-142.38011053970283,205.49727852446023,247.3171131658828,0.5813206566162527,19.71733955397781,1.56973230922332,15,D06_px-1055_py-0118,0.3758865152328423,1.56973230922332,2.7351655419559937,1.3434993012869805,2.0227855643190122,1.8430507114851584
106.68938782279436,207.21452245222105,246.8100444508447,0.5505104151978951,26.04830530817032,0.4883408465192501,11,D06_px-1055_py-0118,0.35596437046055684,0.4883408465192501,1.8131566680011257,1.968951584874203,1.7539515952745606,1.8558639157631405
-80.02956616084737,213.4315191285287,249.8081615012457,0.5353345196660991,25.20238991962799,1.3225576696569936,14,D06_px-1055_py-0118,0.34615151687955964,1.3225576696569936,1.0827511629773077,1.8206712999325108,0.7528100841624707,2.5118769381251957
-102.6435762325442,216.62484204858785,248.590217203274,0.5598831196375921,22.25881491992959,1.4063109406064451,14,D06_px-1055_py-0118,0.36202483497364013,1.4063109406064451,1.8894275994590795,1.6925038925222324,2.226343275425338,2.4157737852102046
139.03599673526296,218.6819090886416,245.7512492581777,0.600865900753885,17.708110462552042,0.3974952424742103,11,D06_px-1055_py-0118,0.3885246240367405,0.3974952424742103,2.519225324069604,2.446266486171101,1.6411898719144853,2.741423277923629
-63.434190764360295,227.0589017618321,249.13295252540843,0.5514426871648299,23.15521198048112,1.2362442488167718,14,D06_px-1055_py-0118,0.35656718485724487,1.2362442488167718,1.9176312001905211,2.5200013709383606,1.5749023791549204,0.8649046529574966
154.04630130834755,230.5503892233738,246.89462175155927,0.6305735153114026,9.963768433848315,0.3747758002416403,11,D06_px-1055_py-0118,0.40773380159617,0.3747758002416403,2.472246106048374,1.8673624067467012,1.2323831476855336,2.055254662484983
-112.80441041077891,238.7066121235744,249.26270123908253,0.6029512369669353,13.017808871339357,1.405276585235355,14,D06_px-1055_py-0118,0.3898730188568643,1.405276585235355,2.121325150692728,2.5525663196331685,1.754136225393323,1.0054907349085902
76.08467097412009,244.69974469516904,249.2041951883905,0.589195933884276,15.89904522024318,0.6623622171481883,12,D06_px-1055_py-0118,0.38097873154251294,0.6623622171481883,1.8345218098702902,1.6118569111582377,1.5552717052638505,1.7965656055035777
16.160415065690604,249.9901562525892,244.234565443662,0.5880301668761619,22.105079237189216,0.8992624108777357,13,D06_px-1055_py-0118,0.3802249374131178,0.8992624108777357,2.792848292211882,1.9607254201233384,1.840367912066297,2.4062940227237144
-56.37151798492779,253.43835696614764,247.86609735129068,0.5977607915655839,15.780923243952143,1.182680815497033,14,D06_px-1055_py-0118,0.38651683597876607,1.182680815497033,1.2941969496995585,2.7253054756124495,2.094053445274146,2.2991456427336443
63.10780991400397,270.47596138343715,251.63225554743872,0.6223359257021067,5.949887390826575,0.7345962492345873,12,D06_px-1055_py-0118,0.4024073112729463,0.7345962492345873,2.7382101463398794,1.5170391581971203,1.6627516437734868,2.0679708194777837
-93.98718996266987,-256.88781497781724,251.0043535011687,0.6163160692401132,8.045574909976324,-2.5285170007351243,2,D06_px-1055_py-0118,0.39851482467033383,2.5285170007351243,2.5537167800760265,2.267784088508443,2.2834737232888873,0.7897412539655142
-158.48029275522558,-224.788533484814,251.7307302953526,0.6175270175276797,6.890349953471343,-2.791862656875429,2,D06_px-1055_py-0118,0.39929783337088487,2.791862656875429,1.8173266348807662,1.8579537873757073,2.8638894091386584,1.962486779079659
1.1914704772278548,-216.26722233282987,251.2610912979336,0.5100932013656668,27.73123032532812,-2.172266663059708,3,D06_px-1055_py-0118,0.32983028165791894,2.172266663059708,1.336464469721683,2.0713619357890045,2.6174820876983285,1.5500593473938775
132.36190580963554,-215.16549863817008,251.56166719591727,0.57829161673792,15.23504194482996,-1.626281458587474,5,D06_px-1055_py-0118,0.37392791418983923,1.626281458587474,3.3948230027593516,1.9291056133782614,2.069256626471564,2.900405301854834
9.37688411680798,-202.4040422782147,251.52216926976536,0.4823698570846966,31.72616331514854,-2.1314814058011065,4,D06_px-1055_py-0118,0.3119041488880433,2.1314814058011065,1.38948084162868,1.7138462989254544,2.3176590587546904,1.4675638705828313
-92.77208138122214,-201.07351698972167,251.4989625562008,0.5198189969224909,25.86819547611657,-2.6100561991766256,2,D06_px-1055_py-0118,0.3361190576683936,2.6100561991766256,2.178351206876103,1.6379414319269856,2.4081909353410724,2.019697840304352
-136.09820821409198,-192.7569138125549,249.1471188995748,0.5518116992932031,23.072153486472644,-2.7925582745808,2,D06_px-1055_py-0118,0.35680579100590676,2.7925582745808,2.654131937310725,2.154360019806128,2.7266930473304622,2.8716314013172637
-203.5962824980356,-189.7642235650893,248.6725976724288,0.6289411065601934,8.128497381321836,-2.9983233617741325,1,D06_px-1055_py-0118,0.40667827324027217,2.9983233617741325,2.5259598611971494,2.5002722107710467,1.915214429461575,2.5772744600953947
140.14855250361785,-167.9038964176775,247.5757670299679,0.5212401757784509,30.155983478633686,-1.4822344798500098,6,D06_px-1055_py-0118,0.3370380031103101,1.4822344798500098,1.9977982064074333,2.4661321057435774,1.2649227364776214,2.3221907167686626
-27.1486320921161,-155.57760978190328,248.5234906298276,0.3917088052614841,46.754164676327775,-2.350538457157859,3,D06_px-1055_py-0118,0.2532819987041258,2.350538457157859,2.081534636668745,1.6718055097270361,1.5075318567826217,2.6077911776853604
101.764036683867,-144.77026436796694,249.8841532576218,0.4313910042487204,40.557717038450505,-1.5650830374476457,5,D06_px-1055_py-0118,0.27894082111878327,1.5650830374476457,1.772171682744582,1.7388476242007578,2.069178314438977,2.2185783428157304
166.26642483217515,-146.1431133607535,248.56859010687143,0.5247322789916669,28.43346162734093,-1.3280533161326842,6,D06_px-1055_py-0118,0.33929602455288144,1.3280533161326842,2.013668711233965,1.7052979892619569,2.160275862268195,2.504830652061478
-198.4268389952636,-137.52161453848282,248.11961490468823,0.5639449000870385,22.06438270480095,3.140665858243258,19,D06_px-1055_py-0118,0.3646512142041156,3.140665858243258,2.1259259943041426,2.8436455348823038,1.4944417834860628,1.0904054006547834
-175.4879009592543,-134.31300363195987,249.01671904049428,0.5232154544645304,28.167750444473484,-3.095307242384119,1,D06_px-1055_py-0118,0.3383152338666468,3.095307242384119,2.8066512541424533,0.8786932697674588,1.830658606141218,1.9569092132495634
35.73920717733026,-135.40548770865493,247.30249696324552,0.3526922116709021,52.12051606607508,-1.919718881593716,4,D06_px-1055_py-0118,0.22805356198146304,1.919718881593716,2.6133225317228352,1.8305606640621217,2.63097075055183,1.8085133538166773
215.9025043614409,-135.11834694446685,239.8891420440281,0.6040674728237408,24.17392815196564,-1.1661757535170234,6,D06_px-1055_py-0118,0.3905947857537003,1.1661757535170234,1.8307267580203033,2.151600962305144,2.21697962982703,1.4954093458588398
-147.69377056099154,-128.40578250244684,249.62240808742283,0.4713057484164628,35.47656782780513,-3.032919527369353,1,D06_px-1055_py-0118,0.3047500090787551,3.032919527369353,2.0679061359874344,2.9242882814122746,2.256448581560445,1.938690674829715
-44.19430790160417,-126.38965097547296,248.8003271091346,0.3364982396272905,52.0609550718242,-2.5141541135652195,2,D06_px-1055_py-0118,0.21758241210923424,2.5141541135652195,2.194216917213368,2.465453612928798,1.5694056207591554,1.8070847991837682
101.68490698593072,-128.0491416206355,252.19907383926176,0.3988395735887725,41.96432678522916,-1.5066376557206511,5,D06_px-1055_py-0118,0.25789280966873007,1.5066376557206511,2.439435797525351,1.8906253740871835,1.6008837380526166,2.1839381310886354
-117.14069780320274,-119.79737123366247,246.8515289805118,0.4155025877035987,45.835310972378124,-2.9519619693714896,1,D06_px-1055_py-0118,0.26866724583852947,2.9519619693714896,1.7832825321491015,1.4738135985339422,2.026537723586289,2.0955364623424995
-85.42335660013971,-118.69259313607708,252.378490555807,0.3602001319825814,45.95870380855689,-2.801602957305123,2,D06_px-1055_py-0118,0.2329082423897424,2.801602957305123,1.9887728629864738,1.6345490285490054,1.9827716251595908,1.6132195258565112
88.34299712088085,-112.54323608653984,247.3621925628756,0.3596137544428783,51.37730861539137,-1.5122673448055917,5,D06_px-1055_py-0118,0.232529086054076,1.5122673448055917,1.9498420277662698,1.4249942513875453,2.134664518390717,1.7084932294419684
-158.7408934403565,-115.12402006810063,247.58988287473005,0.4754198063263929,37.17161207064533,-3.121111757642609,1,D06_px-1055_py-0118,0.3074101913269331,3.121111757642609,2.4291487181519633,2.480525054686626,2.1084535602097105,2.3514090242809136
160.5159478162129,-107.93956892142126,251.1425704045915,0.4641576453185937,34.78629955491675,-1.198977960571136,6,D06_px-1055_py-0118,0.30012798931495926,1.198977960571136,2.2437780483289176,1.9822284082609585,1.8918470112609023,1.9972502727981967
98.54214890876489,-97.7073687761946,249.87644185415843,0.3464246617162749,49.985388671914,-1.388124053705326,6,D06_px-1055_py-0118,0.22400091481560158,1.388124053705326,1.3699530260054118,2.434612583807647,2.531261076478012,2.2686149343497397
17.5060603739851,-95.71499931623144,247.0555737880497,0.2506198064185769,60.62112226526023,-1.9968775119009607,4,D06_px-1055_py-0118,0.16205274079086388,1.9968775119009607,2.236806901927559,2.1499122307164678,2.4771720748878567,2.5952829408781826
-161.86451299611798,-90.07134581937241,249.879516836566,0.4490224457514721,38.26868906275615,3.0424035255471003,19,D06_px-1055_py-0118,0.29034145006525475,3.0424035255471003,2.4013096924207074,2.897838090590671,2.0214231967037444,1.3135591005172635
-224.7754477261593,-74.3906271666555,250.86762430002312,0.550259010366303,21.3327343419881,2.8542219272170053,19,D06_px-1055_py-0118,0.3558018101163057,2.8542219272170053,1.5661151054700126,1.821288840210113,1.282379676254429,2.227081964750055
144.38328404724197,-69.77860558993703,248.07766859596344,0.3977715549290854,46.55772318610013,-1.057167800708216,7,D06_px-1055_py-0118,0.25720222039132473,1.057167800708216,2.199408776755746,1.6246849919695268,1.7624262817448575,1.8099964581277326
68.60193936740521,-64.52533783428171,252.6775449647377,0.2376916343503192,55.65656467701177,-1.3617654260569223,6,D06_px-1055_py-0118,0.15369328290516918,1.3617654260569223,1.545809979991687,1.9828812954207544,1.555769061187335,2.5201683721537966
132.91398994298166,-63.24197214760812,246.13202329321803,0.3707402769704523,51.57056474628888,-1.0510895700678886,7,D06_px-1055_py-0118,0.2397235831564048,1.0510895700678886,1.8160209164911247,3.047660730986121,1.9820992854797899,1.817866759721992
229.6525837511418,-57.72359362658807,247.9520561223869,0.5555405843162672,23.803559310106948,-0.8532300857033901,7,D06_px-1055_py-0118,0.35921691743169415,0.8532300857033901,2.082106286443669,1.741292363711784,2.1939283152195426,1.5521966108720522
-138.7789064666516,-67.58727450200318,239.6670720438672,0.3964751659257101,55.82187976407107,2.987818089166325,19,D06_px-1055_py-0118,0.2563639650509737,2.987818089166325,1.6345792364741685,1.915743265057639,2.307464448517404,2.089213638520938
153.4974200210469,-55.93700942430526,245.8295283156837,0.4077622398344636,47.85880051143698,-0.9564394852302202,7,D06_px-1055_py-0118,0.2636622759409265,0.9564394852302202,1.7908916270246324,1.7912800759242655,2.46550328576465,2.614965603748157
-154.91010124716735,-54.04613267251272,248.8371681606585,0.4048895234200304,44.91737886392161,2.870296130586077,19,D06_px-1055_py-0118,0.26180475488093374,2.870296130586077,2.940687366395139,2.2059951937814413,2.756806654430194,1.9409221945269184
-239.0088663859903,-50.3906881141537,249.99128617054407,0.5658336976894454,19.495485305783973,2.742401924034652,18,D06_px-1055_py-0118,0.36587252561059735,2.742401924034652,1.787861602263601,1.6118409483500225,0.999372248919608,1.360580763460694
98.81904189763138,-30.839818624114496,252.4628887987753,0.2604702616217899,54.36789396737919,-0.9094851516388396,7,D06_px-1055_py-0118,0.1684221227105523,0.9094851516388396,1.5722941780130086,1.9094702098343634,2.118888367479853,2.1870195273067043
-141.04556922746295,-30.59815237694614,251.3565770276536,0.3572121267942006,47.351426298910326,2.7482409750111176,18,D06_px-1055_py-0118,0.23097617470046444,2.7482409750111176,1.2777441473937556,2.594058132885683,2.537646522695712,2.2761630156478754
191.0887190513912,-26.158614640391463,246.10535255312297,0.4711392915476421,39.44741137489797,-0.7430264290746392,8,D06_px-1055_py-0118,0.30464237675630884,0.7430264290746392,1.9574320604845936,3.018592616604847,2.2536764318539153,2.3020271270516517
126.97863216877144,14.883472332171724,248.7375882398389,0.3224328734051536,53.39174250676126,-0.4902995174125032,9,D06_px-1055_py-0118,0.20848763552674154,0.4902995174125032,1.3116345459696375,1.3341209858900243,2.8752614237447505,2.1139696780171615
-261.37328474470434,14.766632105812416,247.6189046138605,0.6020831720604704,15.192966905367824,2.4781767830068167,17,D06_px-1055_py-0118,0.3893117212511912,2.4781767830068167,0.92451446581805,2.081562661495299,2.0664317877005103,1.6576449717240902
102.25452387850176,32.84918470858551,249.62228031320373,0.2726990801847551,56.44349562531096,-0.2961438281713422,9,D06_px-1055_py-0118,0.17632937311139615,0.2961438281713422,2.7011863919927013,1.7474463476888138,2.165546818084352,2.2811663432486027
161.76692088839636,63.08059895526403,250.69199284915464,0.4230154812512762,40.71866711128212,-0.2351690676126494,9,D06_px-1055_py-0118,0.27352514198037603,0.2351690676126494,1.600898770320312,2.0138418209244096,1.7997281912335685,1.615723461388906
211.041298588629,77.40496543914568,248.20223794719385,0.5320572602694009,27.62781654486224,-0.2554380222054654,9,D06_px-1055_py-0118,0.3440324151409263,0.2554380222054654,1.8864241743133034,2.369992051426391,1.512451126240594,2.6845789153182755
-131.99502587703722,89.56502398848643,247.06697078029976,0.3973379009047597,47.70280790645416,1.9384296948585928,16,D06_px-1055_py-0118,0.2569218162835999,1.9384296948585928,1.6694052072588625,1.8942887484992488,2.610004865723467,1.361938316678422
207.9976447424752,95.47980518273552,249.68743025488607,0.5373219915333743,24.99957949878961,-0.1766311716224335,9,D06_px-1055_py-0118,0.3474366318428948,0.1766311716224335,1.632554529456835,1.9464703009516797,2.267415140018796,1.3542835229819976
-252.18538063580337,111.0313229336204,251.7056320601133,0.618445013580297,6.719601900588657,2.1198745316296157,16,D06_px-1055_py-0118,0.39989141684893353,2.1198745316296157,2.710742439747392,0.9507835293065339,1.7371349686688327,2.527178834252661
-211.7915912807497,118.75099757096352,248.45861669881413,0.5659195661608745,21.295085491457257,2.023594039485653,16,D06_px-1055_py-0118,0.3659280488405506,2.023594039485653,1.6146683571320632,1.7513932136673178,2.2721660676889073,1.929915016834755
209.0193791897219,124.67081243368126,246.1614660892704,0.5711873896141109,23.03331160670996,-0.0691701665981401,10,D06_px-1055_py-0118,0.3693342649764516,0.0691701665981401,1.5604669472339388,2.553094785607841,0.4063452222559305,1.4729131761701568
-5.996811711937041,143.16065536579816,248.37304297788825,0.3587570402304513,50.382719218048976,1.005681006363532,13,D06_px-1055_py-0118,0.23197512789656943,1.005681006363532,1.8027545227515942,1.8110973017812397,1.3852853442617266,1.7053643786220125
-83.40466807803767,146.1158154391458,247.01233794719383,0.4167886292296145,45.50605071526394,1.4824980231073406,14,D06_px-1055_py-0118,0.26949881041851986,1.4824980231073406,0.8040446792481584,1.9012443049358891,1.9344010813762518,1.1957229369434539
-216.72963346712007,155.70328860987755,244.09109102501031,0.6178293911255149,16.196226324053953,1.9116302449210092,16,D06_px-1055_py-0118,0.3994933505208349,1.9116302449210092,1.7961100098029827,2.123506521134714,1.2019313711209594,2.298216993439386
-17.142783332274995,170.4506222188069,251.4225345573633,0.4169232218047086,40.6665800765158,1.0640530492083609,13,D06_px-1055_py-0118,0.2695858390376692,1.0640530492083609,1.7101537307113661,2.4497620476239463,1.5681490728580665,2.0492564440952803
-165.67759904018993,178.362868425922,248.41483826639129,0.5671673521597331,21.11326763598084,1.712360208079768,15,D06_px-1055_py-0118,0.3667348770953685,1.712360208079768,0.6982051135606335,2.006424615080732,1.9102907892850112,2.4702796447107978
-149.989526024788,217.68950575422545,245.82168365118173,0.6100650774391807,15.718970314436149,1.5671265327294708,15,D06_px-1055_py-0118,0.39447288413706866,1.5671265327294708,1.7837759478597683,1.0599007265594709,1.763597792420244,2.438475497650172
-120.4154871256567,226.3914535343838,248.10378556624147,0.5915455682548599,16.752400318355285,1.4526502167919269,14,D06_px-1055_py-0118,0.38249802363299357,1.4526502167919269,2.2833002811613365,1.6211116764312938,1.6590179349628482,2.736613731238333
-52.27560565642648,236.45968384242607,247.01807610445383,0.5673532547587836,22.73463478557801,1.1813933735148725,14,D06_px-1055_py-0118,0.36685508318014204,1.1813933735148725,3.030135949366355,2.1151692565243114,0.7890002268305376,1.612049532663006
24.334620977622134,241.60522732157224,248.7290969215528,0.5654570902797059,21.06115783361713,0.8634347383111339,13,D06_px-1055_py-0118,0.3656290082931811,0.8634347383111339,1.6282215660287742,2.1499965168505506,1.7220256869925457,2.064913285964414
-74.82570448964714,245.4422400653552,247.0494609023389,0.5938277799015248,17.56476358086627,1.2597270024043865,14,D06_px-1055_py-0118,0.38397371965914556,1.2597270024043865,2.6728566964225235,1.4267310476743442,2.0724248691358715,2.426062345139428
-91.72703474470434,244.9307141370624,250.3634944576105,0.5965098634730791,13.017137412498473,1.3221507639515957,14,D06_px-1055_py-0118,0.3857079760214484,1.3221507639515957,1.1739668640114347,1.7346555914553097,2.0212896268526777,2.168340632903571
-7.533071598389736,249.65865768337025,248.3693694103401,0.5789519244039827,18.919252939621003,0.99398112726115,13,D06_px-1055_py-0118,0.37435487432750675,0.99398112726115,1.8601416989305344,2.9591760567012555,2.367186214862041,2.396152835288584
-88.53637717122322,264.39248206825016,251.1639344288666,0.6250624654327442,5.919256258063911,1.2869472173386465,14,D06_px-1055_py-0118,0.40417031333786313,1.2869472173386465,2.4012155954564802,1.860813056402543,2.7620673771682287,2.540373736339504
-29.757285674072328,-222.02406956705,249.9957540562397,0.527403308111423,26.336087110985773,-2.3110091698109776,3,D06_px-1055_py-0118,0.34102313301958326,2.3110091698109776,1.8867426494604351,1.9181735714428148,2.373234185403497,2.8260442052136594
-137.05577211221723,-222.9145322397632,243.8090309387311,0.6091389807743265,18.366907128318644,-2.729032471882588,2,D06_px-1055_py-0118,0.39387406273934455,2.729032471882588,1.7356630048871144,2.018917361589601,1.5520456299941463,2.0667143663769494
34.33386011885904,-220.36557696320844,249.66482355447044,0.5260636315515491,26.944062380864523,-2.023214420695532,4,D06_px-1055_py-0118,0.34015688760425383,2.023214420695532,1.1976658528020345,1.373369239928776,2.05066945253033,1.786844387096104
-115.68101038940338,-212.0283499858781,246.78014386887483,0.5665978090637561,23.15748992958089,-2.677228651743057,2,D06_px-1055_py-0118,0.36636660604360877,2.677228651743057,2.1492703437630682,2.2225999468242454,3.203153744188125,1.761389062733623
24.80421525529568,-203.0861803941876,249.7620296138605,0.4892729968843304,32.683463445183065,-2.0562413938795485,4,D06_px-1055_py-0118,0.316367773453792,2.0562413938795485,2.5671109488506616,1.324699941514255,2.6791918338082454,1.6535425586158135
187.92235461054807,-196.5517348931382,250.85181151604075,0.613822719565272,8.773548760722065,-1.414818561614275,6,D06_px-1055_py-0118,0.3969026051321734,1.414818561614275,2.459201093034747,1.5967166226906593,1.7678417833278754,2.6339863864906796
74.54544136043305,-195.69000917256272,249.9018108265248,0.4987449992575422,31.07717138320055,-1.813810885726592,5,D06_px-1055_py-0118,0.3224924447927878,1.813810885726592,2.5117102165803087,3.2355184956188303,1.9359213027852826,1.7922155880335253
127.91470547018444,-192.01250546134025,251.0617729945205,0.538454606054197,23.202270764256923,-1.5901109226722558,5,D06_px-1055_py-0118,0.34816898931288787,1.5901109226722558,2.1237756270426864,2.7460380703888516,1.4824078420781883,2.243698319792163
61.59920896416128,-188.4466146034404,249.50208599210285,0.4767617443154391,34.82664510098556,-1.861845561386416,4,D06_px-1055_py-0118,0.30827789900017705,1.861845561386416,2.0515028331340304,1.7619736202299845,1.914593187467234,2.1523971308444945
-180.30151699322505,-188.3452582154048,241.7314637854581,0.6114627637847313,20.420689612091905,-2.9413578402655114,1,D06_px-1055_py-0118,0.39537663913672,2.9413578402655114,1.1601467658718143,1.3093542664049846,1.46145858359945,2.1247808763041247
0.2756716494680998,-189.1520551665469,249.68154220997545,0.4575677609235909,37.332336002712736,-2.1763184520251126,3,D06_px-1055_py-0118,0.29586691816114324,2.1763184520251126,2.0349307671432006,1.9427185859316247,1.6995903704547275,2.716872009502618
27.58380852898671,-186.1960244548237,250.7979453693277,0.4538691829281668,36.59423292258873,-2.030701642803788,4,D06_px-1055_py-0118,0.29347538849813565,2.030701642803788,3.180835822242648,1.7118251434305929,2.0257009025920354,1.1026974093026234
-46.37318136124568,-180.9996187114481,249.8153895762665,0.4525127724380418,37.87101934378745,-2.4285868440527745,3,D06_px-1055_py-0118,0.2925983227917041,2.4285868440527745,2.504742685703666,1.4611378940476085,2.7696727984042306,1.3807956792783056
121.46085305260708,-176.42605619132644,251.91840564798667,0.5048849817295893,27.81283667711073,-1.5748424187608334,5,D06_px-1055_py-0118,0.3264626058196513,1.5748424187608334,1.7094163013470274,2.2093853457100128,2.352997037070187,2.028574056852189
225.8709334670089,-165.08701767495796,248.0162683783453,0.632675616430892,8.102450571632914,-1.238138251091678,6,D06_px-1055_py-0118,0.409093036736843,1.238138251091678,1.6283379366255724,2.1749870868484256,2.211905284157523,1.135384630736461
45.1159098885441,-159.80846029010942,242.8451655880888,0.4182395316416475,49.89237139221928,-1.9026241580898933,4,D06_px-1055_py-0118,0.2704369753459052,1.9026241580898933,1.7618940890419643,2.3853462425665386,2.3597724438404355,2.3465623628401433
-144.3570049505548,-160.76055234705856,241.3828347330371,0.5269418244455317,36.37842775114177,-2.90946432655224,1,D06_px-1055_py-0118,0.3407247340464271,2.90946432655224,2.4023502243460255,2.3246846313353293,2.5198699572851853,1.5577202883013475
151.41926807219707,-161.4837376124974,251.4284468673816,0.5197973056742611,25.95303951796501,-1.4245314319854627,6,D06_px-1055_py-0118,0.3361050319364411,1.4245314319854627,1.6301488665372519,1.7490306030293055,1.8582573074587725,2.4950837963894417
211.82992508909075,-156.03202094127903,246.9994517052733,0.6055742413318682,15.222026919512302,-1.2418435166913242,6,D06_px-1055_py-0118,0.3915690741388393,1.2418435166913242,2.345190668432936,2.3475254803217838,2.1224030191412853,2.1364480445961544
-187.85669952661067,-150.66925036591613,249.1784320775116,0.5608832656227333,21.37999155269665,-3.072586430033452,1,D06_px-1055_py-0118,0.36267153724509754,3.072586430033452,1.7791198964428854,1.5742997370318972,1.6186001070776759,1.0620248068235716
135.82441262371668,-150.4460652626086,248.95102867401087,0.4867403954879276,33.98117989224494,-1.4434097040222071,6,D06_px-1055_py-0118,0.3147301734433109,1.4434097040222071,2.9107158817818126,2.27150498483027,1.8545947484239291,2.3432278486398674
189.1423794393777,-148.55120860116844,246.62024854449635,0.5649598364262127,23.65087721749217,-1.2727504408199284,6,D06_px-1055_py-0118,0.3653074800349843,1.2727504408199284,2.348148669966969,2.287163950696786,1.6451921396558138,2.5888306934196557
-36.16973828530289,-134.12372715758525,237.6996921560365,0.3630329588927025,61.371780718538815,-2.4411842100101744,3,D06_px-1055_py-0118,0.23473997058206458,2.4411842100101744,1.7130799263404657,2.8372414008248126,2.8648718852430695,1.883972193633266
148.58807243953677,-138.40157907611106,246.31424934155456,0.4919196283273054,36.19474189989768,-1.3568983016671057,6,D06_px-1055_py-0118,0.3180791061905234,1.3568983016671057,2.4349596493341785,2.34225984109474,1.7985930220502526,1.3035558314245013
55.7401682255928,-127.23396372162745,243.8902518557276,0.3545632704028117,55.57701036024383,-1.7648687216845844,5,D06_px-1055_py-0118,0.2292634032945643,1.7648687216845844,2.868461803851485,1.881839031818359,1.863833930725951,2.391545482101825
130.6305519604979,-120.54653985950549,249.8549306254212,0.4331373911578976,40.36818086684224,-1.3522522223478646,6,D06_px-1055_py-0118,0.28007004864935114,1.3522522223478646,2.0128323350731105,1.824247406922288,2.957351500685078,2.6034054661275206
149.93918865955106,-117.81420566014503,248.34175035854136,0.4629269963753714,38.08930447179085,-1.272968740315139,6,D06_px-1055_py-0118,0.2993322420152926,1.272968740315139,2.170017025702898,3.023380616229325,2.293746944925891,1.454703432665314
39.78114853695554,-114.73896144295928,246.78639388168784,0.3095708865113542,56.540875089716735,-1.8440349732603123,4,D06_px-1055_py-0118,0.20017097349614693,1.8440349732603123,1.627101174701832,1.7955533942606516,1.8878465920565977,2.0881368356709786
172.95652752635775,-114.1053596524293,250.8763496688056,0.4926924837419729,30.900926417377377,-1.1901674611189867,6,D06_px-1055_py-0118,0.31857884058890024,1.1901674611189867,2.2296548313490945,2.7450451661846547,1.3265842543726167,1.8523047224036553
79.32986444063177,-101.02165964571502,249.8560278317831,0.3224892830265621,52.20757005299566,-1.5120777941521346,5,D06_px-1055_py-0118,0.20852411043224425,1.5120777941521346,1.8472659855519353,3.0684983045386134,2.5037116690268,1.9091336943935735
257.0434536024284,-97.22537609719272,249.7269243930693,0.620923589409173,8.605661398501127,-0.9685920089590392,7,D06_px-1055_py-0118,0.4014940835019295,0.9685920089590392,2.8371149359287204,1.172360896538998,1.9628127417512837,1.0630186586774069
228.8041247505377,-94.7476143774312,248.42703142395567,0.5749369111772362,19.624878441234387,-0.9995810301205512,7,D06_px-1055_py-0118,0.3717587351515825,0.9995810301205512,1.5272125092868363,1.9548394854911373,1.8498057924960478,1.0559178272665397
-263.81621405131324,-83.12122406970222,248.292188290278,0.6267240930244236,9.092594014999293,2.8398398659686603,19,D06_px-1055_py-0118,0.40524473482614576,2.8398398659686603,2.598755870657575,2.273716545441733,1.8809635275908931,1.5026423481566746
-237.4747461452328,-77.40185553103166,250.0771992533471,0.5758146130395219,17.488903384469722,2.8496924590028496,19,D06_px-1055_py-0118,0.37232626408879294,2.8496924590028496,3.1530734389865893,2.5946911368577004,1.679472152207611,1.5922997952416755
-80.81845383446412,-79.08542383603329,250.91925543560512,0.2849486945118901,54.18144239919752,-2.9740115462557783,1,D06_px-1055_py-0118,0.1842500702171462,2.9740115462557783,2.6502663658212686,1.2871316247385125,1.7882213749994196,1.8234475854274377
216.2291325520821,-76.91233528549192,244.81970329060908,0.5472498620447273,28.95591912406752,-0.948721742545777,7,D06_px-1055_py-0118,0.3538560711105739,0.948721742545777,3.245357493102688,2.8923011452649154,0.7937804514371409,2.3368481404721466
-174.56004225773714,-68.30510624132033,242.7887152547682,0.4651191373729905,43.99769228081067,2.907595889210958,19,D06_px-1055_py-0118,0.30074969765034676,2.907595889210958,2.7881053507805005,2.018062922184849,2.0434050274509845,2.8599281207918543
-191.6577282693548,-54.67861163958857,247.82405362048303,0.4816756589406495,36.00217150703844,2.81252326311868,19,D06_px-1055_py-0118,0.311455274900379,2.81252326311868,2.1047880472848846,2.540988680377721,0.8940693456914677,1.4633674262020018
-170.9203150915251,-43.75993099630705,250.53787860229983,0.4292731352755186,40.10605497553229,2.7852545998423053,18,D06_px-1055_py-0118,0.2775713903597072,2.7852545998423053,3.0455461366668555,2.3666727752911676,1.3635538319068223,2.5946473635058647
-167.71140974470435,-26.366439130746706,242.92536966762395,0.426391196390876,48.829048292667096,2.690549921961792,18,D06_px-1055_py-0118,0.27570790597783806,2.690549921961792,1.8407017732231372,1.6632816301849418,2.3566470018133456,1.4468696848074947
124.83692213175256,-24.002129549199235,247.16575193320784,0.3226301293622386,55.03180094538686,-0.7969294207069942,8,D06_px-1055_py-0118,0.20861518278224284,0.7969294207069942,2.05247024107319,2.1469363098219354,2.0032088542647504,2.2907984755164676
86.25448706898754,-6.547694104916061,248.64725178082443,0.2223901945010341,60.71860583861522,-0.6827455648235503,8,D06_px-1055_py-0118,0.14379925137965688,0.6827455648235503,1.5636405226093804,3.0388185390641054,2.258059166041418,2.0853846314033366
-181.433461103961,-15.475817137133232,248.0637996585956,0.4451890822846229,40.78986392779444,2.6197046356222886,18,D06_px-1055_py-0118,0.28786276705481073,2.6197046356222886,1.960312046066557,1.6516743105790406,0.6222451206807396,1.2087375912611125
-239.4135006185409,13.144092033423668,250.336192617997,0.5568538028909147,20.75678117741319,2.4797669674171314,17,D06_px-1055_py-0118,0.36006605490538474,2.4797669674171314,2.0319138242671544,2.2015674923578046,1.5789724580064453,0.6519286562541429
268.29405757705075,23.50498448241209,241.27643203616395,0.6276713181180801,17.549927765928487,-0.5195936096599364,8,D06_px-1055_py-0118,0.40585721803234753,0.5195936096599364,2.315480258676515,1.4769455417581079,1.4046549693023982,0.9267492307895487
243.51125073741915,32.74822338425233,245.75408789302264,0.5762810237062019,22.554362648312576,-0.473298182203433,9,D06_px-1055_py-0118,0.37262784889946576,0.473298182203433,1.820473780333086,2.258155241884438,2.2790173198004835,2.4202841622335387
86.6710652552957,41.59586392399424,247.4107864320423,0.2473949521301994,60.46379626688071,-0.1595181422882089,10,D06_px-1055_py-0118,0.15996752460802988,0.1595181422882089,1.8527790904188364,1.5728433104681787,1.7764225595339984,0.7566325677122312
99.22737757577936,61.86697885562353,248.31607581567457,0.2970350225065222,55.955677275958976,-0.0494689644366346,10,D06_px-1055_py-0118,0.19206518509420525,0.0494689644366346,2.33569808139136,2.0012442225005875,1.8922274535423322,1.9388217490297583
-158.3674525165876,60.50036221191319,249.9501844547093,0.4152328412565251,42.48098127994842,2.169697617196656,17,D06_px-1055_py-0118,0.2684928256612436,2.169697617196656,1.1936469165531212,1.9356097211650272,2.1961171427694266,1.1698127525252353
-250.2750497661636,65.84172330752922,248.2164996475821,0.5955960539809093,15.798245284120869,2.277364637566646,17,D06_px-1055_py-0118,0.3851170996063597,2.277364637566646,1.8775371721173904,2.737198268964537,1.3248053949276257,2.8053309865204907
-232.7457105807345,65.17391770451792,247.60328163651425,0.5654010430570482,22.40494806419389,2.2615840248207792,17,D06_px-1055_py-0118,0.36559276771756505,2.2615840248207792,1.5399354251185364,3.030635223166513,2.9066465289390395,2.5945705648839743
-166.0713144057213,86.52646967643398,248.1377181731825,0.456044114275639,39.26022826104992,2.054291299329671,16,D06_px-1055_py-0118,0.2948817162378562,2.054291299329671,2.317299642059253,1.8032128086418138,1.6779732204617446,1.9197392189685152
92.39171800738735,117.77221279713794,252.0129061550318,0.3684494784602058,45.50085134947375,0.2986018532145721,11,D06_px-1055_py-0118,0.2382423347966281,0.2986018532145721,2.705436540166544,2.7531696915530106,1.1811014293743816,1.4862188846134006
-184.18625670363005,116.37484103156288,248.04762894245448,0.5187646543413259,30.01699773988031,1.9711157139303417,16,D06_px-1055_py-0118,0.33543731145107775,1.9711157139303417,3.07550354052524,2.81325049771525,1.3005960247375212,1.9881226185147862
108.5697443963999,125.51228905877774,243.3273606465804,0.4172787956364132,49.47822620313292,0.2506713012259163,11,D06_px-1055_py-0118,0.269815755877861,0.2506713012259163,1.5581898744944027,2.362064648249482,1.8519908389458417,1.2565127047113207
-197.05981907202727,133.30822191163782,248.69539906601028,0.5563125620063645,22.788216159636704,1.939843245284944,16,D06_px-1055_py-0118,0.35971608428645074,1.939843245284944,1.8692884126384754,0.8870791873442121,2.583004985880563,1.8372653270613606
-34.48015217811837,133.9192259314783,252.7797581247564,0.3416477124471145,47.3582675422258,1.2158133789368484,14,D06_px-1055_py-0118,0.22091210179340393,1.2158133789368484,2.6550467997738325,1.4656619296085713,1.7856377130924352,1.8200185602995949
-131.6925459491861,141.89167762401982,248.993813577446,0.4679278588410077,36.66073048936085,1.7119525363991652,15,D06_px-1055_py-0118,0.3025658390739425,1.7119525363991652,2.232670395794013,1.3216173156653426,2.468905408595032,2.5275918418571575
123.74050401498556,153.45520768720786,250.6632650789768,0.4725528602283016,34.129214150332984,0.2852083849728354,11,D06_px-1055_py-0118,0.3055564013989359,0.2852083849728354,1.7589848291789143,1.5530122929746244,2.5763804625713784,1.420674170047504
-14.056890985938514,157.27910931478863,247.3409698312518,0.3933440082556868,47.85236024472505,1.0529554017272558,13,D06_px-1055_py-0118,0.25433933383955165,1.0529554017272558,2.87097333426762,1.4865035843558163,2.346446173762682,1.80100278391611
3.422655337940254,156.5907333454818,247.6580988287365,0.3900248983894825,47.876338863359535,0.9419629446643168,13,D06_px-1055_py-0118,0.2521931712577082,0.9419629446643168,2.1620098674250583,2.2087302727518217,3.084556159293341,2.341504715471293
-56.21355580670367,165.29809124256712,247.9333595233829,0.4292643372582519,42.97156444260219,1.2916214843665794,14,D06_px-1055_py-0118,0.27756570149244664,1.2916214843665794,2.1340805488059593,2.2181810535561586,2.516939816890602,2.5165848550123626
54.53453494939839,184.86764085699505,248.13625797242247,0.4675576214881658,37.67356217709943,0.67696050722382,12,D06_px-1055_py-0118,0.30232644068548886,0.67696050722382,1.8735246995924713,1.8888607309237015,2.3876882613853962,0.9096716025543641
-62.32688042371662,189.22263519223213,249.65103424349013,0.4784986893679948,34.4062699568517,1.282008614418538,14,D06_px-1055_py-0118,0.3094010213518864,1.282008614418538,1.2502756409028906,1.5495574080924597,2.3983734953069824,2.140189829924102
45.4694625770232,199.2431064111356,246.73496336846367,0.4938795790144584,35.42259114620384,0.7394482148530778,12,D06_px-1055_py-0118,0.31934642574202604,0.7394482148530778,2.2037896569682154,2.09694070611178,1.0939521854054073,1.8815581036282196
-14.81037700788481,202.19681695364784,248.15968151056003,0.4881617000533047,34.664881845708635,1.036933550367166,13,D06_px-1055_py-0118,0.3156492001699266,1.036933550367166,2.4748747555221753,2.2158691008862013,1.6068130450741975,1.529992919954383
33.73093109380508,211.0287827269306,244.37544188094125,0.5168814466411863,34.5472487485369,0.8053171249122745,12,D06_px-1055_py-0118,0.3342196145194299,0.8053171249122745,2.088805452913852,2.1493680906279033,1.843990704545544,1.2922854956311571
-2.892380428432331,217.8190394778522,248.0418782578636,0.5187103117996744,30.03248043751693,0.9770948373747492,13,D06_px-1055_py-0118,0.33540217313562687,0.9770948373747492,1.9602168538982636,1.6941954026452248,1.2383345807374997,1.23555889994964
111.09168609510913,239.82060551770385,236.61786352042827,0.6279949248416129,23.236859108981434,0.5300168472844374,12,D06_px-1055_py-0118,0.40606646468861246,0.5300168472844374,0.9775390358351315,1.5385091992321902,0.9911745271070747,2.409642185738754
-62.000363088017664,269.2756365968304,246.22362240050944,0.6302214320641193,10.872845330536393,1.1901213671982354,14,D06_px-1055_py-0118,0.40750614179535793,1.1901213671982354,2.21581927208961,2.677282329596321,1.8054648395842736,2.803316440491203
5.59484528030916,-260.1445093538981,240.6798645030869,0.6125560291062241,21.47934394060934,-2.156272491422715,3,D06_px-1055_py-0118,0.39608355310449955,2.156272491422715,2.3252277050459815,1.694388410473308,1.9065790309835713,1.6239646265612844
-8.158600026603416,-260.60861641050803,245.94914942098217,0.6033593071972516,16.956801850177783,-2.2090715862707264,3,D06_px-1055_py-0118,0.39013688028187665,2.2090715862707264,1.2568433895283633,1.9925323663732404,2.331496074068535,1.9059534425207985
-7.26578152028476,-230.2843491925537,247.95743212890773,0.5433348735852098,25.97038370731116,-2.2093167426988307,3,D06_px-1055_py-0118,0.35132460873696647,2.2093167426988307,1.7951936323621627,2.2722315664467003,2.501083649765882,2.2193269584996465
17.35260473520104,-226.3092928350859,250.0275511859645,0.5330832864713287,25.334205612241647,-2.1012490973787497,4,D06_px-1055_py-0118,0.34469585176439865,2.1012490973787497,2.8230170661792533,2.552211675600859,1.492859964179182,2.733703574442175
-152.8149710794921,-215.89914751206405,235.03655733103625,0.6315595296449518,24.435484016542546,-2.7937223590047613,2,D06_px-1055_py-0118,0.40837136623040265,2.7937223590047613,2.0239869716760897,2.565343923654916,1.7544869284981446,1.9857628171665813
164.90123957884197,-197.5791271054713,248.7591133070096,0.5919973771359499,15.87190625906885,-1.482285435177761,6,D06_px-1055_py-0118,0.38279016681409556,1.482285435177761,2.2150757206660874,2.5467284658133944,1.690630559840384,1.304883423609033
-51.68376551393512,-195.6397861634184,248.7352267292451,0.4864127900366307,34.274104213185524,-2.436053552086375,3,D06_px-1055_py-0118,0.31451834117817845,2.436053552086375,1.771700960678018,1.47673524326306,1.9199163801758585,2.2972230254135226
155.4954169819946,-185.40875918642664,248.4805951077335,0.5643314760208276,21.56534234896713,-1.4799005944792971,6,D06_px-1055_py-0118,0.3649011772476976,1.4799005944792971,1.6302523086685914,1.5695348789468044,1.615047889099041,1.8594042708148442
-82.80987372775519,-184.7183043348656,247.9175910545385,0.4879373664846468,34.972417642280504,-2.599218129944844,2,D06_px-1055_py-0118,0.3155041443175105,2.599218129944844,1.7893174699320218,2.4689511842374596,2.501744718111159,2.317599540679355
206.7597800393489,-180.8929027779085,245.8148431520665,0.6282492301267419,11.815330573724282,-1.3257495251759082,6,D06_px-1055_py-0118,0.4062309004889655,1.3257495251759082,1.9529229182274528,1.9101322735612039,1.753810460135646,2.1487293544317296
-18.13984564448481,-170.17667166156133,249.5001171230046,0.4194036307380104,42.468166246515125,-2.2839690664606453,3,D06_px-1055_py-0118,0.27118969099042495,2.2839690664606453,1.720076383480933,1.3160022050144011,2.3363326064802754,1.6160909921154056
78.6596428868746,-167.7699797362928,242.1097269822816,0.4616188909858362,45.23072520106126,-1.7393539550381734,5,D06_px-1055_py-0118,0.2984864107673687,1.7393539550381734,2.6748844593691015,1.640488248710761,1.6690973146869978,1.8536085922031345
195.14426509420016,-168.42283275524275,246.09132003874976,0.5977630801393556,17.927545999603524,-1.319011673034299,6,D06_px-1055_py-0118,0.38651831578859236,1.319011673034299,1.5769801273740305,1.6264012370317207,2.461625022667703,2.99920779961432
-48.44684243701207,-166.12481020187985,249.1521738446297,0.4240572859734511,42.27897281699944,-2.4615354212203866,3,D06_px-1055_py-0118,0.2741987811193168,2.4615354212203866,2.0585688770930863,1.5707874466409804,1.5601002388716052,2.2448263990381494
-175.04382916657354,-162.43873222739776,247.232117580244,0.5606374480935177,23.72353420942534,-3.0005070332766284,1,D06_px-1055_py-0118,0.3625125896945704,3.0005070332766284,2.0228666441820238,1.7641059305861768,1.444660066889674,2.737145295476793
94.22516339499384,-162.90801645508608,247.58855098100688,0.4588948089530001,39.4846177199002,-1.6533939757786706,5,D06_px-1055_py-0118,0.2967249978692079,1.6533939757786706,2.2401336952113207,1.5287108574873183,2.5084474438918978,2.5994983060090213
-58.23181783379482,-159.68277734987495,243.9357567887849,0.4252680023412861,47.85576150286562,-2.527461133694351,2,D06_px-1055_py-0118,0.27498163985874274,2.527461133694351,1.580621900605984,1.635007546154145,2.452530474745247,1.6828497359254466
168.2075689698966,-159.50048310198449,246.18462638657104,0.5492233626107479,27.009924692185848,-1.3658143020838782,6,D06_px-1055_py-0118,0.3551321521204755,1.3658143020838782,2.5002753371716553,1.8329047910927616,2.0611506443047185,2.2307895741190795
60.55239387350132,-153.96990767807753,247.53902085485592,0.409842243430688,45.75354778719981,-1.8030809889585495,5,D06_px-1055_py-0118,0.2650072226490093,1.8030809889585495,2.1950322156901665,2.418663014620466,1.7055949622732538,2.0995382908122093
5.202878550093321,-153.51980575545926,249.20045085663503,0.3810769816749447,47.18547288809424,-2.1438982235287374,4,D06_px-1055_py-0118,0.24640737783347483,2.1438982235287374,1.5985891633416853,2.0460085904017435,2.0970849367074686,2.495473857210622
-203.6694093965149,-133.0894577270567,247.21652996204992,0.5690987276902901,22.172440835885936,3.1134156156468107,19,D06_px-1055_py-0118,0.3679837197255493,3.1134156156468107,2.7582555693209017,1.2980886102515363,2.348942201735068,2.027833889250574
-15.012843412780423,-132.67516581525877,247.0487478132968,0.3378360062751676,53.79383757405873,-2.290451476221801,3,D06_px-1055_py-0118,0.21844742256042346,2.290451476221801,2.975122914901749,1.473452507912048,2.5956372425512164,1.43698041139434
163.65741796626182,-128.6561272704615,248.97395251439048,0.4978246766437652,32.275662358910495,-1.2732062100357182,6,D06_px-1055_py-0118,0.3218973569419685,1.2732062100357182,1.7860750335224351,1.7889061949484222,1.0779688198591182,2.11026396911135
-99.07183458771844,-118.630634377704,244.20507808324825,0.3902857856202743,51.581410733869575,-2.8735726963898225,1,D06_px-1055_py-0118,0.2523618629959682,2.8735726963898225,2.1728910099006766,2.1177318412296025,1.2945435230045685,1.990198914785574
139.03183117008265,-99.58771939794693,248.9948381978204,0.4198935687834654,42.961794093713536,-1.228557817474174,6,D06_px-1055_py-0118,0.27150648878952266,1.228557817474174,0.870081600165227,2.596545256968553,1.9821765997739658,2.083058657663271
246.7571547530126,-92.26355625035195,245.2501717371481,0.6095267376498834,16.52878313273783,-0.9647892248727334,7,D06_px-1055_py-0118,0.3941247893891751,0.9647892248727334,2.615735655292088,2.0689416452720666,2.133240503010599,1.7592291057712353
-85.32612610030355,-96.0514400945805,245.6978289753536,0.327640033268426,56.14169588306925,-2.9041102719171707,1,D06_px-1055_py-0118,0.21185462610756634,2.9041102719171707,2.415979848256969,1.6966636360732046,1.516213165098425,2.2308170989886937
-243.9633991631489,-91.68572766707123,248.6116317301716,0.5981362902540974,14.802057679185964,2.8941003579959617,19,D06_px-1055_py-0118,0.38675963638830496,2.8941003579959617,2.3363779348308293,1.4950539602423216,1.5269675079588465,2.4480570860724686
-227.7683335126715,-89.41200495784257,248.3076469136552,0.5696880563867901,20.765954895401308,2.908686512527264,19,D06_px-1055_py-0118,0.3683647843024448,2.908686512527264,1.994530812277575,2.1912433269331504,1.940057382270476,1.1941697182377364
-204.8832422276975,-89.90221993500391,247.5469148179421,0.5311690182165226,28.53827176115988,2.948111952072366,19,D06_px-1055_py-0118,0.34345807083346075,2.948111952072366,1.183830634209595,1.080743107272299,2.3091877847849704,2.5915279939473854
-187.390109457348,-89.34184969495382,246.6644122766957,0.5005788646113363,34.48232944845387,2.9795040509461037,19,D06_px-1055_py-0118,0.32367823657465283,2.9795040509461037,2.137421732060282,1.7305006681204809,1.9668297340860672,1.2779436521769632
-139.41755817629917,-83.54099544520784,245.5309284233843,0.4063280078485178,48.34939631055448,3.074454706005053,19,D06_px-1055_py-0118,0.26273489024235064,3.074454706005053,2.042760677752706,1.6958716915173275,2.3018867296383467,1.247549437790099
-182.1847940639912,-45.22779050358788,241.0889086657244,0.4685141530889485,45.43761294434984,2.77794619669276,18,D06_px-1055_py-0118,0.3029449415524994,2.77794619669276,2.477244919889345,1.5464181225023657,1.952317914301447,2.1546108831413324
150.02795066385593,-32.64320252453768,245.877897804522,0.3855750946035877,50.28386869871758,-0.8212211590260816,8,D06_px-1055_py-0118,0.249315893081691,0.8212211590260816,2.1908075133418183,1.5508188375282534,2.3173221051194774,1.2096858402145005
-256.9427716593048,-32.90669089694234,244.6721621896181,0.6027445416578103,18.63337279222941,2.661989850000344,18,D06_px-1055_py-0118,0.38973936804198667,2.661989850000344,2.4013852378401546,2.7078792858798235,1.7815905543575894,1.6389326514299125
-238.88906205562867,-28.351056969817748,243.29861049621343,0.5712250209811522,26.42937548899204,2.652739357817796,18,D06_px-1055_py-0118,0.3693585977147771,2.652739357817796,2.042124164199052,1.664059670426156,2.0047867099188434,2.130487806748345
247.8005915965903,-20.70848861069845,243.236288656782,0.5865049083614462,23.6015186548878,-0.6903549647269589,8,D06_px-1055_py-0118,0.37923869324408566,0.6903549647269589,2.026072983640563,1.864579068255802,1.63573690553216,1.694102443062555
191.96546525529567,-6.561784560854169,248.7254046138605,0.4652150958792942,37.34197427166242,-0.641148337715501,8,D06_px-1055_py-0118,0.3008117451763222,0.641148337715501,1.805106327934221,2.1083081318470853,1.866628697940859,2.1034765210567974
181.30481054843423,5.964885064939573,241.8413417324105,0.4536452519786024,46.58915899401086,-0.5740916325869987,8,D06_px-1055_py-0118,0.2933305929823965,0.5740916325869987,2.0625585368308936,2.2443256987039524,3.3061641282074152,1.9831738681525521
196.9696529417616,8.825380071638339,246.598133661867,0.4792884618226548,37.731496769834166,-0.5622036934169817,8,D06_px-1055_py-0118,0.30991169444156647,0.5622036934169817,2.0484907714375793,2.495498498767115,2.398323693365989,1.3024614666139722
248.5073261405711,16.17501399379797,246.0104741712228,0.5819691386612155,21.15525392818853,-0.5419825350831027,8,D06_px-1055_py-0118,0.37630582883076424,0.5419825350831027,2.6514896308964504,1.2667702807722112,1.7501190599376915,2.362117110992985
-160.14998448015407,22.35976041269072,247.89071678317268,0.4010285297598703,46.39061199471541,2.3958922248601247,17,D06_px-1055_py-0118,0.25930820596987086,2.3958922248601247,2.32187855809415,2.2800614857512462,1.8888666415747513,2.3615562366518144
-144.32435792741558,25.54089782290484,247.12081522289785,0.3679562523053353,50.79528715760063,2.3594578701623368,17,D06_px-1055_py-0118,0.23792341088008412,2.3594578701623368,2.035154407298257,2.2609404777252644,2.5393923735539383,1.441710829496789
263.2464616100952,37.35397566595828,246.7283912481253,0.6110370311676084,14.407898897801203,-0.4660231989929646,9,D06_px-1055_py-0118,0.39510135707328403,0.4660231989929646,1.5432808400755123,1.5292671049878306,2.7106024711667995,2.125349909246479
280.6345137513056,40.1741835177216,244.8171074990661,0.6452222671371026,9.226506934545,-0.4647907650412108,9,D06_px-1055_py-0118,0.41720579990485557,0.4647907650412108,1.3537293024591097,2.7138079878866246,1.6341053649834811,0.8106497725773592
256.52557557838463,39.76143214521349,233.4790878289905,0.6257915931270396,27.575817573331733,-0.4532033537959047,9,D06_px-1055_py-0118,0.40464177304783405,0.4532033537959047,2.3180949355131535,2.38231771795214,1.9532314854670871,2.4426743424300366
160.43854397704158,45.62988912062145,247.75608894745363,0.412503392500945,45.203260855879535,-0.3298886578337506,9,D06_px-1055_py-0118,0.26672794259788657,0.3298886578337506,2.823175492507972,1.3669199254627977,1.4162900314286473,1.874452068438699
129.0018150651816,49.30929413484801,246.5058843926369,0.3492348172211866,53.30166914604075,-0.2418790541815308,9,D06_px-1055_py-0118,0.22581798349874826,0.2418790541815308,1.5180008165730585,2.031098607752851,2.0573813585851237,2.621637134865215
174.67012602225728,49.63931278427839,243.220814643359,0.451806177847596,45.29641140662619,-0.3300906930528388,9,D06_px-1055_py-0118,0.29214143316416014,0.3300906930528388,1.4367024850053935,1.621700674461049,1.817077093271721,1.6306684350812022
-175.10790008734944,71.11730812065301,248.6810292319312,0.4588381111347009,38.27384136540826,2.1488298462730446,16,D06_px-1055_py-0118,0.2966883366133258,2.1488298462730446,2.8956753946042157,1.2643132853944032,2.75837111543282,2.329706439006284
276.6194877624928,79.8333322497538,245.13098325819445,0.6520426645920869,7.243268613749024,-0.3260108228662703,9,D06_px-1055_py-0118,0.4216159226188491,0.3260108228662703,2.494588117243139,1.7425388909571917,1.1750827117424154,1.878394596875368
195.49932178503207,99.12805071402823,249.60153950043315,0.5186843893303501,28.240838788802137,-0.1377073555442618,10,D06_px-1055_py-0118,0.3353854114627882,0.1377073555442618,2.01424838323357,2.439834943774753,1.8163684959150568,2.4772033407060587
84.20381911531369,104.49637865132163,250.1952706396941,0.3354707463731957,50.67822401672635,0.2855455625471899,11,D06_px-1055_py-0118,0.21691802687827572,0.2855455625471899,1.2850567625047788,2.281911123137479,2.0765318557119965,2.836047033412271
263.6844325530581,126.70818904786634,248.96919577851915,0.6522586665114583,2.362724322152588,-0.1590291728989125,10,D06_px-1055_py-0118,0.42175559116121386,0.1590291728989125,1.8637609270844167,1.7879643123105202,2.694813542643139,2.499582548865495
-168.904266632896,127.25698935053576,248.6783355893311,0.5049638617348268,31.50241256026544,1.8889225104071483,16,D06_px-1055_py-0118,0.3265136102523216,1.8889225104071483,2.05990867923615,1.8526769987009017,2.3166484001058314,2.127779885042984
-119.67054647490964,149.15610791226413,247.9140732355613,0.4647503011792841,38.314456361587474,1.6399692130440258,15,D06_px-1055_py-0118,0.3005112052624261,1.6399692130440258,2.622895014054496,2.355914896191405,2.310632118039072,2.2269954416953857
174.98516245438736,149.82472162133104,245.19112452302025,0.5482438766873953,28.34682647509237,0.1011109556420547,10,D06_px-1055_py-0118,0.35449880880769574,0.1011109556420547,2.0163389452048843,2.5191220845818014,2.173043891511009,1.5393740049627809
124.625405642777,154.52829194187808,235.42319298941936,0.5013932039341837,47.17599654838261,0.2851315017714159,11,D06_px-1055_py-0118,0.32420479479479924,0.2851315017714159,2.2726194640744795,2.2886496305880506,2.1609779980567527,2.5596197858159417
220.22129515056707,159.160657415238,244.6358762101792,0.6253073706532856,13.916048791893388,0.0188395001908382,10,D06_px-1055_py-0118,0.40432867098241587,0.0188395001908382,2.2394864544194824,2.0201319540832157,1.5849314733843727,2.0732004263102892
-171.12158320285403,189.9708401260249,243.25690603910024,0.5993557954098953,21.03671387905888,1.6970616512869006,15,D06_px-1055_py-0118,0.38754817802725094,1.6970616512869006,2.339963229644722,2.1979351070040343,2.346279420907497,1.158827523168343
-77.08445344389133,195.5703617806092,247.7071769715841,0.5040819145963196,32.74986826766161,1.3392716676077328,14,D06_px-1055_py-0118,0.32594333628606914,1.3392716676077328,1.8360256305376768,1.8587636501529023,2.423409384811459,2.0108350161708914
-167.88251145503912,208.53079331396384,240.766164439188,0.6258289468963729,18.576953768783422,1.641643384462827,15,D06_px-1055_py-0118,0.4046659262892951,1.641643384462827,1.914285900197828,1.7392580786009226,2.456792491617498,2.5926325206030256
-63.15732685396081,215.80766207546355,248.8997050690957,0.5309688135894804,27.00324529172508,1.2485220883826686,14,D06_px-1055_py-0118,0.3433286169447405,1.2485220883826686,2.2732495590059942,2.1028439175322906,1.9819540135875888,1.7060015357340852
5.008946843052732,228.7117056352241,247.26396798067063,0.5414295836480809,27.11201716847563,0.9419195937317508,13,D06_px-1055_py-0118,0.35009263325695467,0.9419195937317508,2.638036188678991,1.6798919817790703,2.5262331212866136,1.1336060624774074
89.3685370041746,253.4496870385477,244.3564942999592,0.620638015986276,15.2699288525896,0.6248199567174076,12,D06_px-1055_py-0118,0.40130942947741793,0.6248199567174076,2.168914200735592,1.3471740681799615,2.509665552105596,1.8603326821512238
79.00715742451264,-257.9681800003981,245.15884835823493,0.6209344725774723,14.219745590149216,-1.8805794263018771,4,D06_px-1055_py-0118,0.401501120644271,1.8805794263018771,2.441228810798024,2.3663514608046143,1.5748136354750202,1.5995454643376115
-49.43458384454061,-250.9528871249568,239.55589724888503,0.6066942711542139,24.04921341982822,-2.3722731205488228,3,D06_px-1055_py-0118,0.39229329424367604,2.3722731205488228,1.3126248992419174,2.180560647155998,1.402881369066959,1.5320410926510002
-89.35003977312581,-246.41401776301137,244.1269577402269,0.6093078411873561,17.944183861761417,-2.525632365958347,2,D06_px-1055_py-0118,0.3939832492124074,2.525632365958347,2.283369256267018,2.219398637626684,2.132042905196682,0.852252878043863
-131.88263643555456,-246.46379855134063,247.2035367639984,0.6338327883031809,8.849733261858034,-2.6691071598796494,2,D06_px-1055_py-0118,0.40984127318371555,2.6691071598796494,2.3018112619498976,1.901449307538787,1.4843856338990427,1.8499065971883257
0.7646847006911299,-245.51076048234225,242.8345507966746,0.5813968010031954,25.06639731594879,-2.174661199921209,3,D06_px-1055_py-0118,0.3759357507931766,2.174661199921209,2.626436969960448,2.101652943832705,1.741160445381177,2.8099789524348826
-111.63094771624635,-238.18001001860847,248.754495282292,0.602174592111359,13.7961219036859,-2.616057576506845,2,D06_px-1055_py-0118,0.38937083417614893,2.616057576506845,1.3479401872322296,2.6304346997770005,1.7072056140181733,1.133101641906228
-114.1849347447043,-224.0903178941876,245.3526046138605,0.5877478298705572,20.81682398240332,-2.6490332311208884,2,D06_px-1055_py-0118,0.38004237608151853,2.6490332311208884,1.308993079054492,1.7374925679706306,2.305678684230198,1.4120954035415205
7.236616406446763,-224.39650061023684,245.96948602860857,0.5354780335085626,29.64111014782236,-2.1455377924155496,4,D06_px-1055_py-0118,0.3462443140604568,2.1455377924155496,1.308681971739365,1.7719567762048336,1.5524995391346816,1.2751710926447846
141.36046525529562,-220.2487845608542,248.0080712805272,0.6012082681296784,14.901468832203191,-1.607171332622661,5,D06_px-1055_py-0118,0.3887460014785219,1.607171332622661,1.6792549366874296,1.1079640183515134,2.018959094221845,1.5555816690280548
103.78192020359708,-208.06055954854497,248.29378275270835,0.5467733622586137,24.972075883769094,-1.7150836566032104,5,D06_px-1055_py-0118,0.35354796259581034,1.7150836566032104,2.5029794848362457,2.3408584813572695,1.51852328326091,2.5794990489338674
-166.88234675102342,-194.5013438025604,244.11753415572463,0.5988090582092124,20.104759070632667,-2.8868966129903084,1,D06_px-1055_py-0118,0.3871946534470148,2.8868966129903084,2.3230947615053688,1.6396741669719779,1.8319975068049432,2.135989789916141
-110.2712107484392,-185.7520354167521,245.94720604554428,0.5187479068784051,32.43834293666151,-2.713511227399361,2,D06_px-1055_py-0118,0.33542648240964484,2.713511227399361,2.310577087152169,2.8096995496306563,1.3656175297687243,2.0521938902558947
3.961421666146564,-180.97336412650847,242.02154372816608,0.4525133355040545,46.53702079621394,-2.155889824956919,3,D06_px-1055_py-0118,0.2925986868746228,2.155889824956919,2.0056561337727614,2.633255262504812,1.1113985421127661,2.029673040500147
-64.15541515104573,-176.2506118144584,241.920650419617,0.4668045473370418,44.73941625335914,-2.526868956746444,2,D06_px-1055_py-0118,0.3018394970079226,2.526868956746444,2.36347755622207,2.6387189117840064,1.7982902993627246,1.7695689756435466
1.641702474109584,-170.48924468355358,249.9483984788912,0.4173385422896954,42.22850644480843,-2.168146795294479,3,D06_px-1055_py-0118,0.2698543885344568,2.168146795294479,2.0226859354223885,2.0188162662912865,2.235650483238828,1.3849211737680993
-75.58256753158958,-172.00695395976135,247.8361587122212,0.457834433396363,39.35303129975728,-2.591793156115868,2,D06_px-1055_py-0118,0.29603935068243414,2.591793156115868,2.561420045317915,2.5695541984077463,1.4207830389759861,1.6751414060426582
-6.72895152058896,-146.30779941450209,243.6271713242144,0.3725185701774671,54.07678131617144,-2.223735220389197,3,D06_px-1055_py-0118,0.24087344155045853,2.223735220389197,2.4709986711549243,1.8116196563654063,2.0070728346681905,2.2650393616045106
228.4316899330119,-146.67897793102009,243.0586053505088,0.6279491013772587,15.28752786284241,-1.177790354563633,6,D06_px-1055_py-0118,0.40603683487564096,1.177790354563633,1.3976630370701026,1.8363812108112423,1.3812379112191575,2.083437723998931
180.3212351774048,-135.03375659999944,246.4454908930696,0.5361208970769333,28.97823554488184,-1.2497449436033388,6,D06_px-1055_py-0118,0.34665999470716147,1.2497449436033388,1.7861636629794824,2.154999585182838,2.3398491405177206,2.1281952885428694
137.4021885471039,-130.3422103819187,249.3063423262048,0.4586618522776596,37.60059475152326,-1.366015453362491,6,D06_px-1055_py-0118,0.2965743662480925,1.366015453362491,2.4170420872989253,2.1521802830225427,2.4829082393936712,1.926858770907058
-161.77873227556853,-127.45822900529866,247.7460959718852,0.4954102360296897,34.0418379843461,-3.081280552654348,1,D06_px-1055_py-0118,0.3203361606240118,3.081280552654348,3.145452165588376,2.5111532466268067,1.626226634684452,2.6788262221272614
184.73356116502765,-121.79140562338355,246.6649871244388,0.5278821955985709,30.110946310887584,-1.1898518342678783,6,D06_px-1055_py-0118,0.3413327854406419,1.1898518342678783,2.141576931256968,2.3435600052326127,1.2256077179228586,1.7801064522384005
-135.34483246799684,-119.8634051095991,242.0010893774332,0.4520565521595724,46.61947821178728,-3.02376171871296,1,D06_px-1055_py-0118,0.2923033271663111,3.02376171871296,1.9430283857976043,1.8447168630589035,1.6309295827130392,1.3707446571323123
70.31370582309539,-117.93434239923052,247.5635786893181,0.3460026357967755,52.48439827884067,-1.640147335717073,5,D06_px-1055_py-0118,0.22372802953204407,1.640147335717073,2.5618063536572553,1.5943948769907348,1.9224453021245003,1.8099081969713424
-253.51488531438,-114.42468143494123,242.08906456127505,0.6414499372977338,13.496739678612755,2.9585915598917385,19,D06_px-1055_py-0118,0.4147665817186605,2.9585915598917385,2.145539308298446,1.6513051849762572,2.1947949492355754,2.2957525412979063
-85.09324846126665,-108.47517708599176,246.93682863207337,0.3481246137964148,52.94908352914695,-2.84296231760288,1,D06_px-1055_py-0118,0.2251001172199786,2.84296231760288,2.1042465054894013,0.8934300609637409,2.2085788740309926,2.8941037372668292
-133.36171118350464,-98.25930378989142,245.0290241761409,0.4140292702132319,48.00098808448229,-3.1135805400612115,1,D06_px-1055_py-0118,0.2677145871449452,3.1135805400612115,1.7220050481014386,1.9882871149943262,1.3949163310364656,1.828964625968215
82.62458607365348,-89.22206029580951,240.10872682686696,0.3180201195841822,62.8596407530423,-1.4307504877565265,6,D06_px-1055_py-0118,0.20563431414986108,1.4307504877565265,1.9756669811435739,1.8824885430459646,3.446839670489936,1.5266512216061472
261.47254308202105,-81.2751648839085,243.5617864053436,0.6310552240785589,13.98403843835581,-0.9083480236942196,7,D06_px-1055_py-0118,0.40804527827910336,0.9083480236942196,2.5509519443579327,1.8709125964595734,2.514803057739577,1.437623727270669
-164.35711847676177,-72.77773990375697,249.1903041353916,0.4384325669370393,40.42266168963039,2.9514654923932917,19,D06_px-1055_py-0118,0.2834939510146181,2.9514654923932917,2.1753102043388965,2.8202636021519236,1.3687691240003241,2.994121405907819
-148.9759834230428,-72.09617385024663,247.3618096945333,0.4102267448160172,45.90168126850625,2.9853343875046088,19,D06_px-1055_py-0118,0.2652558442732173,2.9853343875046088,1.0407597016603525,2.080019395091374,2.061628685592167,2.0003150545821287
-210.22295579733583,-52.37132842050335,246.52929935070264,0.5189854150739655,31.72956383866796,2.7787660014097995,18,D06_px-1055_py-0118,0.3355800570795836,2.7787660014097995,2.2138218409582238,2.3691833529840785,2.428656881846741,2.2914557829363376
-172.35277501543197,-54.41866732614305,246.0082066443173,0.4455256658116667,43.02365835721372,2.8404470164215785,19,D06_px-1055_py-0118,0.28808040461443524,2.8404470164215785,2.2894555269794483,1.5547939170463887,2.4256826715706445,1.480002215679359
180.61122283105323,-39.85999668206633,246.27367734113324,0.4541352173133888,41.5925711305556,-0.8241926700609017,8,D06_px-1055_py-0118,0.2936474084269909,0.8241926700609017,1.81901220643301,1.1376739017248627,2.3876231198865665,1.4969135130025988
-231.2519366627513,-35.65923646437061,247.15601664524672,0.5516383189594245,25.44126092437829,2.6876088898668087,18,D06_px-1055_py-0118,0.35669368191648737,2.6876088898668087,1.9116161618055483,2.649975464482084,2.505942123779685,2.1188501656055094
169.56506391750307,-30.55336092651758,243.5904124176509,0.43093757677556,47.54214128636818,-0.7852532570920508,8,D06_px-1055_py-0118,0.2786476313433,0.7852532570920508,2.5901928870974187,2.91059363608964,2.106786172974463,2.4345742247923976
-285.4317428502045,-30.32219026472472,248.67364005934127,0.6436795898246892,4.760219448212638,2.640448899644834,18,D06_px-1055_py-0118,0.41620829260403613,2.640448899644834,2.4226532301125334,2.313689156718274,1.6922051198261354,2.146838308241
258.94304699767,-28.54198293697891,242.23874058050524,0.6100752414844864,20.088388413706184,-0.7167613082031556,8,D06_px-1055_py-0118,0.39447945628881853,0.7167613082031556,1.6667481639045523,2.306776392279896,2.7514813002126894,2.4583309538519846
-155.66584364522785,-22.93874093083673,248.3444412630752,0.390662116487497,47.06385738179932,2.680919049850797,18,D06_px-1055_py-0118,0.252605201498815,2.680919049850797,2.1563491577053537,1.6275510758691494,2.064303311747642,2.275898711503125
177.45808784554023,-16.969319990189607,240.53231158759576,0.4489328263030192,48.65594949102376,-0.7023140387734869,8,D06_px-1055_py-0118,0.29028350142401405,0.7023140387734869,1.5708771785055902,2.12569955749615,1.7096399851464334,2.370356125968343
213.74581708208868,-10.595426419221386,249.33710150154656,0.508888852018569,30.128049886462577,-0.6565092066270993,8,D06_px-1055_py-0118,0.32905153988425034,0.6565092066270993,2.371788975720322,1.6017442967528648,1.538223460237238,2.1777589433923845
230.0479267937572,-3.3988102018798387,245.11678922924511,0.547818000243851,28.50857901313492,-0.6217528140031549,8,D06_px-1055_py-0118,0.35422343374496285,0.6217528140031549,1.8022206456696974,2.367160853077007,1.3097019760869708,1.7988816136560848
-275.376882922842,1.983246478282056,245.2663438851156,0.630458547709676,12.005219586036958,2.527411311025219,18,D06_px-1055_py-0118,0.4076594626393725,2.527411311025219,1.439921456599198,1.4768370145771823,2.0015944710788935,2.6719985546882024
-194.34054105883217,18.187215176057126,239.19910784985103,0.4876776633577648,44.88006365854904,2.4413006419086565,17,D06_px-1055_py-0118,0.3153362182301649,2.4413006419086565,1.7165025335645854,2.544533786299264,1.4521322815052073,2.2311652801181188
-205.02730804735103,25.520162504738245,245.658305265951,0.5002896824646863,35.673424292159666,2.4107780214575683,17,D06_px-1055_py-0118,0.3234912491209392,2.4107780214575683,2.462085233788133,1.7067508565314227,1.5288782771067042,2.0446923078463826
-230.0327005295368,26.96269986007468,248.27784200363124,0.5450802538786735,25.28954623070382,2.417933059581902,17,D06_px-1055_py-0118,0.3524531853818856,2.417933059581902,2.18049156450727,1.6408651113861237,2.1491535546458893,1.0734538241103628
175.2866024265821,21.081116871831945,228.86592636600204,0.4647807655116295,59.61878245729656,-0.4872878370480273,9,D06_px-1055_py-0118,0.3005309037396673,0.4872878370480273,2.5329034641694435,1.4723635312039094,2.1130695969328896,1.8270004504329929
-242.58140386101164,32.77981803050116,245.4181856645741,0.5751975185186253,23.16073939215488,2.4002975611640798,17,D06_px-1055_py-0118,0.37192724591115023,2.4002975611640798,2.0413395933134755,1.9117058159012106,2.026403465231771,1.7128223552836026
186.84075566502105,32.62001402836999,245.5390543211996,0.4653207537488941,40.8926475431486,-0.4341343769681667,9,D06_px-1055_py-0118,0.30088006438700016,0.4341343769681667,1.532300968554611,1.4093590684466974,1.672230418249604,1.402764061634859
133.95560996207396,32.25265362142549,250.63953104188792,0.3431841025472282,49.48405455370727,-0.3707054759643179,9,D06_px-1055_py-0118,0.22190554373323026,0.3707054759643179,0.782317305489395,1.9629845381037307,0.9430072659753441,1.7703704808833827
-202.979244551242,38.57416295971522,248.894520024134,0.4948059380120247,32.82877305195922,2.346812629480698,17,D06_px-1055_py-0118,0.31994541676614796,2.346812629480698,2.1328506450001203,2.0307064091946048,1.802293134799694,2.035172342215468
117.29503932238956,38.95178900366379,248.405724252006,0.3127891866965236,54.57063001754335,-0.2863539278144199,9,D06_px-1055_py-0118,0.2022519517442244,0.2863539278144199,2.1629914725396784,1.9149410273635739,2.068939610125034,2.332073051900551
-236.3457782500732,45.99060292327006,246.28098202986328,0.5660989388994079,23.84167491520964,2.342424537839208,17,D06_px-1055_py-0118,0.3660440326660825,2.342424537839208,2.1902383376882657,2.70545371722041,1.5704400855766139,1.6598243096500274
117.14694946259416,58.40341875101339,246.77966894995373,0.3320140623371142,54.60849908485005,-0.1444939143749883,10,D06_px-1055_py-0118,0.21468290775461213,0.1444939143749883,1.8108932099946689,1.8830220095376582,1.256558081242024,2.4529085713207888
-143.9485168268792,62.99023150340286,245.41973640255367,0.394355079205484,49.82077891104285,2.122128307621434,16,D06_px-1055_py-0118,0.2549931002792041,2.122128307621434,1.3498572910182873,1.9358998506067007,1.852389491257127,2.507261050664822
254.6282809301869,65.87857151074707,244.97467021618272,0.6092884640276316,16.91448374689685,-0.3538065914325535,9,D06_px-1055_py-0118,0.3939707197883089,0.3538065914325535,2.1340327753748123,3.2678386676853397,1.832986932071441,2.6251597834940195
-198.15086848905287,66.38901034255721,246.156053195858,0.5042426618639325,34.49639629713562,2.211324889172253,17,D06_px-1055_py-0118,0.32604727673540385,2.211324889172253,2.273458160162097,1.3391776825952801,2.223982034623444,2.3102573480371476
120.73894924776272,98.47585762370323,249.2076838713262,0.3859964132450816,46.64422175952296,0.0772073086233454,10,D06_px-1055_py-0118,0.24958832103371945,0.0772073086233454,2.4250647080234677,2.980959541625845,1.4158254344627836,2.350306082422441
224.57801966537588,96.78002987213551,244.1148754042385,0.5771776418866198,24.339453989255787,-0.2000870084930468,9,D06_px-1055_py-0118,0.37320760927697144,0.2000870084930468,2.594310818511353,1.560779539377691,1.2011534358700624,2.346806443706762
105.4033176042889,108.12563378366472,245.6087871641961,0.3801781946559685,51.14983688953913,0.1911671074955098,11,D06_px-1055_py-0118,0.24582621506787491,0.1911671074955098,2.9489369736671214,1.8261361574122807,1.6413216285413768,1.8563203102513073
-113.41720518139928,114.91552740898564,245.2276879943192,0.4043777859647687,48.9028377806689,1.7426530401209268,15,D06_px-1055_py-0118,0.26147386141175605,1.7426530401209268,1.655010847057771,2.2386203945669827,1.8524999783032516,2.706608024927616
142.7142277971017,128.53582524962522,249.5647713920099,0.4638386496397753,36.59533289227204,0.1261955602730712,10,D06_px-1055_py-0118,0.2999217241965247,0.1261955602730712,1.9823708049164848,2.0411693392459895,3.14030908563962,1.8753413087761828
41.720908293270455,134.5541479285973,249.35811347462,0.3519280188538554,50.00471212360179,0.6631492727116312,12,D06_px-1055_py-0118,0.2275594288869371,0.6631492727116312,1.247505023007768,1.5801917331470139,2.2181930333253757,2.6478033609040974
223.57995161629395,134.92682290674102,240.8255833718408,0.6139569988257976,21.01088656300925,-0.0640025338524746,10,D06_px-1055_py-0118,0.396989431159655,0.0640025338524746,1.3301468220722636,2.009754786372845,1.5220331315334918,1.983625839703019
56.43505457767752,136.68496629472412,243.69458223193035,0.3756947037223176,53.677955339810126,0.5722529804853703,12,D06_px-1055_py-0118,0.24292715451678806,0.5722529804853703,1.7282923602699944,2.0358432920998863,0.9505083439228454,2.8016383632141393
16.247164212076612,149.35332919970216,246.2176788314462,0.3775805272666213,50.76819423133668,0.8554594733644049,13,D06_px-1055_py-0118,0.2441465428738756,0.8554594733644049,1.510214377504088,2.2684643658288097,1.6122877865111898,2.1518634527229494
-162.51417760184717,152.79752496295538,246.20033318528908,0.5322322211198401,29.921411718488685,1.780021232208829,15,D06_px-1055_py-0118,0.3441455462048671,1.780021232208829,1.9998706790582066,1.64133816585809,2.521687073269157,1.4379859127446113
-132.45058624685026,156.24472759937467,246.91711276836693,0.4945205084931914,35.118863903270494,1.6669812641967154,15,D06_px-1055_py-0118,0.31976085579113744,1.6669812641967154,2.133761904505163,2.1953144709026375,2.166877022570165,1.8946729584100286
-158.35776219998,164.07420375604977,244.26594641743844,0.5454006193568954,29.92583457126136,1.7314876752809285,15,D06_px-1055_py-0118,0.35266033622340337,1.7314876752809285,1.0216510339140519,2.758146848449355,2.903222598509598,2.0933501187337455
211.9483206129964,174.73613733855228,237.9819481939917,0.6436686027661932,18.12907623325708,0.0824800881747939,10,D06_px-1055_py-0118,0.4162011882854751,0.0824800881747939,2.2513756395610884,2.0059790741818984,1.626643388111566,2.3788428165021145
229.38118012541227,174.54519137151107,245.8801282792317,0.651123402563958,6.517577717015968,0.043486147702026,10,D06_px-1055_py-0118,0.42102152055106334,0.043486147702026,2.2790928790494283,1.4361078512426766,1.541403899084292,2.339332516668193
-47.66061330751435,193.4938795585541,234.65155610869897,0.5043857267355906,47.61511161824086,1.205325047316366,14,D06_px-1055_py-0118,0.326139783608242,1.205325047316366,2.3913656885005086,2.8615773120567374,1.5232225830706376,2.36969660480578
-64.77882045899001,205.85431067724105,247.66854747100336,0.5153304118909481,31.00990864391917,1.2686890687651893,14,D06_px-1055_py-0118,0.3332167032334871,1.2686890687651893,0.9289019448589704,0.8269578076788457,2.0599170054065974,2.996405390932228
175.51628837263374,212.72775075730107,238.4943176319574,0.6445509040417087,17.290921056142736,0.2739722950596396,11,D06_px-1055_py-0118,0.4167716912395064,0.2739722950596396,1.5620342268190197,2.248280840433929,2.4091092960550666,3.4080499975703606
118.90949832290715,211.0302071722429,244.1951276726145,0.5726808808441526,25.091493954558302,0.4506896795270833,11,D06_px-1055_py-0118,0.3702999681690044,0.4506896795270833,1.9655552792038697,1.8019126395691907,1.7740589836079792,2.357821636961251
127.5854057102201,236.05909861170736,235.08171186645072,0.6383203040398344,22.9252050615612,0.4683113704405569,11,D06_px-1055_py-0118,0.4127429362041245,0.4683113704405569,1.8520880465536007,0.9715828876582615,2.036048728379537,1.1173171168230351
-78.547660609158,257.61795817773503,242.963797421606,0.6243706634662085,16.18073223856493,1.2597627229031731,14,D06_px-1055_py-0118,0.4037229887374507,1.2597627229031731,2.0680600883041236,1.886446010800083,1.6407682504967702,1.3757480617978324
7.87249228232274,262.5811703941008,244.15401722647312,0.6103042777796915,17.70385022957447,0.9338445971943108,13,D06_px-1055_py-0118,0.39462755296126023,0.9338445971943108,1.8915223257136295,1.7273417696307398,1.6347169079697974,2.332277416361051
-42.36611648824455,-267.509397536786,240.17286561361905,0.6325361582459004,17.858756760458846,-2.3348437863718265,3,D06_px-1055_py-0118,0.4090028619760108,2.3348437863718265,2.644880514039248,2.238102514979542,1.6616739384998849,1.8875800295343135
-73.45155693128548,-257.4650008131932,240.7958499493323,0.6258158809461748,18.54313220115148,-2.4556809354500064,3,D06_px-1055_py-0118,0.40465747774298544,2.4556809354500064,1.9065793942941398,1.6917906485471796,2.5080261374064468,1.8344811515042
22.33520402227581,-252.83092144695664,246.90165539755955,0.5890645806055319,18.694627145941013,-2.0896641164531164,4,D06_px-1055_py-0118,0.3808937974778971,2.0896641164531164,2.4494523053081347,1.7467487645235982,1.8944434851021845,1.6763179750624921
96.27947156444398,-244.33576142731056,242.48260335203085,0.6133938707256581,19.10129302865488,-1.8024129596083875,5,D06_px-1055_py-0118,0.39662530809473034,1.8024129596083875,2.733297723481966,2.4331398342390473,1.8554183804486988,1.658120716815492
-48.0275240685477,-238.6887549048637,246.45894909784624,0.570818723865051,22.74906852737456,-2.3763384730708004,3,D06_px-1055_py-0118,0.36909588279938177,2.3763384730708004,2.286023938638311,1.5052221176761384,1.252037858232631,2.4309457035003885
88.89612986116897,-234.2304254676033,247.32805067259312,0.5822722849250583,19.51895884717686,-1.815044622023532,5,D06_px-1055_py-0118,0.3765018455926406,1.815044622023532,0.9672442296021493,1.8473718925922855,2.3254227651297246,2.8095772167327677
-125.34598437615404,-230.1652997123693,245.21059380304968,0.6071775923346218,17.065959185739985,-2.6764569164115413,2,D06_px-1055_py-0118,0.3926058135257178,2.6764569164115413,1.5325886514717129,2.1971321385015883,1.038836602187116,0.6269119624147658
-60.17986998008233,-212.8569609755,240.4816043285538,0.5388630300793895,35.45787752606111,-2.4533091641675617,3,D06_px-1055_py-0118,0.3484330795044537,2.4533091641675617,2.2746558730493236,1.5851975211827036,1.963211751368652,2.104174889447955
-55.15617998892026,-210.5322078684806,248.32937376553144,0.517814799800245,29.84742513367536,-2.4340018805955794,3,D06_px-1055_py-0118,0.334823128023461,2.4340018805955794,1.698770261948458,2.703336302410545,1.8686311876605632,2.5126277640838794
-40.047254137987146,-210.07030315962635,246.8682085141856,0.5128244611340762,32.33092150496458,-2.366152914306062,3,D06_px-1055_py-0118,0.33159633573643554,2.366152914306062,2.3129158971810284,0.9026905823597886,1.7499481040535183,2.9215433018438217
-188.74986265279435,-206.1910623652263,243.00503314425785,0.6420395479269644,12.219878468022728,-2.919041156394011,1,D06_px-1055_py-0118,0.4151478285954802,2.919041156394011,2.0400227339111474,1.8721472040872809,1.509421943343673,1.874050653378018
-105.33235083665834,-199.7706811125783,246.8593356483433,0.5364776185085038,28.435958098186745,-2.662997833668664,2,D06_px-1055_py-0118,0.3468906535944654,2.662997833668664,1.7211287525048924,1.9098031559333135,2.1688905568402066,2.138067552198426
-123.45291351084492,-191.5329141639149,245.29636874585475,0.543228684736687,29.097517397526303,-2.7503116285456484,2,D06_px-1055_py-0118,0.3512559461911347,2.7503116285456484,2.1219843095350996,1.5622258188745515,1.471245791536563,2.2950718707952786
140.13848319983077,-187.1505436690652,246.1072121179388,0.5531912000447393,26.39598424320372,-1.5350426578744607,5,D06_px-1055_py-0118,0.357697787057233,1.5350426578744607,2.3394011368131045,1.684967927833341,0.9150598356787125,1.7888516749026735
-164.72183024949433,-177.7071031557941,241.9752734421582,0.5770030027938016,26.925487065181983,-2.925271109343083,1,D06_px-1055_py-0118,0.3730946862640426,2.925271109343083,2.311272317231894,1.4321489252039603,1.992191984014893,2.182681577997256
-87.71531726834313,-161.55318245238774,246.48811475406265,0.4513874023299531,41.72035018932616,-2.675190374075737,2,D06_px-1055_py-0118,0.2918706496160442,2.675190374075737,1.4266155805281253,1.627427031994219,2.0913754438776553,2.4602528306581823
-106.77428815729792,-155.4974921786437,242.921756881584,0.467417156603428,43.53431174637189,-2.779494244686114,2,D06_px-1055_py-0118,0.30223561498467166,2.779494244686114,1.5276572336689722,1.712918292736267,2.6222073808681685,2.914464276335964
111.14338644016732,-155.4436532023071,237.6571359018796,0.4815941522563007,47.48582520611018,-1.557048560103715,5,D06_px-1055_py-0118,0.3114025720363067,1.557048560103715,2.198104705150507,2.407657828554464,2.001409724483599,1.5245412429517335
35.062518949650894,-149.50728310758817,246.14935321413583,0.3852486472733755,50.02608533988069,-1.9474183765174544,4,D06_px-1055_py-0118,0.2491048096667737,1.9474183765174544,0.9550832321680034,2.693813919050524,1.814861462755423,1.9300204833548658
203.07153267102595,-149.1893650851987,240.6919664116133,0.5975132921912089,24.5090799776458,-1.2405932016912955,6,D06_px-1055_py-0118,0.386356800933912,1.2405932016912955,2.1081267062016638,2.111448756519839,2.193254522769876,2.6326075834010996
-234.6848714832589,-113.62218410682472,245.76737510194224,0.603717085542099,17.103932844908456,2.9854988056204106,19,D06_px-1055_py-0118,0.39036822257763,2.9854988056204106,2.7590160512825133,1.9357442317199682,1.6558117628198905,2.0237607432213167
209.97553853977269,-107.48402662170255,244.09249055656537,0.5608603006985193,27.39032368544736,-1.0800925055200317,7,D06_px-1055_py-0118,0.36265668794422184,1.0800925055200317,1.5977037754592058,1.657963345129865,1.0385728024766763,2.613679869879884
-199.7693095194791,-105.44189266896228,245.2113145237704,0.5395223115037133,29.834553694408783,3.020266890129735,19,D06_px-1055_py-0118,0.3488593760661298,3.020266890129735,0.849380736928028,2.638513603888804,1.8198531316378497,1.3701753188149877
-122.4199723872232,-89.735207702993,240.82217640828253,0.3888268600152362,55.3953117158008,-3.1160328791658407,1,D06_px-1055_py-0118,0.2514185102087926,3.1160328791658407,1.7734984222950787,1.7240290694902312,1.9371924729071008,1.600145711842367
-161.33382734920588,-80.35161950190461,239.5453595977833,0.4548617274911711,48.985144865055474,2.996696071517928,19,D06_px-1055_py-0118,0.2941171756301681,2.996696071517928,2.3306430558864566,1.8505411811521801,2.760718234464417,1.626897226893474
233.89118373036885,-73.74741114931952,241.77858936459364,0.5828934524153391,26.04480878188383,-0.9124191672042632,7,D06_px-1055_py-0118,0.3769034973843671,0.9124191672042632,2.470374360194212,1.722797006122351,1.168405853652818,2.1585986932557564
173.35080049067378,-58.243337580350165,241.96783828005164,0.456627126291526,46.05529188860743,-0.9311150417856544,7,D06_px-1055_py-0118,0.2952586963993152,0.9311150417856544,0.04931822998061075,1.2328567093770086,2.112197447482499,2.818714673568352
248.6737005494133,-43.669666913795375,242.25408435242247,0.5954204837713992,23.03565637460452,-0.7808173164673057,8,D06_px-1055_py-0118,0.38500357452604417,0.7808173164673057,2.198586226966416,2.463296216506178,2.596542221475426,1.4687943073200804
-198.32901264348712,-43.09551635671159,239.1185859079028,0.5041488969815399,42.54837900445307,2.7485799843438943,18,D06_px-1055_py-0118,0.325986647623927,2.7485799843438943,2.5666667555638663,1.553762631158762,1.6231946837475046,2.7425195509657887
-156.87397037080655,-38.30567168607471,244.359632127088,0.4057157494947087,49.69452619370634,2.774107797941036,18,D06_px-1055_py-0118,0.26233899916843784,2.774107797941036,1.855168390306526,1.4081810627542946,1.9204120282393227,1.2748332272348106
-211.4918932352704,-24.93370070341187,244.65746331407013,0.5148760072857689,34.54272458914784,2.651965781129481,18,D06_px-1055_py-0118,0.33292288163674433,2.651965781129481,2.104630576058023,2.246620374852436,2.2592079844995827,1.875160342133305
-262.4183808985505,-3.594553791623499,245.8890328189887,0.6065256839872276,16.375339954373032,2.5483100624567654,18,D06_px-1055_py-0118,0.392184284453657,2.5483100624567654,3.080735715904244,1.2458159205158448,2.797734206950053,1.8090657284987826
-220.5248137461727,-4.96855695439308,243.67133119242143,0.5318503713491783,32.919948344703016,2.557139913184429,18,D06_px-1055_py-0118,0.343898639135588,2.557139913184429,1.9512767777046456,1.8394829284836631,2.4591342886732854,2.8759281232286
165.586869486713,-0.5167490494019288,242.31857742794023,0.4179997728758341,50.49687739870063,-0.6101002344203414,8,D06_px-1055_py-0118,0.27028194543951467,0.6101002344203414,1.3543996056985015,1.697082772291023,1.3539820231568434,2.038733787297796
137.40663963251993,-0.8582388906288193,247.0020985640384,0.3469716430830004,52.98937336971875,-0.61322542892131,8,D06_px-1055_py-0118,0.22435459727552398,0.61322542892131,1.3073131537586906,2.372160361149894,2.2168961655487167,2.4605202007556235
-189.33836126131155,0.4980646476734853,247.17336728199115,0.4619750847570233,39.52618434073264,2.5319825745413533,18,D06_px-1055_py-0118,0.2987167284653127,2.5319825745413533,2.072272387247585,1.2780761000372949,2.4650362604420026,1.5094539096074056
221.17312384814463,13.51043689243301,240.01110088452563,0.5404925310240231,35.73298689619571,-0.5459699940983357,8,D06_px-1055_py-0118,0.34948672764971694,0.5459699940983357,1.0651293026379403,2.078370900947851,1.9244262144560178,3.219591024729919
-260.52454301600284,49.50834116288442,247.657302049758,0.6080418720582755,13.905464551033162,2.3468190263386326,17,D06_px-1055_py-0118,0.3931646636023719,2.3468190263386326,1.933826431031795,2.566661075600287,1.5394098451706437,1.860969024156458
-150.7031461598205,45.76003562287549,235.8198856936868,0.4095669310762598,58.56159136328307,2.2398169982575853,17,D06_px-1055_py-0118,0.26482920351218914,2.2398169982575853,1.773455954079315,2.045831562974339,1.8929818108236256,1.8678825470290057
-275.65921559576816,62.82939274411031,249.60880886917963,0.634640770461808,5.6804702876091255,2.3105171792079595,17,D06_px-1055_py-0118,0.41036372081140604,2.3105171792079595,1.7437346924551682,1.8038030069559652,2.2615595291374193,2.6477779316611647
245.01263007860305,76.59731156359507,241.5202985982144,0.6045727894143323,22.089632210325703,-0.3039799032975688,9,D06_px-1055_py-0118,0.39092152744120956,0.3039799032975688,2.407049725948618,2.138602412243609,2.2123158129617835,1.9860200093386933
108.73544207495254,79.96280329264594,248.4221463848387,0.3394837784749628,52.18528969520145,0.0271045037477837,10,D06_px-1055_py-0118,0.21951288504318442,0.0271045037477837,2.269103639708403,2.370577488581297,2.226343493529634,1.977036892770254
261.0865127413292,80.2859128320694,243.770636457436,0.6294963197783835,14.068540711333696,-0.3086499511770512,9,D06_px-1055_py-0118,0.4070372784801882,0.3086499511770512,1.9366500607038388,1.8979166445847908,2.214132494729879,2.6045712386315025
102.33965467348428,91.54310993484648,246.07397475131108,0.347941266345352,53.88441185491405,0.1227901401824302,10,D06_px-1055_py-0118,0.22498156331401906,0.1227901401824302,2.601602445153186,2.349396058084399,1.7299083186315394,2.3498686751384965
-208.74428217220668,96.90592233032152,244.67743829019352,0.5487476323750478,28.860464257756803,2.099986518105289,16,D06_px-1055_py-0118,0.35482454120307044,2.099986518105289,3.4572654572514145,1.6292951510723443,2.0887561804096686,2.268078394760121
-98.50774104130753,120.19969237921768,247.13192656912148,0.3880274207487005,48.66392829144115,1.6503557711614376,15,D06_px-1055_py-0118,0.25090158648241484,1.6503557711614376,1.2611555622764379,2.204484060211308,1.9119546229563127,2.26622714792605
-81.40848983969563,126.40279575002654,248.71328716999176,0.3743979241023334,48.419423069556615,1.5359909780304926,15,D06_px-1055_py-0118,0.24208864660066112,1.5359909780304926,1.4587177853997308,2.9450317854225947,2.3853507408678576,1.7122087297708175
68.45772230858721,125.31941815596925,246.92712561699528,0.3595563878502734,51.847796460926304,0.4638449900875908,11,D06_px-1055_py-0118,0.23249199236346027,0.4638449900875908,2.3770269061100953,1.488591145842399,1.9708544033883624,1.869401452965835
-184.6545651861045,148.12868119257044,245.3087714327341,0.5602222950320319,26.069985347363456,1.858536145328564,16,D06_px-1055_py-0118,0.3622441484551373,1.858536145328564,1.8655679521822948,2.6563429698017123,0.7853074220812559,1.0979320245211972
195.9113185205469,174.4588482439473,239.5729230228904,0.6185645463537786,21.58534993217092,0.1205615741920088,10,D06_px-1055_py-0118,0.39996870768174453,0.1205615741920088,1.7415633862641737,1.4648744765057482,2.050196908701213,1.7115781189014516
-196.51789608924213,181.3408372878853,245.5558583953731,0.6159601703403335,14.798368105342432,1.7893593393518628,15,D06_px-1055_py-0118,0.39828469763856433,1.7893593393518628,1.9641546696073953,3.1628793114319187,2.403782876330863,3.0961038275911825
176.26938520008522,183.41237140878005,244.3318255938467,0.5949446055886187,20.62111755910433,0.198275205508539,11,D06_px-1055_py-0118,0.3846958679448917,0.198275205508539,2.287953548174373,2.4221728065771946,1.687187784364298,2.2192013010719798
20.85916682166009,197.98594063837632,244.18595531460247,0.4873092523227946,39.28913502103558,0.8588472328961892,13,D06_px-1055_py-0118,0.3150980007532317,0.8588472328961892,1.6849727918275916,2.13606844096381,1.6558369989121502,3.1900944634052673
-112.65429816599644,214.53504771090795,243.71048559657208,0.5737532272402732,25.467343217001428,1.4473492914176016,14,D06_px-1055_py-0118,0.3709933557948743,1.4473492914176016,1.6476407477429307,2.0572792225459446,2.1305374155151497,1.7247421487537546
-19.08215955559688,228.08949330097133,244.5905422840572,0.5464752675292712,29.35930573241319,1.047283270162585,13,D06_px-1055_py-0118,0.3533552121959294,1.047283270162585,1.6762230891991936,2.352455578817569,1.5579154431239517,1.6406733682759138
58.24988346777454,230.55423117832507,241.9850358673737,0.5684297962993893,28.50556864213292,0.7163441181640117,12,D06_px-1055_py-0118,0.36755118341947823,0.7163441181640117,2.080292055983572,0.6878277780715354,0.8751601566059142,1.175920289860842
84.4215266363698,233.7469997528713,242.82242763176333,0.5870314753673342,23.99633226923362,0.6172291559281416,12,D06_px-1055_py-0118,0.37957917561750065,0.6172291559281416,2.6857559157354123,1.3401933905598926,2.159382137299186,2.866297913849092
62.28445604072791,247.87940689738767,228.4139232623905,0.6288273745726568,33.20429989784543,0.7176439638904272,12,D06_px-1055_py-0118,0.406604733241342,0.7176439638904272,1.7355288083577691,2.2813293588404173,1.6555057767968473,1.5598567202925324
106.60392952980138,257.8702688617493,237.945329710628,0.6512951737451637,16.45422998300961,0.5718111383163161,12,D06_px-1055_py-0118,0.42113258914975493,0.5718111383163161,2.2754751954626684,1.9340071742124176,2.548719819462649,1.1336719235961903
27.501100434448848,258.29685604718054,244.285573994968,0.6047725044810084,18.687617269368616,0.8577454938759504,13,D06_px-1055_py-0118,0.39105066477634115,0.8577454938759504,1.8407408194395727,1.6850926282433658,2.113431589438,2.410632572453205
114.24780692968554,263.37453795999846,248.0311049536813,0.6450036189274,5.254886217370768,0.5545291406936882,12,D06_px-1055_py-0118,0.4170644202503196,0.5545291406936882,1.2390285600698943,2.408249807224697,1.4044344201663082,2.1137970212024477
-15.670498047456668,268.2177903626932,239.7365422285394,0.6295734231601405,19.042572122874333,1.0221749837601086,13,D06_px-1055_py-0118,0.40708713413412284,1.0221749837601086,2.2081404052950866,2.0292777815151313,1.7877064404401244,1.809206130091479
-1.1198755568003749,-279.08239408001856,245.31127170323984,0.6367401379381461,10.544889152576104,-2.181788542946847,3,D06_px-1055_py-0118,0.4117211883568864,2.181788542946847,2.2056266619377043,2.672648125188008,2.1785210997681723,1.5896686762684977
22.404749104605607,-272.34208245964817,234.4811957365759,0.648286206399473,21.48334104383582,-2.095693761092744,4,D06_px-1055_py-0118,0.41918696716445586,2.095693761092744,2.4548355061824263,1.9369709833393844,2.7441276546304687,2.1160901281467925
-24.98435365818514,-271.3273995843284,239.218990126939,0.6373049527911202,17.997626451661176,-2.269598859084605,3,D06_px-1055_py-0118,0.41208640208947933,2.269598859084605,1.4102396209276014,2.1556047422380495,2.016269524189936,2.4992658726316597
-29.05409112178369,-257.4326077278289,244.0920145953762,0.6038997976045231,19.10166721883036,-2.2901612549759003,3,D06_px-1055_py-0118,0.3904863656362912,2.2901612549759003,1.7554883376041697,1.2978779724811957,2.1494717559244894,1.827470739536448
115.24830539135012,-242.3768797989494,244.66443182474484,0.6194039824097961,15.15625260662921,-1.733926042837855,5,D06_px-1055_py-0118,0.40051149364722854,1.733926042837855,1.2957469731725486,2.1542832906239813,2.1008248122899085,2.5934298934370146
-76.48816790167083,-241.40884628924928,245.4533270124496,0.5907281993449626,20.10759877691009,-2.4846104177899364,2,D06_px-1055_py-0118,0.3819695064579987,2.4846104177899364,2.5299081048986025,1.8789975331457136,2.6039598890817315,2.2080996711653182
-51.767728618443606,-225.6590342184311,244.54116554027067,0.5516599424234855,28.50771403981116,-2.4032808265357777,3,D06_px-1055_py-0118,0.3567076638186624,2.4032808265357777,1.1277323401609403,1.6782810518449658,2.325823178718439,2.1086034832843445
-16.978650566834578,-219.25818304413588,245.26483791272287,0.5276890095658029,31.76369400792817,-2.2550584241594724,3,D06_px-1055_py-0118,0.34120786983026,2.2550584241594724,2.4752953035684073,1.9229923028878884,2.126275723835154,1.7099088764487635
-95.84488728124772,-209.68417722350816,242.8275954995011,0.5529255137191499,30.29729693339744,-2.6065115324833164,2,D06_px-1055_py-0118,0.35752599218647757,2.6065115324833164,2.378150183039032,3.140429533812277,1.7720801519319052,1.7861798982904975
76.35467766579687,-207.75905106841185,245.0891850434548,0.5308278858401391,31.44569376281322,-1.8255830069608967,4,D06_px-1055_py-0118,0.34323749195202496,1.8255830069608967,1.6717475941190796,2.1383608687059734,1.620400802490916,1.69747203504849
53.96098392749492,-202.9384042012416,245.8624834520348,0.5067976143252165,34.434306948108656,-1.9178909254362555,4,D06_px-1055_py-0118,0.3276993291204812,1.9178909254362555,2.5588984103307397,1.7719433186875317,1.8695461479532207,2.478056501853177
88.80826819761086,-197.21006795225955,245.1025505681772,0.5207621748298218,33.085454509125896,-1.7546531944622887,5,D06_px-1055_py-0118,0.33672892393204035,1.7546531944622887,2.833617890330604,0.5634114269582036,2.387312915443009,1.9307429517934904
-36.76321045529859,-193.9425636306217,237.3313852340156,0.4956178039161573,45.84951376958787,-2.365110404224956,3,D06_px-1055_py-0118,0.3204703756542719,2.365110404224956,2.0661592934561854,2.3244576997003357,2.300337370004856,2.9485377640736887
-146.66829913797267,-193.8006165655781,244.34186519844863,0.5739438101498765,24.679741086838703,-2.8256147569631818,1,D06_px-1055_py-0118,0.37111658820531485,2.8256147569631818,1.8293835453759595,1.3321451091675853,1.659447851803829,1.9758469692986158
-193.16745767479264,-183.88613006312096,239.6874031822213,0.6261594208954454,19.83730345631756,-2.9877844594263943,1,D06_px-1055_py-0118,0.40487961338001277,2.9877844594263943,2.318829432929065,1.8061531904867336,1.8761757402220354,1.7437662813878938
56.15846641404424,-176.73433303516862,238.0854447838103,0.4686573417984292,48.78447699293622,-1.870109428417788,4,D06_px-1055_py-0118,0.30303752849984905,1.870109428417788,2.128995989647401,2.1184340619030686,1.3053875961097396,1.2714640749527861
-233.0406059378487,-172.79833740638264,245.1462562948097,0.6556988044696677,6.358706465607895,-3.110536830028563,1,D06_px-1055_py-0118,0.4239800114606032,3.110536830028563,1.3365436014465248,1.5628244092138341,1.555387207208469,1.8354096385879322
-184.1667688179243,-172.87810665175456,247.64429305433327,0.5854558877107349,18.515993491867448,-2.994780421390176,1,D06_px-1055_py-0118,0.37856038822891835,2.994780421390176,2.006821656969218,2.31258350888103,1.7032854637780421,2.2782651245559835
-98.048509578161,-174.8948603072149,246.4360604243712,0.4864593190024356,36.86806642496521,-2.688731486253506,2,D06_px-1055_py-0118,0.31454842717394477,2.688731486253506,0.9604667172789529,1.9491564740280956,1.8271650933877144,2.65577411788514
180.95131891383227,-161.58085773158595,242.926689166706,0.5757488116648214,26.02648314725502,-1.3358870844749124,6,D06_px-1055_py-0118,0.37228371640163926,1.3358870844749124,1.6742133152629801,1.9387878661355948,2.4239018529066216,2.639502221368769
-126.83702714592012,-153.90365284859487,244.31623744060823,0.4878204274115003,39.06673140940052,-2.8670596030849342,1,D06_px-1055_py-0118,0.3154285305917649,2.8670596030849342,2.179771594057099,3.1115593524421277,1.8776038100551773,1.766981504041467
-170.15363322584102,-146.92012132387885,242.98916551537937,0.5414188943857907,32.10209901566276,-3.0363180879294416,1,D06_px-1055_py-0118,0.35008572149576583,3.0363180879294416,2.0398736832184223,1.5950279269664946,1.4433431196015172,1.9454282049894787
-139.09209085443,-145.30671889169386,246.7570654617408,0.4872483840784306,36.38831678564793,-2.9413256916432493,1,D06_px-1055_py-0118,0.3150586428670084,2.9413256916432493,1.695084378937422,2.297213031401292,2.8264956721816814,2.333437860146301
-55.949817489991936,-142.47713239394588,244.8758270401534,0.3859318744500356,51.32704489416756,-2.5519675432785123,2,D06_px-1055_py-0118,0.24954658974051477,2.5519675432785123,1.2098565357238793,2.168451968579526,2.3943666655597386,2.591362837731104
-115.94770626573992,-141.26459362234286,245.579009791854,0.4505375613269264,42.84293201581306,-2.865062065063316,1,D06_px-1055_py-0118,0.29132113572987145,2.865062065063316,2.369811954632593,1.4837758805241794,1.0701551728518321,2.245614000687026
-155.93155441187525,-135.23289701672908,244.1075619512281,0.5025393432240538,37.09749413536133,-3.0341438623267325,1,D06_px-1055_py-0118,0.3249458974869836,3.0341438623267325,2.4918768284780013,2.245065846542,1.8862444768461082,1.3706567886175622
-174.6449300784697,-117.6494510114915,245.10377661645285,0.5092957152341441,34.91188253404056,3.127434353084486,19,D06_px-1055_py-0118,0.32931462084402413,3.127434353084486,2.1835291981440177,1.7520019312492994,1.6202945593049085,1.8267268609912897
-180.67024303920573,-99.54516076464417,235.4225928710832,0.5177170542532797,44.71662170721999,3.0382061712655566,19,D06_px-1055_py-0118,0.3347599249829185,3.0382061712655566,1.7995888873524344,1.6104195671125734,2.1301187821536445,2.3947883320288827
179.98041891132044,-70.9277049178745,243.2947825747256,0.4770265566286227,41.77556271654242,-0.9823769782166084,7,D06_px-1055_py-0118,0.30844912872762686,0.9823769782166084,2.6571937581041905,2.5471108770067197,2.126912514659332,1.3366311602239267
239.27552003827083,-54.86966319549389,240.55263090968856,0.5856896998490582,26.979936650666502,-0.8323980219034212,7,D06_px-1055_py-0118,0.3787115729991363,0.8323980219034212,2.758993694403019,1.3690465850136366,1.8461307947643024,1.9314092481919403
164.58150224340662,-44.40656307252311,243.2864640590388,0.4273726730736141,48.31312651481562,-0.8705189569785672,7,D06_px-1055_py-0118,0.2763425365313163,0.8705189569785672,1.3926998693902888,2.633027769862895,1.865384735917372,1.5409979096584339
140.4698300761426,-44.31429404051677,244.29005908642367,0.3735178084590507,53.26249865304902,-0.9125696646384672,7,D06_px-1055_py-0118,0.24151955689364624,0.9125696646384672,1.728705820073499,2.091179497711738,1.4854779014252493,2.2141336617729515
-270.85120401757376,-34.44504596299129,238.1766430814133,0.6403734252128078,18.61838315363849,2.6611074219219857,18,D06_px-1055_py-0118,0.41407050052559874,2.6611074219219857,1.5856937783936018,1.979039089547077,1.7569817169501936,2.0112909784046558
231.67797201466223,-26.244375522615496,242.66366031104087,0.558270383050362,29.54214258732162,-0.7197782307723759,8,D06_px-1055_py-0118,0.3609820267939154,0.7197782307723759,1.9126076287104428,2.5878886332056545,2.6010792237230884,2.13351420450356
-249.3358031974108,-17.01168869790544,244.35535759363088,0.5867024031180638,22.21939153684332,2.602735570018906,18,D06_px-1055_py-0118,0.37936639490924556,2.602735570018906,1.4767165639780608,2.3631319426104325,2.171618507369063,2.510224866530739
-279.15177066019726,-14.864723527990428,239.6426194025929,0.6487514994701289,14.902217131692112,2.5878124892589884,18,D06_px-1055_py-0118,0.4194878293287369,2.5878124892589884,1.7403633258327584,1.740577245164745,1.4478891295024217,2.046512911614357
142.51231551347124,12.636703104091286,244.7043650269414,0.3631784287998749,53.86427362517236,-0.5185398796417401,8,D06_px-1055_py-0118,0.23483403256980911,0.5185398796417401,1.7018385606323192,1.7750343968946112,2.849610154099488,1.6842255452453139
-162.63420001667086,33.67260715064215,244.41745960489456,0.4159134015090825,48.44729639222771,2.330452737447275,17,D06_px-1055_py-0118,0.26893288128085435,2.330452737447275,2.503625861581794,2.6767665075114344,1.929936702234567,2.143812904206407
-175.19442696430687,43.56430009166624,241.983277298266,0.451516705762891,46.70974016601042,2.2908935923234552,17,D06_px-1055_py-0118,0.29195425823421645,2.2908935923234552,2.539822226883162,1.4524537307458807,2.5049602968769564,1.5328960962624905
-260.36981929754984,70.09491763727885,243.82754734195444,0.6232397929423312,15.360609829912562,2.271635039091069,17,D06_px-1055_py-0118,0.40299175894961886,2.271635039091069,2.835759064367667,2.444550890736955,2.2101127600926027,1.8408221470573245
162.27332989940297,70.14325550137842,241.3480090479329,0.4443591240002225,48.33670414064687,-0.1989809702928208,9,D06_px-1055_py-0118,0.2873261094911043,0.1989809702928208,1.434594564206497,2.1564242328226655,1.9772928768220823,2.1470326661533807
-124.22988498783744,88.4609712108196,235.63029540108616,0.3982226372764972,60.01072785324618,1.9158291472413571,16,D06_px-1055_py-0118,0.25749389379002796,1.9158291472413571,2.0857765213396178,1.8883328889190338,1.5999560065883907,1.9036959286145283
-227.21629530808465,93.893727176235,244.69464405048024,0.5785336969114748,23.38928604774918,2.142749578965955,16,D06_px-1055_py-0118,0.3740844451367596,2.142749578965955,1.4563601738741632,0.9219346088804243,2.4893730833594234,2.6455706900070157
154.2719059332617,103.40590874019496,244.1533053402528,0.459189847810488,43.27656181988221,-0.0164771641947407,10,D06_px-1055_py-0118,0.29691577231827865,0.0164771641947407,1.79762767697625,2.8498811160410247,1.4951580263600994,1.4473543518214023
248.75645762170785,104.64963783100336,237.6761756062269,0.6358102580489627,20.24382535671026,-0.2087641807475377,9,D06_px-1055_py-0118,0.41111992069651326,0.2087641807475377,2.5816986801375172,1.432305582209405,1.9530000849633091,2.217655469716986
-242.5243298791473,110.835660594929,243.75181434497443,0.6181124266777553,16.552276440045148,2.105946299546863,16,D06_px-1055_py-0118,0.3996763635381908,2.105946299546863,2.006755915121749,1.90289358452601,1.576532071329817,1.5927797590244472
-129.48413516256804,108.2211766997012,243.7881322189793,0.4228046007192294,48.31526534640818,1.838428436160665,16,D06_px-1055_py-0118,0.273388784967393,1.838428436160665,1.9681251309765289,2.094678751703267,1.761745721960334,2.0377799281219104
78.69004249623659,116.46184586932176,244.6200060124619,0.3574357981075091,54.520088558672114,0.3696054132741085,11,D06_px-1055_py-0118,0.23112080233335547,0.3696054132741085,1.9955759213642237,1.9526892352245973,2.449858265932792,1.3349930718488292
235.76937330127265,113.79153153109978,243.2113471425961,0.6104987522032171,18.813808800733057,-0.1573168076975905,10,D06_px-1055_py-0118,0.39475330165525374,0.1573168076975905,1.918096000331171,2.1317896102587914,1.997357058205258,2.2339425166164295
11.686619710188166,131.7701896190794,240.71903053323484,0.3430819184239522,60.02819223468401,0.8753588366781265,13,D06_px-1055_py-0118,0.22183947067428564,0.8753588366781265,2.207391832541729,1.7454545096791896,1.6485918386690175,2.106459282432115
248.50121617104656,120.57203438210756,237.9519122015109,0.6463749580686274,17.56028378213165,-0.1552443314467758,10,D06_px-1055_py-0118,0.4179511389401367,0.1552443314467758,2.2413873524935184,1.8266172761937225,2.3286493115699773,1.8555293553277266
155.14443831070994,132.30895734729694,243.288003495406,0.4988170501686103,38.59753391621405,0.0991444759900899,10,D06_px-1055_py-0118,0.3225390334793802,0.0991444759900899,1.6636379259804768,1.701325145814328,2.6931241019089094,1.7245890209195507
-90.00826856137958,136.52859417209942,245.3964434538398,0.4087534896248074,48.21592284030652,1.5466763456024544,15,D06_px-1055_py-0118,0.2643032258627587,1.5466763456024544,1.5204006525739269,2.1255335488631397,1.7551354500217702,2.5522562944190508
244.46790510333287,140.65499270100022,243.2332239469124,0.6458733450744367,11.0595937145913,-0.0848810789421543,10,D06_px-1055_py-0118,0.4176267920272309,0.0848810789421543,2.501070362319015,0.8252679323457319,1.9814085172727791,1.572005662905097
235.65143384168303,150.5832485979591,242.8015093259024,0.6426428648263064,12.337124616711208,-0.0383701107027955,10,D06_px-1055_py-0118,0.41553793805450884,0.0383701107027955,1.3947550886000237,3.176711721205421,2.1611240247900687,2.2616513245615155
30.89827585717321,149.5573547728474,245.07673316162416,0.3848414286171587,51.22718278321816,0.7600849654169154,12,D06_px-1055_py-0118,0.2488414988762814,0.7600849654169154,1.6200930041652701,2.1877927086915303,2.135135123416722,2.035694617845516
31.40954921118324,161.2779265739733,243.4586867198726,0.413399625992799,49.78975797547872,0.7714703502941557,12,D06_px-1055_py-0118,0.26730745423273694,0.7714703502941557,2.4467087722531264,1.2274559332009878,2.0676712901548453,2.3013129444600455
-3.797721589047919,168.9125929081941,243.97643721947435,0.4229614103664608,48.08989680343126,0.9862963614639734,13,D06_px-1055_py-0118,0.27349017932037506,0.9862963614639734,2.016362944867291,2.6010664231083456,2.057826278650155,2.6213095802648194
-44.57385677860263,168.63220413971072,241.0346249528436,0.4396638625194136,49.27632002854887,1.2222325398070644,14,D06_px-1055_py-0118,0.2842901164362535,1.2222325398070644,1.7833331094510616,2.420113758796964,2.805573357185386,1.5567439134164085
44.77995903859944,168.0450668305017,243.896715448674,0.4340061377608945,46.8245036737332,0.7033925210295308,12,D06_px-1055_py-0118,0.28063178704537106,0.7033925210295308,1.171203970786232,2.3712515980413507,2.536596925017062,2.15059650314544
-57.45036807803768,177.30413210581244,243.95098794719385,0.4609258287396196,43.2680577206778,1.2771635078383916,14,D06_px-1055_py-0118,0.2980382712601883,1.2771635078383916,2.2990631814654496,2.0305931060327254,1.5281091786557093,2.2814415884121226
187.36362518650813,194.6834066114015,243.37918621317263,0.6250923026112986,15.512613238028337,0.1975756603079713,11,D06_px-1055_py-0118,0.4041896062925234,0.1975756603079713,2.369345378901598,1.9482188962812081,2.0013051306819287,1.743833335578857
-181.94290801078247,199.09361350556028,241.7857173503044,0.6273473656658375,16.990893474269797,1.7042346575899754,15,D06_px-1055_py-0118,0.4056477478251758,1.7042346575899754,1.6743912660820337,2.2501602981572573,1.7422217107606175,2.0872031079142532
190.5570578369855,204.5524994152032,232.34931159060469,0.6637132914552317,20.67584360511153,0.2138255013481388,11,D06_px-1055_py-0118,0.4291622418700953,0.2138255013481388,2.4534492045932748,1.2266756956281908,1.614593594407033,1.7180955264743747
193.4605152353037,220.38904478359856,237.5865728322874,0.6761413700136224,11.0430652571078,0.2433954351955617,11,D06_px-1055_py-0118,0.43719833535341585,0.2433954351955617,1.6224794946367744,2.1764891721686936,2.3006108593745926,1.5848407013237944
122.23779761681185,222.86862554604576,238.2498302698372,0.606342208292577,25.709820686513467,0.4621454108664421,11,D06_px-1055_py-0118,0.3920656476243835,0.4621454108664421,2.1746436879491533,1.9667636085575064,1.484103610028315,2.378307951585226
-95.19321285083711,235.3570448004422,240.23347960591644,0.601894374650035,24.1919558473482,1.3481646420308588,14,D06_px-1055_py-0118,0.38918964335857575,1.3481646420308588,1.4247660457345321,1.7367669737673128,1.9859610648698989,2.8496256972907363
-109.15274993002272,249.7406834732108,242.20053379701992,0.631526750109965,15.566569971925162,1.3758615192172217,14,D06_px-1055_py-0118,0.4083501707248982,1.3758615192172217,2.1192514300585694,1.4404146971209655,1.8721704275179754,1.1585790287769098
-45.186345524076174,252.19456492861195,242.4575426518597,0.6018597563447846,21.50071086398094,1.1411081443024238,13,D06_px-1055_py-0118,0.3891672588897362,1.1411081443024238,2.670768025203707,1.8171971392183426,1.0836651946562612,1.8192798683620408
-125.38467439014354,259.390526950816,246.3058851526344,0.6500662217683919,6.231380119839173,1.4140817244547017,14,D06_px-1055_py-0118,0.4203379391219611,1.4140817244547017,1.6351667999828026,2.0016103811228456,2.5918984294164416,1.2530371909910296
36.04807010152119,-284.1371924515035,244.25099454862288,0.6512673222532367,8.532080966741546,-2.051581498234799,4,D06_px-1055_py-0118,0.42111458015570785,2.051581498234799,2.5265322843156306,2.635636807245838,2.732306624922937,1.4463073327936953
-84.60319341427906,-262.69335562592147,242.34899458114512,0.6372019723685605,14.126131117221746,-2.489346925307748,2,D06_px-1055_py-0118,0.4120198141371459,2.489346925307748,1.4229577978008237,3.010252942847774,2.0008813912289525,1.8131637639068487
100.81327861302672,-257.3864591567676,241.68801028632163,0.6392790761429132,14.484817327907308,-1.8044619016257288,5,D06_px-1055_py-0118,0.41336288579756664,1.8044619016257288,1.7214683219443319,2.428192246228443,1.9809726869037758,2.116817156618234
50.982568584305625,-256.0366985254024,240.72421481705985,0.6140197684565389,21.121873082699267,-1.981224562593571,4,D06_px-1055_py-0118,0.39703001849728575,1.981224562593571,3.0644416541045,1.7025395574212039,2.493225256519986,1.9130280364197327
66.39958834316478,-248.812432728766,241.894474695682,0.6053282482195973,21.48122768965294,-1.9169873402505784,4,D06_px-1055_py-0118,0.3914100130549256,1.9169873402505784,2.5507110657419725,2.410994012637376,1.8150788484418463,2.0384740083595885
141.65027573727963,-229.0654145717729,243.3379230977164,0.6236378555718189,15.877805075536171,-1.623948621244053,5,D06_px-1055_py-0118,0.4032491493811124,1.623948621244053,2.062569091580167,2.5487694743993217,1.0737097149123431,2.11078522860029
152.13531109291134,-213.23457935359144,244.51534089340828,0.6082574904751088,17.688816581920207,-1.5580703343345732,5,D06_px-1055_py-0118,0.3933040841689749,1.5580703343345732,2.037170522579251,2.634067215923076,1.842616140835511,2.44910378108571
131.01115942815446,-202.8347987702141,243.34537802019605,0.572838314537182,26.073160613810444,-1.6042877227866486,5,D06_px-1055_py-0118,0.37040176603491465,1.6042877227866486,2.200485626412344,1.9256741048885577,1.4967292954522906,1.6523764736481819
-29.95678826583108,-180.4769594434833,243.27730250118444,0.4546513054493719,44.85865564436324,-2.3422629459355844,3,D06_px-1055_py-0118,0.2939811150805904,2.3422629459355844,2.637756356668182,1.445180147855412,2.089788194940347,0.9551384491013477
-139.47002539890988,-178.38216462315947,244.8878765764773,0.5411667581616751,29.92982299960965,-2.841358047054218,1,D06_px-1055_py-0118,0.3499226882273483,2.841358047054218,1.5086783657592218,2.482910866050895,2.232253474275759,1.9108382199960696
110.68096598098508,-174.641457516829,240.4301128867197,0.5097074266083254,40.20155764539248,-1.6129012033209769,5,D06_px-1055_py-0118,0.32958083666133836,1.6129012033209769,2.619688687106823,1.5366305880570246,2.0873909056542863,1.5717047104484936
13.875468213000463,-165.28382301101692,241.58579384781493,0.419747383787307,51.09293479739142,-2.094022897503432,4,D06_px-1055_py-0118,0.2714119644196076,2.094022897503432,1.754431666619177,1.8704508975004221,2.333994085057013,2.397543255733368
-71.34073706642906,-150.57062996347076,241.5285724782423,0.4215199134421371,50.94579682806869,-2.6202466683647234,2,D06_px-1055_py-0118,0.2725580960554231,2.6202466683647234,1.1737229469793302,2.7277660373508033,2.8381240741195315,2.1868676330880605
-211.01677689717067,-152.3803017506898,245.1595212057888,0.6040510226532506,17.77369680622263,-3.1231516290558834,1,D06_px-1055_py-0118,0.3905841489438946,3.1231516290558834,2.645838232813226,1.7680474422762298,1.7212948427147752,1.3238250589318836
-89.31550092827925,-145.03592626777854,242.7113402016222,0.4279647628366284,48.87310526301036,-2.729743958350186,2,D06_px-1055_py-0118,0.27672538643556693,2.729743958350186,1.4326611191022847,2.7699199597923454,2.220079596150617,2.7286063717352222
-83.85109800716508,-128.72111580286654,244.5288288034736,0.3876902680612351,51.51247532392961,-2.755146431068474,2,D06_px-1055_py-0118,0.25068358089917886,2.755146431068474,1.905880764450549,1.1243695273146042,2.625689188209096,1.969129214167558
-27.889500915205016,-129.9668743217924,244.11788634593088,0.3401752394753092,56.686779655098405,-2.3891594337889037,3,D06_px-1055_py-0118,0.21995998917217324,2.3891594337889037,1.396336259287133,2.47746717993629,2.364758529753727,2.128560402039011
95.58172121172876,-124.93209633757304,241.32442253988728,0.4007587986822877,53.55273717245615,-1.5246999005437405,5,D06_px-1055_py-0118,0.25913379573061895,1.5246999005437405,2.694223197891235,1.378552615117128,1.9275298584224752,2.2507234978150104
181.79245354901687,-107.29958330745472,244.29022334390663,0.5117655174962372,35.45639863196527,-1.1401851469032382,7,D06_px-1055_py-0118,0.33091161443963485,1.1401851469032382,1.9081530454796343,1.8223079105256337,2.655641867069104,1.5571937909783231
165.67189567880482,-99.1695033738764,243.60126632518288,0.4757393534315864,41.61264377629999,-1.1463614595295364,7,D06_px-1055_py-0118,0.30761681300200494,1.1463614595295364,2.025954371855064,1.4330358144092967,2.433216702276864,2.7754175122542826
-258.4269989866332,-97.78316202986387,243.71220968129,0.635087161525065,12.903321221587989,2.896342272641048,19,D06_px-1055_py-0118,0.4106523607888247,2.896342272641048,2.3502085727095445,2.2227737513967996,1.4876480703719845,2.536543713218137
-148.05401465014168,-89.06106588473125,244.11423361307249,0.431180839391424,46.93554977518727,3.076167448837327,19,D06_px-1055_py-0118,0.27880492686673075,3.076167448837327,3.391727991896708,2.4955965748682742,1.7328858197870556,2.388157289732563
206.2580807322003,-91.82852161344368,232.4360116924448,0.5631711186470311,40.75594246902273,-1.0258444207836597,7,D06_px-1055_py-0118,0.3641508810304603,1.0258444207836597,1.993580405851767,2.177430381964843,2.6360059964071496,1.9131634423696378
288.35872626359173,-67.97455886419391,243.32414871086115,0.6694843561758177,5.337567133167795,-0.8384823747013682,7,D06_px-1055_py-0118,0.4328938577731515,0.8384823747013682,2.1920065454442286,2.641716310529584,2.1466947047392226,2.3996799591021434
-158.34928014478987,-62.90766560492784,243.8315886104373,0.4263530805247481,47.83834779912456,2.9127651850401364,19,D06_px-1055_py-0118,0.2756832599585871,2.9127651850401364,2.1406498083044627,2.2680238031711886,1.5990412952535475,1.7772937734513599
210.52197677811537,-51.40540980562002,243.63441862199423,0.5242059131462836,34.22039572307716,-0.8464737796543571,7,D06_px-1055_py-0118,0.3389556722514333,0.8464737796543571,1.8961810683099822,2.4407174112869088,2.836360305883844,1.6834256264935676
-218.7911170231854,-41.59576165548952,241.19134132272129,0.5405619147196356,34.34482837816546,2.722487331434781,18,D06_px-1055_py-0118,0.34953159169378784,2.722487331434781,1.949967578410057,1.7754155120083501,1.9523804442736878,2.215801958234793
270.729265695501,-41.73303132045309,242.51927695428603,0.6332984496224556,14.78129346510832,-0.7599260824438689,8,D06_px-1055_py-0118,0.40949576558413864,0.7599260824438689,2.3248722736677236,1.5151065029547097,2.1595500766577613,1.6707534329427118
274.9986115885164,-28.23762144268366,239.71920792579024,0.6432329112792967,16.055130640037873,-0.7093036887747124,8,D06_px-1055_py-0118,0.4159194667384043,0.7093036887747124,2.3796747812505354,1.9516230456031736,1.9577873599516376,2.1206736684321035
277.6862508293003,-8.59546640338233,235.54170456029863,0.6540841664960744,18.8443974822236,-0.637923529699714,8,D06_px-1055_py-0118,0.42293597382948006,0.637923529699714,1.948704993170235,2.0085957357240387,2.4109475018304254,1.8190165228182882
-228.1429900292572,6.955321130202667,244.7116485162996,0.5450185708162547,29.47081769490672,2.504135886908003,18,D06_px-1055_py-0118,0.35241330062789034,2.504135886908003,1.7551003092596307,2.6294307953904577,2.7246959023267396,1.915082094324267
164.3634776776558,14.001701981588806,243.78488287473007,0.4143620493527496,49.320991958406296,-0.5219972763406455,8,D06_px-1055_py-0118,0.2679297647576308,0.5219972763406455,2.1163313588122312,2.781330523686498,1.74332311333759,1.5354463340017492
-278.11157647740373,19.229744229425723,243.0697934147057,0.6406032613785522,12.46430007670068,2.465579006119417,17,D06_px-1055_py-0118,0.41421911440063114,2.465579006119417,1.6894050275668584,2.3518176662607155,1.8858037884263634,2.439354472094012
208.9525676518098,20.31432001430919,240.42053315416555,0.5162452114872615,39.19636624067812,-0.5100643359256327,8,D06_px-1055_py-0118,0.3338082198577135,0.5100643359256327,1.547612835716032,1.664388686479077,1.8838548862348405,1.0913125114957758
-260.496826783262,27.58719128110696,242.42347530290013,0.6123115265735594,19.399153859881096,2.4291041701880465,17,D06_px-1055_py-0118,0.3959254558410995,2.4291041701880465,2.226247810571989,2.8874211528438822,2.2093564676878614,1.9499475497773695
-222.2325070949348,38.86716782009811,243.3469806507269,0.5423376092709282,31.527479819049688,2.361470151386181,17,D06_px-1055_py-0118,0.3506797697765838,2.361470151386181,3.3161046166265504,1.9210565850876065,2.4308857876572523,1.6466190429554006
-272.6034149479484,40.26144180876346,237.47878198341297,0.6462047560965424,18.19117028042291,2.387980794819629,17,D06_px-1055_py-0118,0.4178410850044221,2.387980794819629,1.693083406872096,1.7824434074426083,2.405050522053871,2.026690570883965
-275.48496344111726,71.16031867624113,240.3570126628544,0.655833367920179,12.36959055692904,2.2818293917244223,17,D06_px-1055_py-0118,0.424067021247568,2.2818293917244223,1.893864667605238,2.4567342916705712,3.1137780638382004,2.0966106699554135
-218.7220168800553,70.05389093305081,242.0658770812838,0.5526127945243815,31.247263910190497,2.2246495579783905,17,D06_px-1055_py-0118,0.3573237854920654,2.2246495579783905,1.834158131464554,1.8594949136758998,1.4818416625883988,1.4074704468991914
-237.9772760574457,75.93923989217029,240.55345094590683,0.5937391176619893,25.419937259186952,2.22572415526404,17,D06_px-1055_py-0118,0.3839163899567301,2.22572415526404,2.2297793213431816,1.7524143109234234,2.1361491763708016,1.0822643953726954
239.1612453444487,93.5889890894678,243.32492120623297,0.6013036151691769,20.56110487095708,-0.2339767476320879,9,D06_px-1055_py-0118,0.38880765362524494,0.2339767476320879,2.158579844388907,1.479063024193965,1.77787362520188,2.1533356488303133
263.8375576073881,98.0052630581935,241.7792689717249,0.6477477115919102,12.451418967271875,-0.2513154835289312,9,D06_px-1055_py-0118,0.4188387721805309,0.2513154835289312,2.3804002948306113,2.4342620127794854,2.6102400714302543,1.8292116945786927
-258.9015576454677,99.93990500657576,242.4538473619521,0.6396582659588489,13.44532310615972,2.166220539444529,17,D06_px-1055_py-0118,0.4136080729191692,2.166220539444529,0.9948344002883676,1.2398082330884712,1.783173302298501,0.9517631298262411
221.2829876228112,113.17662608378905,244.4147975939018,0.5840598989458881,22.661676894236564,-0.1342087714629195,10,D06_px-1055_py-0118,0.3776577308983207,0.1342087714629195,2.152109209083,2.238026213866835,0.9533797477886374,2.128759759328591
-130.61142169172783,122.50487555201671,242.63047069796755,0.4472994949650808,46.538402394349646,1.7812309772133044,15,D06_px-1055_py-0118,0.2892273765162705,1.7812309772133044,1.3506765379479995,1.5535866486380152,1.9624882003097042,2.5507247106886113
-242.05375630159057,138.663061746531,241.74266209889043,0.6435423726006197,13.456209660883133,2.014388138996376,16,D06_px-1055_py-0118,0.41611956686618673,2.014388138996376,2.061763620204937,1.9732986374134271,1.6133017086821493,1.5213530051425286
197.00522070046185,143.85693254524688,242.8641252863863,0.5783935181761852,25.60214238918928,0.0237410017602812,10,D06_px-1055_py-0118,0.3739938044624294,0.0237410017602812,2.216660224463574,1.827869416023099,1.951053974844752,2.589347408426302
74.82908897175793,148.5978970114103,241.6490296552649,0.4207935944987168,50.89993608451738,0.4973191667550259,12,D06_px-1055_py-0118,0.27208845250589053,0.4973191667550259,2.5833365551428678,1.4743270872863588,2.4696692767427537,2.487492297041408
53.4574240181823,152.61597488931767,244.09686853138624,0.4066105281545361,49.87825227155815,0.6268978048810679,12,D06_px-1055_py-0118,0.26291757009744104,0.6268978048810679,1.9175932213168114,1.2343044167624058,1.945933658848233,2.277073456103475
-71.12290655141403,163.21028438343637,243.4965662020415,0.4436532429109961,46.047589339722606,1.3747781671412715,14,D06_px-1055_py-0118,0.28686968121906853,1.3747781671412715,2.655229049666578,1.214604017875589,2.337754837845469,1.4196373572703012
12.141988756106036,165.07062926950783,240.8133819234229,0.420156257750141,51.890623668390674,0.8903927011956575,13,D06_px-1055_py-0118,0.27167634554439624,0.8903927011956575,2.0531801459509262,2.206352328662408,1.677487219276535,1.7774971603947725
-16.97013506702503,182.02757993014765,244.0880444204681,0.4530615520560308,44.16685717625677,1.05677646848941,13,D06_px-1055_py-0118,0.2929531680150571,1.05677646848941,2.126912101189915,1.759888546068819,1.728386737018495,1.7326695882307988
154.4076820282237,195.4316952495104,242.8481824461312,0.5879910526558167,23.77894579560484,0.2951507945839181,11,D06_px-1055_py-0118,0.3801996458501667,0.2951507945839181,1.6509207359595464,2.0148413218936243,2.5187420814396035,2.5592256286307964
160.7551785913988,211.2876972283716,241.8342006254932,0.6197825252639207,18.55202816092361,0.3134169632637131,11,D06_px-1055_py-0118,0.4007562624382284,0.3134169632637131,2.843937877042312,1.9178568038158776,1.9255744442360794,0.9850413042510701
-24.570784744704323,214.14372262305383,242.8647235793777,0.5232548881051686,35.26351366365384,1.0780569036319418,13,D06_px-1055_py-0118,0.3383407319692753,1.0780569036319418,1.901145878299734,2.169462445658267,2.8575329143080115,3.4589583023509167
-174.8996351911329,230.69573924866955,234.28323497100337,0.6766862158594873,15.146749959348426,1.6125070918138409,15,D06_px-1055_py-0118,0.43755063696872976,1.6125070918138409,1.3345261683230376,2.127317561732655,2.145559880462863,1.8773283260420546
-75.31141099620613,231.2760298831452,241.2746685305605,0.5800678122114218,27.184639164006285,1.2786223010213449,14,D06_px-1055_py-0118,0.37507641617288107,1.2786223010213449,1.5471025486624892,1.9565174396331517,2.140050910129739,2.3759897720093717
-28.53499773412986,241.9363916799766,237.87787789194,0.5873137710117674,29.88142144068832,1.081218628595217,13,D06_px-1055_py-0118,0.3797617102046406,1.081218628595217,2.3188669530094588,1.4754482199416175,1.9254900369639811,1.8686221692224123
-122.89627990717236,244.8781468009567,236.09818446051983,0.6462544575521969,19.909343568756185,1.428956950266104,14,D06_px-1055_py-0118,0.41787322235711266,1.428956950266104,2.3457414789455395,2.7292739467151517,2.2120276700602175,2.680203899773688
50.42139018827155,243.4732574409332,241.3200641312868,0.5901098294675328,25.204609276841097,0.7596112935171845,12,D06_px-1055_py-0118,0.38156966362477646,0.7596112935171845,1.0337097010290561,2.6568803729973123,2.240562657297459,2.1410207357290325
-96.39616927179338,261.5468214997519,240.69890690954463,0.6452544509432108,14.373620688994096,1.3169311100536771,14,D06_px-1055_py-0118,0.4172266102073749,1.3169311100536771,1.3865816416053316,1.7334246818447872,1.7945739448583862,1.7429688566894415
40.02374630604794,272.7038895018848,241.20712254296024,0.6388445684187407,15.181063076425405,0.8180908609865224,12,D06_px-1055_py-0118,0.4130819296807968,0.8180908609865224,1.3133673646130388,2.191651573453383,1.0397702569471239,1.8379703331987782
-13.203518035556778,286.8882828421477,241.2335258259817,0.6585813660749428,10.61752301355483,1.0098075459778633,13,D06_px-1055_py-0118,0.42584389849853815,1.0098075459778633,2.254580566256765,1.3623924378007315,1.8534909420087815,2.1554786047756376
-36.85156224993193,-287.10688948820393,238.1017327464004,0.6687431231052062,12.175545831114505,-2.3054327165075144,3,D06_px-1055_py-0118,0.43241457063150873,2.3054327165075144,2.4012268348246,1.8651033639182226,1.8150324816645993,2.4174207556435032
65.35877202820399,-282.62727725673733,242.7815639764103,0.6603392318095053,8.241481698691814,-1.9505165201010009,4,D06_px-1055_py-0118,0.426980548328011,1.9505165201010009,2.0061642363419527,1.6916585309390553,1.6539364647275816,1.872691958818675
95.8114527364094,-276.2190151529831,241.212339213472,0.667282071634106,8.565183673424826,-1.843894233338922,4,D06_px-1055_py-0118,0.4314698432425933,1.843894233338922,2.5179073681250594,1.9436386362402143,2.3140965729044947,2.206909539101944
-106.94863705162508,-273.4007788771364,241.651361150136,0.6684067915205172,7.733246690961096,-2.5506548527675674,2,D06_px-1055_py-0118,0.43219709597979517,2.5506548527675674,2.3172909345009307,1.7071231143101242,1.7222110986210752,1.6692142751538155
126.73990059551662,-258.98564063495473,244.81254580849296,0.6533814595194635,7.328497400264496,-1.7226680512545558,5,D06_px-1055_py-0118,0.42248159796366175,1.7226680512545558,1.2570717487209628,1.3759451772138906,2.559484729071668,1.699881803852643
-108.14104076880076,-257.65121427972974,240.573693770487,0.6466761285051836,14.20745427584177,-2.5751647333812566,2,D06_px-1055_py-0118,0.41814587811652726,2.5751647333812566,1.5306410256948884,2.5362131238392567,2.4490075007258696,1.2510853794297736
-101.03208642690946,-238.7735467551524,242.5136624168601,0.6073003579447022,20.32465790370969,-2.578060949618661,2,D06_px-1055_py-0118,0.3926851947361364,2.578060949618661,1.496741877980755,3.238256016232905,3.196056007291002,1.681689565304173
80.36903050538984,-236.2404988644772,236.97262687786952,0.6002224685270253,28.477431585594783,-1.8498580385206789,4,D06_px-1055_py-0118,0.38810857569097795,1.8498580385206789,1.600506329411338,1.6336732435127448,2.099562071400756,1.817646512924839
172.8150358426863,-233.98506130938216,242.95298582885405,0.661329761587796,7.787449748917936,-1.541628267086615,5,D06_px-1055_py-0118,0.4276210326843786,1.541628267086615,2.2428433681790603,2.887760417294399,1.3108140692595505,1.0216697419546192
-176.04071487358186,-230.47179944671265,240.52861276611583,0.6647386249107007,10.046985749795567,-2.830068036826036,1,D06_px-1055_py-0118,0.4298252305582511,2.830068036826036,2.3715324722301605,1.4311369970766763,1.992233897973148,2.057229502055711
88.92017410444754,-218.6919138593412,239.2349305194084,0.570322311783214,31.42474248509416,-1.791592642261274,5,D06_px-1055_py-0118,0.36877489883736797,1.791592642261274,0.7929263456736295,2.440267342853568,2.7316090221454337,1.882764966348771
-167.65531605175067,-210.39823143927697,242.74166748352096,0.624277453486114,16.47460781064666,-2.8505916194475853,1,D06_px-1055_py-0118,0.4036627184301704,2.8505916194475853,2.707534025936525,1.854218033887016,1.5151716226821286,2.8755050994918685
-150.43411369207274,-201.2978547362928,243.31993092965,0.5912140920701221,22.58077107503084,-2.8195602001844846,1,D06_px-1055_py-0118,0.38228368852113115,2.8195602001844846,2.719430400719947,1.7853886556160805,2.1061127350706337,1.851242502548688
-88.87553837227388,-196.3785568301005,241.1343429451785,0.526365398775774,36.75940207327892,-2.6027670339111797,2,D06_px-1055_py-0118,0.34035201266825144,2.6027670339111797,1.963350697243186,1.9660683328882287,1.9989253689721043,1.7660854133251873
175.7032550127081,-196.46194269203127,242.1001108133214,0.6158365051042746,19.058175091387625,-1.4480981111787938,6,D06_px-1055_py-0118,0.39820473472290224,1.4480981111787938,1.8000474642938302,1.3050116919761245,1.3511632343947526,1.932444751627171
44.35073314589151,-191.97619245394776,244.1603330514776,0.483084173073567,39.93299360684654,-1.9507369895479547,4,D06_px-1055_py-0118,0.31236603123262485,1.9507369895479547,1.5106330906448633,3.156035630247783,2.1326192242126263,2.6543731860638378
107.6969022054423,-192.3489507387624,242.5740439100482,0.5335588801471373,33.9094577295229,-1.667360798271651,5,D06_px-1055_py-0118,0.3450033743811022,1.667360798271651,1.6200955789655909,1.3055212488611314,1.3242617792998335,2.787072537112828
77.17578235608838,-184.6537430357504,245.4725371166917,0.4873134939487705,37.83243582891231,-1.7818928966916507,5,D06_px-1055_py-0118,0.31510074342199607,1.7818928966916507,2.4838350964602536,2.547763375465009,1.9987801807133754,1.8009970340961263
186.50578500774537,-183.6276748823257,241.707737775284,0.6133042826445797,20.06755043839371,-1.384601980706963,6,D06_px-1055_py-0118,0.3965673797358811,1.384601980706963,1.080072486263533,1.718658589674501,2.671396128273324,2.2419073423191276
19.784089440668577,-183.285278647265,235.9240838318185,0.4699530908216567,51.03324150300551,-2.0702506658384303,4,D06_px-1055_py-0118,0.3038753700239958,2.0702506658384303,1.9069799022901062,1.7122632391821373,2.044293955921356,2.5596649762885355
-43.54683245723418,-180.71857572962628,239.54813728712784,0.4671653555685264,47.34737154776855,-2.4142329824789464,3,D06_px-1055_py-0118,0.30207279845223994,2.4142329824789464,2.393243437719752,1.719650423791641,2.154842023429811,1.2728676164736008
-15.096038634073397,-177.71185428139586,241.20123751504173,0.4480324572091176,48.029417372034345,-2.262519132350763,3,D06_px-1055_py-0118,0.2897013156763064,2.262519132350763,1.732973599796893,1.7082457472256523,2.080488457015132,1.776584303902057
169.34665406648455,-175.77963537670502,241.25916685162275,0.5817059444371773,26.89283646946592,-1.4110150365658942,6,D06_px-1055_py-0118,0.3761356453725005,1.4110150365658942,2.2613173952928154,1.9610457938048769,1.8446199635433598,1.8705328761621416
149.45038552864415,-175.95304044544037,241.5006756844756,0.5559718270665961,31.32071528189755,-1.4736438536662453,6,D06_px-1055_py-0118,0.35949576239066067,1.4736438536662453,2.3116374352396,2.2955496643574547,1.6158778776946572,2.155953932651813
225.2214534558856,-174.2099497525947,237.01520992359505,0.6629655152606074,14.928252614620362,-1.2653549953711145,6,D06_px-1055_py-0118,0.42867872389293016,1.2653549953711145,1.7763056253396166,1.7299255506879447,1.853684274291664,2.680249008499238
-131.324933533195,-168.43394273012896,241.54750254419872,0.521637947962571,37.04372147524776,-2.84000448453504,1,D06_px-1055_py-0118,0.3372952057375413,2.84000448453504,2.696103216660269,2.0667127476759672,2.026667818120167,1.9714160082603258
62.10193898637324,-160.5995666920504,238.3160172585622,0.4390652111183127,52.3547474923198,-1.8087976795087144,5,D06_px-1055_py-0118,0.28390302372513454,1.8087976795087144,1.0664879797436981,2.3326016938804477,0.8225081865646351,2.4804086820327713
77.18809427184877,-154.33270698863737,248.1916090929257,0.4244513133478347,43.28441656287714,-1.7140155603457417,5,D06_px-1055_py-0118,0.27445356232307705,1.7140155603457417,1.8158692102294727,1.6066683711591996,2.850648825883698,1.8475043496258612
250.18910190271265,-148.2211619085468,241.5911564477921,0.6639128091493526,8.895427612817969,-1.141819091213061,7,D06_px-1055_py-0118,0.4292912515825781,1.141819091213061,1.453759721112929,2.9188372930611433,2.0834872657999814,2.3398814413088225
-129.51737963068308,-133.2843497749732,240.6768121550662,0.4651846781883803,46.35175495698997,-2.9488411171514675,1,D06_px-1055_py-0118,0.3007920768577979,2.9488411171514675,2.1381749032655204,1.51738529870414,1.6085137969706278,1.6941082261410028
68.14431888886799,-132.43872485426942,244.7669522085381,0.3766452563447388,52.42637698319396,-1.702568220249955,5,D06_px-1055_py-0118,0.24354178932929774,1.702568220249955,1.872243619782489,1.7960775255182608,1.5776264245981795,1.9033463254053111
-244.2391578602821,-129.84410281881063,242.7646206942625,0.6374686648268566,13.549384923774085,3.0232409574446635,19,D06_px-1055_py-0118,0.41219225958123407,3.0232409574446635,2.267721956084088,1.1314682996399172,1.4125526947070457,2.1077205505656735
118.6640093165983,-124.51836560366613,240.1970834411136,0.4356412623989735,50.70104402758176,-1.4164469794864147,6,D06_px-1055_py-0118,0.28168907151511013,1.4164469794864147,2.2169958106256553,2.301462902211953,1.5656622184244313,1.1801558047319638
-194.48738506317568,-121.1655892317672,241.77673900876496,0.5521263295160638,31.67212396820895,3.0917727505557773,19,D06_px-1055_py-0118,0.3570092333861354,3.0917727505557773,2.400194896716262,1.28807719207636,2.082586391568532,1.6747372499909905
159.88390139778045,-118.4192291018331,241.75050973983792,0.491218429554012,41.47535801521059,-1.2444746532648474,6,D06_px-1055_py-0118,0.31762570554084923,1.2444746532648474,2.226373586064226,2.2479011329591065,2.8917865537348284,2.38616615534021
-239.6383945889757,-98.95112234357576,241.7661765827148,0.6087393607965152,20.939901749282967,2.926206278068069,19,D06_px-1055_py-0118,0.39361566531415887,2.926206278068069,3.262885904058866,1.0440484525221663,2.1970210344253527,1.0638669302494133
226.1427640274649,-87.55357537486054,237.89284617820795,0.5851734726877066,30.26936973896369,-0.9763687241162712,7,D06_px-1055_py-0118,0.37837777645063847,0.9763687241162712,2.2712322470915325,1.7762975544512698,2.8177113924500805,3.122395385616489
192.7442579062143,-82.91579680932317,242.4917458212096,0.512335759094382,37.429998629888246,-1.0132341847864614,7,D06_px-1055_py-0118,0.3312803371483979,1.0132341847864614,0.9360123620026708,1.8828635946179668,1.264711499217316,1.810002385423007
159.8168904660386,-79.6474511621742,240.91440598614045,0.4489621293555118,48.22805428205567,-1.069319822076944,7,D06_px-1055_py-0118,0.29030244900855584,1.069319822076944,1.6089933837757124,1.6125077189120565,2.2177772086515626,2.2894369341561447
-266.06980705061386,-66.58891009194734,241.419550616178,0.6360761189996171,15.532406892167728,2.7798445405325745,18,D06_px-1055_py-0118,0.41129182848121104,2.7798445405325745,2.4848576043244233,1.798052104242719,2.1227020289001564,2.0356994474993257
224.39215258921945,-66.58006740703075,236.1598457121776,0.5723042680786304,34.720364664027215,-0.8954180029431329,7,D06_px-1055_py-0118,0.3700564473884969,0.8954180029431329,2.0493719931336605,2.322292079813124,1.8734056984554956,2.36021894866589
-221.27491365738967,-62.19678840489591,243.5356550257221,0.5502671397750588,29.93297878977279,2.808626527535094,18,D06_px-1055_py-0118,0.35580706665603695,2.808626527535094,2.267827298984657,1.412164344478747,1.719121003772282,2.5901444502694804
-202.45399293080564,-61.50769896996297,241.6234462314498,0.5174713292331413,37.61950281290194,2.8295623378845063,19,D06_px-1055_py-0118,0.33460103724948925,2.8295623378845063,2.208008148871453,2.088871244357742,2.6187950754617613,1.500102953984956
187.7151590738976,-54.88524614375426,244.14514811472705,0.4800605500156417,40.38544254600595,-0.891436262141932,7,D06_px-1055_py-0118,0.3104109327483618,0.891436262141932,1.5579552841581619,2.0027920041594793,2.4704546114699877,1.088572495650867
-233.79361576042373,-54.61313965960471,241.3861567299428,0.5739131111989424,28.205126213169933,2.764093683271516,18,D06_px-1055_py-0118,0.37109673802184623,2.764093683271516,2.5600436312626518,2.2210101989110775,2.153895010020479,2.2478291180272434
213.2985059266966,-27.831301238280467,241.5603329547256,0.5246982474926375,36.53670265634145,-0.7367270468468138,8,D06_px-1055_py-0118,0.33927401951756625,0.7367270468468138,1.9702723096322403,1.846965241314196,1.7343469571046435,2.2832715005774413
143.40503585810333,-18.480891634897645,244.3560041184022,0.3671775766525162,53.83695092963802,-0.7351451080209201,8,D06_px-1055_py-0118,0.23741991306987634,0.7351451080209201,2.0143601842494543,2.128723977865481,1.5940425352307686,1.952404115545975
265.65061152165435,-15.9740424515393,223.75672024126607,0.6581176690259422,32.81742563727573,-0.6670389869221931,8,D06_px-1055_py-0118,0.4255440683344302,0.6670389869221931,1.8896574189212134,0.9211799442631505,0.6999596229577052,1.1430110585394566
-229.3747117358548,-15.148783693250518,242.60141502510464,0.5520291779946853,30.72057592765799,2.6005611758608627,18,D06_px-1055_py-0118,0.35694641444721603,2.6005611758608627,2.086416308613069,2.26213169170548,2.36360134256216,1.0557745256650164
-240.92851587018487,-0.0769326442749528,242.34583663063785,0.5736982481685589,27.102429312603704,2.5349324390496224,18,D06_px-1055_py-0118,0.3709578058940713,2.5349324390496224,1.8321555278054984,2.1767813316534794,2.506563216269201,2.0080990468366293
-252.65917942338507,13.797050755931474,239.98645051661467,0.6008214882396224,24.705902749257177,2.4800599439516406,17,D06_px-1055_py-0118,0.3884959065552114,2.4800599439516406,2.441264586776173,1.8768095775695501,2.0330857568282097,1.6464130861977575
-168.19923187541633,11.009842785939904,233.7309157722027,0.4383439340971299,57.50769542420522,2.4692492163199784,17,D06_px-1055_py-0118,0.2834366403222325,2.4692492163199784,2.6813761966388094,2.113824754671887,2.4696038237414037,2.042732652392772
-176.99889688462198,29.44814959552445,241.4583730637919,0.4499766217251626,47.493050156414256,2.3697484717439474,17,D06_px-1055_py-0118,0.29095842776523384,2.3697484717439474,0.8675629389709096,1.8496941502210809,1.8343409092205274,1.862028648531302
226.06012642206056,31.461367668570293,241.4076155743791,0.5510440973240889,32.29440806587502,-0.4686952112851391,9,D06_px-1055_py-0118,0.35630945352680243,0.4686952112851391,2.9375529504340347,1.1067489386143934,2.066568835237149,2.0990538292087346
-273.44421511000115,53.8052793660864,240.70313977367783,0.6451463775009756,14.392828115024372,2.340326444462199,17,D06_px-1055_py-0118,0.4171567290684051,2.340326444462199,1.2698205953090276,1.6779723909530229,2.275140624009705,2.6582685550641116
-159.74157761755163,70.35497078298354,241.7322144343076,0.4388267920310504,48.61045955428739,2.119746113803174,16,D06_px-1055_py-0118,0.2837488600654468,2.119746113803174,1.8549828287227386,1.6745196175477524,1.999596831953087,2.0629979547187394
-252.5862374805148,85.04814547861761,244.77305835007937,0.6159083106356326,15.768431730433008,2.209827244289845,17,D06_px-1055_py-0118,0.39825116474504135,2.209827244289845,2.2479065593970837,1.7009629024535617,1.3490337677212771,1.9029699469697858
-264.4515256008972,84.8798147741417,241.54684102283807,0.6418311055130123,14.087617614162523,2.2240346111086446,17,D06_px-1055_py-0118,0.4150130480888606,2.2240346111086446,0.9420507405556373,2.1258869361608306,2.208865394487113,1.6392451949776925
176.13097533470915,83.26192303434019,240.550665456866,0.4845661871588637,43.797480745541804,-0.1653871350863057,9,D06_px-1055_py-0118,0.31332431321298787,0.1653871350863057,1.748744713118749,3.3281609478775325,1.5633680110519363,1.9350380443246962
156.31474514660016,84.4759119971168,242.43845624429528,0.4445727193374803,47.10165353401055,-0.1115196747532435,10,D06_px-1055_py-0118,0.28746422191851945,0.1115196747532435,1.008374160405903,2.398971301585202,2.457189187603537,1.8673982987215942
-149.71514548657612,92.97136602893086,239.3126566346976,0.4464387496874654,50.32770230071981,1.978903767570478,16,D06_px-1055_py-0118,0.28867081184026316,1.978903767570478,1.9261677918409041,2.2752214504428316,1.3538024936061226,2.0609984695766164
76.39370867350888,85.05219155768994,242.7936100519269,0.2970104836448392,61.732962596863786,0.2319981637295876,11,D06_px-1055_py-0118,0.1920493180729652,0.2319981637295876,2.8529234301014412,2.166044984023115,2.3891604977665546,1.5415401821622028
-222.7540568628832,105.67225569315504,239.80874720346333,0.5891098015341496,27.21657064271733,2.091662759738248,16,D06_px-1055_py-0118,0.3809230376865156,2.091662759738248,2.2273959899453892,2.5209712719583486,2.038430275594069,1.8652483352405347
-162.254270639062,136.2831342066529,245.1073589956132,0.5119521669277665,34.48970857277732,1.835991070498522,16,D06_px-1055_py-0118,0.33103230343217144,1.835991070498522,2.0298459671401945,1.5762729316184245,1.9297255069864776,1.8770782413889526
-210.79108208495185,139.83354453471844,243.10865787582105,0.59466042752057,22.154483524288423,1.9488927933129463,16,D06_px-1055_py-0118,0.38451211616781533,1.9488927933129463,1.2018253566355064,0.6744084146483245,2.064629085899097,1.9665693123274979
-231.9595524482956,153.3863166025247,242.103043460598,0.6413286385131495,13.5066600160294,1.9503607128143077,16,D06_px-1055_py-0118,0.4146881489691608,1.9503607128143077,1.952326186877324,1.9834736649462616,2.769881634481731,2.6158408874120838
154.772888442514,154.49065351097423,242.0477053102964,0.5309950347067691,34.94495754790114,0.1775060285086039,11,D06_px-1055_py-0118,0.3433455717257051,0.1775060285086039,2.651250060355877,2.2080878681091,2.7601793215181445,2.077927095614048
-177.7998165610755,170.18962777400606,237.7362422955972,0.5923294016206808,29.091235692035752,1.7710804949647634,15,D06_px-1055_py-0118,0.3830048564610521,1.7710804949647634,1.1440456184181824,1.1852670934721035,1.9539713111339538,2.1443731867713396
-35.82379498951538,180.48577194083103,239.63279365058216,0.4629394251407633,47.82104822101587,1.159755608571437,14,D06_px-1055_py-0118,0.2993402785528879,1.159755608571437,1.5295226855362862,2.838657603521786,1.8559755326998855,1.6091061238108564
104.45208297433624,181.6523926295521,243.9027555683392,0.5092912474609129,36.28818071266375,0.4419744178672856,11,D06_px-1055_py-0118,0.3293117319466633,0.4419744178672856,1.8806837030308863,2.961611728944261,1.8043799540550784,1.7656111470934048
147.59598775166725,183.5066556907181,240.33533785043525,0.5671229326180157,30.70071023268946,0.286454152513665,11,D06_px-1055_py-0118,0.36670615506983173,0.286454152513665,1.9491105559875819,2.1231295855928582,1.5036046157709086,1.1776272458127375
10.039320750134772,186.6012731197772,240.91023278629524,0.4669996505021165,45.84435658370478,0.9100676914987096,13,D06_px-1055_py-0118,0.30196565225115396,0.9100676914987096,2.391243529240387,1.7050778783027811,2.2722327303868735,1.9807818155350874
-201.11782995167604,194.41214136507168,239.43069110623523,0.6494786472071178,15.002340348592895,1.7661670143787864,15,D06_px-1055_py-0118,0.4199580087827188,1.7661670143787864,2.003691759987907,1.3593675812007628,2.2543702928725606,2.031187349067139
7.710427387982795,206.5444301215653,243.4313409967748,0.5042933306300411,37.60065577313407,0.9265035220132068,13,D06_px-1055_py-0118,0.32608003955865283,0.9265035220132068,1.7435288064873304,1.365668462394993,0.9909169185123232,2.22733100689754
-85.05844921838852,202.8428492110756,243.77239145596576,0.5304283379826229,33.03887024093672,1.360876613979813,14,D06_px-1055_py-0118,0.34297914116039013,1.360876613979813,2.4644444558210856,1.3526126884307805,1.759518638480963,2.0147644420886888
-88.2350333596628,220.95066603933043,239.27929935070264,0.5737697712654435,30.740337193205164,1.343756397220306,14,D06_px-1055_py-0118,0.3710040532918554,1.343756397220306,1.5414424989828572,1.0338021100491912,1.4886712220877474,2.5608764343525143
175.88523014557782,226.13524887697227,239.8926428583746,0.6600842355912562,11.959475618816668,0.3027674024129653,11,D06_px-1055_py-0118,0.4268156657648605,0.3027674024129653,1.9529738250771143,2.03649878750796,1.6788577057719194,1.0319237826873635
100.45849583916964,229.39152900108584,240.29647412266496,0.5953938476673242,25.4054061479315,0.5510416020533536,12,D06_px-1055_py-0118,0.3849863514113549,0.5510416020533536,1.665461667887057,2.542494798398036,2.2518573819719476,1.9278514833897868
-2.4558467126562915,249.15338285693923,234.71614672703024,0.6039928626158745,30.47390052728258,0.9736732422460352,13,D06_px-1055_py-0118,0.3905465422056404,0.9736732422460352,1.819473357444648,2.7800508346233137,2.482465184934798,0.9835149054894774
73.65152688467533,269.0661366435921,235.85901542010788,0.6554207948488252,18.13942917448992,0.6966314916021553,12,D06_px-1055_py-0118,0.42380024825007506,0.6966314916021553,0.9457709243893639,1.6141676549860555,0.9819920083351144,1.7689503726644302
24.972886119595,286.54126636124863,243.04317725355224,0.6556996165796953,9.011833775849992,0.8768836112447381,13,D06_px-1055_py-0118,0.4239805365773436,0.8768836112447381,2.541825526177232,2.7375269964242253,1.522920124037533,2.0403345904265633
-55.83105748506122,-275.09726182049724,239.71823823504644,0.650591277353334,14.386559145789818,-2.3780065791680287,3,D06_px-1055_py-0118,0.42067744419868797,2.3780065791680287,2.537903757003236,1.9990684840789137,2.566463499214894,1.2272676515440057
66.25855762477369,-265.2768367696896,228.368928040902,0.6613347202145573,26.266435657340367,-1.9330123929509364,4,D06_px-1055_py-0118,0.4276242389714982,1.9330123929509364,1.7013251352139585,2.238794408331259,1.8393524665199428,2.1628283527616428
19.95701514913864,-262.73423749786764,240.9694584001309,0.6179048353160713,20.009952393380445,-2.1019624996061177,4,D06_px-1055_py-0118,0.3995421333286709,2.1019624996061177,2.4699539957042282,1.979940364804171,1.7530612137128296,2.252105769253536
-161.0672286321167,-247.65021042861625,241.68141911011568,0.6713971594588635,6.964656962187178,-2.7544195437763324,2,D06_px-1055_py-0118,0.4341306914418106,2.7544195437763324,2.468385428084011,2.1596197111560906,2.469931930702278,1.6021145360056561
134.71515893118504,-248.0054676965591,235.78143425812928,0.661215501286945,16.901401666205572,-1.6801727567183402,5,D06_px-1055_py-0118,0.4275471510738982,1.6801727567183402,2.0320282652533592,2.2864761650318917,1.1036486339385014,1.5558986767944603
20.84512190765613,-235.6600324474454,242.63108077460964,0.564895106537999,28.385751017871826,-2.0895512649645527,4,D06_px-1055_py-0118,0.3652656251794323,2.0895512649645527,1.656424946926096,2.328998626635415,2.409492541167977,2.8483942277168883
-150.11000674793863,-232.9169582014445,236.7805313573414,0.6503000348633612,18.14435308669215,-2.750259840227544,2,D06_px-1055_py-0118,0.4204891245107539,2.750259840227544,1.6131793736955817,2.4475517583902446,1.5345471662063543,2.7456653836167266
-32.96481895983342,-226.00562248535493,238.45621003581067,0.5568572791098736,34.750369129526575,-2.322612903495973,3,D06_px-1055_py-0118,0.36006830265594336,2.322612903495973,2.4544046842247447,2.723118831581682,1.73967198665392,1.4271845457124588
155.68531930540522,-223.60934119752,239.2788115708053,0.6371734026239744,17.952185188941996,-1.569579194893858,5,D06_px-1055_py-0118,0.4120013407152722,1.569579194893858,1.7283914351699363,2.4615438330089328,1.5572602991633908,1.815450695512228
24.637294523588302,-223.9934593576021,244.69091680898245,0.5393949595749487,30.462854638637225,-2.068225092218914,4,D06_px-1055_py-0118,0.34877702930592663,2.068225092218914,2.406425183868781,1.2770949654771546,1.4726236384358795,2.401329204279265
-7.356225114472705,-213.23049863372432,241.6383083115444,0.5210260527643352,37.03691468474875,-2.2122611167964945,3,D06_px-1055_py-0118,0.33689954948288253,2.2122611167964945,1.8428162198323932,1.2385054394975374,2.37719871501766,1.023376134822347
-130.1888476411103,-203.4776675770628,241.18757797538268,0.5770846365463251,27.85005131030244,-2.7469605288196246,2,D06_px-1055_py-0118,0.3731474712913975,2.7469605288196246,3.0165654837829092,2.1616850128144263,2.5834667636217965,1.6207022852451392
14.884117949906374,-198.47361490017565,241.3101022186509,0.4921209382559176,41.84251984365619,-2.1029230411707056,4,D06_px-1055_py-0118,0.31820927477594446,2.1029230411707056,2.20272366702624,2.5110121924395026,2.2730103320502364,2.054442684423525
150.20656979178486,-198.4745340677576,241.1152902154384,0.590997992725397,25.27823502213903,-1.529933596316603,5,D06_px-1055_py-0118,0.3821439569827653,1.529933596316603,2.5108771811340214,2.0294373264243912,2.29286162554436,3.2348294429593087
-5.910811120376663,-195.80636489460127,241.22761065440665,0.4856789662658179,42.87250673656189,-2.207953716653128,3,D06_px-1055_py-0118,0.3140438449481436,2.207953716653128,1.9024120834829235,1.7413606849420709,1.1469940258929356,1.6811555136666985
30.223567238298475,-189.48805273838016,242.98486070451207,0.4742308797695862,42.51800529486775,-2.019607007169995,4,D06_px-1055_py-0118,0.30664142205094147,2.019607007169995,1.8808217884217302,2.253547168706136,1.7950675034474648,2.526705951481495
-122.8142152558864,-176.11708594530572,242.40095732951545,0.5223959270675743,35.93741761119935,-2.786717131889217,2,D06_px-1055_py-0118,0.3377853209969188,2.786717131889217,1.5740731796127945,2.198552445741225,1.3907251894191255,3.4111395320217643
29.088049976720114,-169.11478015725478,239.63926791081627,0.4356231383710246,51.31855708272332,-2.0074407548423063,4,D06_px-1055_py-0118,0.28167735237588787,2.0074407548423063,2.2986443237682384,2.0961873497006867,1.6796280914556914,1.9141332298761553
97.71826641639868,-167.5357971394706,237.8502144832364,0.4873839346469265,46.44888498469618,-1.6497501706607625,5,D06_px-1055_py-0118,0.3151462909322369,1.6497501706607625,2.0409928601403524,2.573206223433313,2.14965631982935,2.083798334165217
150.84652720219825,-157.61850432486608,242.51301860458955,0.5291344460199228,34.71181189462328,-1.4143279611745276,6,D06_px-1055_py-0118,0.34214250042620714,1.4143279611745276,1.9107727881937429,2.6122154950006427,2.124385816460239,1.3905193748988158
94.72858947631782,-146.34047061541733,241.0556380995273,0.4394111382662057,49.284753023980784,-1.6032894759950698,5,D06_px-1055_py-0118,0.28412670294359343,1.6032894759950698,2.2356789487063646,1.6368791936005,2.4617305869304804,2.222520270666411
122.45772331981182,-147.74518241031654,242.8439852590218,0.4744960317920411,42.63918939054332,-1.4856928197932795,6,D06_px-1055_py-0118,0.30681287143708175,1.4856928197932795,2.2991466847516255,1.6548101913790858,2.194649014153422,2.1163517872913733
164.72974386226085,-138.80163104273055,239.36781541698767,0.5292759853622588,38.33232537579579,-1.3071630346517011,6,D06_px-1055_py-0118,0.3422340208797702,1.3071630346517011,1.4327531976311052,3.445481733908024,2.4636941721677985,1.853159354408517
82.84209366843373,-134.73888679011154,241.8624809890089,0.4019343398106619,52.83730140291726,-1.626520105566943,5,D06_px-1055_py-0118,0.25989390988315825,1.626520105566943,2.542210742188419,1.897426241648294,2.2214947757617445,1.512724334135406
-186.96884907444243,-134.0732349974233,241.26416270322875,0.5548843985964436,31.790791211444684,-3.126469177021518,1,D06_px-1055_py-0118,0.35879262257693056,3.126469177021518,1.654728844664755,1.9821817722608626,2.0555144178640035,2.3320566548355623
248.1926081124385,-132.61247331171683,231.98089391682805,0.6676698855876922,20.227120384345824,-1.097699064393102,7,D06_px-1055_py-0118,0.4317206067995271,1.097699064393102,2.096690689261779,2.1073441292126676,1.8132161613985112,1.8880195774177886
-274.64955290451064,-117.63979343898173,243.6082084879525,0.6730431432476118,4.095872259801411,2.93929831098259,19,D06_px-1055_py-0118,0.43519499752390256,2.93929831098259,1.3683554265230717,2.3805801570295975,2.0572393726734375,2.3927471843502426
217.63506039699607,-121.71047821807414,229.6075382170993,0.6146790839110182,34.59225561776026,-1.11688996826234,7,D06_px-1055_py-0118,0.3974563370631285,1.11688996826234,1.9892983737184937,2.011385824331669,1.3435357866011088,1.0489854353635075
249.86619208257216,-111.4181673021091,239.3606451201896,0.6389612264595125,17.455312596908186,-1.026428123587805,7,D06_px-1055_py-0118,0.41315736168879535,1.026428123587805,2.5978507972363594,1.7649491649133697,1.4776605858097716,2.7049690943806346
-145.86081964768582,-106.9346711360238,239.41307522436688,0.4564462664665504,48.92537564701331,-3.1159567996591013,1,D06_px-1055_py-0118,0.2951417510119769,3.1159567996591013,1.6553469788930826,1.6826916232678237,1.3163666796387234,2.0876175455337975
-166.26462657206886,-97.49243469859528,239.91355337419108,0.4812433494036773,44.98942499614145,3.064949584304398,19,D06_px-1055_py-0118,0.31117574014876653,3.064949584304398,1.763484641444987,2.0464661667286137,1.2701913474350346,2.05719660533642
-248.24198077778533,-84.82286782410063,240.2452341625008,0.6172476508656302,21.03601461144996,2.8638695705437094,19,D06_px-1055_py-0118,0.3991171926868237,2.8638695705437094,1.7817651000293027,1.9961620192797986,2.022155588330906,2.078774516213408
214.5215744546533,-77.66645719219171,213.1060111749984,0.6079558092848473,56.01729920493892,-0.954344280997991,7,D06_px-1055_py-0118,0.39310901473521564,0.954344280997991,3.1079604122948874,2.4183077549269374,1.6177161281743753,2.3092240096197862
-248.30745753882192,-70.93535318830513,239.9511840256252,0.6104205402035109,22.8087359128906,2.81287690738997,19,D06_px-1055_py-0118,0.3947027291602213,2.81287690738997,1.0927724888390817,2.0037132229353682,1.4438892535877417,1.5795731331670366
-187.35165186182144,-67.004595371665,236.4331163255722,0.5005485532279526,46.1489876354251,2.8780786103874307,19,D06_px-1055_py-0118,0.32365863699541486,2.8780786103874307,2.092637900789269,3.1290064168877763,1.684795251749561,1.519896502743805
275.6497861876131,-58.45222771041344,235.34713298678744,0.6613307591401056,17.424929700799453,-0.8159367251548184,8,D06_px-1055_py-0118,0.42762167770955906,0.8159367251548184,2.023430579735933,1.2850389136613263,1.878219340760313,1.5926094395368955
-251.7525962104254,-57.17158597929396,240.0783786091324,0.6100291663863355,22.73367989452879,2.7579200767621144,18,D06_px-1055_py-0118,0.39444966376745216,2.7579200767621144,2.6530144560738096,2.1844488412033614,1.6978702352193165,2.5772151729524637
-189.8005427793803,-31.575736141359567,226.72978287794763,0.504076827424197,56.70783118124245,2.6994660608471306,18,D06_px-1055_py-0118,0.32594004688050654,2.6994660608471306,1.5252593082829455,1.855600859412991,1.935098272858354,1.3408996109075342
-290.4316793831083,-29.59742961488587,236.5446589779503,0.6760866460240671,12.39217770652118,2.636170926331989,18,D06_px-1055_py-0118,0.437162950390746,2.636170926331989,1.8953293952067463,2.3535274839429032,2.455389199382869,1.9954220173179618
-209.2516191436813,7.352285345369077,237.2024787826585,0.5209024894596955,42.17078106873339,2.499491472336949,18,D06_px-1055_py-0118,0.33681965247687895,2.499491472336949,1.718454588538998,1.7312709660722185,2.3363771264766315,2.328703261465021
196.1306682073252,36.320932536316725,235.7435448352627,0.50282225622122,46.59966703275228,-0.4238665533230266,9,D06_px-1055_py-0118,0.3251288312592633,0.4238665533230266,2.535549840867468,2.2460294864669006,1.8836110755355668,2.4424016622599685
197.5645228469187,67.02068315293288,241.45897005888668,0.5117103183216564,38.712276528156906,-0.2799274490323786,9,D06_px-1055_py-0118,0.3308759222185848,0.2799274490323786,1.1388890141414003,1.317586098208,2.4210320735587008,1.730381126776737
122.12981560073813,78.08479652524642,243.83852072707649,0.3687408603695487,54.23389366193493,-0.0381212134554368,10,D06_px-1055_py-0118,0.23843074463422498,0.0381212134554368,2.275660929365282,1.9480030637380472,2.2257898755333043,1.5667434425063882
-161.5685581406632,82.84749394558555,240.2731593107765,0.4565798878424804,47.94963122449445,2.0608018573874127,16,D06_px-1055_py-0118,0.29522815164609734,2.0608018573874127,1.856564244408451,2.1947406705447703,2.026748168976666,3.0433388702824065
-242.4869485378078,94.43115796788132,241.6969218552398,0.6106108463282308,20.63896804605577,2.1632538056923165,17,D06_px-1055_py-0118,0.3948257825993763,2.1632538056923165,1.4134131600553463,2.05896210587032,2.1982382997425733,2.197690612284667
-97.5098613511834,151.42983377867486,243.4109956919274,0.448299067718439,45.54305446348371,1.5359113970292255,15,D06_px-1055_py-0118,0.28987370813154206,1.5359113970292255,1.7580923786283986,2.3523778810207907,1.6111450155105838,2.434931525363697
-179.49637756313254,155.90410161800753,238.7514859146735,0.5744560098106375,31.24258725721154,1.8194399059685908,16,D06_px-1055_py-0118,0.37144778054020894,1.8194399059685908,1.2816707100504077,1.8507435759245863,1.7868418293557284,2.077853264023095
-90.10580699828655,153.1278603950004,231.00882862601856,0.4635857111060848,57.37616011682877,1.4956892870564746,15,D06_px-1055_py-0118,0.2997581721484168,1.4956892870564746,1.9496001016926403,0.8448269323446345,2.640741809784076,1.9418026545595537
110.15530180804454,158.20464040199855,242.76127583723843,0.4764959933932839,42.4509874751659,0.3555893936397981,11,D06_px-1055_py-0118,0.3081060623607735,0.3555893936397981,1.390094461616582,2.2993415454901753,2.4106460677839476,1.2980922779988413
98.55313576016722,166.5607651881863,241.1505454464557,0.4808191152461755,43.65416295735736,0.4295264533096085,11,D06_px-1055_py-0118,0.3109014270011239,0.4295264533096085,1.9161061229449956,2.5582310791588023,2.4429513813885895,2.3639602165607854
-129.24366197919434,177.32235283837474,241.81551607547985,0.5328954897685513,34.90039301161937,1.5936522715120724,15,D06_px-1055_py-0118,0.3445744209372367,1.5936522715120724,1.6349251215884253,2.4824471765617315,1.907400135118039,1.9948408418084833
160.99387647024898,179.18621543914574,240.7740525889384,0.5765902567541654,28.435886567546333,0.2318462894627471,11,D06_px-1055_py-0118,0.37282780142389593,0.2318462894627471,1.679186461817596,1.4839261655436502,1.6874529080445406,2.348324777683313
65.94875501564422,186.2198755698648,241.6375266182178,0.4884609046258533,42.00610764223177,0.6234545034531017,12,D06_px-1055_py-0118,0.31584266820316603,0.6234545034531017,0.736713584219032,2.22695374316269,1.5968709246881851,1.7313441675852932
-60.263225844180745,194.88848420005323,242.1952266033893,0.5009015221651252,39.5277992489913,1.2637097985612846,14,D06_px-1055_py-0118,0.32388686949028533,1.2637097985612846,1.870494301314685,1.3524138348611199,2.1639386991741163,2.0050979155823607
-5.201827562383939,196.90150089034293,242.7565269500878,0.4853292752439617,41.19430633906455,0.9902290765808414,13,D06_px-1055_py-0118,0.3138177319791346,0.9902290765808414,1.457812012521412,3.0019188749214782,2.1272566834544913,2.229282614440267
59.49356153538325,198.569184075178,243.08847244755853,0.5061217382333839,37.711353841204925,0.6727166896241484,12,D06_px-1055_py-0118,0.32726230231608905,0.6727166896241484,2.6357314673509737,2.294955498590339,1.317790801444092,1.5923695579003847
63.55048857308378,214.75947770874384,241.71674105623225,0.5420823151242655,33.47424425724114,0.6761121742538697,12,D06_px-1055_py-0118,0.35051469457057455,0.6761121742538697,2.810842499887144,2.614926895347285,2.729806960969521,1.8866643508955356
-12.587229433528188,216.80781856720063,229.34799307915864,0.5517345435286549,46.33492041240527,1.0218087796267938,13,D06_px-1055_py-0118,0.35675590148084685,1.0218087796267938,2.651026262594373,1.3219339498729648,1.7165954741013107,1.9015996723625652
44.80793439109815,221.216338895936,240.75375029287284,0.5472884450126729,33.710589773933634,0.763968065558608,12,D06_px-1055_py-0118,0.3538810191615392,0.763968065558608,1.714840513941443,2.3744742357183837,1.6224719264919396,1.7402870700686295
-161.95516127431762,226.1203319344958,239.6217961948688,0.6463590441224007,15.47201551163124,1.585355440923252,15,D06_px-1055_py-0118,0.41794084885716326,1.585355440923252,2.1603141878656564,1.070884089959222,1.5678535004757128,2.389817169766552
71.37464975500646,227.0849237483804,242.10862265897327,0.5686534097039967,28.317873939211893,0.6592854630836281,12,D06_px-1055_py-0118,0.3676957736081471,0.6592854630836281,2.0887392127012636,1.517033392250333,1.7002912498749971,0.9463306051009646
-130.0680451121107,227.92716366274232,234.96422018315843,0.6279472329023917,25.290447964881366,1.4823804530821216,14,D06_px-1055_py-0118,0.4060356267050753,1.4823804530821216,2.8700401892303997,1.8719651436962028,2.575854798309786,2.1687272569152727
-3.9756898975921415,229.8635276324263,239.72914338320743,0.5574073454972411,33.15411149869158,0.9811109414962204,13,D06_px-1055_py-0118,0.3604239799145115,0.9811109414962204,0.2703581644125248,2.562952283543629,2.2028826903751644,2.161700550371733
-112.12207373950493,230.70227552002385,238.9224444752124,0.609271220447473,24.298253888944032,1.4162044993166991,14,D06_px-1055_py-0118,0.39395956995356246,1.4162044993166991,0.6561432401255298,1.9582748141470918,0.8514068242580823,1.492566911079522
-31.18463120772687,266.1298381615466,240.54669936198485,0.626685516808006,18.66377454931194,1.0804631149645427,13,D06_px-1055_py-0118,0.4052197911407717,1.0804631149645427,1.641894388323044,2.2854979687350063,2.599800664765026,1.7692746623153517
51.0709644187089,-272.80891376702635,239.5002668559129,0.6455850261843875,15.799266734410082,-1.992713713440496,4,D06_px-1055_py-0118,0.4174403627620346,1.992713713440496,1.9291963772579943,2.79948438377639,2.662334153047171,1.6999521899898933
-59.90533087908077,-259.2813102549791,238.97658178827373,0.6265249341039426,20.63654597193897,-2.4048353470816477,3,D06_px-1055_py-0118,0.4051159570995243,2.4048353470816477,2.1046677249776984,2.2068020698768973,2.3168523669959784,2.3748318756967812
13.007534813045735,-247.5615876236852,236.9332981303912,0.5972411803450851,29.10851558018516,-2.1252815090734787,4,D06_px-1055_py-0118,0.38618085127096974,2.1252815090734787,1.7851106095172549,1.5573223307753745,2.350466006034652,1.7640204424825212
38.29874055453397,-233.07943563085783,242.9705885093992,0.5635461905688192,28.22925532577352,-2.014914933825698,4,D06_px-1055_py-0118,0.3643934054892731,2.014914933825698,1.8618261729287973,2.4694020974466175,1.5974938386775621,3.4232836117917143
198.49190440532783,-220.46997687680184,239.1316428624117,0.6786110162473914,8.452585365303833,-1.4447880607162955,6,D06_px-1055_py-0118,0.43879522805988325,1.4447880607162955,2.112614832990478,1.8005299330004845,1.5252430577636051,2.084948026310363
45.70493771456645,-210.92159423243427,240.993708725575,0.5271488986085859,36.795021756697,-1.9643834013285415,4,D06_px-1055_py-0118,0.3408586298312393,1.9643834013285415,2.6798700673293485,-0.015918180912328772,1.8802288564129235,2.0010800660393624
167.31330806466022,-206.7881714058933,241.2803511021548,0.621773093511048,18.81020935613025,-1.4975077959805292,5,D06_px-1055_py-0118,0.402043379545164,1.4975077959805292,2.7208829616394663,1.8037528112406558,2.309815467906565,2.7342346668299458
-76.41428880274658,-206.29694573481711,241.08318523363425,0.5353611404128527,35.34212909433455,-2.5325156651781606,2,D06_px-1055_py-0118,0.34616873006408383,2.5325156651781606,2.2202258397486787,2.1283813639749685,1.2349237217602869,2.123535625767823
-59.33725355289801,-195.7232817675581,241.53704707196107,0.503137995532389,39.93989667216647,-2.4721375534829906,3,D06_px-1055_py-0118,0.3253329907847275,2.4721375534829906,2.327493041603007,2.5216824685351344,1.894750556394019,2.390800849878632
-71.41351120325076,-189.5400554581589,241.048426108231,0.499904946188335,40.98493314721048,-2.538099736862122,2,D06_px-1055_py-0118,0.3232424756143462,2.538099736862122,2.111683655924619,1.4896555896667127,1.2690871214151596,2.303218632991335
-212.584946729723,-188.3760589905444,238.37291976537568,0.6590113354845031,14.134252476657707,-3.023477978093918,1,D06_px-1055_py-0118,0.42612192010533445,3.023477978093918,2.1056297209041475,2.035009178804482,2.284844045930157,2.2663179081635567
122.30004152648208,-187.0311856907977,240.5095402070808,0.5433142471066559,34.67480061761739,-1.5986625621222288,5,D06_px-1055_py-0118,0.35131127149347285,1.5986625621222288,2.078369554066826,2.4506268920216163,1.8077627415134712,2.217411996264623
-145.20964379956217,-183.3310901347692,233.07004968986843,0.5779459364549869,37.380053152542416,-2.847657960578952,1,D06_px-1055_py-0118,0.37370439459620786,2.847657960578952,1.6290555187260796,1.5404912798538113,1.4237078621197412,0.9426377091770185
134.61345783185004,-176.13214727866017,237.07448225073028,0.5461351458627893,38.2139682064838,-1.5252009541877525,5,D06_px-1055_py-0118,0.3531352868474767,1.5252009541877525,1.8569898802080476,2.654400991448391,2.282852064835404,2.112037830615093
125.71854510320443,-166.173163521564,234.68211437304933,0.5234315507642416,44.68248259220189,-1.5300950006981116,5,D06_px-1055_py-0118,0.33845496343608267,1.5300950006981116,1.4821435855869767,2.3407393246966928,1.002327637256899,1.7797676997011467
-222.5630475222493,-165.27883134203,240.335355179424,0.643346744169936,15.25946859515716,-3.1098137514574966,1,D06_px-1055_py-0118,0.41599307198207536,3.1098137514574966,2.2707032391310884,1.277502702408169,2.238066547197548,1.8533997007800065
-27.97612138353508,-162.07154378145268,242.25689521928848,0.4155833343560824,50.84780891966909,-2.3487073118313035,3,D06_px-1055_py-0118,0.26871945726001156,2.3487073118313035,2.4787942455890155,2.5424155406201283,2.100453122936851,2.855686277847032
-253.56264209499471,-151.8071619558739,243.1875572275196,0.6685576638848613,5.738910176996512,3.074073892491356,19,D06_px-1055_py-0118,0.4322946512388984,3.074073892491356,2.409254073348714,2.263548016166329,1.7142775792068528,1.9404234690799416
107.29586714654856,-136.01644413532225,240.2243596966028,0.4383443821758767,50.33617546934323,-1.5098739655188855,5,D06_px-1055_py-0118,0.28343693005347936,1.5098739655188855,1.44400603283492,1.285557731566544,2.7883736568882,1.7571651600770486
173.3330488984183,-122.6036234703957,239.7764232012211,0.5222440157975753,38.99006127726915,-1.2226078758567098,6,D06_px-1055_py-0118,0.33768709397323643,1.2226078758567098,1.9953404280023388,2.642065985522744,1.347874910711695,1.446218868047413
204.07385694224567,-125.18422704977638,235.82934320213985,0.5832821581862102,33.09830265909244,-1.157212707195733,7,D06_px-1055_py-0118,0.3771548375973816,1.157212707195733,2.6175114129945234,2.110570180814854,1.6331447456917125,1.42161238198402
133.79585610372277,-108.95989196473089,240.89023206857928,0.4357480618053051,49.92327442677521,-1.2904239756438796,6,D06_px-1055_py-0118,0.28175812885242996,1.2904239756438796,1.9902057251718575,2.3166574708936,2.204731233390359,2.382354239272173
150.470711156935,-105.27375723844985,239.08288002369656,0.4630624629664006,48.41924057677488,-1.217456834605978,6,D06_px-1055_py-0118,0.2994198357800297,1.217456834605978,1.6756654052994686,2.382416916946206,2.2387663736425685,2.2542248388592006
216.5522394488441,-99.75292434580042,236.9594691299896,0.5791922180349822,32.5060759797239,-1.038647517086353,7,D06_px-1055_py-0118,0.37451025008193944,1.038647517086353,2.2380927313972334,1.9038883324926714,1.3502777683765594,2.224752639327429
-196.54177625557804,-79.3234628007118,240.34616615525687,0.5204746297925736,38.61437484543649,2.9182155975430257,19,D06_px-1055_py-0118,0.3365429950461603,2.9182155975430257,2.402676334408222,1.4023327884536774,2.626714480927601,2.2070501119126233
-214.00810480228583,-76.36775129150035,242.6115197770083,0.5468493024708834,31.61104066601405,2.8773729951174936,19,D06_px-1055_py-0118,0.35359706613519293,2.8773729951174936,2.8600403602067312,2.1072102657458798,2.429203173926524,1.8984220737576898
259.22202594893736,-70.08953118898523,236.93672253293565,0.63491686572734,21.35679430671456,-0.8710493944796427,7,D06_px-1055_py-0118,0.41054224618471236,0.8710493944796427,1.6990361316802682,2.3665886428577165,1.0482889233218233,2.5604413634811842
-294.96887539497664,-66.56431545154025,267.52628165627675,0.6336357821709048,16.323928293961956,2.7565609601105425,18,D06_px-1055_py-0118,0.4097138874669034,2.7565609601105425,1.19377544294723,1.965152873145184,1.966806596434623,1.0660171285835192
-243.9927956142695,-42.33221106188938,241.49904436541328,0.5879029325577723,25.41744378717931,2.706400846476781,18,D06_px-1055_py-0118,0.38014266670070945,2.706400846476781,1.5125961146223479,2.386111309473638,2.104728539806522,0.9934659850045392
294.1404828609295,-39.35958855146457,236.55407773592623,0.6840843425799624,10.41204729155936,-0.7400015482233324,8,D06_px-1055_py-0118,0.4423343239761675,0.7400015482233324,2.3473020419246358,2.31507526878419,3.164406090792545,1.4037768212890613
-200.6986831426807,-16.627893610882264,240.58607577743555,0.4982964745850923,41.75201449780673,2.617274372646822,18,D06_px-1055_py-0118,0.32220242520686,2.617274372646822,1.0295542484847209,1.8116563296605002,2.389173817319221,2.2910253196418635
-298.6223617640038,-6.860162926353373,240.88938174037943,0.6783860318346074,6.250695712847289,2.557581785127434,18,D06_px-1055_py-0118,0.43864975136652895,2.557581785127434,1.6799534549571906,2.3397628115865636,1.9766317749950846,1.2794078068106431
218.1641803116958,-9.213473951078168,238.70080628134457,0.5364444638293511,37.93345554142667,-0.6491862877539816,8,D06_px-1055_py-0118,0.3468692155177885,0.6491862877539816,1.4895493087975449,3.269587487241735,2.5584915488446343,2.203322453083244
203.0777594759612,-8.339412114853005,240.1695657347011,0.5029024594525735,41.53634331864566,-0.6480215896550616,8,D06_px-1055_py-0118,0.32518069130036237,0.6480215896550616,2.293065517808073,2.333287600986697,2.9070298951844644,1.9628362121221026
-284.39013561870286,1.4263708166646,237.456291722382,0.6614830212229079,14.716657332280306,2.5295976212945464,18,D06_px-1055_py-0118,0.4277201315715632,2.5295976212945464,1.6390626071492616,1.0648424488529769,2.095922973897635,2.2151686243358055
-182.52532096952564,12.936832723096446,241.0648094221776,0.4583460368960791,46.83401563768672,2.463854528779003,17,D06_px-1055_py-0118,0.29637015753490104,2.463854528779003,2.3794401115277575,2.1338786780824215,2.6075606937544813,2.5727340713622464
-218.900956469944,21.350166450860463,242.56006276082536,0.5325763295749694,34.088974532892166,2.43738718532874,17,D06_px-1055_py-0118,0.34436804944226035,2.43738718532874,2.818238435215832,2.473910393431578,1.2880837923227184,1.7473176103008567
-190.967498688481,38.91546104245933,238.232404817568,0.4887234804657718,45.82451364790148,2.333585078973103,17,D06_px-1055_py-0118,0.3160124518093875,2.333585078973103,2.4259546716804694,0.9474234037321523,2.275855882417021,1.9312903882656807
220.58196652756027,52.20250042642314,239.32891097518365,0.5518348243439272,34.597606057478515,-0.3745968662904954,9,D06_px-1055_py-0118,0.35682074384584517,0.3745968662904954,1.7130603265139268,1.7577132320873603,2.174996804794544,2.005786390389421
245.0175619760641,58.30740347050271,239.565227071628,0.5994694581770865,25.48515340908358,-0.3733526555355899,9,D06_px-1055_py-0118,0.3876216732677606,0.3733526555355899,2.347086471672303,2.0467952601492483,2.140935212982397,2.012318200909724
-172.78699409429782,63.38484348792629,238.49630298784425,0.4649276240070156,48.82593264065878,2.183017266148055,17,D06_px-1055_py-0118,0.30062586359948773,2.183017266148055,1.9493558221191412,1.3358172653216327,1.219856006441415,2.0467045847853997
135.75337823966012,64.81739604191043,244.9386037980889,0.3798248545728375,51.908775101507786,-0.1615224429761386,10,D06_px-1055_py-0118,0.24559774258710448,0.1615224429761386,1.4814746338810836,1.0771873110616914,2.1480284302521793,2.1463823645629025
-203.7202197400445,80.2255754888507,241.4469404945688,0.5326108756688759,35.37533976731402,2.159460622491663,17,D06_px-1055_py-0118,0.3443903872186762,2.159460622491663,1.6284290074698105,2.009411648606128,2.7822443597034363,1.954616590168738
142.80638323874183,80.17861574012403,238.03479814282963,0.420539227742392,54.88926224693529,-0.0953882052588223,10,D06_px-1055_py-0118,0.27192397695777815,0.0953882052588223,2.114566022321818,2.243229974904219,1.4657602882021776,2.3085395862779152
188.32604496544064,97.32353427972552,241.5569118602373,0.5183941628814273,37.54986360249069,-0.1299965347411715,10,D06_px-1055_py-0118,0.3351977487549997,0.1299965347411715,1.2644750531363547,2.301995153270696,2.306652000611387,2.327501327697574
286.66467924336666,104.5945440062944,238.7313318955012,0.6932652515520324,5.265996712359481,-0.257121853328301,9,D06_px-1055_py-0118,0.44827077202924165,0.257121853328301,2.194752445715637,2.0784452974289858,1.8100667177787015,1.9545154697855573
137.9868648792773,108.37776198882894,241.2055282821288,0.4416749999686506,48.83451924237789,0.0588082551626349,10,D06_px-1055_py-0118,0.28559053375128285,0.0588082551626349,2.9832895479356023,2.1697320387424965,1.8164258399515851,2.058048809063485
263.8583213856997,117.03098274365796,238.9815038342716,0.6655804921099397,11.812047945051688,-0.1895130478423415,9,D06_px-1055_py-0118,0.43036958852009055,0.1895130478423415,2.3465894459083403,2.621749716748061,1.8849932866828742,1.1952163166235752
198.5986116181353,127.71379358696925,240.33796903103843,0.568312209714113,30.481386829385315,-0.0354879462125179,10,D06_px-1055_py-0118,0.3674751510072896,0.0354879462125179,2.49204247905599,2.0629102321926283,2.16253016633923,1.8999588147469897
-216.5674975375385,130.5097952890923,233.14744962993768,0.6140309454275497,30.389669995350687,1.9922629756283223,16,D06_px-1055_py-0118,0.39703724561477466,1.9922629756283223,2.6269274478202624,2.131234152610607,1.7934505110434948,1.5580742123649503
-140.21367698916467,132.61571269909336,240.72676558598343,0.4803964729429055,44.19196068523559,1.7770565373065788,15,D06_px-1055_py-0118,0.3106281431589655,1.7770565373065788,2.1948657807523446,1.9345488232009258,2.9683591434639824,1.5798677110865391
-124.77529423837512,133.042755523534,241.4711936433964,0.4564108201262817,46.63720753204456,1.71715890470488,15,D06_px-1055_py-0118,0.29511883112917264,1.71715890470488,1.2011738463870354,1.200459576546697,2.1090629038819517,2.2241695824192176
-111.14885817704756,139.678734691071,240.6328457579749,0.4492910478744368,48.49823945414431,1.6359587262454325,15,D06_px-1055_py-0118,0.2905151303135587,1.6359587262454325,1.8717535251833217,1.9857464319477796,1.7514343333588969,2.102924434688269
140.80298249667487,145.7215717609849,246.8925770276536,0.4900696028588564,35.815544179803055,0.1955833252433757,11,D06_px-1055_py-0118,0.31688286515124037,0.1955833252433757,2.158218759754745,2.338081973713292,2.378161802973782,1.3885804730357085
161.09313135410318,160.87463111205884,223.8967311328838,0.5840286244097769,47.26241527563474,0.1777399915444081,11,D06_px-1055_py-0118,0.37763750853694317,0.1777399915444081,1.828237720955877,2.755240202239583,2.9635122318117597,1.60583342642592
64.39660255641535,162.65170355542952,239.75499329977683,0.4428512058961378,50.2912700980566,0.5868350444677447,12,D06_px-1055_py-0118,0.28635107776816476,0.5868350444677447,2.1033491846224273,1.441800130142403,1.9661056161201484,3.0309214645619598
172.1096588036827,167.84423107941953,239.86070080154377,0.5774069040369268,29.373255454103685,0.1658722126576387,11,D06_px-1055_py-0118,0.37335585198910093,0.1658722126576387,1.675621891254351,2.4397788437615824,2.7038649231193537,2.6843964318383917
239.6252971207881,166.27958346690127,232.3276896418829,0.6844306054403784,15.780778918882165,-0.000349158272497,10,D06_px-1055_py-0118,0.44255822026898795,0.000349158272497,1.2664795664683144,1.9014497565296127,1.7873374129424406,1.8866524813304495
122.59687783066178,170.44982439694073,233.1111548291921,0.5296489920770363,45.52181363184212,0.3402846044334613,11,D06_px-1055_py-0118,0.34247520995946373,0.3402846044334613,2.203463602083456,1.6372670549686703,2.579744740830731,1.9958806289364146
-142.7934491497148,172.09442699098994,239.90773029235737,0.5447272829301828,35.13818771146464,1.6564300424559546,15,D06_px-1055_py-0118,0.352224951586481,1.6564300424559546,0.574968689132952,2.2220685337898773,2.285484063883216,2.3325157928693665
-114.584706299768,183.9439723105718,241.5910781058361,0.5278770631894237,35.98520769850728,1.5209280958030376,15,D06_px-1055_py-0118,0.3413294667844629,1.5209280958030376,2.320977041613859,2.0794086729365833,1.8037552360447475,3.06250364986478
-91.4403343182651,189.98081387553523,241.8307862769736,0.5155783821718669,37.67992981206402,1.412403778470119,14,D06_px-1055_py-0118,0.33337704277022134,1.412403778470119,2.1791107208363996,2.2994740128269937,2.5058224096002952,1.6471843523296164
-125.40401949759608,192.0855845243192,240.53475897768809,0.5549253906649657,32.64176129024048,1.542196373870489,15,D06_px-1055_py-0118,0.3588191283713035,1.542196373870489,1.2817498113290284,1.721534546285629,1.5273131341840804,1.635248770196114
109.63515892445842,195.64981879743937,239.9531949474208,0.5459353798138908,34.87931771851976,0.4530512443283273,11,D06_px-1055_py-0118,0.35300611654683856,0.4530512443283273,1.4513625741780978,1.5249169053757181,2.47929847914511,1.2991854322941792
139.8500312481613,195.1730961367281,241.4247339836584,0.573873940820671,28.16646883163997,0.3420738242203037,11,D06_px-1055_py-0118,0.3710714101467377,0.3420738242203037,1.1999552712673354,2.01440638498294,2.779052231891971,2.148564140530118
-193.2873256750144,207.4278070808041,238.1937287218965,0.6584989535380517,14.480382531750308,1.7139414806459126,15,D06_px-1055_py-0118,0.4257906099030772,1.7139414806459126,1.351930632961425,1.7224655775335476,2.372402416368581,2.713132116825653
146.4972448306243,213.52270010379024,235.0745390931325,0.6213892577732355,26.52437348418789,0.3624828978565934,11,D06_px-1055_py-0118,0.4017951883338831,0.3624828978565934,1.7637349962363762,2.3480101312746005,3.1227387797321784,2.2922495657147324
-72.1064578216274,213.97672825965856,240.13717384462973,0.5486074105665317,34.206177232042194,1.2888481849060884,14,D06_px-1055_py-0118,0.3547338726772528,1.2888481849060884,1.5234171790225206,1.7921389161988244,2.531452107727295,2.5985592763257843
-179.80187050092462,213.16588182624864,234.3335097298795,0.6583948074206022,19.38497372440281,1.6645154166434684,15,D06_px-1055_py-0118,0.42572326820324674,1.6645154166434684,2.0291988464088355,1.255743978573142,2.31307412820591,1.6212203893269863
-46.33837226474707,226.136580662734,241.3293682696596,0.5562483558855894,31.473561129455675,1.1659320990725028,14,D06_px-1055_py-0118,0.35967456810304993,1.1659320990725028,1.9066356311526165,1.5956445688085683,2.3548534332412543,2.017894109515148
-14.48414219108232,236.86109740326305,235.111327721914,0.580624021151636,34.4507777028623,1.0248911077413996,13,D06_px-1055_py-0118,0.3754360652545006,1.0248911077413996,2.3034040126315336,2.7894135996759406,1.5094587391282468,2.0848964843761726
-65.06210381731088,243.28235308460884,235.44821977770715,0.6075179174904309,28.88518871977652,1.2251359423334651,14,D06_px-1055_py-0118,0.3928258704519722,1.2251359423334651,1.5569356918783508,1.0809739958226618,1.6909486654608092,1.8615098497702567
-142.20384926083335,244.13104070796305,237.94385085041964,0.6573023218445359,15.074382141467083,1.491261665334923,15,D06_px-1055_py-0118,0.4250168584250014,1.491261665334923,2.0468861892046117,2.0913749613795147,1.9646216530213403,2.01810496222929
41.28926490987256,257.17058504190913,241.3941161855358,0.6116310385139434,20.79789817773008,0.8046233078315675,12,D06_px-1055_py-0118,0.39548544690201337,0.8046233078315675,1.7679708927694469,1.5205235281246665,1.6589374360192386,2.517579512305926
-50.39589769651159,268.49644385280044,235.19542569819785,0.6466873548033548,20.94387268632784,1.149354762209358,13,D06_px-1055_py-0118,0.4181531371293466,1.149354762209358,2.430418379640094,1.7411162017693997,2.6934381412311,1.0302383723838262
-79.95168889490199,269.7596014734014,237.9431437442953,0.655298748194572,15.538737525083604,1.2519503410634465,14,D06_px-1055_py-0118,0.42372133192215705,1.2519503410634465,2.1251887634651463,2.145183387829283,1.2643632872962924,2.1425643545044624
82.34809151792187,-269.6168148638845,235.56618575864167,0.6611085606265485,17.198958878611165,-1.8813481860832284,4,D06_px-1055_py-0118,0.42747800240058753,1.8813481860832284,3.3619954808144374,1.7915353629125317,1.576715051057978,2.335750523221474
86.56680603741856,-254.4449949891596,234.8701196976594,0.6395284096584899,22.926087622552416,-1.849841817860736,4,D06_px-1055_py-0118,0.41352410681256785,1.849841817860736,2.4139219628728474,2.270753391610336,2.219651353890983,2.3417358069419496
-24.875423633593265,-246.2004512275209,238.17918239163828,0.5939633893552295,28.24094062848826,-2.2784714140169244,3,D06_px-1055_py-0118,0.3840614058000138,2.2784714140169244,2.144673654613256,1.8952272777130306,1.6495043461349999,2.2006397123778623
-115.713803148911,-246.0499071031496,238.9941526705592,0.636746030597648,18.400333164878475,-2.6173708954523454,2,D06_px-1055_py-0118,0.4117249985969328,2.6173708954523454,1.2388477465790713,2.508233673657071,2.025513549091113,2.8391894660494508
-134.1412677971746,-238.2793277754591,238.0184172526962,0.6414111482370705,18.585848624094297,-2.690513212351783,2,D06_px-1055_py-0118,0.4147415004065207,2.690513212351783,3.2960286308144235,2.131766758173349,2.2305578526614602,1.431155789198335
97.55456396774198,-231.33037969676263,237.91882950656435,0.6011996209538277,27.13771326186685,-1.778694325334082,5,D06_px-1055_py-0118,0.38874041014650895,1.778694325334082,3.4221339886671784,2.8744484710455165,2.284470191930412,1.9302934690774973
-104.88223176503293,-217.7542468276323,240.2754285626213,0.5790729730935336,28.566293351935315,-2.62663934791067,2,D06_px-1055_py-0118,0.374433145363588,2.62663934791067,2.9409183668768737,2.11537238404135,1.76923162292604,1.77057375537956
125.44513633144877,-215.68033205221403,240.2492916356696,0.5937846898002491,25.77798396031511,-1.6509767503564468,5,D06_px-1055_py-0118,0.3839458572602695,1.6509767503564468,1.8643679534940445,2.2602897047031556,3.1257493933506018,1.3609266323443507
64.33037335266275,-197.4595537279349,232.7150293861738,0.5256277403073967,46.61201612554015,-1.8628294815414368,4,D06_px-1055_py-0118,0.339875036892568,1.8628294815414368,1.73234470115163,2.7303512217923918,1.8724010631664754,2.1141223326799405
-81.33482459977672,-176.96279153884663,240.0909698312518,0.4852273894593449,44.22244842446906,-2.6085971232850005,2,D06_px-1055_py-0118,0.31375185182831683,2.6085971232850005,2.7771500951796355,1.6490032973373234,1.4040888977349963,2.905746142515804
69.21634989057766,-176.44954934788646,239.34401195995463,0.4753730975194701,46.45248004125512,-1.803948602185685,5,D06_px-1055_py-0118,0.30737998904448355,1.803948602185685,2.2770923315741163,2.9416227271411888,2.2400255976479,2.0803216815433503
-157.36354635436857,-171.94140719446995,237.5750287117582,0.5676845610856222,33.87251409250604,-2.9189343314674203,1,D06_px-1055_py-0118,0.3670693084605489,2.9189343314674203,1.129980445289234,1.4235241337797504,2.7488663569130445,1.6353037131706059
-182.948464521882,-161.53634814401877,232.3454761871218,0.5990652727253905,34.30731846096597,-3.02525108382942,1,D06_px-1055_py-0118,0.38736032377120183,3.02525108382942,1.91695021004701,1.8016170013194621,1.3330320413734533,1.6736540530778155
206.27552373482783,-161.7831559058835,236.24918239163827,0.6248561518772456,24.354849731186505,-1.2720775101393909,6,D06_px-1055_py-0118,0.4040369093678871,1.2720775101393909,2.00651403670158,1.1011158679714232,2.627326922718031,2.2494167773268012
222.28997345201705,-158.6282654351712,237.498863630254,0.6418323456349587,19.14099188024068,-1.2267811964021034,6,D06_px-1055_py-0118,0.4150138499614788,1.2267811964021034,2.477665989248524,2.4282767538278502,2.6632528954956527,2.402378889294983
-240.1819055062385,-155.01415513710023,238.5176803225876,0.6618163433452595,13.29309202246435,3.107750013022865,19,D06_px-1055_py-0118,0.42793566028122587,3.107750013022865,2.137308793523774,2.523872804329443,1.9724852124968582,1.8336957861416718
-188.73957362495315,-147.3055160279356,238.0351682219476,0.5790274313790267,31.251392021072206,-3.0858539365844626,1,D06_px-1055_py-0118,0.374403697732287,3.0858539365844626,2.8889999927570322,2.038781781906054,1.8604108998944344,2.006932999168213
-203.09018959832525,-144.2947296045111,240.87394698674183,0.5918811407738525,25.39676326802322,-3.130836729071357,1,D06_px-1055_py-0118,0.3827150074668491,3.130836729071357,2.0077693922003856,2.0438096418795615,0.8782016850889329,2.351275631999415
-114.69908071199144,-146.31948112035786,237.49438825740253,0.4706933968338312,49.17173178856433,-2.842619120880691,1,D06_px-1055_py-0118,0.30435405772235136,2.842619120880691,1.6632654558158746,2.6715752156959485,1.5810925988227476,1.8074449438435427
231.0095947770407,-135.32774382563318,229.18035326580468,0.6494472543157516,27.88005418417731,-1.136899906329342,7,D06_px-1055_py-0118,0.41993770989190105,1.136899906329342,1.6856356895780653,2.5083311757437743,2.2122792163363143,2.2123470908011007
-209.14103047120005,-129.05060244382594,237.1563158564641,0.5927590718004704,29.70754136809768,3.0874755951283936,19,D06_px-1055_py-0118,0.3832826845835218,3.0874755951283936,1.9697040897858504,1.864982054972503,2.546404989690014,2.793113225778315
269.5314319495203,-126.58675412898148,238.3028974684725,0.6821502788047866,8.639106131285246,-1.046057710324121,7,D06_px-1055_py-0118,0.44108374310584275,1.046057710324121,2.2603454428386733,1.8825496216940332,3.0916379446017346,2.479455839284268
114.19156907731504,-112.5921264509474,242.91906576617083,0.4053389792234369,51.30513185252869,-1.3853250889837718,6,D06_px-1055_py-0118,0.26209537654347204,1.3853250889837718,1.781415930062094,2.2694656153929262,1.5630928215139916,2.300100417225637
-200.07833526061145,-98.39397945910586,237.2042077093033,0.548451597365462,37.67004474276541,2.9916609428130507,19,D06_px-1055_py-0118,0.35463312263420727,2.9916609428130507,2.245766147549668,1.6673334819023715,1.5172115976098497,2.188473773222108
132.4701969257416,-91.25943837793662,241.989356238955,0.4078579017656161,52.03105198191298,-1.2102206043317882,6,D06_px-1055_py-0118,0.2637241316990732,1.2102206043317882,2.802852230901902,1.6530027790755468,1.706112981044716,1.8408202925527626
253.33260365279816,-84.88093683279308,235.19018713207072,0.6360327954283933,23.28555499971162,-0.9302808481578236,7,D06_px-1055_py-0118,0.41126381511882765,0.9302808481578236,3.0231260017062467,1.903900878197378,0.9737392137706795,1.7621717125489318
-180.5033870072156,-83.0693234680563,237.73563895608407,0.4976642807359549,45.09006355966363,2.9659245319155065,19,D06_px-1055_py-0118,0.3217936436846497,2.9659245319155065,1.1200372038908022,1.9142616435538065,1.5111282348336101,1.643010750779808
246.21106653803227,-76.3861344628674,239.02578729691768,0.6114114365860526,23.735597897569903,-0.9078101218890786,7,D06_px-1055_py-0118,0.3953434505657851,0.9078101218890786,1.5399439593010005,1.4830852737281357,0.8500318648255796,2.54574360977503
259.4374508148625,-55.05830922992765,238.83620605790384,0.6252020943125588,21.091604207910336,-0.816098826926669,8,D06_px-1055_py-0118,0.4042605984713123,0.816098826926669,2.214151548212124,2.984171772622364,2.3123342842138594,2.1056887939618507
-273.52751624303613,-54.24247731183991,237.66332150800667,0.6515511647416047,16.75049117083347,2.730380465762952,18,D06_px-1055_py-0118,0.4212981149443195,2.730380465762952,1.8792809769972147,1.8497191937527138,1.4803767527559664,2.1807263652892184
216.2197936135045,-57.9983738097318,235.51081123927003,0.5534437900823397,38.80666368599452,-0.8690483993149525,7,D06_px-1055_py-0118,0.35786111376502416,0.8690483993149525,1.8319520055192173,2.3033609759676263,1.1635224813312628,2.3838806903729246
158.09643834018183,-15.012956403504369,240.9957317360137,0.4046852673301069,53.47154376763251,-0.7016563790323175,8,D06_px-1055_py-0118,0.2616726812844039,0.7016563790323175,2.339628874081197,1.9021476076975268,1.4574030824273674,1.9736639102503926
267.85309606452546,0.7620793758807255,235.2119798494796,0.6372031463199034,23.00537181885238,-0.6041344001896971,8,D06_px-1055_py-0118,0.41202057322333063,0.6041344001896971,2.533573313108498,1.5364025947236941,1.8529745252302399,1.6769511601411697
233.6937661632075,6.313496027126767,239.25901810283585,0.5658381348014272,32.20850596667964,-0.579969993700167,8,D06_px-1055_py-0118,0.3658753946821529,0.579969993700167,1.0585516331334794,2.2953705094654238,2.001152576906251,2.0545951790091173
298.8229148450607,10.374895733958825,239.75401482106395,0.6811894507822639,7.010354204494263,-0.5722742615332179,8,D06_px-1055_py-0118,0.4404624641386951,0.5722742615332179,1.6140807564130895,2.34014118031084,1.9813893205544213,2.2445622266943657
-239.2856747718941,18.59209360319054,235.0561298032177,0.585939197172297,33.52905757748516,2.4570705990120554,17,D06_px-1055_py-0118,0.3788728999334621,2.4570705990120554,1.9920161345748935,2.0652446531516717,1.5235257315150048,2.5122170587753443
-295.26609884202594,31.17414565109977,240.1409507189515,0.6769636479435043,7.564845401022239,2.4294229878485507,17,D06_px-1055_py-0118,0.43773002673939765,2.4294229878485507,1.703454701173055,2.733570670994517,1.473432591964733,2.1024897506944136
234.72143955936423,40.4210069146225,237.80170439972773,0.5770949290938021,31.88829814968437,-0.436443777044596,9,D06_px-1055_py-0118,0.3731541265336635,0.436443777044596,1.4997709194999984,2.2070300854043845,1.618986567347599,2.896662664388398
229.91620599603647,65.07806729099762,238.6936268360828,0.5768639057077899,30.866839939113333,-0.3311436617685938,9,D06_px-1055_py-0118,0.37300474499265496,0.3311436617685938,1.6942918751158573,1.9566700139009785,1.6616374457869338,1.6379580833538414
189.3896287094206,81.14902705569673,221.82726429003628,0.5431707956398262,56.52233604975169,-0.2021678492845439,9,D06_px-1055_py-0118,0.35121851464515175,0.2021678492845439,2.655411474034957,2.0008973165107196,1.830421590581687,2.755006124116748
-217.7733393977328,82.39736666257132,239.6165109114939,0.5633442409042241,32.23301982724979,2.1728973622326486,17,D06_px-1055_py-0118,0.3642628232455267,2.1728973622326486,1.701227919737992,1.927175015483431,1.5951823009153017,1.989985482238843
-181.46489819226403,99.78839612450402,239.555776368793,0.5119450547114526,40.85883533053413,2.0318430988535465,16,D06_px-1055_py-0118,0.3310277046170848,2.0318430988535465,2.2065393208864745,2.3561375853662776,1.7302601710847672,1.6757300580595054
277.2307077678852,96.79467908434415,234.73319894198136,0.6826938511112242,13.104319513496876,-0.2710635098666138,9,D06_px-1055_py-0118,0.44143522124053214,0.2710635098666138,1.7300611221453748,1.925837802705237,1.8298423592245758,2.7639255169283024
116.07488946211124,103.47426870980772,241.7572448018746,0.3959991572343513,53.60812112937384,0.1210883609334002,10,D06_px-1055_py-0118,0.2560561740819466,0.1210883609334002,1.4883747450003613,1.456265469099209,2.4212533765155553,1.597461614721155
176.1768938267242,109.85097734390769,241.36521413767,0.5098183231186678,39.11314051083036,-0.0494404510191494,10,D06_px-1055_py-0118,0.32965254321838167,0.0494404510191494,1.9105301154971355,2.3887039398606484,1.486183456525356,1.0208991529595406
200.15049593014228,110.4189352755466,240.78786678154967,0.5528745751651832,32.7030753742676,-0.1028477546882176,10,D06_px-1055_py-0118,0.35749305491627464,0.1028477546882176,1.978056898783743,3.0763521847299886,1.2970540619123452,1.9077643559641468
-175.0288828874574,115.59534386837622,240.53750075370027,0.5156639479236189,39.1530435203282,1.9509365949029929,16,D06_px-1055_py-0118,0.33343237025924705,1.9509365949029929,2.1133929582341504,3.0102269632353718,1.9681118848596655,2.318809567188591
159.62673636189763,117.17998551910324,222.3182956929242,0.5248034604423614,58.75397412069418,0.0262595274261194,10,D06_px-1055_py-0118,0.33934205103954806,0.0262595274261194,1.4761398959703715,2.544599079992053,2.54211764795396,1.722345756222632
128.7905986836926,121.55927852056092,232.97634452015507,0.4589166240305087,55.78021297790906,0.1495418047173218,10,D06_px-1055_py-0118,0.2967391036701474,0.1495418047173218,1.1704204257606021,2.4218129881706814,1.470978177182976,2.567871843998323
211.210703169266,120.5240278994934,231.5910277581316,0.5989002208989705,35.25243972102004,-0.0884325375476936,10,D06_px-1055_py-0118,0.3872535999602385,0.0884325375476936,2.5325538586615766,1.3537734293213344,2.465251273804813,2.6264339380359916
-203.52484272710527,125.61548424283326,238.17929273453933,0.578270814119856,31.21981125903318,1.981642641113156,16,D06_px-1055_py-0118,0.3739144630531511,1.981642641113156,1.9170975808101345,2.271018279469506,2.5423731613351115,2.210254533725423
-231.9075697805844,135.49395428816786,230.81089384982505,0.6475765626627525,26.24329227985089,2.0058487183244726,16,D06_px-1055_py-0118,0.4187281059349146,2.0058487183244726,1.8366772682880432,2.402481121409853,2.366061504709127,1.9034353948409746
85.67253790486828,137.13899321692355,242.4676652976212,0.4090316870625726,51.37578982155645,0.4054237517074589,11,D06_px-1055_py-0118,0.26448311051718837,0.4054237517074589,1.9375476893823849,3.191994800615137,1.9702153907770232,2.527423181720735
-128.26057360868032,148.43763546904117,238.61079175885305,0.4907872029500451,45.09848882197184,1.6764229727734523,15,D06_px-1055_py-0118,0.3173468710222475,1.6764229727734523,1.4992677448941154,1.9329998656195002,2.7956866685111708,2.0293593177817595
-112.58354502052909,153.43168145681304,240.11107470580208,0.475712500967156,45.54255688006691,1.5968494461437226,15,D06_px-1055_py-0118,0.3075994499870058,1.5968494461437226,1.731051706751258,1.9622355179828166,1.8101612973534267,1.3083709714146115
-225.8032612044171,180.268498237896,249.2723118285823,0.6456900696316731,3.54036570291845,1.860883239907039,16,D06_px-1055_py-0118,0.41750828468240475,1.860883239907039,0.9592378300445747,2.202066110471056,1.640145964277034,2.175783859885579
-211.23111911879667,182.6534629945723,239.68001628972456,0.6481652075684688,14.988889398675669,1.821641427974471,16,D06_px-1055_py-0118,0.4191087283673037,1.821641427974471,1.6752269268703526,1.7452152108378505,1.8731780453089624,1.9075861399944185
-24.83923916287477,199.06078503051685,239.791099697868,0.4980531505393185,42.69317205690896,1.087957317085264,13,D06_px-1055_py-0118,0.32204508996236575,1.087957317085264,1.35238996932471,2.7125321492303547,2.123401765538806,2.244223179217129
-117.98121637919016,218.5949566455521,233.011929984314,0.6059653398978714,32.15806408957661,1.4587373089273878,14,D06_px-1055_py-0118,0.3918219615520326,1.4587373089273878,2.066766348042764,1.548160950854405,1.7562722493845322,1.5970792459909582
-62.24218730105384,226.0706940904194,239.3214595891216,0.5670805542790507,31.910429192592176,1.2324821433027364,14,D06_px-1055_py-0118,0.36667875290207175,1.2324821433027364,1.7362274169530834,1.2837255742436984,1.6391567425263172,1.5404132420447139
95.9941462023081,240.72315643877,236.9564666206249,0.6180037299000206,24.91286390665277,0.5843677243892803,12,D06_px-1055_py-0118,0.39960607934557746,0.5843677243892803,1.7414227366196573,0.6768601630393736,1.9247230355952325,1.936920723314812
67.47723354797874,239.410504057032,237.86774607727511,0.5969742443970316,28.030644131716087,0.6890958003182918,12,D06_px-1055_py-0118,0.38600824838448666,0.6890958003182918,1.367783038116836,1.7718425422836996,2.173188603056948,1.296245087938301
-20.31253224157537,253.3167118930465,238.1998777052247,0.6063296759574307,25.773128859863505,1.043831902553757,13,D06_px-1055_py-0118,0.3920575441177693,1.043831902553757,1.580801982836621,2.907672658950352,2.641333046836305,2.216370406352489
148.96465381832897,258.25733483791385,235.5384074957049,0.6884638842435904,10.630392001178052,0.4406255227025323,11,D06_px-1055_py-0118,0.4451661701105203,0.4406255227025323,1.201941101799688,1.8076776259475362,1.2867291150287983,2.038873590529113
122.00460114786613,253.2790680640667,232.1752799605252,0.6668011806142325,20.181843078713257,0.5149158345538788,12,D06_px-1055_py-0118,0.4311588953214938,0.5149158345538788,1.6586353401459721,0.9385530947661933,1.4380447955534565,1.6035683464219417
-114.54278333227492,261.8815073412174,237.24438013175129,0.6643691900902358,14.306902926048735,1.3761298752891815,14,D06_px-1055_py-0118,0.42958635109355336,1.3761298752891815,2.7404830390954737,1.9728156075076073,1.5985520412811864,1.062059726998686
57.94067856447039,260.84066006660964,235.17511899369907,0.6361062218452611,23.288434140625554,0.7452352116430857,12,D06_px-1055_py-0118,0.41131129321830395,0.7452352116430857,1.5010527445019735,1.9983596664963175,1.862388407129412,3.126713323224072
0.5489293960262714,269.5368469231331,237.48290664363049,0.6356048099243881,20.528775598755487,0.9617802324525074,13,D06_px-1055_py-0118,0.4109870763209891,0.9617802324525074,1.1994020502359692,1.7686540041274141,2.55048534081813,1.6677062900864847
-77.95686434596142,-289.4302056961911,238.1492184029,0.6856916435373885,7.950118105265574,-2.4408780175980382,3,D06_px-1055_py-0118,0.4433736174348483,2.4408780175980382,1.6832895992949912,1.3302307940911704,1.6049114427155304,2.9626717127235604
7.244543389078724,-287.1908503281392,237.66940911076887,0.6659515110147121,13.392133240712724,-2.1525556702674224,3,D06_px-1055_py-0118,0.43060949226617823,2.1525556702674224,1.3668934176756036,1.484743680469557,2.8598995136705105,2.583339456670884
37.42762343223936,-268.49691682180145,236.13058691949053,0.6410913658347217,21.01228981294668,-2.039271525265579,4,D06_px-1055_py-0118,0.41453472658645496,2.039271525265579,1.5845595533114025,1.3253968201093873,1.5156534102635517,1.2260865320200696
-13.724479833172854,-254.2272277172504,236.0246382929331,0.6114963534804272,27.383565849830745,-2.2317085958627234,3,D06_px-1055_py-0118,0.39539835849851995,2.2317085958627234,0.8891804229051445,2.5169462544708905,2.504923772725559,1.8448000342411852
-16.528846587411252,-234.5085262160897,233.5435353866085,0.5793956184132553,36.55056965773707,-2.248142413088099,3,D06_px-1055_py-0118,0.3746417703685763,2.248142413088099,1.7648199142390388,2.1473304870968173,1.5405130835484027,1.7490655987209363
131.8844321085027,-233.68870205260345,233.08451266379592,0.6424146977756838,24.52528277041268,-1.6639749853838524,5,D06_px-1055_py-0118,0.4153904034424607,1.6639749853838524,1.5617190628772704,1.5224837502325532,1.572107228334232,1.831785384948728
147.02036579779116,-237.98635840051665,237.59075361928544,0.6532227527521897,16.459924064915356,-1.624393966093317,5,D06_px-1055_py-0118,0.422378976917918,1.624393966093317,1.6796222155041443,2.074850403151873,2.554862170559443,2.1344371008403487
142.62770149784737,-212.70043019702672,238.12571586517493,0.6100861636316585,25.104471841350005,-1.5870849785601484,5,D06_px-1055_py-0118,0.39448651863520623,1.5870849785601484,2.4834471965601406,1.3206601501592687,2.2527302983679345,2.110925140243437
10.325463163354872,-203.64767748835104,223.0281615826383,0.5362025112472564,56.20471586921565,-2.127116657181493,4,D06_px-1055_py-0118,0.34671276707251125,2.127116657181493,2.1002753893466233,1.592577276577618,1.9867522814408196,1.3534047941256722
-47.104773322592926,-204.4612610409207,231.09650207214835,0.5331440677116371,47.305626303022336,-2.4042097133009497,3,D06_px-1055_py-0118,0.3447351533931143,2.4042097133009497,1.7496271397356695,1.4113666857904617,2.7030534484289364,1.041551623193004
-114.70298897941758,-206.1712728505112,238.1260760912627,0.5721512574967901,32.409354810781,-2.685479757108352,2,D06_px-1055_py-0118,0.36995750954111933,2.685479757108352,1.3959369571541418,2.1112115941911527,1.5969489510674135,2.173543017360535
-23.72215806309004,-204.05788022602616,240.8245436273134,0.506271447675461,40.27693878408997,-2.293508470955843,3,D06_px-1055_py-0118,0.3273591056204948,2.293508470955843,1.4376231169603628,2.1910766733678693,1.8321520841170957,2.23601265346228
-226.27238502143024,-204.308376268787,237.9375421029372,0.6944388212024604,5.995878571233277,-3.014140042810936,1,D06_px-1055_py-0118,0.4490296114086129,3.014140042810936,1.9844292100295386,2.1386344152932613,1.052481277979361,2.564120950135224
160.39582167762256,-191.2344749890093,234.7940340691396,0.6046422095473006,30.251337948286448,-1.4798557937446322,6,D06_px-1055_py-0118,0.3909664150459617,1.4798557937446322,1.5810128832577686,1.9171541427978718,1.1464759731995193,2.2036544134570955
173.8467152552956,-189.7642012275209,234.6955712805272,0.6192415235593507,27.43301255514564,-1.4361259137104565,6,D06_px-1055_py-0118,0.4004064464749534,1.4361259137104565,2.3630088004291054,1.8549625080942351,1.735358908281853,2.1275106370935184
198.4140704562413,-188.98730701948307,237.67719657603544,0.6431024692721765,18.63616954222277,-1.3680491716817804,6,D06_px-1055_py-0118,0.415835121909198,1.3680491716817804,1.8170002427648286,2.4296689041159043,2.765727606544429,2.2794361441116138
-95.7043237522584,-181.26272091580776,234.66761456436845,0.5163763343734651,45.79127331470284,-2.663561420742936,2,D06_px-1055_py-0118,0.33389300494869784,2.663561420742936,1.1543950659403162,2.980705747530777,2.360541220765299,1.9136328795807693
-77.38139353432967,-164.4257510765671,238.0596096365036,0.4605881340712671,49.8904432727349,-2.6176411933184247,2,D06_px-1055_py-0118,0.29781991522784185,2.6176411933184247,2.2672688148535034,2.3107573098955436,2.0424897521879233,2.919057960043573
155.5650321431755,-166.92238858926262,234.6716316484396,0.5636199277668829,38.033316885671695,-1.427581128524631,6,D06_px-1055_py-0118,0.36444108454231855,1.427581128524631,2.1100042688791505,2.0006903836296126,1.5901170532590552,2.0174564432036233
238.26485856073504,-162.47368693184447,236.9405468732748,0.6693132494483933,13.519352531170398,-1.205456797241943,6,D06_px-1055_py-0118,0.43278321881550835,1.205456797241943,3.0130663019113246,1.9264420548071581,1.5509162378587376,1.250486139501768
191.8158023339475,-160.46621901778315,239.5236518048717,0.5962609035789005,26.1687187752986,-1.303621478224553,6,D06_px-1055_py-0118,0.38554699659298586,1.303621478224553,1.1102397937699382,2.311331697658492,2.9607832591406833,1.3933435946319683
135.98583497703132,-150.50979545791594,234.55220827215976,0.5121058155030728,46.57392282036744,-1.4430295581882209,6,D06_px-1055_py-0118,0.3311316538111491,1.4430295581882209,2.6607010970212004,1.7856587781022193,2.2537396086222405,1.6196987679059958
178.28856916892593,-148.19225959459234,238.5398931428753,0.5634252929824145,33.49196404831304,-1.3004534924231268,6,D06_px-1055_py-0118,0.3643152321576764,1.3004534924231268,2.5979316808460373,2.073363275713378,1.9319257365505316,2.4387777625489817
-150.51484822432818,-141.16874798823144,236.17312875179152,0.5165125651158291,44.03901895668071,-2.995204975527236,1,D06_px-1055_py-0118,0.3339810928197067,2.995204975527236,1.9929683327085495,2.6096595456718514,2.5627777601830966,0.8039372265642586
194.3515267078097,-137.03077711206464,239.31707500492195,0.5734775973411571,30.74914380413827,-1.221097835157344,6,D06_px-1055_py-0118,0.37081513133115784,1.221097835157344,1.9810431148416465,2.140407199572507,1.8804243089042227,2.39982645490546
-103.87447662930369,-124.02491469784046,231.5944328413408,0.4262174358786545,61.29435095422255,-2.8749852277303223,1,D06_px-1055_py-0118,0.27559555106204303,2.8749852277303223,1.4363861345984872,2.415308686648509,2.2626829075230406,1.4380177760124786
-168.08164209531245,-129.81459541930656,238.7422930326865,0.5242457289586662,39.86496901440222,-3.0909319976402965,1,D06_px-1055_py-0118,0.33898141746932176,3.0909319976402965,2.5198538562395383,2.2380783401654982,2.905290475783377,1.5702629126050591
-226.1237467313858,-124.65455407620748,236.64981748844428,0.616880314272597,25.52062322603399,3.038428538590142,19,D06_px-1055_py-0118,0.3988796699525097,3.038428538590142,2.248132570536235,1.57835396098951,1.8994032711528939,2.0985480955786677
263.9116702790567,-99.33761348142446,236.05643516375864,0.660231965753656,16.781524962726394,-0.966981218532612,7,D06_px-1055_py-0118,0.42691118925143756,0.966981218532612,1.5951581230093739,1.9441255832653863,2.0704248787697788,2.0828941894347315
240.46566492251685,-92.99146065625074,236.0042665106991,0.6174621328626891,26.192557353737755,-0.975980332129078,7,D06_px-1055_py-0118,0.3992558784354499,0.975980332129078,1.2740282039297448,2.3561935227364748,1.9629540964429908,1.942449702717183
-218.4958977488768,-90.6262092247392,240.82316631993376,0.568214999847556,29.9234326004148,2.9277896588119923,19,D06_px-1055_py-0118,0.36741229434191824,2.9277896588119923,2.5920370062411457,2.157065574140126,2.412772186770819,2.6475544689565638
276.83098417541066,-87.45953214512802,232.9054054990121,0.6809471194631103,15.8853934495188,-0.9129872302399386,7,D06_px-1055_py-0118,0.44030577079905253,0.9129872302399386,1.3817944866865064,2.023611682139027,2.3061105338740973,2.757261897268514
-230.91047245628187,-77.60134944462764,239.47326649605407,0.5842117777208693,28.556310612377672,2.8588217983372943,19,D06_px-1055_py-0118,0.3777559369104687,2.8588217983372943,1.8357811388269865,2.5329038159458066,1.8599680374109646,2.156310762889521
-265.66975516233776,-41.2728719545124,237.5984347762735,0.6341649102307453,20.69821534636202,2.688735145109835,18,D06_px-1055_py-0118,0.4100560258379757,2.688735145109835,2.077010301518783,1.9651010286406492,1.9106569709142507,1.979398399394534
238.50805104939,-34.89699818149802,235.06697524434733,0.5879129171566374,33.145435173540534,-0.7522623723561539,8,D06_px-1055_py-0118,0.3801491228209775,0.7522623723561539,1.7318049550831995,2.1626981757422583,2.0733758358860044,1.7043305350069322
-186.43676042080003,-10.037823520547573,238.9310720058406,0.4699686398842186,47.65851012371809,2.588401554724942,18,D06_px-1055_py-0118,0.3038854241703176,2.588401554724942,1.837717554418107,2.085796935541987,1.9226914718158197,2.0554309120454572
-256.6215239920162,0.1770756541995629,236.0013585309112,0.6152702701635138,26.64522913041594,2.533923095357041,18,D06_px-1055_py-0118,0.3978386027503614,2.533923095357041,1.5679516765977526,2.0901251011984048,2.1926464287816234,2.35278105348435
210.5955961500418,4.468553613791685,230.49610427317555,0.536006521035261,47.548796463256565,-0.5857640684078185,8,D06_px-1055_py-0118,0.34658603825775436,0.5857640684078185,1.6279343035545284,1.8205967291709086,2.1481525886397757,1.7372751830101818
-268.7413160714856,11.574258027188325,238.55719494965084,0.6324812192550459,19.87390221083104,2.491571322910401,18,D06_px-1055_py-0118,0.40896733799180746,2.491571322910401,2.0366192937149763,2.507999312008192,1.7019164975287688,1.8230908870904488
142.26774588268017,19.994552305049464,239.882701773674,0.3712356936500264,58.2258139485977,-0.467352333186833,9,D06_px-1055_py-0118,0.24004392348347536,0.467352333186833,1.445044561152578,1.93050456504723,2.1836132941100326,2.8557167621613235
287.8224302358404,26.371559148614008,236.559147804522,0.6711760715794264,13.559957826339712,-0.5156102388434921,8,D06_px-1055_py-0118,0.4339877342776087,0.5156102388434921,1.2968216197719065,0.9683159151607881,1.4559128328824467,2.5379831116701577
-232.96670865774783,34.22679514929069,241.069230700817,0.5656839366146312,30.092020497355406,2.388739582274839,17,D06_px-1055_py-0118,0.3657756889200571,2.388739582274839,2.377436114265719,1.5683649890153089,2.1686128626305496,2.2479295750039316
128.31034013694062,28.23238298502256,234.1340922913933,0.3497405009238865,66.42233906769059,-0.3903986878288129,9,D06_px-1055_py-0118,0.22614496256383826,0.3903986878288129,1.772141797161715,2.44503739446345,1.6095439695394342,1.647697620226626
-255.73800343018263,39.49493303492458,238.50323530897407,0.6142293504990792,23.796080514499465,2.381388481445652,17,D06_px-1055_py-0118,0.3971655358967266,2.381388481445652,1.8085641380967759,1.768496835092498,1.8870646558667725,1.4773588930188573
-285.1119402720591,42.599864621322816,237.8029048958684,0.667358324989936,12.887422101053858,2.3862958166911725,17,D06_px-1055_py-0118,0.4315191492630684,2.3862958166911725,2.505967828680209,1.4793196743862995,2.433227864186667,2.1746968398526425
156.8224978246563,54.52682661727216,240.13545768985568,0.422367406234813,52.37241016076888,-0.2723572023764716,9,D06_px-1055_py-0118,0.27310609157028776,0.2723572023764716,2.581865614584606,2.5973056529947747,1.6946124851832467,1.6113491910652176
187.91680891798305,51.702158204364665,238.7471856654226,0.4878447296245318,45.36766763079345,-0.3384894642782876,9,D06_px-1055_py-0118,0.315444244594123,0.3384894642782876,1.8615389895546963,2.4136121748500794,1.8305512215056319,1.7516928293180385
202.3924437259714,52.34775961138045,240.1052205010172,0.5149957686774558,39.75436487443409,-0.3538812509511536,9,D06_px-1055_py-0118,0.33300032029588755,0.3538812509511536,0.8319917641789603,1.3632188201445559,2.7914111570111193,2.1860601695935404
-203.0262044035912,56.52254099270662,238.38262543971328,0.5215686485781446,40.70503116833635,2.263088504883806,17,D06_px-1055_py-0118,0.33725039620974734,2.263088504883806,2.2528222235977307,1.6774567251829215,2.059708554217007,1.9296828260044778
260.6233507178508,68.6577279207905,235.113475098442,0.6403626359956784,22.44075810970122,-0.3493951856272198,9,D06_px-1055_py-0118,0.41406352413282366,0.3493951856272198,2.076462179729456,2.104927590031455,1.9996385863482522,1.8957771390296791
232.79612716571967,85.62434465040225,237.71129759840272,0.5959806657433366,28.41364691993209,-0.2545287842758549,9,D06_px-1055_py-0118,0.38536579260126874,0.2545287842758549,1.741353553416116,2.7308182068186144,2.349855563814163,2.4871486864550505
205.4544846773706,90.3127589414354,240.4412056560206,0.5453391297613148,34.41012935789621,-0.1928283551423558,9,D06_px-1055_py-0118,0.3526205765665895,0.1928283551423558,2.0394649725927096,1.7033618047596204,1.3186755044454337,1.238979742262099
-284.77390129967137,91.88712705230472,241.483970822919,0.6780480883681277,5.571458252601303,2.222492828818188,17,D06_px-1055_py-0118,0.4384312344593539,2.222492828818188,1.8909705167930222,2.0158413618977633,1.946737617141961,1.938398785230092
123.07747971966216,91.15619685645277,234.06289926505832,0.4021466371471868,61.28932945350823,0.0305046986155631,10,D06_px-1055_py-0118,0.26003118301307604,0.0305046986155631,2.078827484431126,1.3518453417602816,2.892854006660129,1.892174026605566
169.05700577911506,102.47181384431524,234.64272859818715,0.5010222348781154,48.120387168479226,-0.0620592813803189,10,D06_px-1055_py-0118,0.3239649232812762,0.0620592813803189,1.4324864380813225,1.3241165355129212,2.240289206327374,1.8816704625906846
212.81530700360017,102.71203809676946,238.4391890901228,0.5722746707968133,32.014383719422824,-0.1573204749024276,10,D06_px-1055_py-0118,0.3700373095529564,0.1573204749024276,2.075362648443014,1.6739939601192817,1.8096740682882912,1.986645858487993
85.81407667746808,106.7828373129793,237.3007439195716,0.3589797593723848,62.18670528464335,0.2868653007502879,11,D06_px-1055_py-0118,0.23211913984794982,0.2868653007502879,2.5795162907969047,2.325484254316329,2.2483485202595572,2.243145116109532
-186.5923273570764,123.66356301368964,239.0149070615685,0.5468375772578649,35.8237043432224,1.949328829572642,16,D06_px-1055_py-0118,0.3535894845201037,1.949328829572642,2.3700116436095375,2.4447045349207306,1.4362158186882423,2.474962900765692
-257.1914271749832,125.51025262374074,238.119412581988,0.6631707622182229,13.47884885875476,2.080608890018216,16,D06_px-1055_py-0118,0.4288114381923141,2.080608890018216,1.7497271679282744,2.6425142427907993,1.9506870362059003,1.9216758131126939
281.0271259051151,132.27670882061392,237.8492746499616,0.7038082206267938,3.662676025908638,-0.1670534894827212,9,D06_px-1055_py-0118,0.45508793887273086,0.1670534894827212,2.404509231183103,2.1455303950948807,2.555987733279906,2.191906919024661
240.71414894881224,129.21201766573387,235.8661983270236,0.6453472189777731,20.40185181577965,-0.1143378930814268,10,D06_px-1055_py-0118,0.4172865947491932,0.1143378930814268,1.4235180514576629,2.1549535770220123,1.6095175411915839,2.5788451601162934
-175.67934623483,131.22559305733847,239.9377421363021,0.5360222193339462,36.56441715788401,1.8930599107570163,16,D06_px-1055_py-0118,0.346596188901329,1.8930599107570163,2.937279811890957,1.7641881871689118,1.5436147779164324,1.4231216352019778
257.5325664672183,135.4602846606765,237.4081062188392,0.672719015496992,12.103538064035147,-0.1227545359754099,10,D06_px-1055_py-0118,0.4349854139674194,0.1227545359754099,1.597330863243636,1.4671590405437456,1.7434463108508789,2.1537384022577575
222.51990383856625,149.40721518795263,237.21801350609863,0.6334520131446378,21.324705919844405,-0.0156843873842891,10,D06_px-1055_py-0118,0.4095950609670964,0.0156843873842891,2.0902058985389234,1.5136390626726717,2.8879413488714993,1.864064401133254
261.2547145267698,159.02255692888477,232.0058534782853,0.7084726715263919,10.114356944385976,-0.060196421729289,10,D06_px-1055_py-0118,0.4581040095630969,0.060196421729289,1.8096844042755689,2.387859733461201,1.767343744600763,2.517953798886485
-96.87853686222682,165.509419956527,238.7206105429235,0.4812357356161449,46.33629423045613,1.493383776219379,15,D06_px-1055_py-0118,0.3111708170137795,1.493383776219379,2.6500214791696184,1.8428990731971846,2.24592243503764,2.0773709786716386
-230.7983224061104,166.74135651996843,233.91835981870668,0.6693456388621646,17.365320851485876,1.9089752461899767,16,D06_px-1055_py-0118,0.43280416206556205,1.9089752461899767,2.106535399530133,1.5039949041770293,1.1502803536607116,1.82436094664512
-110.16972563552818,168.7945431908761,236.7743182106455,0.5054083631482013,45.037503853736666,1.5420774683471137,15,D06_px-1055_py-0118,0.32680102836724284,1.5420774683471137,2.1042310550896093,1.616468262780501,2.9695506458352745,3.149783522683748
-67.11411310029112,169.70839862021867,237.26356905518165,0.4636186964962507,50.37898973205415,1.3404095287554254,14,D06_px-1055_py-0118,0.2997795007615014,1.3404095287554254,1.288819876157076,1.0040372447589514,1.4201751658773136,1.9333091477547018
85.89368055274602,170.98659315397106,236.9834442739172,0.4833147786770487,48.00490373658897,0.4982976528301798,12,D06_px-1055_py-0118,0.3125151426321585,0.4982976528301798,1.874933791894052,2.404892159749302,2.462136166837878,1.5094356517556045
31.83127476032426,169.70119604783568,236.32197649317425,0.4433673108404518,54.02674412900575,0.778398824289435,12,D06_px-1055_py-0118,0.28668479529016344,0.778398824289435,2.0961858806010696,2.336346550953322,2.227173887831345,2.006897037340784
28.874343671883828,185.84923774514647,236.39671092865785,0.4772690024363254,49.50712175521892,0.8096847249555436,12,D06_px-1055_py-0118,0.30860589609646705,0.8096847249555436,2.1249149853145797,2.122504120494593,2.239217833318544,1.3680087533094634
42.17151866775855,189.58240732836447,240.12941648329672,0.4840102286230376,44.352891850618505,0.7449362682851818,12,D06_px-1055_py-0118,0.312964826044818,0.7449362682851818,1.9297758088568773,1.7308984894810697,1.7031941544045848,2.529354759631887
205.1471959881114,204.9677845864033,231.5251349679601,0.683311281477269,17.08913712876813,0.1779811654900375,11,D06_px-1055_py-0118,0.441834456578293,0.1779811654900375,1.9739238505672012,2.676095436135097,1.6741927409958461,1.0734841692835513
-95.64803914353136,206.27898181255728,237.73020226781944,0.5562140648954493,35.71762146906099,1.397990992130703,14,D06_px-1055_py-0118,0.3596523952787387,1.397990992130703,2.388605186924208,1.8618382500685755,2.3184858907246646,2.5307220038541685
-55.82650364223285,210.58456774868947,236.10976895709848,0.5402399829462501,40.32459897702927,1.2229583339679748,14,D06_px-1055_py-0118,0.34932342807348066,1.2229583339679748,1.7652897917912092,2.0360739330175255,1.18241536038211,2.362272634283321
-134.40962934876885,215.5947181254341,236.9722805774204,0.6086245519361443,26.80659572152468,1.5212910485261166,15,D06_px-1055_py-0118,0.39354142900077227,1.5212910485261166,3.0095307485806173,2.611416429231488,1.5937009548149133,1.5952010299239907
-34.15752539890989,249.18766922938465,238.56719900638387,0.6007819402987201,26.43431411254221,1.100043314509119,13,D06_px-1055_py-0118,0.38847033454513186,1.100043314509119,2.0769605154991133,2.0393239666779515,1.7666981387618341,2.080372490557451
-96.87536423779184,250.71924155281704,237.04075945257017,0.6351583787734792,21.175176025599683,1.3325354857589409,14,D06_px-1055_py-0118,0.41069841042257893,1.3325354857589409,2.1240414548104556,1.4552310986022907,1.8500518376551092,2.0183127361359334
76.49705393864723,253.76006382507256,235.8487169098344,0.6308713103409606,23.576193206964888,0.6710263455161779,12,D06_px-1055_py-0118,0.4079263582078097,0.6710263455161779,1.790147689211118,1.9033233918230992,1.7948756894438933,1.5621793199796783
23.55397390317998,276.659952703006,226.34617345972148,0.6731294744231339,26.152184943233124,0.8788846926196038,13,D06_px-1055_py-0118,0.4352508199419667,0.8788846926196038,1.655155968973571,1.2037834662867573,2.1665477339952166,2.5001335359355146
-37.20646021054283,277.0493624370754,236.9600174502994,0.6541608502567318,17.03966507393278,1.097313488521641,13,D06_px-1055_py-0118,0.4229855581531066,1.097313488521641,2.9859292951589858,2.8598763457691554,1.4583622647120684,2.524698175459363
54.61827916000052,285.0043954411435,236.3730378173367,0.6735158266991033,13.234865871233351,0.7744723422551348,12,D06_px-1055_py-0118,0.4355006383666408,0.7744723422551348,2.5472113325488475,1.8272448793805567,1.83101817143896,1.9284619301090298
-62.88833758556507,289.4263787461119,237.78098613976,0.6805913608599411,9.698495911635971,1.177777047551808,14,D06_px-1055_py-0118,0.4400757344841764,1.177777047551808,1.3833863267638729,1.945189101789103,2.533683769985333,2.4839785971738624
-75.90065274172966,-272.0595621182827,237.6175374844604,0.6578310443063775,15.364004386267029,-2.449843499604165,3,D06_px-1055_py-0118,0.42535873453321305,2.449843499604165,1.232394213890557,1.5043190157965212,2.2291962771241636,1.4657030437452152
-94.326870552814,-272.2751590135479,236.256812951953,0.6703199489602513,14.150913445152526,-2.5112752276930714,2,D06_px-1055_py-0118,0.4334341586489584,2.5112752276930714,2.419431577415239,1.636887005732632,3.1574532720374062,2.4462021818092072
-125.5659170778129,-256.6822493844101,236.69544372377285,0.6653471141477263,14.77357413882305,-2.6327366443428195,2,D06_px-1055_py-0118,0.4302186844915649,2.6327366443428195,1.5697700937245753,1.9157020942190255,2.400805919305447,1.924240471481059
119.4622550066144,-253.8143371858228,234.6189178015018,0.6606668300990622,18.50115087864356,-1.7378680761352046,5,D06_px-1055_py-0118,0.42719237596230597,1.7378680761352046,2.4783722789182363,1.652417724898164,0.7584997324141474,2.118833525758811
-100.38079241341592,-252.1323939678072,236.1501445855453,0.6415587020019383,20.885058712531816,-2.5566668082304504,2,D06_px-1055_py-0118,0.41483690983306426,2.5566668082304504,2.5581655419694056,1.9170388164264227,1.561683338975136,2.47072502620483
-54.57802831919261,-236.3775795790994,237.6811856705002,0.5857671790312226,30.4110202268754,-2.404692615718409,3,D06_px-1055_py-0118,0.37876167164857427,2.404692615718409,2.6359647969284037,0.8354535913806096,1.9653340516507765,2.547701826675173
-34.68470589384852,-213.19748464235377,237.17299385591429,0.534497282695956,40.02953594280797,-2.339051074191863,3,D06_px-1055_py-0118,0.3456101528603227,2.339051074191863,2.3838065089842235,2.91597313009262,2.2992696993899866,1.5543715630275572
20.551466502956306,-214.210810969671,241.6939560798617,0.5246355082065002,36.39245021090471,-2.082128226906435,4,D06_px-1055_py-0118,0.33923345180099546,2.082128226906435,0.8002438767606741,2.450532066708905,1.8184746507054637,2.2399562646959614
108.62623997496948,-213.1840190154923,239.32181236105723,0.5762641291274574,30.228711841856693,-1.7065237150067951,5,D06_px-1055_py-0118,0.3726169247317825,1.7065237150067951,2.6613869847593827,1.5197843346591027,1.7386968345848184,3.488252591287592
95.55663982426118,-204.7883894459117,236.5678485793777,0.5556622484319839,37.181773983413336,-1.7411939116759405,5,D06_px-1055_py-0118,0.3592955864071815,1.7411939116759405,2.313501152332669,1.1358542401498957,1.5702383082816742,1.233436874233948
-199.6402055496703,-202.3034655113281,237.29028727305155,0.6615315266665146,14.915677919138716,-2.956548165770278,1,D06_px-1055_py-0118,0.42775149557344344,2.956548165770278,2.5980157685999026,2.08803276872589,1.908497861120526,1.6740991515620043
-181.6298387279329,-200.78443445603244,236.4817819723511,0.639766862293114,20.865187188895845,-2.913127247214092,1,D06_px-1055_py-0118,0.4136782921642439,2.913127247214092,2.163819510383668,1.612078357215489,2.705891238068653,2.5102685436575483
-18.77504976616356,-190.7151436452605,234.48910847652144,0.4883065445732952,50.122973873886565,-2.275905177368996,3,D06_px-1055_py-0118,0.3157428577773935,2.275905177368996,1.8040791637710145,1.603810046364785,2.7211506206027667,1.833265332218855
95.33638567444024,-186.6512810207806,234.6470630675564,0.5260232144775483,44.31621146590538,-1.7055472478959537,5,D06_px-1055_py-0118,0.34013075360586725,1.7055472478959537,2.4706349442560254,2.542825607255255,2.1251247888523084,1.6953181542727171
1.1708935342173494,-172.75537634032565,231.07898623142395,0.4523471567122227,58.72494402863328,-2.1709982078833328,3,D06_px-1055_py-0118,0.2924912343589478,2.1709982078833328,1.8658905845465588,1.7220865592687928,2.0557453962203542,2.922897244028255
-27.59527437702585,-166.85399405208975,226.3004269880945,0.4521931761039126,64.05667901559943,-2.341677988805305,3,D06_px-1055_py-0118,0.2923916692848147,2.341677988805305,2.1656628096621846,1.519019490505399,1.8179166189911993,2.9368867933509133
-218.9895347447044,-153.86294067899763,236.8033666391769,0.6335969816398103,21.807876225170617,-3.136100653351628,1,D06_px-1055_py-0118,0.40968879873789243,3.136100653351628,1.5074603499411505,1.5887726502845565,1.6584838342146184,2.2314722067626507
256.89428878470744,-118.06883735120113,233.9770607224578,0.665794423183541,18.1245269317318,-1.037788794646605,7,D06_px-1055_py-0118,0.43050791803726973,1.037788794646605,1.7581077864882597,2.4063738480240913,2.1893398529948724,1.3940002539648022
225.78853543073424,-111.3659775433104,232.71789584193067,0.6128601748814279,31.149829027352663,-1.0651975501926538,7,D06_px-1055_py-0118,0.39628021615829434,1.0651975501926538,1.8918796120280272,2.3465347085981203,2.159681347642884,2.196339367688702
-226.3279922140229,-106.3141090071795,236.97214519786388,0.6011884871399572,28.287880174418547,2.973756679023812,19,D06_px-1055_py-0118,0.38873321093476687,2.973756679023812,1.8964143680954042,1.1965133097930314,2.0209850898316386,1.7412181471655996
281.90487721653847,-99.24137115178864,238.07406081165536,0.6844026322887123,8.371006866607729,-0.9454692345638298,7,D06_px-1055_py-0118,0.4425401326087953,0.9454692345638298,1.7799843451278656,2.3493445256349856,1.8839250014492728,1.493469965098606
-287.75511791870053,-57.47689800891031,228.97475069416643,0.694540373530287,17.634702376913083,2.73176097751201,18,D06_px-1055_py-0118,0.4490952759436438,2.73176097751201,1.653010432764641,2.38435784037614,2.3532140880828885,2.0277841469255016
284.726399066146,-21.63349539783527,226.3243360371262,0.6868695395892903,22.945849470517143,-0.6828137690695498,8,D06_px-1055_py-0118,0.4441352542994887,0.6828137690695498,2.3877579674930907,1.859693622042652,2.183324490425913,2.2808780411632914
235.31165573148627,-12.202456999526616,236.04427618673208,0.5755686325050108,34.2646062031493,-0.658789701123372,8,D06_px-1055_py-0118,0.37216721113775786,0.658789701123372,3.1005276155478194,2.098486083270016,1.5119272046435046,1.3636455824108304
-262.46731134495866,-12.10294663517953,235.4897386537079,0.6274611969555359,24.743656374772115,2.580692685692608,18,D06_px-1055_py-0118,0.405721352033666,2.580692685692608,1.3578549458477256,2.1241371070100485,2.660091652909657,1.9014729788340028
-203.7361522806076,-3.330111091466436,237.93531239919685,0.50793282055081,43.32935528211141,2.5509568807674485,18,D06_px-1055_py-0118,0.3284333624071921,2.5509568807674485,2.0067414642013777,1.816094207694815,1.9937024383958575,2.256645311315585
-238.21023904040865,5.582952035882464,229.21615985861573,0.594223862052474,39.00765401447632,2.511180333296162,18,D06_px-1055_py-0118,0.3842298294976172,2.511180333296162,1.594968940593302,1.1360635961873609,1.3991405954800253,1.6138579379705253
286.7024910713826,3.199927123947733,229.3733141508777,0.6823228795233203,20.10162026380664,-0.5958188535672396,8,D06_px-1055_py-0118,0.4411953480899043,0.5958188535672396,1.7063051705283363,1.4998716542138055,2.216227406489418,2.2210370440606964
235.53174256247345,24.7832878124554,233.5167679665132,0.5828351551791734,35.95145502434087,-0.5021425997120089,8,D06_px-1055_py-0118,0.376865801932295,0.5021425997120089,2.159959180722651,2.8191242205974913,2.026708955635505,1.9177358840232912
-275.21650743059206,28.56486996620701,235.9883241889743,0.6512136286481209,18.93338758659769,2.431192884789392,17,D06_px-1055_py-0118,0.42107986144773224,2.431192884789392,1.3678084442797993,1.9657719395278854,2.2711462973701573,1.7785400242573512
210.7420523123064,34.840671011821684,231.60815345823647,0.5400283435774059,45.6080444857202,-0.4431377384664761,9,D06_px-1055_py-0118,0.3491865803906476,0.4431377384664761,2.092067059925167,1.637551774037485,1.8174077574245322,2.0816535863900687
169.28326745309784,39.78841324134359,238.8300737225296,0.4420410724973638,51.41637436794798,-0.3761292505778396,9,D06_px-1055_py-0118,0.2858272391316514,0.3761292505778396,1.810871554832492,3.0849456800857835,1.986158774814292,2.3082052184889457
-205.504019072308,44.35485379438677,234.4400598211405,0.5277460142782733,44.283747266786975,2.3220394849494648,17,D06_px-1055_py-0118,0.34124472952633045,2.3220394849494648,1.8463438398648107,1.0649330969088533,1.8829382730150162,2.148245792310288
208.2050013837524,65.10158861785524,238.40962941314683,0.5365520219447596,38.254475941646376,-0.3039304726533796,9,D06_px-1055_py-0118,0.3469387634423733,0.3039304726533796,1.1223200481125166,2.174255334246548,1.626854391339039,1.9369609737366564
214.82823811665253,75.59329508516332,233.8960358822971,0.5642546025650407,38.83974038933633,-0.2686327897080326,9,D06_px-1055_py-0118,0.3648514702657062,0.2686327897080326,2.3329341780289417,1.0962900794297197,1.810583509193152,1.8549805808062014
283.85447024502264,80.61677996316506,231.47059745213463,0.6919529343374886,15.033282247565126,-0.3302586152564853,9,D06_px-1055_py-0118,0.4474222173820935,0.3302586152564853,1.593153741864514,2.0848624353253875,1.884773835980214,1.7996519235113566
-267.7063047000836,108.36780525901024,234.46285230845643,0.675144244248428,15.288003389763048,2.149974734019529,17,D06_px-1055_py-0118,0.43655358597996424,2.149974734019529,1.5254827222287102,1.7162650526059233,0.8273300598059916,1.9830435027383633
-277.8083876890471,114.96820130055896,234.8400933855259,0.6940532642404627,10.12492748360063,2.142233004778376,16,D06_px-1055_py-0118,0.448780307240217,2.142233004778376,1.4169203125105068,2.488271132094039,1.174000136992704,1.7554830584097338
226.7573997564381,121.47180822919398,231.3183200746373,0.6258973627253248,30.21996841713048,-0.1151887575948941,10,D06_px-1055_py-0118,0.40471016450316,0.1151887575948941,2.4071211280450244,0.5535693351233526,2.615262598696196,2.1817333469781373
181.1915821866915,124.10844141639043,239.1632768680004,0.538127593906142,37.11626079850839,-0.0064210524211109,10,D06_px-1055_py-0118,0.34795754068230467,0.0064210524211109,2.8766621737125835,2.6662907322710785,2.1367349204097925,2.2590496540902194
-192.81700466237373,138.21209679865615,237.24293722944,0.5763621078293616,32.689960962304326,1.9126977766706408,16,D06_px-1055_py-0118,0.3726802785321449,1.9126977766706408,2.5247931094146105,1.5019295347320125,1.8489234079608756,2.472767648007413
-197.2532896521637,171.0337009504563,238.1064298522228,0.6192037964055889,23.25227206974228,1.820288402845299,16,D06_px-1055_py-0118,0.40038205180018005,1.820288402845299,2.3049708772144886,2.1714558068454926,1.6924127836883032,2.3624322449928843
50.86947688320256,176.99357978023104,237.3199511254884,0.4671579806507722,49.84395302687426,0.6839513969525571,12,D06_px-1055_py-0118,0.3020680297723329,0.6839513969525571,2.590135780440419,1.8569405655912692,1.6677994842012842,2.0269760183905854
-67.1019082776869,181.3238655133397,235.993966329765,0.4893258539701194,48.27405398988856,1.3182553022274046,14,D06_px-1055_py-0118,0.3164019512617823,1.3182553022274046,2.8859675854693068,2.4200182463751743,1.872255317229937,1.621716622082802
-187.26020070664936,186.8286220635292,238.32711285910364,0.6249704557351099,21.768585999184268,1.7503686374458651,15,D06_px-1055_py-0118,0.4041108191426753,1.7503686374458651,2.181796429875609,2.1061184067361784,1.7134819442496163,1.8619360468820982
-5.264716442755151,185.6377799301553,226.491120032238,0.4896747558541265,58.992621746439625,0.9921693515242164,13,D06_px-1055_py-0118,0.3166275539680425,0.9921693515242164,2.2703039806647345,2.243291389496171,1.5174013464658782,0.8891485300993522
181.3438733270446,187.8468282941532,233.8996557349368,0.62768999776759,26.659924347600736,0.1960308913987147,11,D06_px-1055_py-0118,0.4058692964408475,0.1960308913987147,2.8180893036705585,1.6261850462223584,1.9973947708843922,2.1206574900088713
-65.37298038711225,196.64771588838207,231.7474603191615,0.5265050347805087,47.59407231595509,1.2847604493141125,14,D06_px-1055_py-0118,0.3404423024087301,1.2847604493141125,1.7365832578202158,2.535410813571427,1.79560797690623,2.3216943139559993
-224.4101476802772,199.39793099024465,237.91130183120825,0.6869234329264966,7.947196650549756,1.8081643707735733,15,D06_px-1055_py-0118,0.4441701021558072,1.8081643707735733,0.6520073689826729,1.71173694436304,1.7311260777434094,1.7710801304125936
133.69533649993085,203.875199702379,236.21582521471885,0.5909109190265595,31.19508620305833,0.3833956918112922,11,D06_px-1055_py-0118,0.3820876544432771,0.3833956918112922,2.4630316335891487,2.597725559411809,1.5186922624263244,0.9847806117155863
138.0060493721191,228.2540023298573,230.7227048739125,0.6444249599106496,27.04041539522637,0.4200099997451071,11,D06_px-1055_py-0118,0.41669025477238797,0.4200099997451071,2.1570671067649263,1.578710338980407,2.1380941899994212,1.8442573704771184
-39.29262049611181,235.98072965886584,236.565709507754,0.5815035540692984,32.547873794835425,1.1288108474189622,13,D06_px-1055_py-0118,0.37600477816653965,1.1288108474189622,2.4957443122461513,2.0319285653820924,2.403284940954089,2.3047716842839385
42.16045478189803,243.37806015357123,233.0433568551676,0.6032614029235528,32.649024876131534,0.7922887547325604,12,D06_px-1055_py-0118,0.390073574607378,0.7922887547325604,2.490631995822767,2.0841912647381147,2.7270564580858774,1.8757206892651022
-91.9979195501398,280.3003496783881,235.07872394678208,0.6842510041034581,12.274501615251664,1.2809510290687889,14,D06_px-1055_py-0118,0.4424420886299385,1.2809510290687889,1.7981304811551122,2.616856894152234,1.9699206769601547,1.8600183982328513
87.93303193756051,287.1949972204591,236.87910232092648,0.6893114186114397,8.680081341466746,0.6667010214312284,12,D06_px-1055_py-0118,0.4457141925082196,0.6667010214312284,2.6082097971646196,2.0266563982783206,1.0428696070891106,2.1240202324052184
10.112699297848954,284.5804200997334,222.86456570808545,0.6930771071385987,25.93987880165253,0.9282962702306232,13,D06_px-1055_py-0118,0.4481491163696307,0.9282962702306232,1.52106331831928,1.8003762632836933,3.432717939893803,1.7845374596336194
25.26475159124,-287.2339760316984,234.99512088888224,0.6732519317801056,15.061022225700356,-2.0900428645638858,4,D06_px-1055_py-0118,0.4353300018334973,2.0900428645638858,2.184903745463056,2.1075732058683023,1.7615023467139173,2.6662264422448234
-9.943325531652537,-283.92677240474416,235.29865989217143,0.6654119749576771,16.533841439340563,-2.2127822915610755,3,D06_px-1055_py-0118,0.4302606240021433,2.2127822915610755,1.79193042771383,1.9297598588740899,2.3260366868135796,1.5904555955320383
97.67450635118612,-267.44253593859,232.8113904428638,0.6716408513249331,18.23600110501917,-1.8276097069209327,4,D06_px-1055_py-0118,0.4342882645218052,1.8276097069209327,2.242533700752354,2.0173452589230845,2.493734838026726,2.1505545108338517
-143.4630751384586,-254.72661551808432,234.89146571365683,0.6802019984303762,13.511574207675949,-2.6907000259793463,2,D06_px-1055_py-0118,0.4398239696704785,2.6907000259793463,2.4021534246465945,1.586355967532761,2.0647906443726134,2.173920796663839
146.98020209740102,-254.50673825656887,233.71536492447308,0.685249916610324,13.787806354098675,-1.654057246987735,5,D06_px-1055_py-0118,0.44308799332462784,1.654057246987735,1.8392468622786362,2.150680710906752,2.4930563102600267,2.5328964409773587
106.27346525529568,-252.24540360847325,234.80597604243192,0.6484231196867762,21.04534250373308,-1.7790349753150485,5,D06_px-1055_py-0118,0.41927549637439837,1.7790349753150485,1.0295650638748426,3.128930746037608,2.09513381303132,1.7437091265841453
-84.64935506688518,-232.4020538710566,237.41430011158872,0.5952390643781005,28.916656488446225,-2.5270769760291114,2,D06_px-1055_py-0118,0.38488626731742087,2.5270769760291114,1.5945317735909588,2.642381312394121,2.0715607561319525,0.9096370203692288
-122.19336329870062,-219.55700196984344,237.05178899458045,0.6032956609416479,27.774613948238425,-2.685630170793876,2,D06_px-1055_py-0118,0.3900957261117053,2.685630170793876,0.8157107662790892,2.524069552490264,1.261689444735309,1.8590726673280211
71.02658586308297,-219.4886183690214,236.35625741538,0.5653518183270724,35.73364884627688,-1.8648104479060308,4,D06_px-1055_py-0118,0.3655609386194532,1.8648104479060308,1.4506107232480119,2.269607154797079,2.000379632066699,2.2057219650995963
-19.5670993272577,-219.46954395184383,234.1308018433625,0.5489881317195844,41.18168340010743,-2.266697079885899,3,D06_px-1055_py-0118,0.3549800499734965,2.266697079885899,1.1264031766808724,2.6345269510205407,2.309018556238577,1.8726546915305562
181.87598444265456,-216.0970050273704,235.99883125042936,0.6611394156289611,16.643652428085602,-1.478154997799947,6,D06_px-1055_py-0118,0.42749795348817116,1.478154997799947,2.4800189806999153,1.3252485083467622,2.2005391450232517,2.1175684301789
-191.23904454862588,-216.27554926673653,237.0459144177821,0.6696218835094457,13.311162112983254,-2.901814070676149,1,D06_px-1055_py-0118,0.432982784030284,2.901814070676149,2.155792040541704,1.6903416530637871,1.8796912587723384,0.9240909864007241
-174.73489121749978,-215.2411141418424,235.7701851016654,0.6526056678881825,18.892544381740493,-2.859676656166753,1,D06_px-1055_py-0118,0.421979964984496,2.859676656166753,1.5044342010667573,1.8216694473425978,0.7377944810476635,1.7809793842090065
189.4018134506248,-205.2308758559709,237.23998210855265,0.6531335168126542,16.922029114633233,-1.4324670795795105,6,D06_px-1055_py-0118,0.42232127625656396,1.4324670795795105,3.472560467469014,1.985339451828585,2.3285839191541076,1.8304412243378927
33.640152755295695,-195.849374838632,233.0205365583049,0.5061486689160202,49.21844073810223,-2.007670358028111,4,D06_px-1055_py-0118,0.3272797159075962,2.007670358028111,2.02306214404096,1.3700537194589946,1.9127573313945883,2.4260608609593044
-104.31192888151216,-194.05124384424184,234.46787584078777,0.5482888840460506,40.90399491412302,-2.6710090389453724,2,D06_px-1055_py-0118,0.3545279109202944,2.6710090389453724,2.175356290841762,1.887735831875143,1.4339636909212232,2.1175338336643175
51.10778812815231,-192.99156952796287,233.9716472537829,0.5063940553025581,48.09458217806139,-1.9188994833279924,4,D06_px-1055_py-0118,0.3274383846778722,1.9188994833279924,1.3489637066318978,2.383459068164186,1.5116455360723753,1.3627496639684444
38.34979883682946,-179.12559890684577,237.2068848819171,0.4652203764664719,50.22948418998158,-1.966865387834196,4,D06_px-1055_py-0118,0.30081515964558286,1.966865387834196,2.064374005943492,1.733859252819113,2.2545429344518677,1.7683688236363897
-207.9436697978151,-173.03877191543182,238.22747441659192,0.6358540136533886,19.54907148026541,-3.05453708887436,1,D06_px-1055_py-0118,0.41114821341496793,3.05453708887436,2.0062379469147444,1.2743489758328332,1.6752729559552977,2.5493016693882065
184.9060144977199,-173.8589550153997,236.75691597749687,0.6085787149253326,27.07831339383864,-1.3615955090859289,6,D06_px-1055_py-0118,0.3935117904285546,1.3615955090859289,2.5914050818471814,1.9723113660550604,2.465601343063717,2.0702129482293152
-94.83677016384544,-171.4248199633255,227.5823472906124,0.5101369492763321,54.85762004377733,-2.6830929293768526,2,D06_px-1055_py-0118,0.32985856940152747,2.6830929293768526,2.5923625997055284,2.6301111622757136,2.59323210259641,2.3661315544836783
86.51857006255385,-148.8875341674336,228.89548811482524,0.4548101266847713,60.846871535703,-1.6513692308814174,5,D06_px-1055_py-0118,0.29408381014232576,1.6513692308814174,1.81725578405125,2.2997192921788945,2.01124502670035,1.910360361635964
235.72609025529584,-149.72458499945074,234.24936514017628,0.6592394491123017,19.29762780254833,-1.1728539991431566,6,D06_px-1055_py-0118,0.4262694201737639,1.1728539991431566,1.9338239491223252,1.6633312922136299,2.356218750108117,1.7812247829478158
-246.9049957939889,-141.0736679736788,236.7412774278509,0.6628975667360272,15.291743093800108,3.0537137391816165,19,D06_px-1055_py-0118,0.4286347878417526,3.0537137391816165,1.6529079082787894,2.251484144019508,2.3621934552636983,2.674857105550267
-256.0861033721553,-129.00284941756598,238.196140662126,0.6639651751832072,13.1936894961579,3.001254592899831,19,D06_px-1055_py-0118,0.42932511187251987,3.001254592899831,1.5389256576059287,1.8998255880506898,2.093394477256722,2.180138045923001
188.4888953344513,-124.6268012714962,235.14251279328,0.5583325381365258,38.39885276693775,-1.1911803742428142,6,D06_px-1055_py-0118,0.36102221676218194,1.1911803742428142,1.4139722353500401,2.507302063214456,2.7746891978893546,1.268834364186571
-156.0532923409231,-116.81572018993366,237.21667807773628,0.4905817985559876,46.70869930775689,-3.10599139315729,1,D06_px-1055_py-0118,0.3172140549232202,3.10599139315729,1.5041759693480805,1.8288023476867865,2.599067602878877,1.232800512565958
272.9931947238947,-76.55372014861585,226.7782484141825,0.6824046154940877,23.4258955513406,-0.8803809473227633,7,D06_px-1055_py-0118,0.4412481992123808,0.8803809473227633,2.151574645640875,1.678739139135987,2.737852641434583,2.089202452810495
183.4006434691523,-42.29665734152438,235.1108719746935,0.4797936333173127,50.60785150074776,-0.8336408365026866,7,D06_px-1055_py-0118,0.3102383423089022,0.8336408365026866,1.9680182984500973,3.1320696802961416,1.2950362354366205,2.42473310958666
267.03232741442906,-34.648668136996655,217.780145741989,0.6769822403794626,36.2475539399785,-0.7360131893655013,8,D06_px-1055_py-0118,0.4377420487549282,0.7360131893655013,2.0664149215635192,1.7021399576042353,1.769085819451012,2.108307784247774
196.93895362738868,-29.53548998721081,235.4346936504053,0.502689368239224,46.971779404558845,-0.75584289615828,8,D06_px-1055_py-0118,0.325042904843437,0.75584289615828,2.172598063229314,1.7065321713718429,2.084792699020888,1.7859855431756282
-221.2550049378193,-23.649804711987706,238.8989864778404,0.5443976159368402,36.37339981704423,2.6410981623590875,18,D06_px-1055_py-0118,0.3520117863120245,2.6410981623590875,1.256240492819913,1.5173141699749735,2.082594488533884,2.3837278981885195
191.9747270002621,-2.7251939568274195,240.23818313735043,0.4791007506045878,44.925470597155424,-0.6211741655025421,8,D06_px-1055_py-0118,0.3097903188894916,0.6211741655025421,2.3495127017580644,1.7007461334217877,2.299395553311949,1.5463049740812815
-286.6585300581197,17.108066640083123,236.43523003858223,0.6682899166017439,14.407407754551857,2.4750028322024846,17,D06_px-1055_py-0118,0.43212152373677265,2.4750028322024846,1.3938288273286157,2.220050231368826,1.7988901129401011,2.7027464231105736
254.1892333712377,24.786215439145803,236.36169446893297,0.6122957612948184,26.80992949534232,-0.5097759586437588,8,D06_px-1055_py-0118,0.3959152618876933,0.5097759586437588,2.097165016662826,1.9653530811108677,2.190335521544209,2.6507828254414667
-211.72957416253325,34.756581317455776,238.11709897407883,0.529841543022059,39.68996579719044,2.3719086989853664,17,D06_px-1055_py-0118,0.3425997149171074,2.3719086989853664,1.8410150584420133,2.4450074418927525,2.3675143537161976,2.560423043446167
-185.969873435864,73.05448945368853,236.1288673004277,0.5028494151203796,46.15588931231128,2.160303280311,17,D06_px-1055_py-0118,0.3251463924173719,2.160303280311,2.1153138906771654,1.5623962186584124,2.5835323189277335,0.41017732061543866
-175.5618484362121,78.30366200182625,239.2959280107409,0.48121974407811,45.68951624707535,2.115075951875025,16,D06_px-1055_py-0118,0.31116047675933173,2.115075951875025,1.2694017629013108,2.164229243147264,2.0417246201276473,2.4467815192311666
-278.6838426684756,97.59370457321457,227.6001408224864,0.7005802681477098,17.920414575318148,2.197764541488708,17,D06_px-1055_py-0118,0.45300071937538366,2.197764541488708,2.0041284017345133,2.279210409130167,1.4761748804601478,1.4910585570877066
-242.1436321622446,123.48080335357515,235.8148589733593,0.6430010029609776,20.985799205411865,2.063038354550462,16,D06_px-1055_py-0118,0.41576951299319614,2.063038354550462,1.2760893922862024,2.372617615380088,2.4677601535987175,2.0500635389676285
274.75263506661645,120.3549575775106,229.12649895348312,0.7050377115654035,14.789929382495645,-0.1941088700894216,9,D06_px-1055_py-0118,0.45588293739749414,0.1941088700894216,3.0922146954989698,1.822572581586501,2.0121236819610475,2.061618392012564
195.432042884678,121.07992718093764,230.6925231447453,0.5748039315091326,40.78052569372306,-0.0523089020370102,10,D06_px-1055_py-0118,0.37167274945079687,0.0523089020370102,3.0614627497235625,2.4232617137539614,2.202337871995082,1.4362539269460524
141.20313127721698,137.1038814610672,238.3600248588637,0.4925791784235238,45.12332410551966,0.163690460074998,10,D06_px-1055_py-0118,0.31850557647756267,0.163690460074998,2.3234559478793213,1.6348543377684195,1.673713856773446,2.050453780053804
-168.89606411300878,142.4984676248372,236.24689408560045,0.5462755414732263,39.15883471925002,1.833784952909012,16,D06_px-1055_py-0118,0.3532260677549854,1.833784952909012,2.239442960534518,1.8862709272923006,3.1328183298290044,2.6210652639313228
237.04736443466257,143.60481645516774,235.3316039104608,0.6533558900683336,19.27453772284838,-0.0623015358757331,10,D06_px-1055_py-0118,0.42246506455516813,0.0623015358757331,1.5322372019123651,2.487388669936848,1.8979847082976586,2.1814565910376142
-230.1837582474438,148.60092669300315,228.50819849256823,0.6620253605964598,25.934174676025066,1.9613547701495853,16,D06_px-1055_py-0118,0.42807081248213774,1.9613547701495853,1.8616901328315327,2.0385859836621663,2.8052486221885564,1.506368222186828
-243.1596075810368,155.5020680526849,234.0508819060628,0.6757016160827427,15.681843719226832,1.9656503464016968,16,D06_px-1055_py-0118,0.4369139869980684,1.9656503464016968,2.423345877465147,1.5885471990542421,2.930151093353779,1.2974944869250276
186.4451026853144,157.10982692052863,235.2342012014372,0.5928613877221458,32.005461859107584,0.0932378093121165,10,D06_px-1055_py-0118,0.3833488428643496,0.0932378093121165,2.5923715924739725,1.807116684590244,2.877608728753643,1.9646988247944375
-258.2278857397139,161.13590841349517,227.4412924827533,0.7159216929520256,14.192973528628272,1.9767284709302708,16,D06_px-1055_py-0118,0.46292060548775293,1.9767284709302708,2.7715862147607577,1.755295558722917,1.4162735701697744,1.7850022848027085
-211.1412845050112,165.75163570121032,234.3911073943016,0.6399026697386826,23.44171561726199,1.8690688948546783,16,D06_px-1055_py-0118,0.41376610632821087,1.8690688948546783,1.4738380253854162,2.402427190878364,1.6692894300511785,1.7044765678989857
-156.74326030100912,171.01363733170598,237.2510742025321,0.5661535790809897,34.5308602136796,1.7057029225330456,15,D06_px-1055_py-0118,0.36607936343785663,1.7057029225330456,1.4341451704373123,2.8072145740440573,1.7568213927977063,1.839314791539518
-226.19251981933124,181.55773285208107,231.3389419272933,0.6837899366300048,17.212903279201498,1.8582468333983604,16,D06_px-1055_py-0118,0.44214395877009083,1.8582468333983604,2.2792381898964527,2.6187593333406642,1.1291463185521313,1.6198013213388807
-79.40661147531317,189.3987814663908,234.3971065877276,0.5176978056647267,45.89972124703962,1.360812342033586,14,D06_px-1055_py-0118,0.3347474786939521,1.360812342033586,2.2200420977825575,1.967643301760614,1.941638963472022,2.3752392158784588
-21.02225533293965,190.24957328228305,233.3272869668017,0.4898694416665388,51.218690765221936,1.0738686424094237,13,D06_px-1055_py-0118,0.31675343934775513,1.0738686424094237,2.569783961618016,2.135459352797985,1.4346522029503799,2.0322125839002174
-165.09473368062848,240.9293105120118,231.77842520141544,0.6862635673422244,16.04108258212608,1.5645688199030854,15,D06_px-1055_py-0118,0.4437434278717074,1.5645688199030854,2.0587158931164673,2.0655695945575,1.9780609678565488,1.8637724949518
30.9592325136783,242.84104778628583,236.27860382490587,0.5926911534266133,30.778818655952705,0.8370131846211141,13,D06_px-1055_py-0118,0.38323876802803925,0.8370131846211141,1.333433683961148,1.5606555465905607,2.0626089225574917,1.8890369219715537
161.6856570098499,240.41510645864088,233.8345398008212,0.6780045870259834,15.404069238730017,0.3717679844983509,11,D06_px-1055_py-0118,0.4384031061488931,0.3717679844983509,1.608438837447759,2.1135887859038878,2.524994896137595,2.607517790583102
137.56283419049598,247.36356266589056,231.17630529767683,0.6721922275238272,20.19522012052778,0.4562901308616335,11,D06_px-1055_py-0118,0.4346447887148229,0.4562901308616335,2.258957748951689,2.263470311634559,2.258574495257397,2.388180735044573
-78.69734542995405,247.97343959710167,236.53267058366305,0.620678184470496,24.878974166335126,1.2711249446707744,14,D06_px-1055_py-0118,0.4013354027356943,1.2711249446707744,2.4954693502439738,2.114107654434549,1.7265015652908007,2.5428610610834586
13.871452821053673,255.73083523828507,229.52293498210537,0.6274945707170889,32.107580040564585,0.9096275048611828,13,D06_px-1055_py-0118,0.4057429317707484,0.9096275048611828,2.6278334169984987,2.256650573640613,2.5272991884521225,1.8897101738881386
-73.09106953324456,257.15929411126945,230.73600215819883,0.6455009471511431,26.79006385896679,1.240738915223933,14,D06_px-1055_py-0118,0.4173859965969058,1.240738915223933,2.248995683433236,2.3245863331976206,1.4204445226407212,2.6538077680940404
-98.46478322620624,272.67414107875555,230.2595051108235,0.6858488900860158,18.105511808459653,1.3103528081879894,14,D06_px-1055_py-0118,0.4434752942917141,1.3103528081879894,1.6394496612312208,2.3887126182084732,2.9436137191369993,1.7930952819572392
20.46940485721752,-306.9537067754504,236.2312879357548,0.7024420048443927,6.143579934542572,-2.111188803970078,4,D06_px-1055_py-0118,0.454204532987084,2.111188803970078,1.7799715038720811,2.476403208652692,2.8368359932143,2.3556651132962574
-9.145545416392991,-304.54046378244874,233.56980386056483,0.7032654344636321,9.416997661945004,-2.207797477163149,3,D06_px-1055_py-0118,0.4547369690644755,2.207797477163149,1.8133122817334604,1.8950758383722386,2.271415309536611,1.2012439421437369
-56.57829676393511,-284.85222606726444,233.21299115232205,0.6804679249131862,15.605975982500864,-2.3738473443988344,3,D06_px-1055_py-0118,0.4399959198287843,2.3738473443988344,1.6960458521350759,3.135239075056145,2.1070066827881115,2.0342782637505685
71.0754492296547,-281.3859800736747,231.49944948565536,0.6837514090033335,17.015222062412818,-1.9303604882679188,4,D06_px-1055_py-0118,0.4421190465032295,1.9303604882679188,2.3738408610145894,2.005397096510027,2.7361903261451297,1.5080472644309046
-128.54536684823475,-276.0856807276533,235.2117553914743,0.6995960879117697,8.218666213602717,-2.613526372709821,2,D06_px-1055_py-0118,0.452364340683111,2.613526372709821,1.6525275114665208,1.9882332098598834,1.552357332862137,1.5001350063256038
53.03884520867558,-268.2487495958192,229.17291976537564,0.6596596477598514,25.625324765228186,-1.9825710445292333,4,D06_px-1055_py-0118,0.4265411239288866,1.9825710445292333,2.254726900410376,1.8894151960831111,1.8261151244515925,2.566379399558118
-90.52592182915215,-261.9275535074852,232.3578203570779,0.659463657423587,21.639513469034284,-2.510538312376128,2,D06_px-1055_py-0118,0.42641439503377637,2.510538312376128,2.6025601570036367,1.2644316241994642,1.9543852187160453,1.602848844583553
111.46857760700536,-264.2368596946062,234.80200475342784,0.6710149460955576,15.842172957788591,-1.7785754820442046,5,D06_px-1055_py-0118,0.433883549270664,1.7785754820442046,1.7128025806763616,1.6078497197473212,2.356918899523829,1.8743464367580678
-35.8152119456072,-252.20264836822813,235.450749986321,0.6128916670504513,27.802582390396022,-2.31884228011577,3,D06_px-1055_py-0118,0.39630057924282713,2.31884228011577,2.661008965867536,2.129692694467061,2.1269775211217485,2.1667231826536506
-71.91241497787867,-241.3540071363709,234.14933254178845,0.6101271338136075,29.94791180520229,-2.4673546215294806,3,D06_px-1055_py-0118,0.3945130102775486,2.4673546215294806,2.062361585146267,2.992820545161751,1.9193470602619656,1.404322708939973
60.889448483807286,-236.543527747437,222.68131027423783,0.6193791283258561,42.159940620844,-1.925832240113165,4,D06_px-1055_py-0118,0.4004954228007943,1.925832240113165,1.6493026423071093,1.431313005281051,2.3671508493079383,2.5650298410214187
110.42620270531782,-238.4537371745074,235.73761962940915,0.6270251302619325,24.5294865527352,-1.744087480774751,5,D06_px-1055_py-0118,0.40543938787498324,1.744087480774751,1.956526845029317,2.1301104491541354,2.0373842196064595,1.7935853256754932
161.08213783737193,-236.12462454902345,228.6102688552092,0.6824420696396827,21.056255768072447,-1.5791023769471764,5,D06_px-1055_py-0118,0.44127241735792316,1.5791023769471764,1.7199474924591671,2.228494737509086,1.7231134331426714,1.7177980027782376
9.005079403205732,-236.5303976369528,237.31143676820133,0.5752003839556858,32.82163107966363,-2.1397226845354425,4,D06_px-1055_py-0118,0.37192909872532265,2.1397226845354425,2.988807915369514,1.4225578719266494,2.0087287971962358,2.4554383690235038
-4.806981123317917,-223.80235569337933,229.4285852169068,0.5651922900886043,43.965394243407616,-2.199251245270324,3,D06_px-1055_py-0118,0.36545778640396503,2.199251245270324,2.669010950019493,1.2760875681267474,1.9259876016601702,2.0671014676298034
169.1212974099396,-218.6285888984308,236.8607256888252,0.6489330752697337,18.35244460676182,-1.519369024706168,5,D06_px-1055_py-0118,0.41960523767090957,1.519369024706168,1.5087054350443379,3.4585772704521363,2.2933651105516097,2.3374543886136476
205.8389243747924,-202.68087051473265,235.82308176270743,0.6724374740675897,14.197688643484298,-1.3846473698148496,6,D06_px-1055_py-0118,0.43480336706165884,1.3846473698148496,1.5530748202504303,2.332234723811945,1.8314810142346574,2.531362049757658
-122.05785301455587,-195.9920501085193,234.8327667830019,0.56866846606102,36.949922674529546,-2.734769544456809,2,D06_px-1055_py-0118,0.3677055091671869,2.734769544456809,1.5655203844544674,1.3879948651614074,2.301936094299977,2.350983516139811
218.66890583873644,-189.26088880795848,234.59248998494587,0.6755332914514011,15.028269504477976,-1.3204113170130811,6,D06_px-1055_py-0118,0.436805146965665,1.3204113170130811,1.7168026956495925,1.808346454082193,2.9003725730723935,2.295406685518586
-225.422759122604,-178.57233931974636,233.92785758728945,0.6741831945022956,16.20362577443194,-3.0786261042349974,1,D06_px-1055_py-0118,0.4359321636445842,3.0786261042349974,2.312891453060984,2.71772015699524,2.8251736145686555,1.4827620969172017
-121.18265381286652,-161.7798184981565,231.9666591436276,0.5153499041530688,49.052417822200425,-2.820674553345453,1,D06_px-1055_py-0118,0.3332293070837016,2.820674553345453,1.3326331466013963,2.2895036087488534,1.596148243298248,2.4284163786805024
-135.71549815558885,-150.72346308225764,228.99520803704385,0.522363303973671,51.411274977817584,-2.910826904238757,1,D06_px-1055_py-0118,0.3377642266474512,2.910826904238757,1.265338232501031,2.1832222485140806,1.5462301509489813,1.7628330702649135
119.5261191287854,-141.60191533555212,231.2501892620481,0.4801914717621449,54.905928870624,-1.476717274050643,6,D06_px-1055_py-0118,0.31049558778083175,1.476717274050643,2.0895246781931327,2.1754643613691758,2.166923343793913,1.2074268698151338
239.2934398814852,-120.42052070343088,233.5503579441732,0.6406521841365481,24.32721355974581,-1.0732107451119104,7,D06_px-1055_py-0118,0.41425074824128244,1.0732107451119104,1.5893223028816026,1.9305832456084218,1.8000514629971769,1.4781390766282008
-184.5374433676129,-119.12403767110732,234.5465869390428,0.5467974456229153,41.06157628808848,3.1078379668289706,19,D06_px-1055_py-0118,0.3535635350888559,3.1078379668289706,1.6869983331436544,2.5905630770022188,2.253843741725131,2.2383318802772267
-207.8299360462227,-85.03909186381878,237.0391920325156,0.5519317089130219,37.26984042195869,2.923005018103028,19,D06_px-1055_py-0118,0.35688339017131526,2.923005018103028,2.198542094445406,2.107859455531219,2.005676848265835,1.4435255281020138
194.84074151804165,-66.98904343367059,230.78175557425888,0.5258086924300268,48.818980063840456,-0.9381331595499168,7,D06_px-1055_py-0118,0.3399920419602966,0.9381331595499168,1.5601602094120146,1.6851973970814045,2.6662451045444744,3.216222749625003
242.95046010242737,-61.09325324286496,233.3268666543964,0.6093017507414938,31.11552392102112,-0.853335442251683,7,D06_px-1055_py-0118,0.39397931108214257,0.853335442251683,1.25309225605154,2.1253061765046546,2.403496953496013,2.1191052031470408
-237.5609570832732,-61.20087007568836,233.2741096749425,0.5996059016033211,33.07853581746855,2.7867522351286698,18,D06_px-1055_py-0118,0.3877098986618353,2.7867522351286698,1.3153564280514023,2.244554346305744,2.4361531029218284,3.0701818972933532
198.807865488328,-55.6622941248896,234.2138310630304,0.5202976295794436,45.71005266937334,-0.8799700057515514,7,D06_px-1055_py-0118,0.33642854531424093,0.8799700057515514,1.4222932463464002,2.7776371900817987,2.1734766716610823,1.5253469807080653
-283.68454878964815,-44.30252519755833,235.14942427678184,0.6708664557160235,15.433965792977231,2.689530080449385,18,D06_px-1055_py-0118,0.4337875342217003,2.689530080449385,1.6174773067118156,2.6104786392174395,2.524635773750399,2.5666157438841166
222.41573665404312,-25.093255681243903,234.65104970780624,0.5550073076818264,39.55024173612554,-0.7193258699879072,8,D06_px-1055_py-0118,0.35887209655960983,0.7193258699879072,1.957565698000864,1.8432776937223991,1.8193339485261129,2.99426558577487
-225.3607114336427,8.249764065723358,235.73736600955465,0.5562982005552509,38.049656541652325,2.4980225293080243,18,D06_px-1055_py-0118,0.3597067980590454,2.4980225293080243,2.232969786796445,2.381525750617329,1.3222354372606975,1.5372527878764626
291.29009583071274,43.80099242246213,233.00383566595443,0.6878535358185163,14.063956191649709,-0.4577287504269354,9,D06_px-1055_py-0118,0.4447715140115708,0.4577287504269354,2.538520936618392,2.2059812043085936,2.167052254421008,2.1400195357274576
275.50494835668724,49.57057594279062,231.5148439776776,0.666100884426256,21.18452852329375,-0.4289580169021521,9,D06_px-1055_py-0118,0.43070607829059465,0.4289580169021521,3.5421667045768244,1.933424940873762,2.535095830989304,2.0165573569900284
-260.29518617883167,53.42196329200594,233.98562435134227,0.6358793109778641,24.81587001953966,2.332187977870434,17,D06_px-1055_py-0118,0.41116457086422353,2.332187977870434,2.066179464994017,2.031803366386744,1.7123469192516136,2.4097131897755864
-296.6528036481811,57.610455653101376,240.23380432210263,0.6854099026192955,5.32830414018872,2.3427990912364143,17,D06_px-1055_py-0118,0.44319144153812906,2.3427990912364143,2.9274048110394353,1.4808096063729879,1.5843204630859804,1.1702374742305013
-285.2275615646277,57.739089002364096,235.4125923533241,0.6768828828711992,13.650500527970053,2.334880523610614,17,D06_px-1055_py-0118,0.43767780340751405,2.334880523610614,2.119396028014748,2.0642181408704614,1.237084658889172,2.2043490854257213
302.19835755604083,63.43703202678792,238.46288124515425,0.6996458084351053,3.956354054056874,-0.4000653771977297,9,D06_px-1055_py-0118,0.45239649036511426,0.4000653771977297,0.7576185296395779,0.7720791483656115,1.7121659442486334,2.0132888732498864
-266.5390380559626,64.44625958925616,235.68762977942345,0.6474998077262998,20.145786333046544,2.297377078561645,17,D06_px-1055_py-0118,0.41867847558845817,2.297377078561645,2.7559914577361795,0.7068589036560253,1.9683652590997505,2.2549930410088517
279.7193049619484,66.31081819800723,235.22847637918267,0.6712938854391978,15.231103439638956,-0.3742143841169522,9,D06_px-1055_py-0118,0.43406391364727603,0.3742143841169522,1.837477685240513,1.5908041587295116,3.156360494147259,1.3362914245951147
218.8838577536212,88.92146884392358,236.34297192799312,0.5762081703616948,33.79152568561307,-0.2210972481821238,9,D06_px-1055_py-0118,0.37258074135309155,0.2210972481821238,1.4506837219387516,1.1237795601823328,1.8430691085384183,1.5838333623994632
-262.6306870938842,98.23503389897338,229.5183187089397,0.6711342858915528,22.560759771668643,2.1766821839760206,17,D06_px-1055_py-0118,0.4339607153227124,2.1766821839760206,2.137131642939985,2.3157924899557845,3.041177007220046,2.012740935744311
-167.97490544196822,100.27583003167304,233.56721220432829,0.4985502498424752,49.70581364878967,1.996425196343079,16,D06_px-1055_py-0118,0.3223665182870977,1.996425196343079,2.796642672431393,2.701412674685428,2.4298976392182556,2.0295292990666596
-149.2716776018471,116.15101875177524,236.22575243994743,0.4798596296460581,49.34192216257725,1.873357838333856,16,D06_px-1055_py-0118,0.3102810160548769,1.873357838333856,1.7427367486086338,1.8130163985879224,2.120594900880645,1.9543298577376822
201.6416782730472,148.0493318099545,234.0227571075207,0.6072341826316531,30.677499269007,0.0263455806529221,10,D06_px-1055_py-0118,0.3926424052575012,0.0263455806529221,1.859617318135955,1.2848460042267464,2.852265226275149,2.524031765298581
-153.26350728516618,152.42811396615076,230.49236296992524,0.5474300351571532,45.7038348535034,1.7519477491232007,15,D06_px-1055_py-0118,0.3539725724641687,1.7519477491232007,2.7432543539998626,2.0099837598869597,2.9156974926186363,1.8381741723464422
183.9026397705312,172.17919789528605,233.9599780210627,0.6106651924113405,30.07148907779361,0.1455070716354284,10,D06_px-1055_py-0118,0.3948609232047619,0.1455070716354284,1.2535764484570229,1.8635868826900743,2.210225471117745,1.4092131898906972
245.13271865163347,176.6818248110693,232.5049249918877,0.7014426743899721,11.283012408580817,0.017543777760964,10,D06_px-1055_py-0118,0.45355835804421396,0.017543777760964,2.6793944582622595,0.9562846474940412,1.6369858942250906,2.645781108326302
232.42153411037984,185.0972375902,232.42596826478123,0.6933151738518555,13.45115225361826,0.0655538155789908,10,D06_px-1055_py-0118,0.448303052181511,0.0655538155789908,1.3264553362572928,1.3886760581050086,2.212073339411686,2.404084440890827
-9.945645855815515,204.7347868677172,231.94860038105628,0.5213938275050465,48.152589094523535,1.0123568290518992,13,D06_px-1055_py-0118,0.33713735552693624,1.0123568290518992,1.9391373313125406,1.9018216523167828,1.9141864028090092,2.4351761865313932
-157.50236951547146,214.4881067994121,235.0752402924805,0.6343516079924492,23.79033113301313,1.5972053198526783,15,D06_px-1055_py-0118,0.4101767460811838,1.5972053198526783,2.1909504686077828,2.4222524548617477,1.7990719260201362,2.968600293731942
-101.67339188756152,219.22545353438392,236.08426175671764,0.5870825058778364,32.07973699410377,1.398074691694645,14,D06_px-1055_py-0118,0.3796121723475237,1.398074691694645,1.9047425258322492,2.508633332478886,1.519566831358724,1.9451034755748506
-209.2752770127456,223.1007171573589,230.55270358293268,0.7116522677920752,11.197006935560182,1.717250345710943,15,D06_px-1055_py-0118,0.4601599615519904,1.717250345710943,2.203942724805425,1.598049318004088,1.7394754501487346,2.5284991343127414
162.18600534669568,223.5618974776447,235.3589201934201,0.6516311028002029,19.63053643945358,0.3362048340818832,11,D06_px-1055_py-0118,0.42134980352262646,0.3362048340818832,1.6142073038231617,1.774981343751417,0.8739056650722146,2.5694756742548406
-106.72504915962796,238.3225259724038,219.8598444103557,0.6574371732028447,37.88910009900644,1.3848544503098317,14,D06_px-1055_py-0118,0.4251040543754157,1.3848544503098317,1.5503880606890492,1.9851825717528029,1.9581476024964346,2.1762894264023824
-133.73772647834383,254.651159947374,234.3603253945724,0.6733695259785417,15.844871001129375,1.4474049866293837,14,D06_px-1055_py-0118,0.43540603916841514,1.4474049866293837,0.9625567621776219,2.5470061909082187,2.0607202577996544,2.534135837605322
25.995603504143656,263.4002899399138,229.4201373327545,0.6434365940381527,28.88259259083287,0.8654429751436118,13,D06_px-1055_py-0118,0.4160511696145502,0.8654429751436118,0.6350454722437293,1.4486263462184183,2.397224278086296,2.250400529374299
88.36684600843367,274.03363524388783,236.61052595277263,0.669215867093685,13.963405372498812,0.6518774728299498,12,D06_px-1055_py-0118,0.4327202506179398,0.6518774728299498,2.587398631056676,2.452200934746103,2.0292248148874514,1.858440517133976
37.30983801515225,283.56148425635007,232.61817880740887,0.6742401421889554,17.866534026185832,0.8329924619280836,13,D06_px-1055_py-0118,0.4359689864673164,0.8329924619280836,3.256537415674307,2.577470045739526,2.2576508972186167,2.389170453403345
16.927246077213496,-295.1532822777492,232.78167858646324,0.6901066911461361,13.791854031348862,-2.120487916566816,4,D06_px-1055_py-0118,0.44622842199297147,2.120487916566816,2.233354306166822,2.1491580684328007,1.2297083217389455,1.861594919162597
-92.77715574247046,-284.5853904183871,232.2310844351561,0.6973663356536705,12.682217738066129,-2.4929193216424057,2,D06_px-1055_py-0118,0.4509225653107922,2.4929193216424057,2.2213679445859515,1.6371764534183406,0.9282815299849279,2.4569348514336093
-157.07344947338652,-270.8100957076064,235.5197205721604,0.7125748690004392,4.390233663178435,-2.703369582649799,2,D06_px-1055_py-0118,0.46075652276001655,2.703369582649799,1.5220987634739673,1.4830944466821578,2.2243362517820575,1.4708458506597377
164.4752577398723,-259.06042879342107,232.5396884052234,0.7089749755351659,9.279445651043886,-1.6120951724145396,5,D06_px-1055_py-0118,0.45842880329147484,1.6120951724145396,2.335176132086831,2.043466134793287,2.131118928969724,2.1344229968052497
26.93428071664226,-256.20777874206783,230.1546963844341,0.6289881817403797,31.0184969460222,-2.0730338749264163,4,D06_px-1055_py-0118,0.40670871242255957,2.0730338749264163,1.605385386933356,2.4051592610082393,1.7971418251850524,1.6951048689376889
-188.4201597447043,-247.6443053941876,235.3614046138605,0.7099116670934468,5.312444149179839,-2.8281848549436925,1,D06_px-1055_py-0118,0.45903447543073733,2.8281848549436925,1.9286826560770174,1.949871646322236,2.2319037383863023,2.297503239988443
-205.2035176985997,-229.0146616534828,235.04648183614628,0.7047050496236991,7.104033715547757,-2.9083920696724146,1,D06_px-1055_py-0118,0.45566783556583773,2.9083920696724146,2.8381819240108483,2.3728086929003345,1.2219372214180573,1.8730076210522095
-117.0413667627426,-229.71295780399592,236.32174283257527,0.6168119764183738,25.936869936419384,-2.6490035891066723,2,D06_px-1055_py-0118,0.39883548215771847,2.6490035891066723,2.17151362901263,2.482908350498844,1.0022875293153664,1.8026608908986905
118.40922412054388,-225.7027916530528,232.69516347910871,0.6187096975495773,29.997792062256224,-1.6946232336595295,5,D06_px-1055_py-0118,0.4000625635882046,1.6946232336595295,1.624408038470131,2.197760870751793,1.2085141692418713,2.319896154961108
-46.50317000453915,-220.8308478601905,236.3666207381927,0.5554261185771262,37.45941689005844,-2.385326135616384,3,D06_px-1055_py-0118,0.35914290298319734,2.385326135616384,2.248428351455656,1.5547618948361006,1.9435279198075226,1.3303883786455961
13.825819065018464,-223.05682676728964,226.37811167612543,0.5705131190235677,46.66615126691608,-2.115871661502525,4,D06_px-1055_py-0118,0.36889827630183863,2.115871661502525,2.1622702446848687,1.9150099709720907,1.5273118293673325,1.833781941282239
-91.82311262280815,-216.19587635919888,237.01034366577923,0.5722716227828397,33.71458540914449,-2.5794108871365578,2,D06_px-1055_py-0118,0.37003533868311395,2.5794108871365578,1.0670102849416958,2.5870715158245146,2.197696909508852,1.7374403305028603
78.4799693614232,-202.06000481775044,234.61938313565457,0.5408144419297092,41.96814935727332,-1.8073098918475896,5,D06_px-1055_py-0118,0.34969487777680536,1.8073098918475896,1.299233170198581,1.2536566641162348,1.8110567890857048,1.459798161893476
-155.75371292394624,-201.99182210956127,232.9638771607964,0.618518425176791,29.706864592917896,-2.834638002237486,1,D06_px-1055_py-0118,0.3999388853654395,2.834638002237486,1.827205230404009,2.301985635938054,2.1875267649781387,2.738606702665427
-214.6151408053104,-202.58105728812697,234.19595006840595,0.6862826439333712,12.911396913454723,-2.9920111677518406,1,D06_px-1055_py-0118,0.4437557629457962,2.9920111677518406,1.6466975779152984,2.224232739871271,1.7615639918026418,2.3480516787498233
189.06642149516605,-195.15830103843388,232.1306428634553,0.6504164840797756,23.960800092230045,-1.4082313579515866,6,D06_px-1055_py-0118,0.4205644214912782,1.4082313579515866,1.641337870719049,2.298478920359528,2.0228594257198154,2.774537408681786
-128.722179627565,-184.91185278937863,235.40512841164104,0.5565171021638942,38.40314232091077,-2.7858979304554348,2,D06_px-1055_py-0118,0.35984834156333223,2.7858979304554348,2.600650229191021,1.3280787725383385,1.6667548414283107,1.3008900184804362
-113.54773569784172,-180.5420344946641,231.6476158926532,0.5392876673591422,45.6818268497612,-2.739194004391498,2,D06_px-1055_py-0118,0.3487076533141189,2.739194004391498,1.5333415057740036,1.0797294503799688,2.1654566797878627,1.9326728335360213
-240.3350256731996,-174.83342170066211,233.3946525683251,0.6914020165106576,12.672775576672676,-3.119655317416046,1,D06_px-1055_py-0118,0.44706598957606203,3.119655317416046,2.0653325809565586,2.4746112104465485,1.9316780367022754,1.4810306271799596
-52.56668531841429,-166.61994886781704,229.34970093003847,0.4597688132791535,59.71754520257247,-2.4833810663998563,2,D06_px-1055_py-0118,0.2972901359504323,2.4833810663998563,1.6373995849932714,2.833623111856273,1.8157778025018545,1.8578953401425635
252.0235863031729,-159.6741278309536,232.50866748648923,0.6951675422224589,12.87709798231083,-1.1717165306241308,6,D06_px-1055_py-0118,0.4495008081597805,1.1717165306241308,1.9718285981528387,2.1418252028974534,2.7307063325823977,1.7695803058360875
-205.61562170122605,-159.80160158983975,234.764203526904,0.6246889432823381,26.22069060916465,-3.087897787731102,1,D06_px-1055_py-0118,0.4039287909734323,3.087897787731102,2.58325656608306,1.4283862464436266,1.7774524145540083,1.4879402884086366
-163.62029052738316,-156.7559398414711,235.53662785216068,0.558826844543551,37.848365408029565,-2.9845966493003018,1,D06_px-1055_py-0118,0.36134183917827756,2.9845966493003018,2.3207933666014675,1.7760100691084257,1.9230866261145132,2.473747274344903
-95.13457296474256,-153.4657820128517,227.69333108578687,0.4759318659513918,59.4823413418747,-2.73270469053044,2,D06_px-1055_py-0118,0.30774129311360043,2.73270469053044,2.28964537545811,1.4646743512330134,1.8811642323628517,2.1123992339420603
71.57947723134367,-145.24831549897797,238.23038664978864,0.4160246294979974,55.198193456712886,-1.7198986879370817,5,D06_px-1055_py-0118,0.26900480217455347,1.7198986879370817,2.2088158226172907,1.5707619562225228,2.0840573969712777,0.9762570104659012
-271.80429051132575,-145.95498763638557,237.76380624208304,0.7006588294278013,4.604728799050861,3.0274095881615635,19,D06_px-1055_py-0118,0.4530515177178643,3.0274095881615635,2.129317328956981,2.44941913258342,2.0154348521363854,1.9639022211230859
198.6543621811548,-143.74952898520627,222.58475603037647,0.6214288536912351,41.87786713685296,-1.2333801366760295,6,D06_px-1055_py-0118,0.40182079136633164,1.2333801366760295,2.228979873580631,1.8193430344190216,2.9411250740824437,2.953857269250099
133.8015499719529,-130.92492474675117,230.6673118834656,0.4854170239066728,54.84975749796382,-1.3815117173819256,6,D06_px-1055_py-0118,0.3138744709555797,1.3815117173819256,1.239652384606992,1.2173805056493525,1.467510420773088,1.2615099730326405
-201.6232108853177,-117.58197204527208,233.65259384347905,0.5758889558683685,37.05772210384754,3.0625707450356017,19,D06_px-1055_py-0118,0.3723743347474728,3.0625707450356017,3.049641488921094,1.931234969394883,1.7534075584587803,2.109144824065017
147.15792034511597,-116.84412388221148,234.4537399432018,0.4802637078360187,51.28393166828965,-1.2780542784951696,6,D06_px-1055_py-0118,0.3105422961951526,1.2780542784951696,2.040831312241017,1.8555578137769577,2.1859277950213167,1.2019206734549257
-253.3186612921596,-104.23487580340354,233.31356417369545,0.6518598354196873,22.15178778695196,2.9249743899813447,19,D06_px-1055_py-0118,0.4214977038359553,2.9249743899813447,2.012541432649157,2.575735827572055,2.2856774452366455,2.209633673143122
-273.7141349446044,-100.119231837216,236.80311375928773,0.6747414987402028,12.387803146385636,2.885276348655494,19,D06_px-1055_py-0118,0.4362931675621952,2.885276348655494,1.5234365843544742,2.253205241123803,1.9434188050218004,2.5722258128939646
-293.37625431219647,-81.64586222624192,239.98901884476388,0.6896773554242376,4.556199098544482,2.806042349909,18,D06_px-1055_py-0118,0.4459508101336084,2.806042349909,1.1792885138677047,2.279984877645406,1.826443605777016,1.6949919077425
-200.64085512881604,-69.99661592997978,233.42568222189192,0.534316633667829,44.41321841387622,2.8702766431925,19,D06_px-1055_py-0118,0.34549334377588714,2.8702766431925,1.2952031451337043,1.8242376395926168,2.025741943790611,2.737109181124778
-217.9393794652012,-68.90698081986757,228.1843517117401,0.5771536635812488,43.353739794479,2.8408425107360293,19,D06_px-1055_py-0118,0.3731921047158578,2.8408425107360293,1.5528337680212152,1.7633023942831954,1.8161104027501276,2.6568686544453914
-275.9065701429344,-65.65419754020529,236.0497231979313,0.6630266338758116,16.138929847646864,2.7682264982698275,18,D06_px-1055_py-0118,0.42871824367091066,2.7682264982698275,2.31324834594914,2.1600213526032457,2.6800615122363984,2.1358157772766706
291.49210242343736,-61.15464001808137,232.6997231979313,0.6939219174081647,12.94255984049954,-0.8137788413321047,8,D06_px-1055_py-0118,0.44869537734392406,0.8137788413321047,2.085419815744142,1.8583469626786546,1.8101276567615416,2.5737734539622896
-208.68929830866648,-53.856077575621136,231.19975205039609,0.5447728238043276,45.312299266524406,2.7871708783485087,18,D06_px-1055_py-0118,0.3522543986743973,2.7871708783485087,1.8256460157950012,2.2869551107048367,2.2655995789243164,1.8019019997573245
230.9299096997401,-48.84812799519759,230.87864367109955,0.5865220679543045,38.43560078786544,-0.8154346789463187,8,D06_px-1055_py-0118,0.37924978877198223,0.8154346789463187,1.965668640880398,1.901159940166077,2.211798586034628,2.3148289791168044
244.34958264080024,13.423891443295762,232.2503063479645,0.6005152641576845,34.143573004956465,-0.5520974615724719,8,D06_px-1055_py-0118,0.38829789965191286,0.5520974615724719,1.779329269191419,1.9086270077502134,1.5336571773545298,1.421656835416726
198.3525343643715,18.42848576942612,232.6645769702302,0.5078414508493263,49.375199649357455,-0.5143377372671912,8,D06_px-1055_py-0118,0.3283742820385562,0.5143377372671912,2.8014161247065417,1.9087186511554757,1.3760181743589406,2.5459447093662835
282.5991970808207,20.66796018874181,228.6317438707264,0.6781312634183704,22.05442162832464,-0.5339742690159173,8,D06_px-1055_py-0118,0.43848501610195373,0.5339742690159173,1.8558509196383977,2.508813007326057,2.5132732555851853,2.617269453676812
-202.25809864759032,70.96712855565207,235.1604792817488,0.5348645724582272,42.3087933319203,2.197159805473059,17,D06_px-1055_py-0118,0.34584764531349727,2.197159805473059,2.233755678157076,1.8695676790682185,2.27026936431706,2.5324369924980856
202.8227053309101,77.95014108501854,234.19777512425748,0.5426686304219693,42.15493870693047,-0.2400573769039163,9,D06_px-1055_py-0118,0.35089381066007397,0.2400573769039163,2.0998681623574003,2.460376044439017,1.2116096206631082,1.8658568960526536
-274.77676529765654,81.68943318360063,233.7101581283872,0.6730756035357136,16.746651442966765,2.245640910086427,17,D06_px-1055_py-0118,0.4352159866018566,2.245640910086427,2.307688451342232,2.514781150652408,1.7720002817612337,1.9313217175495492
264.15702160592184,82.2459053616264,233.2482382453453,0.6567998060304685,21.12004715103689,-0.3051405648066014,9,D06_px-1055_py-0118,0.4246919277416525,0.3051405648066014,1.9844431834566438,1.4728084643647796,2.5418828709677626,1.2059563468283492
229.2843716120969,102.72191833274351,235.7801879358017,0.6057613919309341,28.83068671243899,-0.1857808985857489,9,D06_px-1055_py-0118,0.39169008719025245,0.1857808985857489,1.9961184793912938,2.0799261685861485,2.4674049336947643,1.7059925093330355
154.35148808233686,106.23980045524176,232.9215802064856,0.4818071748370032,52.799872950614144,-0.0041505978763461,10,D06_px-1055_py-0118,0.31154031411482197,0.0041505978763461,2.307020925907953,1.5020280674614346,1.7993139831499634,1.8409015460073819
186.3544819528838,109.61577635442102,236.05479979011284,0.5369825322391282,40.92395165168472,-0.0752734331956344,10,D06_px-1055_py-0118,0.34721713478954686,0.0752734331956344,1.8232069757285938,1.8323920246811327,2.1998753398409496,2.091718354442362
202.22434165979,105.84029783614956,229.3881461868942,0.5740993937920161,42.4592597163205,-0.1248028694047878,10,D06_px-1055_py-0118,0.3712171898137482,0.1248028694047878,1.1203844633235986,2.2559668150457406,1.7776353127580216,2.0294418841521837
264.4939343106702,108.38252379962368,234.42335901125463,0.670189527082286,16.521553194763555,-0.2180764843077033,9,D06_px-1055_py-0118,0.4333498268354222,0.2180764843077033,2.3097157730133304,2.1106947179561613,2.314458116784591,2.469421408682526
-254.84196696161013,110.44355196227175,233.7891877079594,0.6575641319706903,20.26283664074424,2.1256655408651604,16,D06_px-1055_py-0118,0.425186146914672,2.1256655408651604,2.361123365790862,2.839244262179434,1.5419674854495604,3.2576289071548015
144.2226468397781,122.85526584032998,235.38873342900425,0.4820049844029888,49.98829142609628,0.0985843748719501,10,D06_px-1055_py-0118,0.3116682193381987,0.0985843748719501,2.0353605374411536,1.912774215492706,1.9818107065451271,2.296917322624832
176.7682113863461,118.665394453524,224.0406341166593,0.5533270076089647,52.30857671529941,-0.0157726048597148,10,D06_px-1055_py-0118,0.3577856012979243,0.0157726048597148,2.355130623870246,2.6593465030773977,1.3040905875447586,2.6031109159715453
-150.88635824284367,138.32725743808257,234.0100808499052,0.5169961377457449,46.45261464304883,1.7926126916754992,15,D06_px-1055_py-0118,0.33429377469098076,1.7926126916754992,1.9436239608919785,1.8683253100576325,1.7347595844289496,1.4421734795230132
-251.8601353288592,143.53824172611186,234.01293436924567,0.677908549587066,15.19825013828273,2.016610631461053,16,D06_px-1055_py-0118,0.438341007584468,2.016610631461053,2.7237663973886184,0.9573021042772207,2.7592508102961997,2.613979848302562
-208.33779928504205,147.66564007954597,233.2401663399393,0.618501960283587,29.371105024845008,1.9180188943166243,16,D06_px-1055_py-0118,0.39992823903581104,1.9180188943166243,2.1621994237099273,1.8409604588188748,2.8911109282473744,2.162851609043711
89.1832028118569,153.77528029585767,234.4899566500596,0.4578393147223282,54.23091597945398,0.4382644355281536,11,D06_px-1055_py-0118,0.2960425069862501,0.4382644355281536,2.3472898493726597,1.6279637036685355,1.8432238844050972,2.111545153485996
-27.784645999908765,170.0104686186784,231.36098552983893,0.4507453130964664,58.6111605434474,1.125813695216459,13,D06_px-1055_py-0118,0.29145546966037444,1.125813695216459,0.9515877485011153,1.398586045755954,1.9220904926137137,1.931871608663323
75.78157095766012,182.8907124257012,231.84970781274785,0.506685359311764,50.47819136836324,0.5709975089380318,12,D06_px-1055_py-0118,0.3276267441446269,0.5709975089380318,1.69252066470511,0.9381749505150707,2.2803136749441837,2.943517414039311
215.14222073377587,193.06278278372508,228.36754997094704,0.6884696783482883,19.91497662131804,0.1243821954825935,10,D06_px-1055_py-0118,0.4451699166242542,0.1243821954825935,1.9654480330028532,2.276490961376928,1.983346520024824,1.5859153086733042
31.05930937682807,198.91523349286663,233.5212725134642,0.5107805363543126,47.95576148420963,0.8089240724625882,12,D06_px-1055_py-0118,0.33027471787524443,0.8089240724625882,2.2551598838020444,1.7044579808927014,1.0630101165094472,2.2180944245043066
-134.02307904850178,198.64528716910343,232.81665777841744,0.5896299336431418,35.5288265868914,1.55735031694286,15,D06_px-1055_py-0118,0.38125935920491444,1.55735031694286,2.4076131470372384,2.1457518517187983,2.41173123259649,2.1092852144479695
-40.00146367871445,211.8216638317008,238.08117618746456,0.531942158732799,39.3911027857672,1.150463755681646,13,D06_px-1055_py-0118,0.3439579895807835,1.150463755681646,2.011438372620371,1.4523811255045447,1.8973148174582657,3.045571309168095
-146.26929758280704,213.1636621920532,234.04578720892124,0.6226883060037424,27.521407054335555,1.5652093409709442,15,D06_px-1055_py-0118,0.4026351631514423,1.5652093409709442,2.5982055019646135,2.084736047007322,1.284947054267998,2.079055895460083
5.72842502541072,216.32481697171283,231.28893334949268,0.5463971008961938,44.94123882957308,0.9373423169244957,13,D06_px-1055_py-0118,0.35330466903531643,0.9373423169244957,1.5136864682146571,2.0693280693206586,1.8399665984872133,2.1630550399534596
109.73202468335644,222.00721633280085,229.13449666033057,0.6124095245087242,35.61918832050344,0.5047618096276126,12,D06_px-1055_py-0118,0.39598882207783975,0.5047618096276126,1.9807991104686082,2.0103429841113987,2.299321421438332,1.6596746240262306
202.0631468009319,225.7891246108092,231.00321673911031,0.705996528922235,12.077893036870536,0.2338155621763581,11,D06_px-1055_py-0118,0.45650291625236916,0.2338155621763581,2.215332806522245,1.7019174249515252,2.4961277741533783,1.64068854356662
77.29036262655968,236.10696925021284,233.38777119650365,0.6052754186980644,31.83642149800403,0.6474580169845238,12,D06_px-1055_py-0118,0.3913758530702005,0.6474580169845238,0.8723113031600629,1.72291733664745,2.411133337615567,2.066608284119846
7.410222079895623,235.0827534581815,229.68547740959315,0.5872668911404989,39.73155432727475,0.9323054692052394,13,D06_px-1055_py-0118,0.37973139731063776,0.9323054692052394,1.8504142526204752,1.8342170834397296,2.4381294111285348,3.224427043830035
179.59866004928446,249.10862381861887,231.5735294430832,0.7114171197754898,9.910989400988228,0.3391583340138971,11,D06_px-1055_py-0118,0.4600079129923664,0.3391583340138971,2.118059617033194,2.573750700446242,2.604940386451303,2.0690285313725
-151.7776131205306,251.34882167144025,231.804501875428,0.6888090635017128,15.380368916343969,1.507064198316615,15,D06_px-1055_py-0118,0.44538936573756294,1.507064198316615,2.152348333655701,1.788451605966755,1.4212391317547728,1.5618318675003877
90.47907427785206,248.1472430080681,230.29847228303345,0.640602564047023,28.39404659392403,0.6141786352521718,12,D06_px-1055_py-0118,0.414218663500572,0.6141786352521718,2.5913714857341503,0.7796968951046455,1.483946510272189,2.313741921112008
-54.56283982945006,254.73889905496503,232.2714046138605,0.6299534109716047,28.198830150722983,1.174819796666068,14,D06_px-1055_py-0118,0.4073328372459194,1.174819796666068,1.6631799841758936,2.506694850533785,1.282510027481452,1.6008494748454258
115.72358980272506,267.5189212079123,226.33165081226747,0.6969499593021681,20.481379464761343,0.5555425753589734,12,D06_px-1055_py-0118,0.45065333308239935,0.5555425753589734,1.6316189476024947,1.300258481194028,1.6840796408480418,1.9940653934901027
71.10177669505211,286.36993299750446,234.01370561429547,0.6865642343891809,13.077174791567018,0.72045152518283,12,D06_px-1055_py-0118,0.44393784155241794,0.72045152518283,1.919806780978259,1.8603189795254504,2.0220128477164883,1.7638548652346746
39.27931868319162,305.422294726289,236.30605636872505,0.7027702610167239,5.959556061474416,0.835912290623208,13,D06_px-1055_py-0118,0.4544167860135625,0.835912290623208,1.2119564103054068,1.5659769556387577,2.7452333235008495,1.9719602935868055
48.94582491127695,-304.93226253844085,233.9626086795368,0.7091279842331046,7.36432543718945,-2.018619697697194,4,D06_px-1055_py-0118,0.45852773992070683,2.018619697697194,2.800616730691504,1.476368083967285,2.3780852688761147,1.6436889862413393
37.04393431067029,-288.7778996531452,231.96896161711783,0.6843099957805745,16.2732474185471,-2.050194325249331,4,D06_px-1055_py-0118,0.44248023311299906,2.050194325249331,2.474981096610618,2.3207889597944202,2.535889322584902,1.9537567188993492
48.9615272243112,-283.6669579741476,232.58022520356565,0.6774764941125612,17.14150309119441,-2.006857732233573,4,D06_px-1055_py-0118,0.438061637111648,2.006857732233573,3.8183190523312183,2.683483230849795,2.635509424111899,3.0502035569529777
7.9919074696045715,-274.8926018695841,233.20165712276304,0.6539956233903125,21.81297063765089,-2.1487112097789054,4,D06_px-1055_py-0118,0.422878721159901,2.1487112097789054,1.8883339787121693,2.0139840187426348,2.099438413313784,2.104385532788971
56.62130627729705,-253.77650043499665,230.7785373321004,0.6321089247950751,29.59613485965866,-1.9582564502690836,4,D06_px-1055_py-0118,0.4087266094616818,1.9582564502690836,1.2831125259808105,2.2018581270167514,1.6909992346158305,2.2825262245395264
45.18441139112706,-241.1263918988714,233.6505615225256,0.5988657897092998,32.76557240793636,-1.992535229362664,4,D06_px-1055_py-0118,0.3872313364818065,1.992535229362664,2.228880901652333,2.707619173389081,2.4308506844285054,1.9115973746838955
35.05235513624817,-228.18714765609224,234.57854747100336,0.5691048724653648,37.17393133038718,-2.0253549741434345,4,D06_px-1055_py-0118,0.36798769298551076,2.0253549741434345,1.9569766284569092,2.9291372056926095,0.9670466402298437,2.0861264139130826
-100.90952400741013,-228.0249990681317,233.0968520011189,0.6075900537573387,31.734743426568286,-2.5944063384078837,2,D06_px-1055_py-0118,0.3928725143303227,2.5944063384078837,2.3151019464549227,2.4898727885582685,1.5578745035996373,1.9161091766492313
-67.03743977263728,-227.8233748774277,235.05450517251973,0.581078983948963,34.43477216267314,-2.463950774432376,3,D06_px-1055_py-0118,0.3757302477826826,2.463950774432376,2.417687908941679,2.351024727829099,2.0859821888133654,3.5543211953821716
-132.8240796947598,-211.6631556300366,231.7097508957695,0.6113911006719063,32.67428156942248,-2.738189379534824,2,D06_px-1055_py-0118,0.395330301203526,2.738189379534824,2.2947501206657033,1.935156402818363,1.9937972714595769,1.1049537664792672
34.6229864777066,-214.29278852237087,236.14636216903875,0.5385767244080948,40.55596200121579,-2.017591522699401,4,D06_px-1055_py-0118,0.3482479520023608,2.017591522699401,0.9613897851521183,1.6650606547675904,2.4015770168251604,2.01499159807333
124.89999184414133,-206.2200102417881,233.67925156587089,0.5907393690584118,34.281981003712644,-1.6332022149585388,5,D06_px-1055_py-0118,0.3819767288826912,1.6332022149585388,1.074548930853228,2.244949222721028,1.1331331281861727,2.6148295536381974
-137.6458607435462,-193.0668631171175,237.06043182868387,0.5764709398947153,32.88762723481119,-2.797136345120025,2,D06_px-1055_py-0118,0.3727506502027983,2.797136345120025,2.856984078824714,2.9765164253504643,2.1924270839579174,2.1235562478718593
132.60064197047242,-191.15086009792967,233.67795347040936,0.5743437850327169,37.30640712791234,-1.571293114685115,5,D06_px-1055_py-0118,0.37137521511488775,1.571293114685115,2.782898546836625,1.5960458026125208,1.9686110904795222,1.4880896476669898
-254.5749990041,-184.00730580870493,234.09806268313093,0.717225620495259,5.017489232915864,-3.1227062521683937,1,D06_px-1055_py-0118,0.46376373530735204,3.1227062521683937,1.9073459093870007,1.7459208897608902,1.9933159771502174,2.1596841805416034
145.33235837874224,-185.3218486315529,233.249573627945,0.5807937017944342,36.64637307072786,-1.512733682187207,5,D06_px-1055_py-0118,0.37554578209459216,1.512733682187207,1.7190025146264125,1.8300571674923134,1.799728972018313,2.702136467091046
-176.9763575617853,-175.67853918163178,232.72554737995355,0.6083580283467397,32.035456961229954,-2.9668541425440766,1,D06_px-1055_py-0118,0.3933690927486394,2.9668541425440766,2.1281637902429296,1.5908316160715958,1.8097726075252987,2.0441932857916965
244.72838157675383,-173.0430582421577,231.9190019626592,0.6986855126767527,12.75433367429514,-1.2224427869165009,6,D06_px-1055_py-0118,0.4517755555641713,1.2224427869165009,2.2018406850998344,1.1316689958238109,0.7712412811874367,2.1876014012622376
-232.9775599547884,-163.81849394460775,228.19750755503696,0.6815614067699655,21.798338557898887,-3.1357343274152703,1,D06_px-1055_py-0118,0.4407029738099856,3.1357343274152703,2.179769721319722,2.1146955382297206,1.7933457470435192,1.3396696911186994
161.4661236915097,-153.65164464315862,234.3880712805272,0.5536329367128292,40.09421015831998,-1.3675841782261808,6,D06_px-1055_py-0118,0.3579834174660772,1.3675841782261808,1.5044219000490293,0.5948616035148202,0.6246115650023387,2.1458437735608626
214.70694931637257,-149.97342381435902,228.53562909818947,0.6402239871208004,30.67323438509493,-1.2167000150949074,6,D06_px-1055_py-0118,0.4139738726782852,1.2167000150949074,2.6584784008776214,2.5493218234203474,1.9380952325036218,2.0973638451005012
262.3026699957943,-144.90433080795955,228.19892811202152,0.7065614790662744,15.618503833282093,-1.1116878347903103,7,D06_px-1055_py-0118,0.45686821746523054,1.1116878347903103,1.6972649676887777,2.0762708539189276,2.154039779240474,3.2269765544060665
-216.1092926624328,-141.1148645268778,232.1347646429832,0.6258060160224882,29.231467197632355,3.1130798054489857,19,D06_px-1055_py-0118,0.4046510990056304,3.1130798054489857,2.045816050008375,2.0380742056709424,2.1523564732147715,2.475304956001989
-170.9728141156572,-115.27357487846136,233.9078060939715,0.5203389825106605,46.05636188707791,3.127827884889768,19,D06_px-1055_py-0118,0.3364552844452745,3.127827884889768,2.1195560247024168,1.724570881754904,2.3904612416480226,2.280195372796517
-213.89494436180144,-112.60045716400056,234.89326570023627,0.589546317198528,33.046148420468455,3.019179536678018,19,D06_px-1055_py-0118,0.3812052921532377,3.019179536678018,1.8107019092780936,1.3610289725650626,1.820549864368058,2.121110418527816
-266.42270710726007,-112.15890590805576,234.78455468815469,0.6749148520170927,14.93111299791849,2.9330747474533405,19,D06_px-1055_py-0118,0.43640525915641726,2.9330747474533405,2.3543541110861033,2.059477958244771,2.087686945733287,1.948803806135916
160.58488516194117,-115.3523252438354,222.1756986537385,0.5244273388715327,58.97461946812865,-1.2298993441559165,6,D06_px-1055_py-0118,0.33909884786939815,1.2298993441559165,1.4143696670029493,2.42267162697092,2.0155177986086246,1.046506813424653
170.43226876181697,-91.1204768849936,233.1568333074675,0.4941878556216886,50.79954668585464,-1.097956202230863,7,D06_px-1055_py-0118,0.31954575982434485,1.097956202230863,2.813279909106506,2.698561518986539,2.5042271482792517,2.484715294452401
-261.8281215567224,-92.32318808828477,230.52105896110857,0.6641825016210502,22.889354693201767,2.8736111254745293,19,D06_px-1055_py-0118,0.4294656368589607,2.8736111254745293,2.1069088944066148,2.142889757359774,0.824708817673055,2.1781196687474593
290.6813656945344,-85.25146147642282,231.56254663435828,0.7046770328528166,11.684553089807082,-0.8922612072850553,7,D06_px-1055_py-0118,0.4556497197011162,0.8922612072850553,2.3980387802313405,1.9884223042300613,2.021774356407274,2.0945573713266934
237.0966228564115,-80.72368693184444,234.6495775566778,0.6065536357764426,30.049205867261776,-0.935137007514548,7,D06_px-1055_py-0118,0.39220235830072053,0.935137007514548,2.1020139479806126,1.5236378247571387,2.0306346354884726,1.9475525645863812
-225.0040958360448,-79.81449630462643,231.11820176688545,0.5912986062319385,37.26116940416438,2.875490756012097,19,D06_px-1055_py-0118,0.38233833604382184,2.875490756012097,2.4006152823139315,1.7493893901649897,2.006001332667938,1.4049234810919637
184.6741445005787,-60.70560846022527,234.8151153056844,0.4936717144164555,48.990010797857394,-0.924570028134988,7,D06_px-1055_py-0118,0.31921201885575023,0.924570028134988,1.5830992913264401,1.8630638299164024,1.3681821748804173,2.1246416576717113
-227.86254449287657,-48.49658986819245,233.78923564554208,0.5747649456636137,37.0979178443709,2.7443167738318697,18,D06_px-1055_py-0118,0.37164754089601953,2.7443167738318697,2.0417177393523778,2.2594445856129086,2.247198025731535,2.1506076287899303
-232.81568878384127,-34.38123731215044,233.4938582014169,0.5799808333828823,36.50300239399303,2.6812292174643098,18,D06_px-1055_py-0118,0.3750201749772748,2.6812292174643098,1.898178412773229,0.9003085415402778,2.154465607724125,2.0603856783544945
-311.35181226143504,-33.20914266992444,234.55359883285524,0.7146913346356787,5.098445349757753,2.6408725310532164,18,D06_px-1055_py-0118,0.462125046109713,2.6408725310532164,1.2402202158305449,1.5376756512053174,2.6406687337300507,2.0243417093702716
-261.1086706842867,-22.79358613052697,228.3666733832963,0.6409489822889597,30.729971680830147,2.6216877867303365,18,D06_px-1055_py-0118,0.41444266026430754,2.6216877867303365,1.3515264730789602,2.285489954640404,2.420053541408164,2.4705461736488807
312.3914073387856,-17.685967085612813,233.76954301175445,0.7159912854800031,5.786745385094434,-0.6635339281817744,8,D06_px-1055_py-0118,0.4629656045644759,0.6635339281817744,1.8404279837582203,1.3043972666376746,1.9621773986226685,2.0355564294812014
-244.70607177021768,-18.313514907255414,234.0116970843023,0.598273976068212,32.44268379314184,2.6093126941837776,18,D06_px-1055_py-0118,0.3868486651201683,2.6093126941837776,1.2847643502754653,2.268008656328699,2.6630287897670586,2.593151326845437
206.3656337226096,-19.68679927122471,231.49864321484927,0.5271256559332215,47.78519082955063,-0.7020893696736604,8,D06_px-1055_py-0118,0.34084360093428206,0.7020893696736604,1.8475083580985558,2.2314556940677583,2.6267855682704995,2.581861483555839
227.40006201157203,2.0499049896161,224.80616355631773,0.581648185807525,46.59483351729602,-0.5979652446437667,8,D06_px-1055_py-0118,0.3760982981876421,0.5979652446437667,1.5877389728613518,2.3259519640322823,1.8968119941223383,2.133101922697403
-226.17222232158,25.142734504336467,234.1577514773292,0.5634030567225501,38.679179252342806,2.4239013615353517,17,D06_px-1055_py-0118,0.36430085401690826,2.4239013615353517,1.7437395894517669,0.9430823683161058,1.945152124450784,2.361983667058155
277.96951867242063,33.542591453809266,224.87403619280784,0.680386920215391,26.35334494784172,-0.486890135131116,9,D06_px-1055_py-0118,0.4399435415531714,0.486890135131116,1.9789735367157162,2.054380227153999,1.8357522943215732,1.959944965522896
312.3698872477768,36.683192256188455,235.54999953867247,0.7147990724595278,3.750066206238444,-0.4900798471408436,9,D06_px-1055_py-0118,0.46219471023519093,0.4900798471408436,2.756984658048688,2.392808601481722,1.3807852853808984,1.7750815993423248
-180.98954917055545,84.70885440817824,234.36277795488763,0.5060846277478102,47.69329225998064,2.096865590537969,16,D06_px-1055_py-0118,0.3272383063838232,2.096865590537969,1.585793599814257,1.635899953987416,2.1839010155481997,2.74222663288017
-231.38207811347883,90.03368792562223,232.2096530749685,0.6073545381394299,32.86164238223728,2.163527502629889,17,D06_px-1055_py-0118,0.39272022807678764,2.163527502629889,1.3740486808888608,1.5008427774900608,1.5729227210075831,2.5359843193592346
197.6648303346608,93.96152408112113,234.897771456894,0.5445443664801659,41.02637787921629,-0.1632392817698507,10,D06_px-1055_py-0118,0.35210667636919246,0.1632392817698507,2.0225652284730655,1.6847056027102527,2.107459343137146,2.3747622293798045
-211.5071042108298,113.61510502182864,232.8723568461428,0.5904093315650273,35.31555437057705,2.041674140750437,16,D06_px-1055_py-0118,0.38176332403998936,2.041674140750437,2.2515298329744438,2.156536742509451,1.240142751679791,2.507838553920902
-195.1526299827996,116.7328461669086,233.83236597953885,0.5637040999341869,39.01142979673938,1.995546343841886,16,D06_px-1055_py-0118,0.3644955109286639,1.995546343841886,2.3063645617244104,2.135168663967838,1.7968653380146664,1.4734541261465202
-265.2522964194225,139.40610271772871,231.2507926975964,0.6999888545913249,13.295737688520262,2.050726908310085,16,D06_px-1055_py-0118,0.45261830671166553,2.050726908310085,1.6482695719994864,1.9322238321094205,3.368141600334769,1.289137932386918
-140.63212733729694,146.97232655025695,233.0200157249716,0.5161206337139499,47.724792516899925,1.727173670869257,15,D06_px-1055_py-0118,0.3337276668882763,1.727173670869257,0.8667321525722411,1.6384595479508128,1.7275622421887507,2.529080794769426
137.1897018324768,166.91127136755742,231.0771093118471,0.5460972083418828,45.23846460089737,0.2758450604166874,11,D06_px-1055_py-0118,0.3531107561476507,0.2758450604166874,2.6141410282968502,2.165030246333771,2.026905691455685,1.732483807274522
-133.97936990953937,180.4366733146037,228.2571188995748,0.5693012264792595,44.6441015250557,1.6025189611195434,15,D06_px-1055_py-0118,0.3681146570374412,1.6025189611195434,1.412969447139189,1.7543153576017496,2.3955487474404844,1.4444458308509704
115.28520551503595,182.1630119759423,235.36556045801635,0.5369967114083718,41.72377423746809,0.3995793358903482,11,D06_px-1055_py-0118,0.3472263031520594,0.3995793358903482,1.573940785943198,1.7033832208160744,1.1862750144970156,2.8791512869263736
161.05505984989026,192.6162830067134,233.62681001926592,0.6097526578092336,30.660053253024785,0.2674217182385429,11,D06_px-1055_py-0118,0.39427087114362935,0.2674217182385429,1.9455350595050303,2.1401563241747925,1.5245837798011013,2.5912313491562955
-152.04145471236797,195.4521275922041,231.18799043978345,0.6081803021943514,33.94404884262599,1.6249337054935715,15,D06_px-1055_py-0118,0.3932541736186779,1.6249337054935715,1.91416169469806,1.7923549334636808,2.2250604287484377,1.6841155164762371
6.148363806020318,199.0830270333487,231.0790857732808,0.5106904981545926,50.76863177413628,0.9329431927472744,13,D06_px-1055_py-0118,0.33021649846613615,0.9329431927472744,1.6623732978246064,2.446292095357207,1.9659944277289894,2.4375898156760627
-210.3782132609331,205.58255753085123,231.9942021409084,0.6892897752010906,15.01562476314939,1.7607435533698288,15,D06_px-1055_py-0118,0.4457001977086175,1.7607435533698288,2.2733680570410777,2.2334217904093476,1.538875836371248,1.9325947924549745
186.1289435161653,232.6012197017204,231.59173709467893,0.6963798051237882,13.76564991466222,0.288950119567082,11,D06_px-1055_py-0118,0.45028466689994484,0.288950119567082,2.2001824806145995,2.6115845410724603,1.3541064502480085,2.5634591199560237
-51.092193687069134,241.3920383743805,234.8803469786852,0.5991020924926034,31.23080856466157,1.1723949921726209,14,D06_px-1055_py-0118,0.3873841317226858,1.1723949921726209,2.8895897833772626,1.9418066440636905,0.9500451242861427,1.745021898323879
-85.1025985892567,239.17890570053845,231.62563778526925,0.6190115984827687,31.24955229177965,1.3056594621164934,14,D06_px-1055_py-0118,0.400257775109473,1.3056594621164934,2.1028127905115186,2.0350953737956283,2.95766801038288,1.3670810159020128
-169.74367773528573,257.38511531200857,232.9268611406761,0.7104921535615699,8.369129110192887,1.546836546044276,15,D06_px-1055_py-0118,0.4594098225531202,1.546836546044276,1.4402857219886547,2.0510393494763246,2.138185972753086,2.462791550183591
-107.2743708102781,262.2614886631894,230.1185357614015,0.674964995073875,20.8955360744539,1.3520884114732894,14,D06_px-1055_py-0118,0.4364376820518752,1.3520884114732894,1.6288769119016293,1.7189186894807655,0.7244329645566332,1.0138006755325768
-73.10924628316587,275.1941481314534,230.82757448565536,0.6758463789594592,19.778533164914563,1.2234830848585645,14,D06_px-1055_py-0118,0.43700759181435134,1.2234830848585645,2.288152981875136,2.1913053013547543,1.4917398574653735,1.5704242190426712
55.31000766313267,274.2318973159182,231.8014510175728,0.6651963648206681,21.02931543758723,0.7647961467595238,12,D06_px-1055_py-0118,0.4301212087893399,0.7647961467595238,2.3611404537505196,2.039108986218728,1.3144057864249272,2.965876678580847
-33.49626869573014,288.33024808860534,232.8527745675336,0.6809757314045217,15.946183763541171,1.0794716262648998,13,D06_px-1055_py-0118,0.44032427150572584,1.0794716262648998,1.8634862857584065,1.9884303748442274,1.4692560351043165,2.358226180209333
-2.545705963191617,300.01416099236707,228.06896238696976,0.7074333918747806,15.56593379422094,0.9723018773331674,13,D06_px-1055_py-0118,0.4574320031546708,0.9723018773331674,1.4544315690918657,1.944225276343668,2.225383828306147,2.3478650571674775
81.83807189036673,-286.5042268989269,226.7586084053297,0.7068736781581473,17.432686763665572,-1.899541638582684,4,D06_px-1055_py-0118,0.457070087857014,1.899541638582684,2.1790538298102353,1.1459420215267129,3.1383232822878635,2.791843220754523
-8.104387445195279,-268.5356612657097,230.2371165614873,0.6488991006552852,26.673394248699992,-2.2079466306695696,3,D06_px-1055_py-0118,0.4195832694176125,2.2079466306695696,1.9393949853507904,1.800797695255278,3.172503057767832,2.1946993684349767
-104.8092715868096,-265.1497494731349,233.3252057834512,0.6712377395093152,17.675079539776505,-2.554209525271657,2,D06_px-1055_py-0118,0.4340276092467909,2.554209525271657,1.1142503093011698,2.1321624168010436,1.3164241713512788,2.1787167424426084
-132.47379244187852,-262.94433425859074,229.52507395169263,0.6950174712933731,16.799659012061454,-2.644466235954945,2,D06_px-1055_py-0118,0.44940377111502766,2.644466235954945,2.0523685476138125,1.6726316799107206,1.287740577563415,1.301505738914902
186.88787740538504,-243.4218647673264,228.7647339765764,0.7171170620522782,12.123057425595904,-1.5230092812245246,5,D06_px-1055_py-0118,0.4636935405630802,1.5230092812245246,1.9748886647141326,2.595309260711989,2.0035939973083026,2.0279828588808324
-184.5965803255825,-233.7117649203131,231.85175480841303,0.6956884190691649,13.601251442346438,-2.8462953292990814,1,D06_px-1055_py-0118,0.4498376112314509,2.8462953292990814,1.8378803754115285,2.46032722584026,1.9028065629566835,1.763464059649189
-34.38335691560505,-236.4918446070436,232.32109668468425,0.5893576665092589,36.17595985087712,-2.3221534316634864,3,D06_px-1055_py-0118,0.381083309131684,2.3221534316634864,1.476408927284785,2.815862119719695,1.3310475863914597,2.1600128765417796
105.63887771820366,-221.41635627203124,232.4429674229604,0.6012854136740979,33.76128873281124,-1.7326113332702482,5,D06_px-1055_py-0118,0.3887958843951662,1.7326113332702482,2.646517942077415,2.442853413785491,1.178486594514554,2.5726677661128043
-75.6729103792221,-219.02478286880688,234.966074664622,0.5700538950755131,36.54432904488442,-2.5104355376260625,2,D06_px-1055_py-0118,0.3686013384800339,2.5104355376260625,2.8023272871377842,1.9644259875811247,2.688460812389098,2.7276011916248204
134.46083398685906,-217.98133618327307,230.66683234247407,0.6251513482042282,31.177161167960776,-1.6250618634194969,5,D06_px-1055_py-0118,0.4042277856379734,1.6250618634194969,2.1992000388233715,2.304506527092237,1.5783703649169625,2.297644731776462
20.770812439549392,-204.6418144496824,229.5899119949431,0.5273368933835954,49.96104208925948,-2.076623883731736,4,D06_px-1055_py-0118,0.3409801887334665,2.076623883731736,3.2698693831048935,1.9313427829553718,1.5889700279846697,2.3069066149903
218.4803341900418,-202.84070406262035,230.72558754749127,0.698586642498173,14.337973659366526,-1.355274272399671,6,D06_px-1055_py-0118,0.45171162532796905,1.355274272399671,2.3558011456772556,2.3442199185560684,1.8717775791121047,2.6126937619433357
117.91486109057446,-195.11665753374305,222.483520591076,0.587579298917647,48.32738937954127,-1.634178573009316,5,D06_px-1055_py-0118,0.3799334026399639,1.634178573009316,2.717166932218834,2.7208512197640426,1.8500364842895154,2.6262161512849986
1.542184528370766,-191.57523841068684,232.10423579511348,0.4924329209255685,52.24384399119259,-2.1697260123656115,3,D06_px-1055_py-0118,0.3184110052274146,2.1697260123656115,2.3359297647166652,2.0012742762537377,3.141121837195093,2.846407450893892
210.9517155245182,-193.0656188633885,223.519487749764,0.6937072662793103,24.936335899514404,-1.3481359661057666,6,D06_px-1055_py-0118,0.4485565822333469,1.3481359661057666,1.9726830723806341,1.2044360992670269,1.5915884367450805,1.137921879798565
-80.11481339325883,-186.70587790812,232.60559130839204,0.5163613169667026,48.164747593259165,-2.5831110407483773,2,D06_px-1055_py-0118,0.33388329457520344,2.5831110407483773,2.455297561502662,1.8146479348210651,3.1655308799550217,2.2432428220250547
73.89445750335784,-185.5108388244201,231.21458290843407,0.5115281351158696,50.48878760210948,-1.798710313792809,5,D06_px-1055_py-0118,0.3307581211227907,1.798710313792809,1.5291965879408962,2.779872089339271,2.133924334927859,1.4416176253629343
217.243562941671,-179.23614959941457,227.96947659329493,0.6765826613610487,23.269240205428616,-1.296807540955816,6,D06_px-1055_py-0118,0.43748367781441144,1.296807540955816,1.5308807150052837,3.4625218660006154,1.3540507722603392,2.0988296890579
87.75875973592659,-175.63645625551766,230.01468538177272,0.5065524197428796,52.59630632697673,-1.7143991566906207,5,D06_px-1055_py-0118,0.3275407843723123,1.7143991566906207,2.30759438557152,2.0012563052139205,1.8487088765962074,2.1630848107201417
196.87733839702008,-168.47496724998533,232.3403342471608,0.6272600094233302,28.67597750169233,-1.3147940557940123,6,D06_px-1055_py-0118,0.4055912625907253,1.3147940557940123,2.1165751530046846,2.5201613457245,1.8895205440321567,1.9906171765416212
-257.9145347447043,-149.35171771019492,232.4182767389755,0.694844719271598,13.076254267948457,3.0595040685515458,19,D06_px-1055_py-0118,0.44929206829709845,3.0595040685515458,1.9047351398172383,1.0933403436323073,1.8667021299834943,2.141168221894091
-168.8457121908071,-139.92713447793545,232.18492036842105,0.5505797307333427,43.19716272658928,-3.0565580964465835,1,D06_px-1055_py-0118,0.35600919043172824,3.0565580964465835,1.4105900869835235,2.681444862051742,1.9598719812095902,1.8192034834449986
-197.22305815406807,-136.74447683776503,233.6907923689625,0.5885969509975885,34.67113152408564,3.14086159472947,19,D06_px-1055_py-0118,0.38059142449020267,3.14086159472947,1.60255421712269,1.817127266147208,1.9270591418927518,1.614560380301067
-271.9671469595682,-128.75256307446716,233.6533398603653,0.6969483915988721,10.933454522464274,2.97676515201652,19,D06_px-1055_py-0118,0.45065231939310046,2.97676515201652,2.1877625212426217,1.6887676729022252,1.9141915878626354,2.2423575835843885
-239.69351534912465,-127.42018961272616,232.96745783893945,0.6482134298067959,23.398460628812927,3.0232171232340384,19,D06_px-1055_py-0118,0.4191399092464195,3.0232171232340384,2.251755169828969,2.1285390785483367,0.9084586232107101,2.132942812789217
162.94001070984118,-126.48651183358145,233.80322279567864,0.5206769155361609,46.12469306298499,-1.2670866490030366,6,D06_px-1055_py-0118,0.33667379460123015,1.2670866490030366,3.362471842851182,1.7255042022992397,1.8023546857069013,0.8978685119469316
-260.93561948147664,-123.61724122000648,217.80116857089536,0.7112455599655892,28.13634028643287,2.977037919865908,19,D06_px-1055_py-0118,0.45989698106802546,2.977037919865908,2.278392610807898,1.5384849018416122,2.209506999161306,2.4890518478841424
270.77229713090304,-112.5516854354898,222.89973308810733,0.707446934942077,22.363865225295,-1.0009203793545327,7,D06_px-1055_py-0118,0.45744076020865415,1.0009203793545327,1.726243211943624,2.2254100754736137,0.8815632880293212,1.5025886203160623
-238.94071984628448,-112.48933008380382,234.1315626274045,0.6326535588303925,25.32425188594624,2.974615492465156,19,D06_px-1055_py-0118,0.4090787741186275,2.974615492465156,1.205524335318638,2.4145681216946855,1.9393584569342956,1.675395177948166
251.19415273179047,-98.43512090283744,230.49556783311584,0.6503885530894624,26.02150373662829,-0.980456555630128,7,D06_px-1055_py-0118,0.4205463610929484,0.980456555630128,2.4383004263710344,2.8365032111836523,1.9345503793016832,2.4954069463249415
-229.508917965465,-94.68981252625292,231.79161435435108,0.6081869540420063,33.20723221838443,2.925913428755897,19,D06_px-1055_py-0118,0.39325847475576364,2.925913428755897,2.357957967632611,2.1124069270940025,2.794757605335705,1.259826096173096
-275.7637871096723,-87.0849878972391,226.8925977783402,0.6918565922640907,21.00224562228391,2.840497554991382,19,D06_px-1055_py-0118,0.44735992183861384,2.840497554991382,2.1056769954148824,2.422876866793546,2.259349405634649,1.964668263728787
181.7520320617667,-78.77222274739307,231.646509467066,0.5073119387703978,50.61837104311638,-1.0159476185785086,7,D06_px-1055_py-0118,0.32803189535771693,1.0159476185785086,1.6136270395623142,1.8943209160974825,2.371405512224001,0.9771794698261269
-253.6287065075333,-63.01156883808543,228.32190979865177,0.6396464612649844,31.06210796341896,2.7781232083123384,18,D06_px-1055_py-0118,0.4136004399111389,2.7781232083123384,2.300566751916624,1.7681203170253874,1.8587854615048782,0.7578484172490165
170.3112842275049,-50.5414200211865,227.87918290915627,0.4690199994943928,60.17730124362586,-0.8954603594380393,7,D06_px-1055_py-0118,0.3032720258224655,0.8954603594380393,1.9411532238679157,3.0109817832738344,1.3822436573310197,1.4195933665602807
255.5493973627921,-50.340752971981054,230.6676563818945,0.6331520273613754,29.51483656091404,-0.8014794834797521,8,D06_px-1055_py-0118,0.4094010877968563,0.8014794834797521,2.5810104492878585,1.7165585072878646,2.128129539025645,1.4422591235862552
269.24295466615445,-47.61819991190026,228.26799683565488,0.6615401275417184,26.34807835473748,-0.7820289639230917,8,D06_px-1055_py-0118,0.42775705696709343,0.7820289639230917,2.2475187468548095,1.7067787579129945,2.043889327454397,1.2922576623335982
-299.2231463440013,-40.87119522283431,229.9356401147392,0.7066506691791528,13.312137646620272,2.670364063055556,18,D06_px-1055_py-0118,0.4569258884947071,2.670364063055556,2.036654310199521,2.55106307602471,1.8553914614528892,2.0874806717611936
-212.085488320614,-35.53250057925652,230.0093594444753,0.5460627869114851,46.49357118358501,2.700610022682512,18,D06_px-1055_py-0118,0.3530884989796415,2.700610022682512,1.4547932859950359,1.9308106537705352,1.4925860474693873,1.7182474267094254
-250.68484177929432,-32.42135030771264,232.28436613737392,0.6156300812837469,31.12454745671147,2.663230301750951,18,D06_px-1055_py-0118,0.39807125945468996,2.663230301750951,1.769051627807194,2.086276377373456,1.4327388165443442,2.831023831573468
247.4424361460814,-30.62792332207104,217.07159065019232,0.6413196199182019,44.74697530720198,-0.730131119944536,8,D06_px-1055_py-0118,0.41468231747463435,0.730131119944536,0.9669128516926775,1.8263911671063064,2.0679703140986594,1.567054950105075
-211.8671149399624,-12.961343835610077,230.2518090769009,0.5398444896202416,47.21900903506361,2.5957137336226976,18,D06_px-1055_py-0118,0.3490676989738534,2.5957137336226976,0.8708054537981662,1.7458210818979722,2.2119751147628683,3.155311056476795
293.9491545756841,-8.603428573799105,227.47577354589933,0.6988379530156704,18.519201745235648,-0.6362396029025824,8,D06_px-1055_py-0118,0.4518741246879837,0.6362396029025824,2.6729689424932355,0.4404774073252198,0.8614126713184365,1.787641533020067
-294.38788745788264,3.2110216406961345,231.10464104796904,0.6916052289062747,15.594980561138357,2.523706102664845,18,D06_px-1055_py-0118,0.44719738831163297,2.523706102664845,2.2412594674289528,2.2693744257099357,2.923250434871154,2.2626073088320893
-206.85817735638813,24.1463528961904,231.5322866298972,0.5290736603798735,47.44165074390315,2.418409976546315,17,D06_px-1055_py-0118,0.3421031959525844,2.418409976546315,2.4160034348356216,2.625607172161529,2.0067450011342616,2.2007381974899696
-292.8847771253139,44.37546429923696,225.6629692886865,0.7063800993346394,18.99858678114464,2.384245088458764,17,D06_px-1055_py-0118,0.4567509359021514,2.384245088458764,2.5084698186976473,2.3075541358618663,1.9028093987674204,2.6215633250602277
254.0351764343648,55.58832213299559,230.72395303384013,0.6322761468580359,29.628760714915074,-0.3915537343895324,9,D06_px-1055_py-0118,0.408834736564686,0.3915537343895324,1.7132975081293274,1.9775810233727276,2.813537091212533,1.644974675696823
-231.1049821449461,58.51987122310386,234.14220267915675,0.5846378204103586,34.86822595298901,2.28660833875024,17,D06_px-1055_py-0118,0.3780314194691391,2.28660833875024,1.4067329407308067,2.2966867680985996,2.932568499582575,2.767421396202689
-215.48568672921544,56.20176884346978,230.94389574003023,0.5598790202444772,43.085625772014,2.2794823875252868,17,D06_px-1055_py-0118,0.362022184273764,2.2794823875252868,1.698821655878466,1.8342340691628498,2.195695726132697,2.411731881680626
-246.09714766359707,63.805383319993936,233.17817974742047,0.6165374372781489,29.8461941691316,2.280929814843977,17,D06_px-1055_py-0118,0.3986579629872922,2.280929814843977,2.3973183936313176,2.7747722235976484,2.444989840548023,1.8914089393895197
-226.8419402429862,71.62624980340699,233.76994413276083,0.5843699097958593,35.36431193122121,2.2287665083926345,17,D06_px-1055_py-0118,0.3778581863556554,2.2287665083926345,2.1230507541169787,2.2155550659794,1.935873953384713,1.7698146424283907
-254.6673187090696,75.30277074723777,233.80091463613223,0.6359805953829994,25.02372207918768,2.247114440447154,17,D06_px-1055_py-0118,0.4112300621583319,2.247114440447154,2.2322353709153617,1.972057981499428,2.387692479890615,2.7771579738276118
-251.4194101509882,93.05429055651668,233.16940028016603,0.6417963966971431,24.553884601412506,2.180131370022033,17,D06_px-1055_py-0118,0.41499060509514196,2.180131370022033,2.389641455880991,2.418907930816285,2.1208958800589572,1.7001998079028984
178.03153380368275,92.67102726710286,230.34464050095727,0.515321157663474,50.92085938199568,-0.1270419324948241,10,D06_px-1055_py-0118,0.33321071937711316,0.1270419324948241,1.4055970449080286,1.4729554872948003,1.0901949398516142,2.9000303825191853
-236.88488702932244,107.44988245460918,231.81191734493828,0.6301616751609406,28.723893512385416,2.1087733285626338,16,D06_px-1055_py-0118,0.40746750251109837,2.1087733285626338,2.819617802659631,1.7077799046557995,1.943974208952031,2.1952104593158186
-164.030173284007,124.03858460220196,230.59163362149408,0.5253521788076658,49.10937623086784,1.887159811686352,16,D06_px-1055_py-0118,0.3396968566564328,1.887159811686352,1.5397140220025642,1.5163415178761934,1.289100776443767,2.935856715336385
267.7133807071909,137.44424507957336,224.8655372669217,0.715925787795303,17.605820444295887,-0.1326689020698108,10,D06_px-1055_py-0118,0.4629232532456684,0.1326689020698108,2.0749237575904136,1.9793660293759725,2.2682081353258,2.460929641941708
-278.3360146797542,140.76225348136342,234.22581194394635,0.7134632187991299,5.862318226506886,2.066393798763416,16,D06_px-1055_py-0118,0.461330936736773,2.066393798763416,1.9937115014890359,1.6010905015829815,1.5245369777653384,3.072154598170667
187.7596450699713,139.22914055810398,233.6939816236276,0.576482133546565,36.90096671694511,0.0310777773715204,10,D06_px-1055_py-0118,0.372757888106249,0.0310777773715204,2.5331762103555158,2.1895332367294618,1.8690738272380385,2.0182433437664966
150.83445310954673,141.70011557409853,234.20925886487265,0.5213520948598426,45.55199241753349,0.1472039594457236,10,D06_px-1055_py-0118,0.3371103708698479,0.1472039594457236,2.203970979216442,2.589247014309055,2.9001094356012773,2.1544206151832768
-196.85768281428423,160.46874973415365,232.00842200885413,0.6184298922345259,30.89751840774068,1.850701760835595,16,D06_px-1055_py-0118,0.39988163926765746,1.850701760835595,2.1490703931635853,3.2109657980060815,2.2034066421955165,1.7764549353462558
170.32099553298045,161.02089816469498,230.1956434897387,0.5846489552695028,39.59877626237699,0.1503580196765451,10,D06_px-1055_py-0118,0.37803861935676336,0.1503580196765451,2.044620643834383,2.0992037674030777,1.8707361472728026,1.8772232372876916
-107.5490155731398,178.53225518165905,230.3733777456825,0.5316009886686835,48.388340622785904,1.506004003098889,15,D06_px-1055_py-0118,0.34373738633016343,1.506004003098889,1.1770770055925883,1.40188844491179,1.7616238153826589,2.864716907229168
99.38375998677944,179.5447120879961,231.944234850562,0.521906187110453,48.078842311502,0.4582658507385958,11,D06_px-1055_py-0118,0.3374686512832979,0.4582658507385958,1.896257900212104,1.9762472023351108,1.799683177236798,3.0908893291151966
169.7233658356641,180.667517483052,229.10987294593207,0.6129139746700412,35.54998502294467,0.2096426026196534,11,D06_px-1055_py-0118,0.3963150035253558,0.2096426026196534,2.1743662631452456,2.3519540030787853,1.3975934998894932,2.066145601056853
-173.78590879050586,196.0956301974156,230.2736946901964,0.6368209870143902,29.230328229765465,1.6889720868284366,15,D06_px-1055_py-0118,0.4117734660063786,1.6889720868284366,2.885436614703431,1.8003607755103817,1.9289941544165026,2.463195825597652
68.99921705213335,198.45499039522312,231.98350332013743,0.5320736024628526,46.44558988534271,0.6292085487306506,12,D06_px-1055_py-0118,0.3440429821319284,0.6292085487306506,2.378932449485937,1.8272897593926847,1.6279909816289297,1.8356196413811277
-78.94694527812773,203.7850563124296,228.46735329718257,0.5562691249585653,46.61537611195666,1.3334167578920693,14,D06_px-1055_py-0118,0.3596879975492199,1.3334167578920693,2.0842048855513626,1.5878793578543406,2.1610120954106495,1.7869615975459097
42.27629921472472,204.31854701941128,230.2587199156386,0.5322849935225907,48.41380106874669,0.7597824054603045,12,D06_px-1055_py-0118,0.34417966925613774,0.7597824054603045,1.5831331608852217,1.394891408189595,2.327354597882569,2.16560837629563
-189.059497393604,216.35064103979184,226.20626227588352,0.6901574738143332,22.30601262726168,1.6819990001179823,15,D06_px-1055_py-0118,0.44626125846620807,1.6819990001179823,1.6281227380011616,1.7929493996118924,1.1322509389498938,1.828661114047732
51.30759069083577,216.693822872363,232.20006315044589,0.557422607615649,42.02355527126389,0.731323784970587,12,D06_px-1055_py-0118,0.3604338485204833,0.731323784970587,2.088387175711084,2.6875885510428326,2.084520776327512,1.3107680095125072
28.567232622876084,217.8887085630922,231.87431917334945,0.5521173372156872,43.304228895529945,0.8334510971271006,13,D06_px-1055_py-0118,0.3570034188938857,0.8334510971271006,1.7425133378145357,1.6059992567747714,1.3564666036596484,1.9079781958509805
-153.42551127763394,231.0340327492644,230.72443262294453,0.6632458898014354,22.84562962749908,1.5500277847704482,15,D06_px-1055_py-0118,0.4288600162793478,1.5500277847704482,1.473172013255695,1.8380913663041922,1.866591224289421,2.020179855347161
45.44910161893208,230.9730751870676,232.99131611828528,0.5810888626313153,36.90127461862448,0.7695267171987378,12,D06_px-1055_py-0118,0.37573663541649927,0.7695267171987378,2.598803068443954,2.0475114611439054,1.069412434406841,2.3200787322340686
-34.73355314961229,258.9265017377144,232.1569874359464,0.6315188787284827,28.011800876526536,1.0971651910421,13,D06_px-1055_py-0118,0.4083450810276343,1.0971651910421,1.3399309274996214,3.5670661612594827,2.1130879734352197,2.9302722982226266
-132.45600725169407,266.5909063369402,231.06250433427056,0.6971394800738802,14.263984241027742,1.4249421790774894,14,D06_px-1055_py-0118,0.45077587870611374,1.4249421790774894,1.809900032577667,1.9073586907694797,1.4873293123722342,1.7738597751503844
132.5827836365732,266.48012085114,224.452836435736,0.7113887865936225,19.319258287130708,0.5021443428148454,12,D06_px-1055_py-0118,0.45998959253380983,0.5021443428148454,1.8083259461759864,2.0106138146219523,2.490191868939986,1.6897195027393208
7.082390912087161,271.87451430257045,228.2546634176615,0.6589843307799024,26.93852231170655,0.9377724652361412,13,D06_px-1055_py-0118,0.4261044586506421,0.9377724652361412,2.063727631670613,1.9765736247359589,1.836679473138188,1.6302080036431865
92.4017322676094,267.0091145534254,230.6262436719724,0.6724990331207963,20.82621367613541,0.6306544341763834,12,D06_px-1055_py-0118,0.4348431716303207,0.6306544341763834,2.1891969049527464,1.4405992035607667,2.403845223891493,1.9980584359260303
104.96904800177452,279.7602764720096,231.52356130400136,0.6980094951615967,13.442331332354511,0.604861417851913,12,D06_px-1055_py-0118,0.45133843731434437,0.604861417851913,1.2928760620830526,2.376270502061349,2.1920641955419264,2.0150251264638124
2.72693273723016,-299.93633412542715,229.478769816751,0.7042656237713344,14.525125676197716,-2.1686844038917363,3,D06_px-1055_py-0118,0.45538369934864215,2.1686844038917363,1.4433050218102985,1.1663648487347065,1.9790936095074443,2.557965468452675
-65.11871011004875,-296.50411163113955,229.24436912325507,0.7106990408303924,13.173188290850817,-2.393965212725941,3,D06_px-1055_py-0118,0.45954359749065016,2.393965212725941,1.5161767807585196,1.6351513995325528,3.3148437542261515,1.6868419336377167
-21.134636959355056,-287.01866814972414,230.1999395371995,0.6823944764583351,19.019275977634663,-2.2512782642077465,3,D06_px-1055_py-0118,0.44124164323200493,2.2512782642077465,1.3652864261926625,1.611535537710223,3.3084001167322246,2.0506363238635976
112.41269883979515,-279.2322990926088,230.14067264400043,0.7045879515307982,13.573848129478051,-1.795049296938862,5,D06_px-1055_py-0118,0.4555921190166665,1.795049296938862,2.2315572200463922,2.3324962725956273,1.008458273501627,1.7425399034666413
-65.33312863924641,-270.96598930954366,232.6473990634442,0.6616513421016783,20.772301484876664,-2.414371930789478,3,D06_px-1055_py-0118,0.42782896917752444,2.414371930789478,1.2688272412576074,2.0530558049105094,2.5021216443640153,2.3684195786415927
-80.22572877455507,-253.6351775956801,228.42513595714408,0.6479537641067867,29.152898591865323,-2.4841221985885102,2,D06_px-1055_py-0118,0.4189720073595846,2.4841221985885102,2.2478513114232945,2.7951482166041535,2.5126609035814735,2.258271143797656
-115.6503594869724,-253.23500449212565,231.79872420148936,0.6628360275318099,21.576457374462507,-2.6061807642378723,2,D06_px-1055_py-0118,0.4285949961076035,2.6061807642378723,1.997635753503455,2.0235621716733845,1.7507311380496597,2.064506878933628
168.6671385620686,-246.48735693801223,227.2919225421473,0.706885785238841,16.728232059305242,-1.577676198482017,5,D06_px-1055_py-0118,0.4570779163907498,1.577676198482017,2.3952726494794283,1.38955629721303,2.2015216841898093,1.0904034416080928
-89.13636049552206,-240.98404920551675,229.9671673257249,0.6281210640508714,31.42960828833276,-2.5320545321157457,2,D06_px-1055_py-0118,0.4061480272948312,2.5320545321157457,1.5307487509695454,1.8397718231993738,1.904388112940935,2.14537053982402
-124.28878118791631,-240.3598982173127,226.173176979426,0.6609687589273802,29.130361482785418,-2.655005355818245,2,D06_px-1055_py-0118,0.427387605520783,2.655005355818245,2.04632231473079,1.5447596608348801,1.6794656449957674,2.2899323147439334
-104.84498427820724,-241.92896691878465,231.3757727224271,0.6375385236338633,27.70668522855124,-2.5867153501513966,2,D06_px-1055_py-0118,0.4122374308360746,2.5867153501513966,2.158353217755632,2.4164553303799448,1.8661896256423132,1.0954799036214553
149.1545820127064,-243.9442140829352,219.69720618675825,0.7021422104298277,27.878851724398885,-1.6289949920539717,5,D06_px-1055_py-0118,0.45401068355735097,1.6289949920539717,2.3927666866001904,2.9665097321666662,1.6308757479289382,1.7378358720985783
146.70889163734282,-230.61367509177924,225.3960077884637,0.6675142885945498,28.64786964316,-1.611186359897096,5,D06_px-1055_py-0118,0.4316199965582302,1.611186359897096,1.5984095283067643,1.779764204089393,1.5450873815700061,2.2106873226291914
47.424809161443854,-227.7607611703118,224.0113242315012,0.5937868906342006,45.369037175681626,-1.9724871405230973,4,D06_px-1055_py-0118,0.383947280336837,1.9724871405230973,2.234929014528742,2.104269763844813,1.1182728410797236,1.7741235234199888
200.7992916218552,-213.0196795233408,230.3687786760256,0.6903884070254654,16.85120382051423,-1.4218998734879318,6,D06_px-1055_py-0118,0.44641058169942893,1.4218998734879318,2.1451363167983617,1.5242934703961208,2.7490406349482606,1.5923939498260156
236.9018807985153,-199.40669362773235,232.82757035533552,0.7128412285209392,7.877234177240155,-1.3066510036204957,6,D06_px-1055_py-0118,0.4609287529239034,1.3066510036204957,1.7073978925441642,2.145157820309891,1.8192466167904735,1.7424857638911253
-56.353480988919344,-187.96085943922145,232.97861358502465,0.5008943872699517,50.036290544997314,-2.469062899760025,3,D06_px-1055_py-0118,0.3238822560108695,2.469062899760025,2.2388938504473934,1.4715029898111904,0.7210485305509655,2.478693606926443
161.227395506715,-180.80697190878607,234.11921483283865,0.5920826289668769,33.49782338234115,-1.4495597601164754,6,D06_px-1055_py-0118,0.3828452913194432,1.4495597601164754,1.6549025334936833,2.3343041562892877,1.8076501386583064,1.3095980376025795
-198.9336256537952,-175.98984516691482,231.2477682502241,0.6413073557861071,27.058298623478265,-3.0242937049419614,1,D06_px-1055_py-0118,0.4146743873902257,3.0242937049419614,1.1998146386664712,2.549904188415102,2.050667519782653,2.4777934964016453
262.79908188769224,-175.37579050099578,230.7913155117357,0.7271628887876601,6.712518551144797,-1.195446699516618,6,D06_px-1055_py-0118,0.4701892512542768,1.195446699516618,2.3223779955825647,3.137174161165433,1.9248761805543757,2.756147458116483
248.31859408965155,-149.62719258077064,223.7300735922548,0.6999978761172159,23.12645649349304,-1.1492802653277894,7,D06_px-1055_py-0118,0.45262414010136304,1.1492802653277894,1.7599272341015402,2.2378165348155896,2.660983416435292,2.0689875355162233
152.3819464726043,-138.2339462346536,229.86144265475448,0.5269215446079025,49.71112506580732,-1.3437332836179805,6,D06_px-1055_py-0118,0.3407116209436857,1.3437332836179805,1.6962011146428484,2.6177489581653086,1.5246644209318498,1.8168832991719626
262.0943718892024,-128.6272161742858,225.93547095292683,0.6986227978886848,20.584455414920058,-1.0632133348583472,7,D06_px-1055_py-0118,0.45173500368824515,1.0632133348583472,2.5608657789385925,1.0873832663604985,2.2319675632993152,1.639875393352706
181.285696202178,-109.9822218202845,230.4174785168628,0.5390619950571915,47.15168329304396,-1.152295581608806,7,D06_px-1055_py-0118,0.34856173182621136,1.152295581608806,1.9728294123439216,1.521278889080743,2.512836079206206,1.0870247932349182
-193.23285108801244,-107.83708829865978,229.177997839773,0.5604799341786335,45.0677662790352,3.0436295342974664,19,D06_px-1055_py-0118,0.362410739956577,3.0436295342974664,2.3533056822032434,2.8441209430668857,2.1136239824969056,2.0962427633984397
-194.46565451101395,-88.69132432067248,231.3041699497904,0.5408829938282906,45.82412717906891,2.962509227940364,19,D06_px-1055_py-0118,0.34973920397436453,2.962509227940364,1.300590640471682,1.4039338753193067,2.641282138866283,1.2098404546681616
-253.5249765117726,-78.87723837611527,234.8479106379569,0.6337473973062002,24.202083934843245,2.8362422420823328,19,D06_px-1055_py-0118,0.4097860586925014,2.8362422420823328,0.3579415261111736,2.5725521874289843,2.578130295693887,1.1910188074599604
-250.81598240617424,-48.56036956456618,232.4714046138605,0.620268981662933,29.954962937503524,2.7258565353935715,18,D06_px-1055_py-0118,0.4010708089773137,2.7258565353935715,1.865844047433471,1.0462512507609096,1.9170913440307933,2.1400524863193753
198.3128618931875,-40.506818030489214,230.4365341004575,0.5187758835775544,50.294475618414026,-0.8084651244427898,8,D06_px-1055_py-0118,0.3354445723636681,0.8084651244427898,2.002671676832515,1.6183703028426928,1.96431198947284,3.3705855114738066
282.29369671413855,-38.360972824912885,229.8864412886772,0.6780956708688836,20.45170946881205,-0.7420425130361578,8,D06_px-1055_py-0118,0.43846200167911736,0.7420425130361578,0.8696716421405151,1.8082432491030185,1.5416472019416108,1.9373477348577117
-282.2256765177295,-30.38385469998266,221.6260268974065,0.694254415470032,27.26769997628554,2.6418580727831085,18,D06_px-1055_py-0118,0.44891037320958704,2.6418580727831085,2.525016761723797,0.7666912995914119,1.6401703536088545,1.8922848681322675
240.90205631167936,-20.806288341368337,228.8270429806784,0.6018441193060428,38.03985982169195,-0.6931339811733641,8,D06_px-1055_py-0118,0.3891571478573234,0.6931339811733641,3.0576534653950644,1.9496948503554035,1.8088074215377716,2.2534331004444867
190.44099774679088,-8.956124409784689,225.54672318619515,0.5024099950227184,58.29519942673534,-0.6539732496503264,8,D06_px-1055_py-0118,0.324862259921213,0.6539732496503264,1.474551385141687,2.274879237406741,1.7535898540013264,2.5309720483767615
170.57653740525123,52.638783374294285,223.61511876106903,0.4786534594454282,63.71609853128243,-0.3076577038100824,9,D06_px-1055_py-0118,0.3095010969029728,0.3076577038100824,2.1175298633286026,2.0874288991975165,1.5003782996930521,1.6750452997122889
-288.08209746871864,72.51578533161889,231.66495300095727,0.6948415705428523,14.057740524367093,2.2880170756423888,17,D06_px-1055_py-0118,0.44929003230429115,2.2880170756423888,2.019466711582734,1.973060036378629,1.0674110446679204,2.728181896325943
307.4844491403477,86.3844054843947,228.1756794412004,0.7382228892674506,7.159006832636919,-0.3331002108470371,9,D06_px-1055_py-0118,0.4773407346765602,0.3331002108470371,2.1005325472338026,1.7341969715185446,1.6074389686331438,1.378197233696655
-214.0581311224533,93.57493902689907,230.1741859851412,0.5831806169427234,39.89218441206242,2.122498735749581,16,D06_px-1055_py-0118,0.37708918022957216,2.122498735749581,1.0554357276041548,1.2547277566152877,1.5946475696218196,2.3743536619657006
158.50409370974813,90.71463577350274,232.2469931501962,0.4725094267897687,54.817935059340925,-0.087163705551837,10,D06_px-1055_py-0118,0.30552831699548505,0.087163705551837,2.677242329832505,1.6878578721136934,1.6222695858669056,1.8210184955407067
-183.4034985189251,107.59256197101884,229.16984606289168,0.5426939927443479,48.02230607721077,2.00407209779942,16,D06_px-1055_py-0118,0.3509102101374856,2.00407209779942,2.006954159253758,1.0532679999041252,0.9398741196003777,1.7285293456475894
137.98082906727254,146.6483747007899,229.9673801450904,0.5174129891082456,51.04035945756311,0.2088612839315685,11,D06_px-1055_py-0118,0.3345633140652265,0.2088612839315685,2.304712678054761,2.172228258547535,1.7151019050191962,2.4949783551102205
229.7567577723025,159.86757598336348,228.6080712805272,0.6722036021373714,23.474837840294697,0.0009303566966523,10,D06_px-1055_py-0118,0.43465214362953064,0.0009303566966523,1.72871865627209,2.6852411554415747,1.8995706493607756,1.0785140924772871
109.23989618492216,166.2617005245787,230.4179728154244,0.5113984082149924,51.42157351642891,0.3825113554821894,11,D06_px-1055_py-0118,0.33067423868691354,0.3825113554821894,2.227341781080911,2.218021894557021,2.027733241644661,2.1391275847970124
-161.26260104304683,167.22746774117152,233.98383555308703,0.5731109404318334,37.16402324677813,1.73105851529286,15,D06_px-1055_py-0118,0.37057804808568373,1.73105851529286,2.15725873823004,1.7655544302652744,1.4704971519518808,2.12822431162441
152.988290892787,171.44647273296616,230.6607567847771,0.5746304455328441,40.84925125526729,0.2352507192992313,11,D06_px-1055_py-0118,0.3715605720520985,0.2352507192992313,2.1969072452430085,1.9964502815057017,1.9637857973356652,1.570753105390834
-212.1162321985236,175.75023607485892,229.0421734605904,0.6635109468435108,24.92026443068312,1.8427007222428584,16,D06_px-1055_py-0118,0.4290314042504266,1.8427007222428584,1.464517176782406,2.6221252291915773,1.363099952322616,1.894056335898033
-150.25936233091124,178.8693397860632,227.75149865774765,0.5880331806485001,41.915074093947055,1.6625065026487356,15,D06_px-1055_py-0118,0.3802268861420491,1.6625065026487356,1.7406956452983986,1.2671936778258392,2.7321423056366214,2.1085700619313417
-168.07388673292223,180.0623077317329,229.6072661749798,0.6089111443026712,35.72764035322359,1.7147925518970863,15,D06_px-1055_py-0118,0.3937267418822604,1.7147925518970863,2.5945605008025354,2.3277403332684576,1.7799001630518145,1.945986860863409
50.7080188433664,190.77776561000624,233.53361337434512,0.502408043521438,49.18244771216064,0.704027188468025,12,D06_px-1055_py-0118,0.32486099806511437,0.704027188468025,2.101927765042241,1.002325575471756,2.1354568182094176,1.6205386506821922
118.8899323399352,196.3104056167843,232.3769688771834,0.5707072851183119,39.50402374390927,0.419273603486442,11,D06_px-1055_py-0118,0.3690238256280136,0.419273603486442,2.682395764320197,1.991655238307961,1.2350103651719748,1.4692438652835182
57.01107150272693,203.0581431004693,230.3800564839797,0.5367834055091716,47.559977848406334,0.6901013503427099,12,D06_px-1055_py-0118,0.347088377877572,0.6901013503427099,2.5553626573682555,1.7413539237715305,1.7228550877235949,2.2160107998578393
149.98285522458943,201.82688415289536,228.5622439178523,0.620788539066451,34.654690723396016,0.3247294213767101,11,D06_px-1055_py-0118,0.40140675888662636,0.3247294213767101,2.2713858631800745,1.801806867361545,1.62905269293609,1.7545777296094378
-107.91209967976924,199.90464076382105,223.58409400779988,0.5836719335450195,47.700319600190085,1.4588090454506366,14,D06_px-1055_py-0118,0.3774068694143813,1.4588090454506366,1.8827359779277946,1.3285029305803553,1.6436213797683503,2.3823321184861666
-30.748408702072275,204.6781369714288,229.1081052626093,0.5309591049570782,49.9564148269551,1.1129298209151277,13,D06_px-1055_py-0118,0.34332233926656097,1.1129298209151277,2.28307404129278,2.10398336673879,1.582552720277817,1.7494805890675622
216.53259193762847,211.1070585638343,225.49036423787248,0.7169764366300444,16.50410916923653,0.1657321505737548,11,D06_px-1055_py-0118,0.46360261105745365,0.1657321505737548,2.711780025769513,2.1357364355375594,2.638932206319458,1.735518096618588
70.94303898183722,218.265147521362,231.8276378578284,0.5717837643511785,39.966138056707,0.6495564440663858,12,D06_px-1055_py-0118,0.369719885578675,0.6495564440663858,2.1843185934759717,2.141614938610344,2.155376216804271,1.1236238977626636
-200.3652524480536,220.9557529192096,229.5137491114681,0.7014298387493005,15.20187278977926,1.7003825221465467,15,D06_px-1055_py-0118,0.45355005841785817,1.7003825221465467,1.7048479014271132,2.2453980199888006,2.5505417019880467,2.2126030030995296
-71.6285177955517,226.9417239137221,232.0561503765724,0.5879463302291632,36.757568743486445,1.2695462451116095,14,D06_px-1055_py-0118,0.3801707279768446,1.2695462451116095,2.004306263702982,1.98591687997954,2.6927265944339913,1.7017338126044244
-54.30015565973699,228.62020236725024,229.5882702006749,0.5870319005050205,39.89144866294816,1.197008427501927,14,D06_px-1055_py-0118,0.3795794505148771,1.197008427501927,1.7585536106093467,1.9865673876010077,2.7644961463157505,1.9371894288895415
-187.1734213979572,240.69547097234505,229.5225447882401,0.7122713700160213,12.395372997822392,1.6247715108862253,15,D06_px-1055_py-0118,0.4605602779262382,1.6247715108862253,1.7847645275366766,1.8952143958355616,1.8853286159739624,2.1456156467664824
-137.3666886995066,248.5358270210667,219.7936150658379,0.698538889947898,28.625612370154613,1.468733467108105,14,D06_px-1055_py-0118,0.45168074815284703,1.468733467108105,0.6339295886667569,1.3847170352327653,1.2859890991445382,1.9394950972330998
85.75308703180002,258.96138258336737,229.0112804495816,0.6588461386260284,26.01251926891996,0.6440393982375915,12,D06_px-1055_py-0118,0.4260151025155022,0.6440393982375915,1.24467350014213,1.9694796444881884,1.6051281565193056,1.8515557647645835
39.8614251156797,263.7157093309434,226.83964196115545,0.6525592872137757,30.143062928060715,0.8137993934725366,12,D06_px-1055_py-0118,0.4219499748751157,0.8137993934725366,2.9236081583149627,1.462045631128144,2.0517860553918044,2.7953131988331807
-26.66502513309192,270.1546475040079,228.91736381354667,0.6566925777782163,26.61255939029081,1.0622009450426655,13,D06_px-1055_py-0118,0.4246225931091827,1.0622009450426655,2.0014959740543943,2.6050410272572053,1.777628891128409,2.3649952615725436
-40.94177758171711,271.3081193063761,227.1091453372048,0.665707907320976,26.87721717641216,1.1135918035369214,13,D06_px-1055_py-0118,0.43045197619910897,1.1135918035369214,1.2831823068575305,2.0735874385604918,1.2240448284119085,1.5382467354935736
-110.97872047362208,279.95776431817166,228.6341734769537,0.7080631261752605,14.660136135576806,1.3412265654509623,14,D06_px-1055_py-0118,0.45783919431334696,1.3412265654509623,1.8274521027839683,1.6331842098656701,1.459874173161713,2.0250663395613184
46.75374155174749,294.15949558471243,223.75720138060416,0.7132754480930265,19.755942275744133,0.8061951408285496,12,D06_px-1055_py-0118,0.46120952271926524,0.8061951408285496,2.079204477259076,1.605568343656374,1.8501779606556057,2.095924579467014
72.21994845285175,309.6764946312708,231.85168720041847,0.7280877295781301,5.037387824561563,0.7347009323292671,12,D06_px-1055_py-0118,0.4707872605937323,0.7347009323292671,2.050900451846636,0.8998981712807832,2.428121774870945,2.2614769634227043
-47.525964446108354,-304.2116620903513,225.37386654781344,0.7261557585473954,14.234137824836296,-2.332749792792501,3,D06_px-1055_py-0118,0.46953803290844637,2.332749792792501,1.921450137388684,1.5794326964377239,2.188712235238478,2.9961678441307757
-30.47241115897761,-302.3923746391832,227.79552703915783,0.7144108004270862,14.119417654292477,-2.27820791454806,3,D06_px-1055_py-0118,0.4619436504808612,2.27820791454806,2.064895504553796,1.6157923123086904,1.9255296367770078,1.6687958004869583
-45.62286807803773,-277.0614996146176,229.77852826977448,0.671261385368141,22.198865734521064,-2.3409782229400085,3,D06_px-1055_py-0118,0.43404289884534986,2.3409782229400085,1.3270547176755003,2.095686605340392,2.3031672126888485,2.234060429507204
132.17732519163047,-267.68136073184104,230.99357378166405,0.6986959863972487,13.960301859134743,-1.7191117451130866,5,D06_px-1055_py-0118,0.45178232795433837,1.7191117451130866,2.389156553415103,0.6390432817824765,2.662723856201864,1.7546875664294528
-46.0824321407401,-260.2367409023492,228.37958572540344,0.6449030365713839,29.868649527074467,-2.353037922387977,3,D06_px-1055_py-0118,0.41699938290670124,2.353037922387977,1.9662095684511929,0.9913493924937502,1.4388509337074966,1.6430007321719886
71.5136729946032,-246.1378510917436,230.77537610062225,0.6252984616918829,31.01307759904455,-1.895017470813324,4,D06_px-1055_py-0118,0.4043229103778031,1.895017470813324,1.9891627588636107,1.8834264003414403,1.5026731605196044,2.166182994778855
-166.69646288415657,-243.79144375686988,229.4896365597872,0.6966011617880574,16.450341333215874,-2.7775236825137286,2,D06_px-1055_py-0118,0.4504277978625362,2.7775236825137286,1.4575331706318848,2.0740643289981158,1.6626177611968767,2.395953567707679
20.85262350827354,-235.2058813655432,229.78947041079755,0.5888773192307245,39.31006884718113,-2.0893501550813878,4,D06_px-1055_py-0118,0.380772712798017,2.0893501550813878,2.150857209347845,2.2678443954380763,2.174457745333396,2.1390106863970075
-58.37726081439996,-218.659424907862,226.1120089367542,0.5767914398052644,45.89024893516739,-2.4386689125365595,3,D06_px-1055_py-0118,0.37295788796931767,2.4386689125365595,2.556497684785808,1.2120125379591862,2.629602203053941,2.1818190779226043
60.927776419905946,-212.4533472050512,226.9337127691419,0.5643697163189554,47.05972889540931,-1.8984894305657631,4,D06_px-1055_py-0118,0.3649259037256597,1.8984894305657631,1.285588828241813,2.4154755378210324,1.7860817197108896,1.1483759017406419
-206.4362738751392,-212.1366831115789,230.73676693270107,0.6950488463675938,15.21416149555347,-2.9495561884671884,1,D06_px-1055_py-0118,0.4494240584851387,2.9495561884671884,1.644814174588596,2.1592069456226763,2.063066324259327,0.7949830920241745
-27.724023254711742,-207.7271524877136,227.935760927179,0.5386706374217974,50.10562596952184,-2.3104554257245105,3,D06_px-1055_py-0118,0.3483086768967094,2.3104554257245105,1.788212475084603,2.099452977049547,2.016601442247953,2.1319481170734926
153.9417710588671,-204.07312235847328,229.24065684600336,0.6271837389659836,32.52010052276091,-1.531499021305997,5,D06_px-1055_py-0118,0.4055419455122748,1.531499021305997,2.571808231185426,1.9715685629334658,1.3427180712041487,2.9530803131954912
173.34171260811226,-205.2120056536116,230.8889183792141,0.647479248240101,26.16676806875768,-1.4763692462074267,6,D06_px-1055_py-0118,0.418665181662749,1.4763692462074267,2.3148104066023834,1.0383149170520478,2.2005288484923815,1.1595873990295695
-74.04026629086248,-200.00985151699297,218.56323332193423,0.5652381315922619,56.82410588464501,-2.5323168176128283,2,D06_px-1055_py-0118,0.3654874278812922,2.5323168176128283,1.2156241283945473,1.5741517520542763,2.4662935711309486,2.498735526797639
-9.667571181951276,-202.3405389468191,232.28061514017628,0.5156979240649692,48.638950649594335,-2.2255182680152554,3,D06_px-1055_py-0118,0.3334543394998509,2.2255182680152554,1.4347959437740467,1.5706669910177788,1.9521346015621628,2.405509382835792
139.2294599467357,-201.10491484176544,231.80866406973308,0.6011734674904561,34.55209122853512,-1.572221176551201,5,D06_px-1055_py-0118,0.38872349911109993,1.572221176551201,1.890698930561584,1.220908969369519,1.880668433772363,2.0895095701079076
-236.73354516137107,-192.8353991441876,229.8743994055272,0.7122045435213259,11.948021278635224,-3.0650116596830355,1,D06_px-1055_py-0118,0.46051706738842163,3.0650116596830355,2.2702661450258033,1.9045840578187754,2.916084380557203,1.5878512430996994
-198.320046555728,-190.87664545324265,229.9548691807896,0.6612091828265113,24.28527509511344,-2.9822967276850108,1,D06_px-1055_py-0118,0.4275430655076156,2.9822967276850108,1.8608965627573366,2.3642126155384364,1.6110014819678833,3.357692745192244
-161.71953101614358,-187.08798292028743,230.431695441601,0.6090929680575593,34.68694540693019,-2.890572763920191,1,D06_px-1055_py-0118,0.39384431055427227,2.890572763920191,2.714363517677822,1.7051977038543593,2.4088234305423164,2.202225781411605
-129.03992659423403,-174.32412938844038,229.99360942054807,0.5498945086052855,45.8818706338601,-2.814994700934697,1,D06_px-1055_py-0118,0.355566120406701,2.814994700934697,2.572930068822571,1.4347318150433823,1.1587670794634466,1.6692261715937857
-137.88404693982625,-168.34711789418756,230.7305509553239,0.5499444975949592,45.00921092653607,-2.864022851502774,1,D06_px-1055_py-0118,0.35559844368115306,2.864022851502774,3.0092585598762662,2.176219237860659,2.2215987199071856,1.8859832299742587
-247.38081141366507,-160.8306003442908,230.6704755016788,0.693630171108058,15.655053576473849,3.1110823206927014,19,D06_px-1055_py-0118,0.4485067318883893,3.1110823206927014,2.7770634190576353,0.9993663516236835,1.6084942630937706,2.2950008178622694
182.93497505921715,-158.854470835364,231.4165026530761,0.5975289344401087,35.725462677715655,-1.3220397161194963,6,D06_px-1055_py-0118,0.38636691533525397,1.3220397161194963,2.2894252270389623,1.939056982069606,1.8148998278359958,2.644535026935301
-200.68597521098235,-148.9761770115897,231.0831864623201,0.6127594455811398,33.168242873171835,-3.1099949012288954,1,D06_px-1055_py-0118,0.3962150837993524,3.1099949012288954,2.211441927472978,2.5543608952750603,2.5240085509972507,1.903053773761934
171.8010808709113,-129.51888966595928,229.21840161085748,0.5478231085608359,47.13147038624669,-1.2529647524075247,6,D06_px-1055_py-0118,0.3542267368229601,1.2529647524075247,2.4932263300635,1.7500065307132453,1.8188769888003782,1.1541822399253272
-187.9263708600306,-129.46638951785977,228.7852892876086,0.5752168744369281,42.97998045606937,3.137864628931472,19,D06_px-1055_py-0118,0.37193976160037817,3.137864628931472,2.276121719097317,2.319398458994684,1.028717683176736,2.360707573601113
-281.85552609010165,-112.815253220702,230.99677833533968,0.7069753589824034,11.83266514498888,2.915342883845727,19,D06_px-1055_py-0118,0.45713583547884823,2.915342883845727,1.7523646761250742,1.4788398978031583,2.52855446996551,2.4314689362766764
195.97480799573395,-107.7451869621415,230.7423849332069,0.5621828193707981,42.92892967537176,-1.109662273039339,7,D06_px-1055_py-0118,0.3635118389342913,1.109662273039339,2.6490770396776497,2.3200137133602405,2.1641457132115,1.5113588335866384
208.9733646790777,-109.69022947092928,230.2009750695965,0.5878242103352012,39.009645223007794,-1.090348551227364,7,D06_px-1055_py-0118,0.38009176429155395,1.090348551227364,2.2499582107810197,1.8621726448531846,1.2040659938428517,3.047778307679054
297.98114870853306,-107.4888445128926,230.79996576493969,0.7284509419634574,6.346185529857166,-0.9531755804704732,7,D06_px-1055_py-0118,0.47102211658286025,0.9531755804704732,2.2856835048537874,1.4938693170795867,1.8535072626030304,2.205872815186617
240.308092992522,-106.38452665331162,229.24239001532035,0.640396236701003,29.75525872219152,-1.0237466835457194,7,D06_px-1055_py-0118,0.41408525061353624,1.0237466835457194,1.3012164893869906,1.821454007276877,2.580850251104491,2.4325900825860716
187.96290258120104,-96.08806496939644,231.3105411041112,0.5354083856436084,46.69701600398616,-1.079552970632685,7,D06_px-1055_py-0118,0.34619927920240884,1.079552970632685,2.028693359179595,1.9207886924069468,2.13898090262649,2.6623477008379726
-209.6856287026496,-94.15174924899196,229.3273402007649,0.5774228241170613,41.941845941182976,2.956646653489941,19,D06_px-1055_py-0118,0.3733661460383074,2.956646653489941,1.6830724084139734,1.2703871079258122,2.981139003794021,2.2463593823591967
194.38684827488845,-85.4226077136266,227.6991226315324,0.5449084583013722,49.38354432161634,-1.0210225351302056,7,D06_px-1055_py-0118,0.35234210100848645,1.0210225351302056,2.354414905810529,1.361781243150701,1.3145068203613748,1.7067640446972954
309.4506734946582,-78.44755391884544,230.91032357341544,0.7320639294228304,5.195613949952758,-0.8552550805376145,7,D06_px-1055_py-0118,0.4733583027311192,0.8552550805376145,2.328619899289711,2.448128904597879,2.610846765079068,1.2816306294516884
301.24073756120526,-58.80320132408323,224.6072678815314,0.7262722322341021,15.228294748657902,-0.7997587033031265,8,D06_px-1055_py-0118,0.46961334571165436,0.7997587033031265,2.6030503260225504,1.5139775159339566,1.715357844048191,2.8616405316686744
-221.20637487792663,-56.5681836727055,229.3442189352593,0.574341486938576,42.46879268044171,2.784973498177947,18,D06_px-1055_py-0118,0.37137372914911576,2.784973498177947,1.8169860949295016,2.266767138670816,1.584334002097354,2.4775840209247972
299.8311462516797,-28.413208693705464,223.7641928822414,0.7187533000712293,18.333092130925422,-0.7014614163701728,8,D06_px-1055_py-0118,0.4647515449536605,0.7014614163701728,1.890530647357993,0.9230788597443289,1.9065508328328185,1.4392595077007586
-274.5705857001184,-3.358386879978857,231.05628947422304,0.6577279824722663,23.678772777868403,2.54684392720245,18,D06_px-1055_py-0118,0.4252920939395292,2.54684392720245,1.8757018358727007,2.220137786552061,1.7577557295924116,2.1813018627003333
304.9435772291412,14.194361468297092,213.2638239027857,0.7493773641167646,24.344891786166382,-0.5604656048798379,8,D06_px-1055_py-0118,0.48455330597028734,0.5604656048798379,1.9116580034143538,1.5965021183125345,2.901954562770435,1.7604602445959365
-277.86380481769703,18.52915947807516,228.0162951248094,0.6709846887181455,24.513348626449385,2.4680273806254296,17,D06_px-1055_py-0118,0.4338639846121128,2.4680273806254296,2.379997083275156,1.1405979362668603,1.4759598779755747,2.347645797674323
294.9991343200439,19.77714633079612,229.81852691601875,0.6964420750438376,16.06141885734138,-0.5400383312657666,8,D06_px-1055_py-0118,0.4503249311207063,0.5400383312657666,2.056316068482997,2.244113173096443,2.3037987764773744,1.5740769622815909
218.53979023508543,22.18966464421197,227.25939976341587,0.5609503635900179,47.25366304874859,-0.5057902811702882,8,D06_px-1055_py-0118,0.36271492331922855,0.5057902811702882,1.772079208368452,2.109693857323764,2.193656984034696,2.1827410202559245
-216.0612610753685,36.21811997674985,225.7115129511191,0.5628241052841177,48.767054065012246,2.3685283256110643,17,D06_px-1055_py-0118,0.3639264994568139,2.3685283256110643,1.5704980039702106,1.4138846831684901,2.3733098727700033,2.5870943174695276
-252.7260392859706,34.10240165300208,220.24430839166752,0.6451771509145187,39.99161348618623,2.4004850694296374,17,D06_px-1055_py-0118,0.4171766273999832,2.4004850694296374,1.3678784912104534,1.67388101998215,1.7071449530218479,2.4856229692062497
-231.4273449929029,41.089031024947815,229.32869044252345,0.5876841216624504,40.08359882502526,2.3588980496526326,17,D06_px-1055_py-0118,0.38000118185237075,2.3588980496526326,2.731304029116877,1.365331062713425,1.6881077437161838,1.5138769916321122
221.81345474281207,42.1338282293341,230.2161483720733,0.5675191043786303,42.62917794763524,-0.4192642663052677,9,D06_px-1055_py-0118,0.3669623228506188,0.4192642663052677,1.7499680690611799,2.990437402751489,2.334102168681874,2.1360481975693766
239.29553998543687,42.04590729263775,228.4115513063598,0.6049341376843103,37.95323061123929,-0.4330479326132177,9,D06_px-1055_py-0118,0.3911551780786702,0.4330479326132177,2.801456406319909,2.121548225772437,2.6682479577510625,2.669177674597896
-248.5731641863288,50.27344048144703,232.4003386240128,0.6169471645094431,30.71680607315181,2.3350569022181795,17,D06_px-1055_py-0118,0.3989228958421879,2.3350569022181795,2.12784519367077,2.3322837130779264,2.0188397885215847,1.974939856640248
203.937571482402,48.26918247211272,227.57167933913524,0.5393811377430718,50.417084563650405,-0.3745703419780984,9,D06_px-1055_py-0118,0.34876809200057,0.3745703419780984,1.6839042224989544,1.7916272443193473,1.117201502777013,1.5163636657641582
-305.08444051620023,58.91466066882781,224.692547134473,0.7321883969081929,13.521332240417848,2.343851872577461,17,D06_px-1055_py-0118,0.47343878438749976,2.343851872577461,1.826603739090526,1.440326364920349,2.1593812684703684,1.9293131668327708
194.0678611333549,58.121323496967534,229.36610190883687,0.5211601185183674,51.16631510952152,-0.3159909777434379,9,D06_px-1055_py-0118,0.33698623745538386,0.3159909777434379,2.00390793499427,2.080637699278653,2.208732625961411,2.37481571463865
221.59573219574744,60.19360763627114,229.97397134897344,0.575682818442432,41.480468090817055,-0.341742523089697,9,D06_px-1055_py-0118,0.37224104466425884,0.341742523089697,2.8117062535233512,1.75075173799152,1.9931075395537992,2.125350375061035
-273.63996069490094,66.02608000882688,227.58575585894567,0.6771524167079568,23.62771555207513,2.2978505035669854,17,D06_px-1055_py-0118,0.437852086109295,2.2978505035669854,1.9693549613187045,1.400066716404504,2.1075830745516084,1.1335285546668357
169.60658612522462,76.62946094311906,231.42717625752425,0.481666684360977,54.50543823071558,-0.1826238310362746,9,D06_px-1055_py-0118,0.3114494718664761,0.1826238310362746,2.4755105287433974,1.359185234315454,2.115834049895069,1.338365883374999
-198.2712848974228,89.60625209155873,227.981534933551,0.5552429497172725,47.35847998084438,2.1101490403073897,16,D06_px-1055_py-0118,0.35902446455572024,2.1101490403073897,2.5652614351806684,2.7837756948339276,2.904275396201749,2.134687247268799
-225.2857903215048,117.232550684525,228.58979212182737,0.6254369166442795,33.680518882950594,2.0548005872210084,16,D06_px-1055_py-0118,0.4044124364405376,2.0548005872210084,2.550560150045095,1.9418297110748672,2.0846902515628045,1.4324844479968837
-135.46233026697834,128.626481861295,228.3914970720251,0.4886344571469423,56.98245998873716,1.775093836967438,15,D06_px-1055_py-0118,0.3159548886302566,1.775093836967438,1.7455273456972884,2.508201130486884,2.2076787584641306,1.9819758375147432
-252.23888418708347,131.42518693852628,228.65170201163,0.6799307850880516,21.602059429862777,2.054279782977082,16,D06_px-1055_py-0118,0.4396486009871696,2.054279782977082,1.9122311373475558,1.04584683327895,1.868514940178029,1.449774844303806
206.7489547972602,136.37594273594215,229.1478012249275,0.6124405223191467,35.596830316882574,-0.0238706042318569,10,D06_px-1055_py-0118,0.39600886550620745,0.0238706042318569,1.8615900576082138,1.9082710674690928,1.814606369832629,1.9058109199035556
-158.94776314624335,164.99076248356704,226.7012926866132,0.5811928605046376,44.40791103118943,1.7305623498645306,15,D06_px-1055_py-0118,0.3758038812605095,1.7305623498645306,1.8585328508604648,1.4906436753710584,1.4017185020418574,1.399606340325593
-191.60692053150635,173.2060687950398,220.88784567421013,0.6499092564352693,38.19494467252144,1.7996113846817683,15,D06_px-1055_py-0118,0.4202364441012556,1.7996113846817683,2.0670770636364386,1.4392898479379628,1.6644561629436325,1.6502221646747781
-216.29798197325405,187.412942849928,226.86301433291897,0.6868177647839085,22.26165059156688,1.8206420574128448,16,D06_px-1055_py-0118,0.44410177630253417,1.8206420574128448,1.1744858313693567,2.4274289512659815,1.712452985775262,1.3905260223646059
135.9016622596115,189.8079976173636,228.78677653566808,0.5856216484113665,41.111392759040655,0.3424361033455075,11,D06_px-1055_py-0118,0.37866757040353033,0.3424361033455075,2.2609566035953677,2.029749760139141,3.9094327688976604,1.850527886149377
-94.90489378725748,192.0129219994295,229.81781418832853,0.5446658484481077,46.94555331355241,1.4228643256810076,14,D06_px-1055_py-0118,0.3521852275664939,1.4228643256810076,2.087658855089904,1.5853149102516029,0.9599853756864203,1.7974037385028199
-234.4993417185524,192.5168920684525,222.8779425964259,0.7243757359827491,18.04207352474685,1.8472158257978109,16,D06_px-1055_py-0118,0.4683870562981271,1.8472158257978109,1.1997375379537774,0.7421673685506072,2.1749926696122737,1.9796222303134088
82.56011104202203,197.0622780789668,232.85190424100443,0.5377833862409541,44.52212136824937,0.5670779373722342,12,D06_px-1055_py-0118,0.3477349732949061,0.5670779373722342,1.4739013560191183,0.9285263946836699,2.0417330604833106,1.9384757256451346
-121.7840720197686,202.09889752997705,227.4228827629608,0.5933299006828333,41.33750571844962,1.5061432404760224,15,D06_px-1055_py-0118,0.38365178703488595,1.5061432404760224,1.639536979452279,1.6994202955940907,1.3728639738126664,2.05215012079419
127.6857039187801,208.734027690538,233.3204499599225,0.5983218171210487,33.27002362109522,0.4148279362228949,11,D06_px-1055_py-0118,0.3868795995217437,0.4148279362228949,2.386139565317185,2.5112009606827623,2.1042104162641198,2.059118751718342
111.21090253665496,209.2745712612348,232.14194434399545,0.5858566403345606,37.04193298762709,0.4753569416177011,11,D06_px-1055_py-0118,0.3788195180319381,0.4753569416177011,1.226762007745319,2.162093518872162,2.3832220905241175,2.163188752337372
227.97547076190364,213.4339944406143,234.90711496628344,0.7126405934508168,5.182198437872387,0.1454872595307349,10,D06_px-1055_py-0118,0.46079902070729717,0.1454872595307349,2.6326565372666435,1.8201543754506155,3.0370855906708822,2.441258026675306
92.6631230626046,224.2770515410283,228.30529165704985,0.6045823265524963,38.149897022207824,0.5720142103041354,12,D06_px-1055_py-0118,0.3909276942298639,0.5720142103041354,2.711578688836271,1.0848425285832466,2.4983447504795446,2.1636326630186886
171.77090662551964,233.5962286143764,230.04320962044807,0.6863851921872053,18.25443921709325,0.3297691409781645,11,D06_px-1055_py-0118,0.4438220714544277,0.3297691409781645,1.081537537475627,1.895207124139617,2.9300205544550995,1.3514002509694265
151.3139210100672,237.30470396816057,228.95766835012424,0.6741306803868591,22.578033436180647,0.396182778985472,11,D06_px-1055_py-0118,0.4358982076039252,0.396182778985472,1.8551530169935502,1.4651678045578005,2.8970764010817422,1.8813610361056021
115.01219097083629,293.4536287568629,234.53763329404487,0.7179868681799053,4.227368253641316,0.5902898336689043,12,D06_px-1055_py-0118,0.46425596405607117,0.5902898336689043,1.791262061608442,2.5038585723476148,2.247588245457016,2.1991262381915173
-44.50746588425344,296.9837779010592,227.4883150343358,0.7091460817540113,15.890488798108777,1.112574684300871,13,D06_px-1055_py-0118,0.45853944192026685,1.112574684300871,2.448661464913223,1.9655892022441832,2.3232970975217473,1.6861887578680856
-36.6632013674738,-319.2415670941612,224.136924466366,0.7501571626627742,9.270842324290411,-2.29211960777369,3,D06_px-1055_py-0118,0.4850575298520764,2.29211960777369,1.711864124202625,2.341386167051226,1.8646576443270855,1.5661409648951494
-69.2028081683932,-316.3239004516419,230.00195853254053,0.7410920146981138,3.8748119813615176,-2.393154540955818,3,D06_px-1055_py-0118,0.4791959337781635,2.393154540955818,0.5259447164373261,1.8263246167315617,1.87266198801907,1.183291029965463
28.2047495495303,-305.1582510949828,226.79993344089823,0.72069575511045,13.786025302613156,-2.0856110756809505,4,D06_px-1055_py-0118,0.46600755168140895,2.0856110756809505,2.1339891209153876,0.8995909529725417,2.3972222468497346,3.347625639823924
11.43679380864875,-289.64825665420443,227.26400267375084,0.6922177311926833,20.43159720206632,-2.138311247684507,4,D06_px-1055_py-0118,0.44759343711428584,2.138311247684507,2.4492884868753917,2.1828119248248967,2.6222827143875023,1.2871070142618497
128.59010986441797,-292.4877086467186,228.4922531682912,0.7377169719195262,6.873099379131361,-1.7635683014534074,5,D06_px-1055_py-0118,0.4770136045346277,1.7635683014534074,2.221161571221751,2.580272965227635,2.47432909019518,2.339661606993271
-109.47009030025986,-288.30244435466864,228.6801675004584,0.7197106101142544,11.546513673946777,-2.5406657049639745,2,D06_px-1055_py-0118,0.46537054916755627,2.5406657049639745,2.1122920633297726,2.3005209500047448,2.581598038245369,2.387614299853299
-115.85102478604216,-265.1810149253788,228.19134072810328,0.6893852860247999,19.92026031217653,-2.589661807835537,2,D06_px-1055_py-0118,0.4457619557595013,2.589661807835537,1.682455639808116,2.2057710996624262,1.2228959865600264,1.616076146748137
-141.2056899225449,-245.42927086869184,229.16159976652025,0.6766510553249803,21.724179025216927,-2.69986688487144,2,D06_px-1055_py-0118,0.43752790189018204,2.69986688487144,1.0910744808296762,1.8175669149135878,2.0428842859687455,2.5821120930059376
-5.123837070285704,-245.9939540218241,230.13811634993405,0.6073177204531538,35.391506872172954,-2.1986019650571413,3,D06_px-1055_py-0118,0.3926964214708538,2.1986019650571413,3.0946387745197015,0.6742784195333373,2.187666380135693,2.2855718076253284
97.36725524200368,-242.1515042477542,224.13567133960265,0.6478958162910974,34.545078631001275,-1.7954670771525731,5,D06_px-1055_py-0118,0.41893453784554463,1.7954670771525731,2.222300246010813,2.720489369035489,1.6586094361483739,2.1254299659920006
-1.0534602314558363,-235.07644010177063,220.6302759357753,0.6057198487021999,47.267415963591816,-2.182257180444918,3,D06_px-1055_py-0118,0.3916632250113453,2.182257180444918,1.4262929914608684,2.412341864380159,2.011448917228578,1.923684074608747
-164.71206179261776,-224.6557953064198,226.14103367104752,0.67516293700197,25.944235662061143,-2.8104218654848534,2,D06_px-1055_py-0118,0.43656567286163456,2.8104218654848534,1.5599747836626086,2.432268371413091,1.9009100585870131,0.7899615268297522
-85.20047809050861,-204.5951136183992,230.7072410649561,0.5581789315698996,43.65435815353578,-2.5723691988884108,2,D06_px-1055_py-0118,0.36092289354634766,2.5723691988884108,2.2959179461057415,2.074478826053366,1.8844471420010684,1.3190599301022559
117.26753327315892,-184.2505874922637,228.00120536961447,0.55689854919505,47.059117247603126,-1.6109803566469427,5,D06_px-1055_py-0118,0.3600949882180747,1.6109803566469427,3.0178648485314756,1.697037375413121,1.3083438140039343,2.1109125806380593
203.1676908534725,-181.28862947793235,222.04119192871048,0.6729714158614966,31.693942821003134,-1.3355299169382262,6,D06_px-1055_py-0118,0.4351486180310929,1.3355299169382262,1.624389854649025,2.2863350934595,2.2791157975524303,2.5226276529078655
230.39936047169675,-162.1630632244837,227.6068260261612,0.6775458025067247,23.5082647561768,-1.2202744821410647,6,D06_px-1055_py-0118,0.4381064524652089,1.2202744821410647,1.9634941947432525,0.9349846659528085,1.903137221359768,1.909045967786812
283.4375613457337,-112.17212966997644,221.3714281654385,0.7300710136003941,18.5516956586846,-0.9838219857415098,7,D06_px-1055_py-0118,0.4720696676634985,0.9838219857415098,0.4925188533691942,2.3192391020414824,2.3742683288825317,3.2208738453963477
226.4014132876812,-99.3136025486782,219.5448841845628,0.6318520824519614,43.57130623847576,-1.0203645262050558,7,D06_px-1055_py-0118,0.40856053317965324,1.0203645262050558,2.030032608835165,2.1522071342069724,2.678489886135882,1.7146617286909704
-238.58624100820327,-86.01882415768648,231.03673938707863,0.619751054599769,31.82301795764147,2.880642736671428,19,D06_px-1055_py-0118,0.400735913258915,2.880642736671428,2.1890023398690763,2.031003658099748,2.1139929753492535,1.1545398591901836
213.87578783594083,-52.19744047483275,224.69258740955945,0.5670882893550283,49.25273720718656,-0.8463550558234265,7,D06_px-1055_py-0118,0.3666837544631228,0.8463550558234265,1.6171683030440331,2.1595838117209647,1.5988125390485344,2.447215529637586
-305.59810779542346,-18.66468034687492,227.3928656282436,0.718930006919964,13.465030710986523,2.5956132510208683,18,D06_px-1055_py-0118,0.4648658049938512,2.5956132510208683,2.1365356945213136,1.6387441881149405,2.4120249980842723,2.2846365405456175
-229.47878055476016,-15.321279905360736,227.5206364574359,0.5813179602230321,43.40523670968901,2.6012797432990427,18,D06_px-1055_py-0118,0.3758847717237482,2.6012797432990427,2.941755476134907,1.6864331305337705,2.5289569512779457,2.0267340975374726
222.85608899775045,-14.74349616380524,224.53850722955468,0.5739389913690681,48.26256317658624,-0.6730402932713356,8,D06_px-1055_py-0118,0.3711134723436899,0.6730402932713356,1.4072141616024194,1.5753504477958,2.0804775285428416,1.0007138528876167
-287.0611222817963,-11.56314163305996,228.42437197291093,0.6853317732392351,20.6016693218408,2.574872470105699,18,D06_px-1055_py-0118,0.44314092246561043,2.574872470105699,2.904181337407394,1.906491435743829,2.2375893120152037,2.3850457867073036
-242.85433146088883,-7.778705071669859,229.64908248719905,0.6024426418090718,36.92796533611392,2.566632507590567,18,D06_px-1055_py-0118,0.389544157221934,2.566632507590567,2.95685503641484,1.7346624441416538,2.22883921459349,2.4239277604246565
-200.04567032443364,8.937374013480271,224.10466277252328,0.5261802162644572,56.48299955748382,2.489966143076221,18,D06_px-1055_py-0118,0.34023227219787816,2.489966143076221,2.6061611270204468,1.6756165735723316,2.6796575683515043,3.2770293244447695
198.40737354617107,2.542645885340037,230.9986162859309,0.5092224542392746,51.07818889259886,-0.5941649541317561,8,D06_px-1055_py-0118,0.3292672497077148,0.5941649541317561,2.611960589205514,1.3707949337373926,2.4954279907528245,2.585355899524166
-259.7064871909778,9.226727556201167,228.62241055807635,0.6363213197199385,31.389203228801875,2.499100537581029,18,D06_px-1055_py-0118,0.41145037719824906,2.499100537581029,1.8391329619158987,1.049397843584308,1.5641959567110841,2.5252781042230223
-307.3783028606464,9.436094666198889,225.91222586989915,0.7243607143197167,13.994501156607155,2.5039241237303256,18,D06_px-1055_py-0118,0.468377343172495,2.5039241237303256,2.736496812572552,2.0001432415256915,1.3601457403996307,1.1330866390894672
-219.95251841527585,15.006804718521012,227.4383020224512,0.5622351521008504,46.82516978894444,2.466491219139802,17,D06_px-1055_py-0118,0.3635456776897322,2.466491219139802,1.7413828777302591,1.9023479125345988,2.9315288517257105,2.851863498212931
-255.83860166877128,23.553783006713395,229.09313348558936,0.6298950611268838,32.14412598293717,2.442806911791372,17,D06_px-1055_py-0118,0.40729510777674105,2.442806911791372,1.2503081839438415,1.7364452376606239,1.9238481361877184,1.6932753552695958
243.4638835849335,69.5102361338981,231.11497445864984,0.6187949928773087,31.92033015822801,-0.3288730700709922,9,D06_px-1055_py-0118,0.40011771621892855,0.3288730700709922,2.7584604084732094,2.6119044885975145,1.8884122916807,1.5728592376337807
298.8780919834062,70.13368087693388,227.69989923751643,0.7196013287735489,12.879068336728096,-0.37649313870682,9,D06_px-1055_py-0118,0.46529988699192176,0.37649313870682,1.4026625173953602,1.6510802169991574,1.9458923535177801,2.393589144748008
231.022929397579,73.0607994896335,231.44859910611524,0.5975021679293919,35.69173845440423,-0.3006827446889557,9,D06_px-1055_py-0118,0.386349607898603,0.3006827446889557,2.5287452702317026,2.8098190509139607,2.2301109654675217,2.2045217039073894
293.4077544119222,89.02594578911703,228.58500185998787,0.7170653747241134,12.375190697806488,-0.312387568775731,9,D06_px-1055_py-0118,0.4636601191295831,0.312387568775731,2.674807685789248,1.8089998690402669,2.662600462925169,1.803403517540184
262.3829541770092,92.4401790038922,227.0577413937719,0.6725287427472187,25.38108886540596,-0.2682481530304854,9,D06_px-1055_py-0118,0.4348623821087679,0.2682481530304854,2.049024794690218,2.2850805181486606,2.267058249541911,2.131373128935834
-264.49460591908155,121.39428186856452,230.4361139851535,0.6873542049287744,17.509684577162886,2.1043273504467206,16,D06_px-1055_py-0118,0.44444864272537615,2.1043273504467206,1.8680587780066942,2.0694050788189924,1.2597642911040565,2.6160590856551864
-177.86770173126862,123.94539650120596,228.418333596586,0.5527674715770985,47.25578733168089,1.9260108582761089,16,D06_px-1055_py-0118,0.3574238008926374,1.9260108582761089,2.244441791540458,2.079459849843767,2.1584446787810654,1.7812371117601877
251.65594230300047,138.04280109771167,222.87721019441847,0.6969553595783836,24.985053504529787,-0.1052596116899737,10,D06_px-1055_py-0118,0.4506568249435346,0.1052596116899737,2.0301227187841064,2.2888097494463153,2.889061489260449,2.0551912539967345
-165.58299628316587,148.95595902888937,230.19448153693745,0.5614012148024433,43.710316777859305,1.8020274180942328,15,D06_px-1055_py-0118,0.3630064472642291,1.8020274180942328,1.7516170765176446,2.5800652717855774,2.811739396898483,2.809702772124579
256.69712338841885,166.78836851778564,230.2328264334745,0.7127133003048625,11.340786640617525,-0.0307816872705256,10,D06_px-1055_py-0118,0.4608460335317852,0.0307816872705256,1.415950330104338,1.9637333992470505,2.2442516601699207,2.2998264704630027
-245.62882045899,167.63516782009813,229.045976042432,0.7009555936940641,15.9342385745947,1.9357469911954677,16,D06_px-1055_py-0118,0.4532434078298387,1.9357469911954677,2.1872389591561503,2.467002354185936,2.6230043167629944,1.9880379612741463
-122.51478537127076,171.64076848843567,231.04220661887305,0.5354616203732645,47.0005270527177,1.58373534092483,15,D06_px-1055_py-0118,0.346233701197898,1.58373534092483,1.2236424008796158,2.0543923552602794,2.5954116228950017,2.3004171497394585
60.12586838676332,175.21303687950106,228.51907401006315,0.4849381372063934,57.343792988365294,0.6332496765021088,12,D06_px-1055_py-0118,0.3135648190433164,0.6332496765021088,2.100017995589133,1.4491091196969408,1.8194863767612224,1.2805252585345608
-239.57395053090693,179.26962128128383,223.76459914462487,0.7155293096403916,19.167238801297344,1.8922104426675077,16,D06_px-1055_py-0118,0.4626668873479157,1.8922104426675077,1.835123065643656,2.027909210675998,1.5447297645767946,1.3376582200227274
259.07216738295523,189.43630023717245,231.16578481737577,0.7341610349333372,4.264665473934031,0.0243874780900058,10,D06_px-1055_py-0118,0.47471430767167705,0.0243874780900058,2.5132861112875147,2.103663933097927,2.65996959528224,1.8423980252580439
196.18275878936583,187.8456416567654,213.32626929056403,0.6913442113998247,38.73692238735555,0.1567124043446897,10,D06_px-1055_py-0118,0.44702861233610625,0.1567124043446897,1.309659125151447,2.289551364102296,2.7934821243632952,1.755870693605973
96.98236954385013,195.62334504247832,228.88030833439444,0.5550517919512125,46.33274716711583,0.5035663609983093,12,D06_px-1055_py-0118,0.358900860438567,0.5035663609983093,1.6884912969257357,1.5719911489318452,3.171871604403002,0.7694905901693616
-64.24468741646007,215.67796389425308,226.06382555170129,0.5743091159268439,46.38175524123659,1.2533212655652948,14,D06_px-1055_py-0118,0.37135279779796543,1.2533212655652948,1.952150363278131,2.456852123905516,2.6792657292061026,1.7271790430615648
-166.56826335106126,221.8640679248834,226.7709156163055,0.6718146208669236,25.91245669676113,1.6078087260486575,15,D06_px-1055_py-0118,0.4344006252763199,1.6078087260486575,2.779739037487312,1.7388543898965223,1.5568933630301005,2.1797569264678867
22.94202110139211,231.87850780622333,228.11643636582164,0.5861165438543386,41.82585778715077,0.8651979214514541,13,D06_px-1055_py-0118,0.37898757369490865,0.8651979214514541,2.064968027551683,2.4217290273940177,0.7306343014048171,2.5386549639121148
212.53401312191448,231.5313331635392,226.59107116101,0.7336818858496762,10.558667935090853,0.2211730222908429,11,D06_px-1055_py-0118,0.4744044861002526,0.2211730222908429,2.1449470447693413,2.2929684102066408,1.660432223604631,2.1150690723453014
160.96223250577046,249.721461974983,221.05111552333503,0.7180521814120101,22.117873175896705,0.3912703396228323,11,D06_px-1055_py-0118,0.46429819610637774,0.3912703396228323,1.4327535868409311,1.453730487294263,2.4764831532217473,1.6663532711661422
-101.51323833928298,252.4979027304442,225.24085069518048,0.6657385699473709,29.245836032945363,1.3460770823799653,14,D06_px-1055_py-0118,0.43047180289484444,1.3460770823799653,1.8342691411786278,2.28494467032257,2.3743160303904034,1.3116462788237477
-129.91994015010968,257.86531453824495,222.74735055980645,0.7001753679434272,24.367774547203737,1.4305226520299683,14,D06_px-1055_py-0118,0.45273890771417286,1.4305226520299683,2.277680853267505,1.892436044317643,1.5866210646146695,2.09960931109159
-8.196836590524123,260.6800265140644,231.8337824640234,0.6313851570232745,28.44032611317931,0.995250490974042,13,D06_px-1055_py-0118,0.40825861551981235,0.995250490974042,1.812561962237037,2.082998076618224,1.0700166876787067,1.785656575067724
-144.75605021962426,262.4164893630163,226.90496918163,0.7094168235552567,16.589659395846525,1.4679083699380375,14,D06_px-1055_py-0118,0.45871450570139993,1.4679083699380375,1.9908406108607122,2.6566657622485215,2.507416207611349,2.0018413017964245
-11.400638963066546,273.6722369445222,222.6469629265156,0.6745318601332151,30.56433445322051,1.0054507257529215,13,D06_px-1055_py-0118,0.4361576135877372,1.0054507257529215,2.813996710714112,2.0427569417111613,2.7171773065565903,0.7579845670140624
-48.294616045517294,284.4557276342677,228.1871421283785,0.687939837853283,20.277318376670507,1.131992175907583,13,D06_px-1055_py-0118,0.444827317586993,1.131992175907583,2.455583765777864,1.5926139502907468,2.015466807283498,2.067857380188353
-83.57738555711202,293.9538422239808,228.22583592848383,0.7162064857779633,13.078170467365112,1.2408282738283964,14,D06_px-1055_py-0118,0.4631047547721224,1.2408282738283964,1.9093547975131953,1.8006514348701783,1.3133856612811399,2.2773718916129835
27.00218167320608,293.4295985237229,225.95394192729333,0.7031416848687319,19.43302083776996,0.8720525455280949,13,D06_px-1055_py-0118,0.4546569516017222,0.8720525455280949,1.7199199545256008,2.0847355431335695,2.3611604223118565,1.409300632169387
-26.093191500743668,298.78110084751665,226.17972688622567,0.7113687923549238,17.044548142390624,1.0509279161544365,13,D06_px-1055_py-0118,0.45997666410158633,1.0509279161544365,2.893779080274096,1.4800126122508583,1.938904740559049,2.156417608434429
-57.515155687408246,310.8908725094252,225.57980145269764,0.7388711727967985,10.488481170853449,1.1467496319261814,13,D06_px-1055_py-0118,0.477759919912722,1.1467496319261814,2.038484552380545,2.4149797129462343,2.3598476166100744,2.2803987630618785
-11.6816851404827,-312.32007303930624,223.9559032945993,0.736722954136502,13.276283769387137,-2.215161359078353,3,D06_px-1055_py-0118,0.4763708648069268,2.215161359078353,2.317555681782521,1.3988418530015818,1.3605442096106855,2.1702854082173095
41.5862321264613,-297.77426513345137,227.73137393901388,0.7092167253919702,15.552027633102457,-2.039016433025492,4,D06_px-1055_py-0118,0.4585851206529827,2.039016433025492,2.0402972824133583,2.404031295455031,2.7396452453702382,2.8924106943480625
-3.5037179267751,-285.6258732192477,219.4366296555349,0.7022400335948527,28.19637268886044,-2.190042052034032,3,D06_px-1055_py-0118,0.45407393678634217,2.190042052034032,1.8733579996554774,2.362168395344284,2.427656761491696,1.879951437746243
74.98203124619347,-258.32932724462194,227.1312101579234,0.6560497534731676,29.00972738533181,-1.8952809054362985,4,D06_px-1055_py-0118,0.4242069378504513,1.8952809054362985,2.4995073527616807,1.9984159083597137,2.181019185683791,1.573055306869308
-157.19989144057416,-259.20193641734147,228.8847337753124,0.7107830730768182,13.625853951439012,-2.7229439108526035,2,D06_px-1055_py-0118,0.45959793340305355,2.7229439108526035,1.877812779614184,2.1430807111298744,2.8773075397771004,2.0330266736370124
-64.18319146112226,-256.3374164016502,229.4460314795321,0.6426032726974601,29.029234442902634,-2.4231173831626034,3,D06_px-1055_py-0118,0.41551233747215677,2.4231173831626034,2.4136808030679933,1.9470217808915558,2.4319993728308913,2.221967027336757
40.18180056361258,-259.647095949926,224.0577004225065,0.6512715134685769,33.921452546378816,-2.024238389695809,4,D06_px-1055_py-0118,0.42111729022855815,2.024238389695809,2.2452372498259923,1.3189614672723016,2.774265743333368,2.044206544509632
186.4717335991112,-228.85733801997367,223.4693081778018,0.7095018312431262,21.096264625200547,-1.4940786686638754,5,D06_px-1055_py-0118,0.45876947234192367,1.4940786686638754,2.012093013713748,1.4161567034836764,2.429924529544838,2.7783547157661017
-221.3032962125942,-217.5202830318022,227.85385874230087,0.7245854817251346,11.341408628824468,-2.9717946150120413,1,D06_px-1055_py-0118,0.46852267954717713,2.9717946150120413,1.9132809517462102,1.8945273090477288,2.10462754233928,2.1119644005210976
-187.4307740609436,-210.4043828514525,230.06072085317675,0.6723744395351983,21.57831567205528,-2.905491529820426,1,D06_px-1055_py-0118,0.4347626084365347,2.905491529820426,2.2559821019927,1.7459583172505444,1.619459857228053,1.127830460013571
46.52024786399133,-206.57059007418133,227.08640917451723,0.5448816444262915,50.10433739219076,-1.9562685230314,4,D06_px-1055_py-0118,0.35232476294566467,1.9562685230314,2.2753957571711236,1.630306535696772,2.4857245275547672,2.5885230788070808
-218.9945241850422,-194.9706659406501,224.4732525547264,0.7039359375394247,21.175759506548506,-3.021142525859408,1,D06_px-1055_py-0118,0.45517052163437666,3.021142525859408,1.936371387541693,2.044889608159326,2.6610195366402722,2.3468474347275405
176.99299295877285,-184.67803115364487,225.0078012512316,0.6363887308406359,35.86944535375886,-1.413623195642626,6,D06_px-1055_py-0118,0.4114939657598432,1.413623195642626,1.9752222464395743,2.2621081123045057,2.101028325626646,2.17366881093316
103.06121695267682,-175.04207424724282,228.49541043345312,0.5239659450459435,51.74415548509472,-1.6456474445804128,5,D06_px-1055_py-0118,0.33880050698768893,1.6456474445804128,2.045283760392798,1.1057689843264642,2.0915981352664907,3.0579903885308983
169.844839117691,-170.7220723900011,230.1689837911448,0.5972264856140288,37.2917234606187,-1.3949534925345488,6,D06_px-1055_py-0118,0.3861713495421284,1.3949534925345488,2.853775651817572,1.9832519093661944,2.3358520346575924,2.1108445034588144
-218.6901643554904,-164.33719675452843,224.67981214375112,0.6694718949456252,29.11713487581784,-3.104136495904918,1,D06_px-1055_py-0118,0.43288580024356044,3.104136495904918,2.8553608029554356,1.9693538954144707,3.302776120686553,2.37310464201527
214.2205079903384,-165.3701948172645,228.20687469933057,0.6566922834735059,27.50968913838409,-1.2643890992216398,6,D06_px-1055_py-0118,0.4246224028094389,1.2643890992216398,0.3299105086265599,2.2793745277471458,2.1199281200735434,1.8776577680499833
-269.6087999776792,-160.44496735655306,228.0077845421759,0.7297113218456407,9.743815354370554,3.0714240013697185,19,D06_px-1055_py-0118,0.4718370881418293,3.0714240013697185,1.5223259105923603,1.445984941146949,2.3418212161401257,1.60523124603445
-155.18716953615905,-153.77845054932484,228.66392750297547,0.5557422686204398,46.47204099946487,-2.9677334588487367,1,D06_px-1055_py-0118,0.3593473280913014,2.9677334588487367,1.972693272625916,2.5021420347717243,1.7728595339194895,2.0271233300765097
169.6762167003823,-143.9302392814708,225.39088438264665,0.5704906374409429,47.84301739184235,-1.3104649394068693,6,D06_px-1055_py-0118,0.3688837395334414,1.3104649394068693,1.2781706063545173,1.4254614044136167,2.237849677150947,1.760054954597205
-166.3059701950211,-128.48900331061074,219.6634232670009,0.5563509830266636,56.96915341388939,-3.090759468845153,1,D06_px-1055_py-0118,0.35974092762079224,3.090759468845153,1.5798222012568504,2.5010786330522032,2.4799011528033024,1.9379401867159016
250.7503782459877,-66.72267434906416,226.59089065190176,0.6398648161887274,33.17376511231208,-0.8670453498469053,7,D06_px-1055_py-0118,0.4137416299246633,0.8670453498469053,1.698468090296573,2.0155690761307996,2.4608367366130457,1.8252703013098617
235.68943820542253,-63.51153040475389,223.87525076770663,0.6165484919029626,41.24629340915533,-0.8701984889528442,7,D06_px-1055_py-0118,0.3986651109947664,0.8701984889528442,1.961628022209199,2.265054256167094,0.7280491785414283,0.763536195666342
-302.2816480211964,-53.10692300990013,223.2277383532028,0.7293078465489119,16.264838362808348,2.7085251906342176,18,D06_px-1055_py-0118,0.47157619783706584,2.7085251906342176,1.7990658410278388,2.299015984037693,3.0402899801185055,2.0026155276604913
-265.39564305704687,-47.47446186284133,229.13380315850085,0.6529167733876129,27.17679681647081,2.7116227839484783,18,D06_px-1055_py-0118,0.4221811282507927,2.7116227839484783,2.044699399633764,2.0029142982129,1.9927036290423812,2.411053241265512
219.55596599897444,-35.09798551937339,223.8289901369145,0.5733369156035839,49.21112381362536,-0.7654972587615376,8,D06_px-1055_py-0118,0.37072416541158926,0.7654972587615376,1.7216381958926128,1.5567379749414325,1.977699879944886,2.9305805182437235
-309.6276757703453,-4.854214963784653,223.3937947237506,0.7333794491356423,14.945500354893852,2.55028942494744,18,D06_px-1055_py-0118,0.4742089281388714,2.55028942494744,0.6038691185117044,1.8649936493824686,2.266549081494067,2.5329084090835305
-225.27909265722545,-1.7535380180846425,225.92555329041392,0.5750804470936712,46.41199573750089,2.542396811685058,18,D06_px-1055_py-0118,0.3718515466056835,2.542396811685058,1.4297602831582732,2.2483466253885607,1.479204261613894,1.6752633904633352
298.06610384225223,31.43922721450805,226.0930078747301,0.7112306264083116,17.194571911150774,-0.5018907382496277,8,D06_px-1055_py-0118,0.45988732491226836,0.5018907382496277,2.6484701983550787,1.8352061403915594,2.3433758422743955,1.806798300470736
-278.96928681082005,49.26445235374628,228.3753302336952,0.6785619846030762,22.281868769378093,2.3598207188673106,17,D06_px-1055_py-0118,0.4387635238124803,2.3598207188673106,1.6336008990619373,2.663758658375048,1.5684492942982051,1.9468232220509192
-266.59928810793303,52.33942919101432,225.7725256900937,0.6637877129489507,29.00840631469174,2.3407561418267604,17,D06_px-1055_py-0118,0.4292103633941011,2.3407561418267604,2.909164389960612,1.824299375880416,2.0254818992878114,2.096603670423555
287.137438778218,54.76271294670491,226.0029687227107,0.6990771597099774,20.383594793445525,-0.4185232319191345,9,D06_px-1055_py-0118,0.45202879762058995,0.4185232319191345,1.3554230102789946,2.1115658965874573,1.6535874499855154,2.0203859903976857
236.37640092781024,56.63095228125108,230.07666777175524,0.6017408586394491,36.54365734826865,-0.3718321380200442,9,D06_px-1055_py-0118,0.3890903786969904,0.3718321380200442,1.4085263929914609,1.9401481207151992,2.29426949017539,1.3890443295323924
-289.0502279600436,63.32655467218414,225.28888248996668,0.7066630904987715,19.418803306582674,2.3189357905893235,17,D06_px-1055_py-0118,0.4569339202178068,2.3189357905893235,1.0190526542095053,1.524123636412574,1.1414817513194877,2.253724734560616
-262.9502365297936,80.86779285134962,226.70757892257592,0.6678495673077147,26.90152750622144,2.236253063354101,17,D06_px-1055_py-0118,0.4318367904149235,2.236253063354101,2.4910669677784236,1.8625752863259795,1.7118157804316458,2.6561360436376242
-281.33771910224624,78.7785804298347,224.1718236082739,0.7028275441682681,21.847481778337794,2.261591171675564,17,D06_px-1055_py-0118,0.4544538257505311,2.261591171675564,2.6303041314264677,1.857917818451551,2.722935497581915,2.6386803560245093
-242.4012758472863,81.12078161732693,226.93354697254856,0.6319796565662638,34.388587016330405,2.2116736037413034,17,D06_px-1055_py-0118,0.40864302360677507,2.2116736037413034,2.0889377750319436,3.0759588276827268,2.6172270067920227,1.9229998472527652
293.97620476229105,115.28979083332754,218.9933344384219,0.7530234065504189,15.498695201403962,-0.2332379570606396,9,D06_px-1055_py-0118,0.486910865725268,0.2332379570606396,1.8885533550361435,2.10386204403053,2.10615804825264,1.8109234413309334
-276.1933718813096,131.0542575356342,224.5821423444013,0.7243549961333887,15.77201291127568,2.0915713342535462,16,D06_px-1055_py-0118,0.4683736457481771,2.0915713342535462,1.9740575129594204,1.6465371853389272,1.5659605290757472,1.7643115631459523
-179.53435456452416,140.3346388625692,225.42253073998663,0.5813276966920059,45.91398878743036,1.871156215585228,16,D06_px-1055_py-0118,0.37589106740127415,1.871156215585228,1.8794000805549924,1.5809912501175287,1.8264450522955937,2.0132870710871176
275.9270442026641,154.57840842160198,225.31482566649208,0.7396283363457367,10.636450675452409,-0.0963277198572335,10,D06_px-1055_py-0118,0.4782495078271242,0.0963277198572335,1.7923979535306755,1.1911448125280764,2.308708839196401,2.0767398000328594
-118.85749374648682,187.9445042091992,227.56971120922591,0.5658720051522274,46.05030647485978,1.5277250498310302,15,D06_px-1055_py-0118,0.36589729551775385,1.5277250498310302,1.2011891577849734,1.5193135186347544,2.379738052724271,2.1809219569699323
153.7317522458038,184.91000103378565,225.29817736651265,0.6065309804243164,41.435211986316176,0.2702283346225811,11,D06_px-1055_py-0118,0.39218770917159507,0.2702283346225811,2.2574562116403287,0.822459944302097,1.4675284553379098,2.527550168784765
18.189084185082283,205.8882671970589,230.09396879573487,0.5284865574714348,49.19918333529285,0.8757011172818353,13,D06_px-1055_py-0118,0.34172357058778036,0.8757011172818353,2.2688283354782364,2.334839121446584,2.8341372081980074,1.868109544898477
-245.15318658310647,209.93681310898995,227.79142277091904,0.7442912777136121,5.96299363389744,1.8264443657618985,16,D06_px-1055_py-0118,0.4812646024423889,1.8264443657618985,0.9576896121848975,2.1114203475001814,1.5953479776242672,1.4623976732845918
97.80573552556592,211.56909832202865,229.81194515440103,0.5828506733297305,40.386054544549495,0.5307917499852685,12,D06_px-1055_py-0118,0.37687583609067105,0.5307917499852685,2.463334127814039,1.981754963346297,1.5893770344553584,2.332597451190196
-44.53566546867469,215.7680010620673,225.89472259799965,0.5650081714493115,48.18125433325349,1.1673636711529167,14,D06_px-1055_py-0118,0.36533873384162185,1.1673636711529167,2.536021683242515,2.4469563303965725,1.1077192279842467,3.275998066202205
232.11459146888788,209.68200831940467,230.0223754876469,0.7238561112340155,8.643452496198393,0.127686383989898,10,D06_px-1055_py-0118,0.4680510628428676,0.127686383989898,3.336982540802384,3.130281532356416,2.0063987434981687,2.0240201280015846
160.52825871740563,216.0124660582641,226.82219708538105,0.6569562839063313,29.19968396797981,0.3247183114048075,11,D06_px-1055_py-0118,0.42479310756865446,0.3247183114048075,1.4566187276218576,2.6748383321363414,1.981276528162458,2.330288031056652
-79.74512802561924,220.80906509366085,226.9029628697576,0.5920509555722395,42.20023101307408,1.3103897979536674,14,D06_px-1055_py-0118,0.38282481105300104,1.3103897979536674,1.3891769507316938,2.1221228914188375,1.6014208697464598,2.3790736762808553
58.99126882672424,223.79841782009817,227.5495296138605,0.5841533155984738,42.86138033818696,0.7060879849052925,12,D06_px-1055_py-0118,0.3777181348416617,0.7060879849052925,1.6185907844059435,2.8301403355754675,1.436514648375918,1.7262607584738163
-30.168277547007584,233.24904333421927,224.89088637969544,0.5970214119205592,43.71264796597859,1.092442064778978,13,D06_px-1055_py-0118,0.3860387472767059,1.092442064778978,1.6438181242683718,2.426318191663007,2.1695909991617235,1.4276710885670894
198.75555699841505,241.1082949498491,226.029844980833,0.7320277199860347,11.767079966396352,0.2744087362261295,11,D06_px-1055_py-0118,0.47333488942409013,0.2744087362261295,2.1264753204913793,2.7418692570339083,1.3307689924100758,1.9590738508015926
-88.85465314178995,259.1763338362314,224.99918239163827,0.6695449266752388,28.69326689734038,1.294094110577039,14,D06_px-1055_py-0118,0.4329330231351495,1.294094110577039,1.7804069048591742,1.481736497430365,2.2059105223644133,1.888321513938544
85.61744147579658,283.5138080650992,218.822917854718,0.7214989653746761,24.19728348919068,0.6705382017086677,12,D06_px-1055_py-0118,0.46652691376459476,0.6705382017086677,1.7028952675213092,1.1110478949480476,2.271102019462751,1.025707972980892
-125.37411569708532,290.05608210581244,233.1093284233843,0.7222803177268894,4.9557970536932885,1.3718045685968328,14,D06_px-1055_py-0118,0.46703214234971335,1.3718045685968328,1.5764664948254787,1.4812422502784743,1.798157292962079,2.2199744195384223
78.7376672441889,-309.6240131544226,228.32356140063564,0.7380411203613724,7.0101127465056265,-1.9287533977250464,4,D06_px-1055_py-0118,0.4772232014702208,1.9287533977250464,2.287090985126702,1.6470128072340615,2.229765433427909,2.177297447329365
-110.74594506224028,-301.6459640847092,228.03012016644945,0.7415632207288597,6.414277628445177,-2.5296367920625937,2,D06_px-1055_py-0118,0.47950061930901106,2.5296367920625937,2.2348738187868293,1.8498645118793187,1.624229611166567,2.102160019433468
90.3182100386022,-296.1668075678098,225.1684351114528,0.7293925464605227,13.63923650887682,-1.8817773721340525,4,D06_px-1055_py-0118,0.47163096546703653,1.8817773721340525,1.7866046767382089,1.516790639793645,2.43402592441852,2.2996927907294893
93.61946311930429,-276.45747745274934,224.8219742115821,0.7009266298964981,21.468590605067675,-1.8512572465969035,4,D06_px-1055_py-0118,0.4532246796102045,1.8512572465969035,2.618323724230794,1.9471735081319284,1.5724403057827578,1.8501389007169304
-141.206883263059,-275.8177061294817,225.55002027064955,0.7289205938613149,13.254966529171952,-2.6509434712004154,2,D06_px-1055_py-0118,0.47132579719914136,2.6509434712004154,2.638290906585659,1.925901004967081,2.2459006300079687,2.9111620187755074
-103.38969282961854,-275.16780443438626,226.9662103952517,0.6997335923651153,18.96137884385365,-2.537189221199377,2,D06_px-1055_py-0118,0.45245325214567267,2.537189221199377,2.1468164610295073,1.744296498274231,1.7073346850145337,1.844032082121497
-31.48104732816609,-273.2752123985532,225.30512315520616,0.6708303825444595,28.01019599698583,-2.2924693418036823,3,D06_px-1055_py-0118,0.4337642090248433,2.2924693418036823,1.0166801248035593,2.6142332809943123,1.938209143343511,2.061865246086877
147.57724660086149,-262.0944420532089,221.7667027789981,0.722560221255068,20.00032257393769,-1.6649542914908522,5,D06_px-1055_py-0118,0.46721313017564214,1.6649542914908522,1.5934791638364993,1.116464959546395,1.9042104023654147,2.181155647239918
-18.69657699822544,-263.3957094434833,225.3858412335788,0.650839306274877,32.34479585925044,-2.248639846221873,3,D06_px-1055_py-0118,0.42083782165291167,2.248639846221873,1.8135204959009634,1.4852257542095884,2.4343625305114927,1.4401745641275268
106.57401487361626,-257.58948430640135,226.2551196265832,0.6752626496410067,25.774940670390208,-1.7854845635572554,5,D06_px-1055_py-0118,0.4366301478394038,1.7854845635572554,2.454709257077668,1.1290367030978885,2.011692822578314,1.6972642423265376
-30.33842905831718,-256.052459651798,227.80153097801903,0.6342995128448738,32.83171815664349,-2.295711229929609,3,D06_px-1055_py-0118,0.4101430609484438,2.295711229929609,1.9628511417327914,2.514474581500561,1.8026221241403602,1.9193926832576316
125.75433359523414,-254.95918306371635,224.63884186617224,0.688364397192102,24.76873279777948,-1.7195563291820275,5,D06_px-1055_py-0118,0.4451018409994365,1.7195563291820275,2.319793763027432,1.8242744310291856,1.6709029596599922,1.7614108516299676
-166.35575498279954,-255.1276238465685,227.4230415186224,0.7162763786780825,14.124115512468563,-2.755590270861326,2,D06_px-1055_py-0118,0.4631499480718379,2.755590270861326,2.3059701178142786,1.287687115867894,2.452368519801034,3.2872759117735018
-183.1345489391685,-253.6246196684956,226.33992838958795,0.7319227263340031,11.378904825335326,-2.803160384102924,2,D06_px-1055_py-0118,0.4732669997017234,2.803160384102924,2.070057224223957,2.3954347717498417,1.3804665937301432,1.777030338775734
120.35851914751125,-240.88923366265064,227.8405662905072,0.6550681020770567,28.33151174766988,-1.714414223362819,5,D06_px-1055_py-0118,0.4235721943259301,1.714414223362819,1.8059071986746722,1.7371329514478109,1.7997680710870352,1.8195032986578137
-59.44533660291479,-232.618982164032,222.2060541796048,0.6122862224612216,44.109939234841534,-2.427969398566501,3,D06_px-1055_py-0118,0.39590909400275875,2.427969398566501,1.4584120108350938,1.570329036999527,1.804163151131525,1.9945671082066698
-45.23335446402781,-233.3935374695744,227.66724844257587,0.5963199594794943,40.48669020203579,-2.369209800492209,3,D06_px-1055_py-0118,0.38558518260345276,2.369209800492209,2.1869378441144844,1.177845322900199,1.7334328281602795,1.4724425853341256
200.82802276544444,-232.1076050389777,225.08710150154656,0.7252181616134755,14.86794546991092,-1.4645023323281596,6,D06_px-1055_py-0118,0.4689317753461647,1.4645023323281596,3.091707053677972,1.9793467815113441,3.004650167978857,2.6608481151101926
-129.47376339484208,-229.92080935424264,229.84743767171176,0.6410728288100879,28.856047353943552,-2.690638673907108,2,D06_px-1055_py-0118,0.4145227404003233,2.690638673907108,2.0986592511749924,2.679946074457551,2.0570606533779845,1.5833169186438085
28.67654531977721,-222.2434102101467,227.0027049900024,0.5704813942898159,45.92951313565527,-2.049452736011624,4,D06_px-1055_py-0118,0.3688777628391207,2.049452736011624,1.5120702876422896,2.3799489809178045,1.883988786309171,2.3348154004819275
215.4678755517076,-220.54524581930448,222.06461834240963,0.7341954995037985,16.514590129842816,-1.4040221630931753,6,D06_px-1055_py-0118,0.47473659273439117,1.4040221630931753,1.968221081643591,2.392160403346111,2.798155249874997,2.023990131267962
163.64772940623905,-214.5244763847536,229.6025366893322,0.6523043980648626,26.72195047474349,-1.5261080278711083,5,D06_px-1055_py-0118,0.42178516154384127,1.5261080278711083,2.0337653275851344,1.735954985080579,2.2646548930896593,2.48622179514384
51.40323005929898,-182.34857744381225,226.7777015279556,0.4974722142432833,57.587610145114695,-1.903010393235463,4,D06_px-1055_py-0118,0.32166945197771196,1.903010393235463,2.5444659377625944,2.0903456005420287,2.031118969910644,2.5008832826292178
236.79815561062568,-183.0648843916496,221.4675975072616,0.7207880367644236,20.85916854523265,-1.2650915071916766,6,D06_px-1055_py-0118,0.46606722172570764,1.2650915071916766,0.37051968615682873,2.5615992804286645,2.8350836770092354,2.39392733561963
-150.4500084761817,-169.70410038183908,225.7892088347855,0.5784022836519211,45.99240718005609,-2.9031062961975778,1,D06_px-1055_py-0118,0.37399947228807995,2.9031062961975778,2.548656434978142,2.0410640445488317,2.0910474329361026,1.1766393218251543
-167.85433213978396,-167.37548258304432,224.5047620668272,0.6014740578520201,43.35267336855821,-2.9646024427991327,1,D06_px-1055_py-0118,0.38891786320643174,2.9646024427991327,0.9734936829110783,1.9562398970399228,1.0581662912218581,3.099429416925645
261.2283612814253,-161.6707433705076,216.4651444070015,0.7451006196680248,21.141375049416126,-1.1611706413337275,6,D06_px-1055_py-0118,0.4817879293247445,1.1611706413337275,2.2972444084566117,2.3087456873093872,1.9170153810040416,2.1008879160106604
-185.8489005264153,-144.6118671567244,224.7044429619431,0.5979831144016607,43.76022293508419,-3.087318768204361,1,D06_px-1055_py-0118,0.3866605916756581,3.087318768204361,2.0211804586277253,1.2970222500684012,2.5391414531773817,2.3248658017620425
-282.22059087468955,-135.12363192668386,223.38521554443656,0.7385694335305975,13.540261765471314,2.981147008267504,19,D06_px-1055_py-0118,0.4775648129266028,2.981147008267504,1.6248361440887202,1.7879511436828621,1.8098972353010183,2.1355974854493454
-288.49877828314925,-138.30915963745556,248.89881350323003,0.6960283709286956,8.698720369660066,2.981653355920962,19,D06_px-1055_py-0118,0.45005742678139143,2.981653355920962,2.2495043897472278,2.6487672088014236,1.0208103136469031,1.8687504605302363
255.4486983750592,-109.6354372633349,222.5678807104598,0.6819155198947429,28.96512789387492,-1.0123918382180668,7,D06_px-1055_py-0118,0.4409319461455733,1.0123918382180668,2.221733822489888,2.554731604933284,2.439960758977643,2.03470158680265
-294.579424310584,-107.2100272620474,226.80480141507908,0.7319351329619598,10.750585436198833,2.8836546472217752,19,D06_px-1055_py-0118,0.4732750219250787,2.8836546472217752,1.330469111652723,1.9761622206936655,2.36921718899592,1.5691826886179205
-266.2815509506147,-104.11737528217608,229.11654284074325,0.6814913146283739,20.631688730998064,2.907341080233917,19,D06_px-1055_py-0118,0.44065765167916465,2.907341080233917,1.8426093810357973,1.8465492566394817,2.551204605520576,1.8579144293121628
262.6544622157821,-87.95806014342755,223.9852344010945,0.677066706513281,28.2673601491166,-0.9301225825902972,7,D06_px-1055_py-0118,0.4377966652223371,0.9301225825902972,2.124366769922725,1.8602822731891226,2.0957306235548465,2.4721902735144785
-205.8423393609148,-77.5706820380415,226.5611791710264,0.5629735720502992,47.7371596613653,2.895000453466956,19,D06_px-1055_py-0118,0.36402314584507417,2.895000453466956,2.2603544385356633,1.3689378893799815,1.6320214376245041,1.685600805453526
-242.11578997482988,-74.78142751761852,227.7460908063291,0.6261417499632914,34.57808576366182,2.834184229747265,19,D06_px-1055_py-0118,0.4048681872161002,2.834184229747265,2.1179958138780295,2.166549851852233,2.8895631985457486,2.805687008685508
298.6530491074749,-71.81407913138383,218.4276709323984,0.7405336003524868,19.715004414883936,-0.8429593095422425,7,D06_px-1055_py-0118,0.47883485866403364,0.8429593095422425,1.8824243345590213,2.478297047056367,1.7816928021059195,1.9914618764513754
285.40537740756497,-66.12859666431937,224.73787606334804,0.702944317207474,21.07648016220276,-0.8346624750298013,7,D06_px-1055_py-0118,0.4545293321174229,0.8346624750298013,2.2329816226577677,1.6023800882124883,1.1290093253708173,2.3870377994425223
307.7405544979391,-46.00703106350736,218.61913736832264,0.746534866527864,17.81649715011656,-0.7553798681065368,8,D06_px-1055_py-0118,0.48271532464089706,0.7553798681065368,2.1041033959806033,2.3950610676252557,1.111713706326233,1.4164681638665457
-240.3713197133891,-42.84857927205814,227.6230747599983,0.6088606948076281,38.15634687356396,2.7110201077605223,18,D06_px-1055_py-0118,0.39369412084140937,2.7110201077605223,2.722559803726365,2.473634654693324,1.6387778899502696,2.0116859627681545
-222.83434033401176,-26.979256411805967,226.1724981740063,0.5729109417338332,46.49555436203758,2.6550998330817768,18,D06_px-1055_py-0118,0.37044872735230394,2.6550998330817768,1.4122334004867882,1.7811420456677787,1.8142861578776357,1.2812099932827914
278.85959652942694,14.051209004139327,218.8623312547872,0.6923157664866186,31.322123004530624,-0.5566339979762166,8,D06_px-1055_py-0118,0.44765682750750135,0.5566339979762166,2.2884171866348977,1.9647163313841103,1.5996933269223639,2.250752551931006
314.61580627836486,39.81035452306409,222.0905119358264,0.7481459857912006,12.635370300795046,-0.4811120519384889,9,D06_px-1055_py-0118,0.48375708704625375,0.4811120519384889,1.2605584456963823,1.7603738430974354,1.7919437970955272,1.2010797951661267
203.77683693671165,63.7629484774939,226.7822453218251,0.5491871878155301,49.76372302170836,-0.3037250348873654,9,D06_px-1055_py-0118,0.3551087612129636,0.3037250348873654,1.9207906765332137,1.9986244527598096,1.7038156986666833,2.2970474713638604
-249.27056455500244,66.98181164510777,224.0191688415028,0.6428126545829074,35.7643753844593,2.2721028352157284,17,D06_px-1055_py-0118,0.4156477254484447,2.2721028352157284,1.2649225597191438,2.6036959371063566,1.9980198113926784,2.4097229665874105
-299.9659873173329,74.89369414641443,225.2942082540425,0.7283794874077729,13.74375928162766,2.289941348900671,17,D06_px-1055_py-0118,0.470975913504356,2.289941348900671,2.2653009805448105,2.222562398513645,2.1756395174153202,2.1219637493664445
-292.30889483147223,89.42164566329613,226.8769360672228,0.7192671192675248,14.061647718822144,2.23773868836892,17,D06_px-1055_py-0118,0.4650837844929872,2.23773868836892,2.422100010700648,2.0806742255785204,1.74048215359554,1.9555157147030333
299.5824628533742,103.62806224992772,221.53745745613432,0.7491920088788157,13.09603288359284,-0.2739545143446313,9,D06_px-1055_py-0118,0.48443345381351327,0.2739545143446313,1.6882276455201621,2.0849871017653685,1.7464919829041161,1.0237866014837134
-201.7887496487953,106.92838711345136,224.7545908301226,0.5836884167770309,46.2946619830131,2.04733057003047,16,D06_px-1055_py-0118,0.377417527602027,2.04733057003047,1.6882142764896295,1.4934413769198018,1.8671235836148796,0.5646988484778723
238.19005052062283,114.63691095692008,224.49497493843543,0.6532652165571355,32.94147518907664,-0.1584170254424627,10,D06_px-1055_py-0118,0.42240643434865427,0.1584170254424627,2.8415426026547976,2.25785064316285,2.578638835707854,1.4687787047366552
-244.293741604297,115.4636002194244,220.5652416985336,0.67247463549728,33.69302579498503,2.0930900656373224,16,D06_px-1055_py-0118,0.43482739593479175,2.0930900656373224,1.5391171001744923,2.311057000337405,2.6148078318022514,1.6260999898372372
-192.8032702975765,129.8022697200957,223.3935626266257,0.5946289233486536,45.96099274263753,1.942075700262499,16,D06_px-1055_py-0118,0.3844917453221174,1.942075700262499,2.1861263984713046,2.5476495557667143,1.0712109816357502,2.179916467224567
281.933274020236,139.38515302214708,225.97598628716727,0.7353789869440752,10.92014348319384,-0.1478295253896229,10,D06_px-1055_py-0118,0.4755018450347943,0.1478295253896229,1.5970845189365348,1.9382853520220005,2.0116475755808136,2.0491016165760954
-251.88131864466527,150.3625343137061,220.17548824027705,0.7137209521960473,24.379960632523648,1.996433487581883,16,D06_px-1055_py-0118,0.4614975891812093,1.996433487581883,1.294199600579168,2.750339490192026,1.7176370706599613,2.4987649139216224
212.3527353839284,153.36512603149134,228.3300277677433,0.6407371138268734,30.82070355373918,0.0185032231225239,10,D06_px-1055_py-0118,0.4143056644479797,0.0185032231225239,2.5866204938058335,0.762006319759857,3.060930511476873,1.9112935381207314
242.8772895383952,155.40907490630056,217.70413798786905,0.7107910097535726,28.37691343857165,-0.0377609556878107,10,D06_px-1055_py-0118,0.45960306532075473,0.0377609556878107,1.6547419785392348,1.8609208880176031,2.020700843896253,1.9356618970690591
-216.97794129257008,156.4560317121117,226.6656648708021,0.6543605671009141,29.96829822735839,1.9098865024849867,16,D06_px-1055_py-0118,0.4231146966375877,1.9098865024849867,2.7779662521920105,1.7558788413954587,1.864018899544072,0.9936263627629504
-140.89945799031835,163.7430685093214,229.9182247892991,0.5482552592663982,46.24062290304517,1.6743700572180624,15,D06_px-1055_py-0118,0.3545061688729318,1.6743700572180624,0.9763529225361491,2.0356764180569398,2.1659307509216825,2.0394685933174164
252.14126973594745,182.8365888267901,224.39615003137573,0.7340188607962703,13.422104726299269,0.0204174789078349,10,D06_px-1055_py-0118,0.4746223767548413,0.0204174789078349,1.9518231997353899,1.6293269762576559,2.012420366213029,2.2317450178721208
-221.44039286827405,216.1210743254921,225.07586685642343,0.729264972120633,13.797809407883904,1.7613710939513323,15,D06_px-1055_py-0118,0.47154847489404816,1.7613710939513323,2.0716231379834933,2.563789612333659,2.6785442678829807,2.3023132641827693
233.9292274006513,213.58642271988165,222.976165593262,0.7456013648975596,12.142845518135177,0.1329927113876517,10,D06_px-1055_py-0118,0.482111715134189,0.1329927113876517,1.4301872247261789,3.579723625570826,1.5326899392254367,2.758250092627007
126.2700966878409,219.7137305063688,225.61013896712893,0.630644815283054,36.30153701953435,0.4422058955775095,11,D06_px-1055_py-0118,0.4077799047194209,0.4422058955775095,2.3023920737069385,1.5211714915776504,1.5947263196676125,2.263920421172617
-100.60318396676936,225.47731633494968,221.73943856011223,0.6264970654262041,41.92065364421018,1.383488414700215,14,D06_px-1055_py-0118,0.4050979369929961,1.383488414700215,2.4271363561009016,1.9300211131889302,1.539210385515994,2.6651009061771203
85.55085270917026,230.9746533235245,218.11483634817785,0.6331962636590561,45.07705356960622,0.6090933069308656,12,D06_px-1055_py-0118,0.40942969133535567,0.6090933069308656,1.243553746225244,2.9041388079512647,2.4365246675811587,1.4247271210130266
45.47639084513224,251.5036988027272,220.1464499859113,0.6464555673608241,39.84850479693108,0.7849316604420397,12,D06_px-1055_py-0118,0.41800326154337525,0.7849316604420397,1.3430139675229071,2.4890201600881703,2.0894877463011,1.9160426724492952
164.55824227307954,263.7160832002038,223.019489429182,0.736106874435131,14.708674909113142,0.4059385241589267,11,D06_px-1055_py-0118,0.47597250281958237,0.4059385241589267,1.8266178734466787,1.8173080361006104,2.4042337993494645,2.427255199358364
-120.06693557977742,267.28366051320893,226.1808439219428,0.6998679777640624,19.95452915734353,1.3860149396333863,14,D06_px-1055_py-0118,0.4525401468030936,1.3860149396333863,2.22789130626758,1.7049414678545907,1.3229320107112281,2.713417777652113
138.36537234008094,276.29244850147643,224.95195049074783,0.7288587208912712,14.07344430823224,0.499534847804023,12,D06_px-1055_py-0118,0.47128578964938006,0.499534847804023,1.7680744753084734,2.2331319776292267,2.070152528522813,2.7660223300727393
120.52620460836177,278.88467928328214,216.3987494371401,0.7397176069470567,22.68223072020203,0.5558869501725229,12,D06_px-1055_py-0118,0.47830723090106114,0.5558869501725229,1.2090064277640307,2.6731362261030203,2.209567310760484,2.276648638018796
150.25129608110643,283.5066935401153,227.9985694416773,0.7408992019353604,6.644932875770962,0.4764781843316154,11,D06_px-1055_py-0118,0.47907125952711305,0.4764781843316154,1.3814681744089783,1.8425259718616056,1.2944131229243143,1.3299092655334994
81.35040953087827,297.43505029223604,223.50002670099323,0.7310412641806694,15.434154657383033,0.696839640046019,12,D06_px-1055_py-0118,0.472697039330704,0.696839640046019,2.357636109543188,2.116911095824814,2.799674772522259,2.736066738681873
91.63262763049268,309.86110596288023,228.13916604318263,0.7440970881415634,5.545693164302804,0.6762897287180106,12,D06_px-1055_py-0118,0.48113903793560386,0.6762897287180106,1.9037223500600997,1.6535500953915643,1.1137866840470125,1.9242706527051803
51.921254728979946,-310.252681803962,221.2189985988229,0.7460696578653427,14.404292490629643,-2.011960921415095,4,D06_px-1055_py-0118,0.4824145170555807,2.011960921415095,2.6542185982303685,0.7400779128016028,0.8180273028337777,1.6848743943917215
-78.14170746197603,-302.34326750914903,219.8305905324524,0.7455672783551508,16.433820960304615,-2.430694894676326,3,D06_px-1055_py-0118,0.48208967450739115,2.430694894676326,2.355066817644852,1.689444007558175,2.051611521844541,2.6348574128587554
-51.30297901563932,-289.88898789223555,219.60243135600376,0.7167727020142536,24.366877615838632,-2.3529367764034044,3,D06_px-1055_py-0118,0.46347087465020526,2.3529367764034044,1.8913885300205378,2.331010638528494,1.5884767991263358,2.0711591413984776
37.95459917364741,-277.6725661963623,225.7933237287021,0.6788611998500506,25.52860921644776,-2.041929393002772,4,D06_px-1055_py-0118,0.4389569987478876,2.041929393002772,1.600183928291694,1.7917421738783612,2.5987107350847722,1.3860346991304393
57.430703350533854,-279.9546712603616,225.39176586180795,0.6893031616560628,23.56812903760141,-1.9754401623017173,4,D06_px-1055_py-0118,0.44570885349583844,1.9754401623017173,2.1950235972816046,1.4981785867661412,2.01090125837568,1.6450564194546198
-82.89546694809412,-269.7750839958825,224.9789711998169,0.6840544803469064,25.354775166454885,-2.4758946402762385,3,D06_px-1055_py-0118,0.44231501482106916,2.4758946402762385,0.9819195255321258,3.4762152886218027,1.401777679953491,1.4215469603757735
-172.44251572495307,-274.29700816485325,223.15593277772297,0.7564575092070992,8.80415639606963,-2.739010486494363,2,D06_px-1055_py-0118,0.4891313835511527,2.739010486494363,1.8597958225001823,1.865282816960202,1.8665069037530309,2.2262502960392956
-146.02700418235713,-261.3020602623328,224.3467975583244,0.7144346735608839,18.67822438440112,-2.68738347643067,2,D06_px-1055_py-0118,0.4619590870372071,2.68738347643067,2.811238564022233,2.416971301873507,1.5087660839229688,2.029510308757496
-24.326611015890805,-239.3449992501197,224.7319978341995,0.6079232778212762,41.85958270474174,-2.27906629349026,3,D06_px-1055_py-0118,0.39308797963464254,2.27906629349026,1.763883799460853,1.9745312022580175,2.379686013199436,2.5537712276092814
-113.49086783455093,-231.5859783762913,220.1745090696677,0.650739787567646,38.91615899991535,-2.6334393481819283,2,D06_px-1055_py-0118,0.42077347207297544,2.6334393481819283,1.679751121214597,2.096524266999427,2.014017632387409,1.6518073514299771
-194.6610785235061,-233.7303744226053,226.1261665186224,0.7184636341456241,15.270894679074845,-2.8722256284824046,1,D06_px-1055_py-0118,0.464564244684664,2.8722256284824046,2.2874187903970937,2.1335750189251335,1.3528038823198285,1.3707421048123518
-75.88494537272368,-229.34862755602325,225.49465340613105,0.6082770980095715,40.86279395383559,-2.497309211414805,2,D06_px-1055_py-0118,0.39331676255519366,2.497309211414805,1.2966041128502666,1.6731745007261791,2.109822433668203,2.9954786345962168
94.68733473772598,-226.85239745105093,219.09988825588923,0.630102345899547,44.46965602719865,-1.7823632629399777,5,D06_px-1055_py-0118,0.4074291397433853,1.7823632629399777,1.8608132602440526,2.222871456693838,2.5466129508269506,1.2422832314785568
-181.67290116557783,-223.4883544228319,226.881926451637,0.689882747667717,21.49653613278776,-2.860331200276935,1,D06_px-1055_py-0118,0.4460836183759762,2.860331200276935,1.7440904220790556,1.9970390146256667,1.3998374662037838,2.218051035044782
174.11606308991043,-224.21876390077784,222.85972251751656,0.6915748277109374,26.30684700497289,-1.517500977395788,5,D06_px-1055_py-0118,0.44717773065927846,1.517500977395788,2.096027710265788,1.2919903548151268,2.393804219130619,1.9464541800337911
-90.92249146017215,-219.93082254090945,225.85475916510177,0.60052507179217,41.8934938240821,-2.5697923186259897,2,D06_px-1055_py-0118,0.3883042413456192,2.5697923186259897,1.9910721255997696,2.3564040528882106,2.61885430953051,1.8558103722705863
-105.37631818419474,-216.5232325438691,223.56280588774587,0.6108115693208286,42.73435255306089,-2.630706285110496,2,D06_px-1055_py-0118,0.39495557166734757,2.630706285110496,1.9886535171620219,1.316445952994219,1.4898896822239516,2.07394388604168
98.03610308114142,-212.1979221093844,227.4415931884584,0.5889448076155269,42.12118327570096,-1.7449850869673829,5,D06_px-1055_py-0118,0.38081635131919006,1.7449850869673829,0.8478426980189986,3.078583526961122,2.413827375809789,2.1014793035370953
-170.84479389104578,-209.5654867966266,226.6920601016654,0.6594781741058137,28.80522121060045,-2.861736711338381,1,D06_px-1055_py-0118,0.42642378163484207,2.861736711338381,1.5766246353141533,2.3526734676563144,1.9509730880791682,1.7793077424904218
-97.000188497731,-203.21394598135456,226.61002446858205,0.5734813878703797,45.87557752177446,-2.623123851750002,2,D06_px-1055_py-0118,0.37081758231720857,2.623123851750002,1.2537079477310722,1.6358254102068153,1.342387828716685,1.5279982047596672
-17.23669601970108,-213.02741850317992,215.14785043081724,0.5733444123283113,59.54339840646082,-2.2585130118865977,3,D06_px-1055_py-0118,0.3707290128528446,2.2585130118865977,2.4679138555584164,1.6167815690311094,1.7679761471099587,0.7946567850476015
221.94836529480585,-207.3613415212124,219.4057191140581,0.7327340005044786,20.48522672922536,-1.358412905057954,6,D06_px-1055_py-0118,0.473791575970204,1.358412905057954,0.8229454740783007,2.1751654063934587,2.044905680953583,2.0949452481403945
-133.0877934076375,-198.1528581812019,227.07439726349293,0.5994117798254488,40.62474684056116,-2.769215058525564,2,D06_px-1055_py-0118,0.38758437799129875,2.769215058525564,2.517312699859122,2.4628185372294578,1.9092114072941884,1.6827641976362027
99.00536407485728,-195.6784838301066,227.6176946644507,0.5594941741961533,47.07594599207988,-1.7093721201642165,5,D06_px-1055_py-0118,0.36177333978774895,1.7093721201642165,2.011143326844068,1.4056960616073342,2.3191478684245315,1.2022304826569612
-228.4372336201729,-185.7152978192188,226.3501009903703,0.701833570272647,19.242094698215283,-3.065965526326055,1,D06_px-1055_py-0118,0.45381111440077077,3.065965526326055,1.38625885282057,2.4648975578066,1.470856907623169,2.452973711419763
-212.41434236301905,-182.9742821881468,227.21640269004365,0.6759694208550227,24.37844815329277,-3.037495417873621,1,D06_px-1055_py-0118,0.43708715167313944,3.037495417873621,1.4816982822279896,2.5121486925135637,1.903490159174753,2.5429726159008537
156.46726159053148,-157.9641199969211,224.5473283146716,0.5718684210228234,48.60896767892439,-1.3971381841221275,6,D06_px-1055_py-0118,0.36977462524934324,1.3971381841221275,1.9834496626092841,1.7719055078017454,2.1864265513423584,2.577739729738246
-171.16726900423726,-154.33706764293123,224.6405592103725,0.5881492414217945,45.6331392372648,-3.0148330185050294,1,D06_px-1055_py-0118,0.3803019319521925,3.0148330185050294,2.5970053930416306,2.2118585975942833,2.0548962033212965,1.9004212934826268
285.68834726831585,-149.66786985088416,223.03078212830712,0.7544521205718282,9.55491102397201,-1.0895521335091485,7,D06_px-1055_py-0118,0.4878346834645133,1.0895521335091485,2.7643477243522234,1.6550720695359336,2.3774346480338355,2.6846377021365337
186.2198211968961,-133.68420900488795,223.29883946878567,0.5884294449285505,47.19567012537988,-1.2296075390321612,6,D06_px-1055_py-0118,0.38048311374663213,1.2296075390321612,1.9723641324064662,1.9873122615573822,1.9939784607310589,1.6910529666134448
300.6148650724988,-131.63654614644716,223.83042258887824,0.761341990081624,6.447766937489973,-1.019718116234297,7,D06_px-1055_py-0118,0.49228972735633175,1.019718116234297,2.50865864757931,2.7874861707495233,2.1699468724285227,2.5546025761761832
299.5726926696258,-91.03185309667974,224.0525572618356,0.7373990017699189,12.960101756424706,-0.901985128459555,7,D06_px-1055_py-0118,0.4768080025314585,0.901985128459555,1.1015011527815268,1.8192003856571954,2.195710400742307,2.238774630007326
227.8193456773357,-81.07161965268696,226.4332060988156,0.6067914565116341,40.00395703571161,-0.9488645998492328,7,D06_px-1055_py-0118,0.39235613506124645,0.9488645998492328,2.090536201692745,1.3322662968978047,2.460254668309454,2.1194838651983354
-259.8831851166491,-75.40131555624917,227.25328559154383,0.6586747706966367,28.27398640035409,2.816995448533778,19,D06_px-1055_py-0118,0.4259042946626097,2.816995448533778,1.5776771458203427,2.095585833533491,2.8213776589099613,2.1043298247609865
-309.43990379051166,-74.27674808746097,247.6516283241025,0.6958641449327145,7.029229463938066,2.7701922372989367,18,D06_px-1055_py-0118,0.4499512369588944,2.7701922372989367,1.370554563313411,1.2813512807803988,2.8064093694789713,2.4226323332125475
247.94053771906383,-47.2061883589552,226.7241532395477,0.6263863479925174,35.78976425646704,-0.7951209353415821,8,D06_px-1055_py-0118,0.40502634622832884,0.7951209353415821,2.2234008122837485,1.307011211990917,2.6132358647878657,2.3376484583889456
-239.0330345871247,-22.93804131051283,224.70706487229103,0.6071036726298414,42.04590090471493,2.630281982902753,18,D06_px-1055_py-0118,0.3925580164623919,2.630281982902753,3.308397756884723,0.7564937675000443,1.514948253457676,1.3760973803910823
-320.6410537803758,22.42849026551583,227.3169647753092,0.743265346036759,6.899577509198252,2.464777967226623,17,D06_px-1055_py-0118,0.4806012269395743,2.464777967226623,1.7153618305218257,2.906867060960486,1.8405468741519226,2.4400818662215324
265.6134267706294,23.30231084904767,224.90811537754053,0.6565487600877424,31.70611479913441,-0.5194734031841757,8,D06_px-1055_py-0118,0.4245295994577688,0.5194734031841757,1.4686656322137457,1.1093570893021174,2.6800952989848343,2.188913706286116
-303.8624305362875,25.8552869154317,225.8035689425178,0.7204484483574972,15.177384978723635,2.4497287935755425,17,D06_px-1055_py-0118,0.46584764118708366,2.4497287935755425,2.1590903596705395,2.497015722635272,2.7200375102824284,1.4181809296679777
-308.51874430773336,42.123941359987626,221.0905421110008,0.7412868009059204,15.90085787946515,2.398916111629337,17,D06_px-1055_py-0118,0.4793218840743288,2.398916111629337,2.891842933843539,2.404906971735076,1.703681291582925,1.688898275194516
306.9160245096233,56.54436013510672,223.59690394808155,0.7367927881743984,13.741851263970888,-0.4247885393643783,9,D06_px-1055_py-0118,0.47641602004586553,0.4247885393643783,1.9502214909307447,1.0880691370796642,1.8578070381392302,2.552073533870244
-215.33616917028667,71.28099106751795,225.9557117595376,0.5781358781209408,45.84047714183925,2.2149442844536567,17,D06_px-1055_py-0118,0.37382721237345407,2.2149442844536567,2.408470227955579,2.661990094473989,2.2826849859119642,1.7701932415033033
-229.68542053092543,71.20586905934881,220.4276302947944,0.6168074570926056,45.42234159244106,2.233993991652416,17,D06_px-1055_py-0118,0.39883255992608113,2.233993991652416,1.9023437937607404,2.4284385186921202,1.8374483416748424,1.2457050938894931
-217.3929008566559,84.77391085013917,223.7766239784596,0.5956506569102654,45.31162243844864,2.1627942621540224,17,D06_px-1055_py-0118,0.38515240629055125,2.1627942621540224,1.8036824404963359,1.4491668586434754,1.723755847204491,1.9465298355938467
189.54003500409323,98.63845132013633,223.77378302112936,0.5554665719672748,52.27356031645098,-0.1271378860604045,10,D06_px-1055_py-0118,0.3591690604638911,0.1271378860604045,1.4643140069116147,2.402781456970148,2.190815220264743,2.0942269529958013
230.62604496544063,97.82360674349354,223.9808249037156,0.6286201490969132,38.727668742534775,-0.2058159438079907,9,D06_px-1055_py-0118,0.406470739616553,0.2058159438079907,1.3664706551626236,1.7494851029052483,1.263245833740156,2.3009023217873565
218.78098302963875,106.87622059112938,226.7847740110784,0.6093026045158056,39.09305564510606,-0.1525678636382454,10,D06_px-1055_py-0118,0.3939798631393372,0.1525678636382454,1.9328255368640956,1.8173684194102255,2.0859155880412947,1.7216287951256657
256.94914238534045,125.1690256035703,226.21871403090088,0.6875581642258031,22.91706545273365,-0.1536764597117125,10,D06_px-1055_py-0118,0.4445805244132826,0.1536764597117125,1.7277583073282947,2.21399092480435,2.422695653325941,2.057694782023377
-197.90390158859032,146.57265010967902,226.84054429486585,0.6145262163546809,38.00915725395822,1.8971388238423512,16,D06_px-1055_py-0118,0.39735749169716766,1.8971388238423512,1.9476771245413507,2.1215951706251657,2.0243829011075007,1.896715597566313
91.62134028839073,182.3751484547667,224.57936066363544,0.5335642646675458,54.80831620133273,0.4982682547753311,12,D06_px-1055_py-0118,0.34500685605440856,0.4982682547753311,1.8588422920789784,2.7341704613122664,2.0207586609831885,1.3802688079613876
-179.56020524278864,186.75265222075504,216.20899082075707,0.6617183176408254,41.59305428445771,1.7295827702894084,15,D06_px-1055_py-0118,0.42787227608865747,1.7295827702894084,1.8346000788991241,2.788389625307211,1.6796539886561719,2.4327238717737902
-187.97732865895048,197.92203839903505,224.194848597263,0.6694692938992288,29.736181420257367,1.723450445573265,15,D06_px-1055_py-0118,0.43288411838647384,1.723450445573265,2.3549891905434976,1.4551018687122728,1.2337857560197776,2.460050948069868
246.4931085673976,205.642103075925,224.6633448392402,0.7484751884135092,9.031432702446692,0.0883119880352137,10,D06_px-1055_py-0118,0.48396995205474214,0.0883119880352137,1.9462923913219845,2.4317919112768793,1.1134902984118167,1.8155988202060855
-142.06195322296523,207.9528141710298,223.4034698312518,0.6323706888592425,38.68435595010561,1.5631409755209282,15,D06_px-1055_py-0118,0.4088958681673088,1.5631409755209282,1.8410292146359715,2.068029037192746,1.4849827953609238,2.016982718428905
38.93330294883543,220.8613711608044,223.9192156122588,0.5770839653057304,48.45540954463132,0.7893300470374464,12,D06_px-1055_py-0118,0.37314703726194204,0.7893300470374464,2.2537836278838608,2.199654329647556,1.934285660235782,1.7039979310887554
-194.35091522648327,232.4172428223041,223.9653823779124,0.7212524473917998,17.4127881045693,1.6602536489653257,15,D06_px-1055_py-0118,0.46636751329521364,1.6602536489653257,1.4663814444129848,2.5177146447457144,1.9113401274581032,0.7070699723858495
-136.4322631967077,233.6794027169396,224.05911000446287,0.6655223425098856,30.79680583257698,1.492272001897848,15,D06_px-1055_py-0118,0.430331988530691,1.492272001897848,2.180420993147206,2.3481369129495775,2.066559087911692,2.376194151734535
-120.04018724284002,228.70023482766177,218.94567754450927,0.6541684251940344,39.73876136081577,1.447169747727271,14,D06_px-1055_py-0118,0.4229904561672291,1.447169747727271,1.7078085798591203,1.9168999689737167,1.8318442837722984,1.5493813989365404
-151.1714319141776,242.87896594672964,223.51771418032413,0.6939155956054711,24.888264572951183,1.520554837451455,15,D06_px-1055_py-0118,0.4486912896165099,1.520554837451455,2.0931075704251425,2.4009525611264273,2.4373600582109822,2.4830436253535755
28.325157778007046,247.43065988359027,225.2252480799681,0.6231984261298013,38.27832520513772,0.8498358202972401,13,D06_px-1055_py-0118,0.40296501084281894,0.8498358202972401,2.3573762040511683,2.310251997539464,2.784060890414927,1.1220119677165274
-205.03195673263048,249.72583508600127,225.07974999265485,0.7508058058016442,7.795945134762462,1.6512489491505744,15,D06_px-1055_py-0118,0.4854769476145876,1.6512489491505744,2.4907511294327014,3.2086038363162652,2.8169846195263113,2.7432742799202128
-159.0821719643797,261.4291180121437,213.91586626669164,0.7490834031346877,23.534143890605208,1.5104699933438617,15,D06_px-1055_py-0118,0.48436322848394703,1.5104699933438617,1.8478691179792797,2.4102245402799607,2.8813492791516238,2.4057499957072492
-67.43261566128152,264.2253847910972,223.2693816994316,0.6710042173616688,30.569774300564404,1.2136917194338572,14,D06_px-1055_py-0118,0.4338766119868287,1.2136917194338572,2.594793739044958,2.298013004284165,1.8116815630112013,2.1092500534778873
-148.75618017608403,273.8720302674434,222.895958672834,0.7376891445884514,14.443215696520951,1.4613929754606438,14,D06_px-1055_py-0118,0.4769956111631779,1.4613929754606438,1.331596339302443,2.0450492469689197,1.7720140391167065,2.2797726264791587
-63.62258368224458,280.7937707085169,213.58727711868983,0.719501927384556,31.668878712828302,1.1866357158589902,14,D06_px-1055_py-0118,0.46523561327088225,1.1866357158589902,3.1498725899134077,1.2124901899878497,2.376614091228056,1.877366704534511
-100.5094163129047,291.4244584739038,224.95813208459288,0.7276661804407284,14.385715694327756,1.2959321493257043,14,D06_px-1055_py-0118,0.4705146836012345,1.2959321493257043,1.8325404766603404,1.5233064775515308,1.8298388503482115,2.243969218986737
103.8759336201272,293.73422968181904,222.4658581882237,0.7384857947778634,14.806498090092989,0.62390362578108,12,D06_px-1055_py-0118,0.47751073145031975,0.62390362578108,1.78878196228878,1.4685092782347557,2.298135428600742,2.004885626564684
-118.70201269884896,293.79529833156204,223.40085787664708,0.7448114132674166,11.786336015411166,1.347792177390219,14,D06_px-1055_py-0118,0.48160092618823047,1.347792177390219,1.4284352684723456,1.7632051743356958,1.4000458703937828,0.8204130305553676
10.597061435377537,301.21268201486214,223.3914819217277,0.7199490761378906,18.517256335732327,0.9286499735525678,13,D06_px-1055_py-0118,0.46552474317667303,0.9286499735525678,2.943804169815097,2.9016902065866033,2.5447723998589575,1.7989309415037282
26.192280550907384,305.985039577239,216.04093332840824,0.7459071413138317,21.499576933018773,0.8784250805745822,13,D06_px-1055_py-0118,0.4823094325733421,0.8784250805745822,2.1983851671394157,1.850160163282664,2.1805219461495673,2.000452573623772
-15.62574643870142,318.67877807672585,222.99078949180068,0.7491653745696838,11.118799359740535,1.0128104617453162,13,D06_px-1055_py-0118,0.4844162318594484,1.0128104617453162,2.191923558005703,2.7062608828493557,1.6267681152643851,1.5810969588711241
9.331177540909984,-311.8413426054231,224.32290968911428,0.7350198883966028,13.247498328448728,-2.1478619479621863,4,D06_px-1055_py-0118,0.47526964908562525,2.1478619479621863,2.3275834316874393,1.7623848675129705,2.2164715148101664,2.068048048186833
68.54182697979626,-305.456476464114,223.1693541406744,0.7392916036078765,13.633535516256018,-1.9570407018017515,4,D06_px-1055_py-0118,0.47803177378661066,1.9570407018017515,1.9299164633067298,1.6929758406709048,2.2648922748352946,2.071722417285449
-92.69038803049136,-296.79184535216,223.3645528563465,0.7354697491238431,14.416870741561524,-2.4804855549035234,2,D06_px-1055_py-0118,0.4755605325751038,2.4804855549035234,2.5970201710386394,1.2755337589061329,1.1546176509121124,2.002486176102098
27.21137324561045,-291.47847382639094,226.03193730151185,0.6997431002049761,20.18026394756191,-2.0846892888406265,4,D06_px-1055_py-0118,0.4524593999898134,2.0846892888406265,0.6687862503586299,2.00390969373481,2.143168543009349,2.67508025156297
103.58247545578811,-290.4987183162769,224.45179504650207,0.7290166614359171,14.701509896119603,-1.8352620575430365,4,D06_px-1055_py-0118,0.47138791524953766,1.8352620575430365,2.4248722918652392,1.61816698033068,0.9976281282752877,2.726772800679786
-70.02417188867622,-284.0123539456897,223.36966836727447,0.7052007436592601,22.308222618414163,-2.4195079100452377,3,D06_px-1055_py-0118,0.455988355233474,2.4195079100452377,1.832407263915493,3.744176406120814,2.1519200256791673,2.3261022219347085
131.66656761750048,-278.90039873408256,224.1326907030993,0.7297305660787373,14.937547532376923,-1.7367030946686803,5,D06_px-1055_py-0118,0.4718495316145232,1.7367030946686803,1.6292089646120997,1.8594799002906979,1.8897583181474995,2.956706990860934
120.320186726361,-268.81926500073166,225.81307578746785,0.7031955091031921,19.60417980461017,-1.756929843469052,5,D06_px-1055_py-0118,0.4546917547756608,1.756929843469052,1.2743234561685586,1.7274268643503738,3.478984676529665,1.8836402908100558
-56.47985931331566,-265.90874484570764,224.88122384146936,0.6659806398278997,29.648730266755763,-2.3870685996442624,3,D06_px-1055_py-0118,0.430628327186213,2.3870685996442624,1.2184924459402862,2.0444994695355554,1.3673345954699978,2.6103222909322
-100.7733438300328,-251.75411605256696,225.44546845670885,0.6635717204224473,29.471971871017843,-2.558527721462396,2,D06_px-1055_py-0118,0.4290707009252388,2.558527721462396,1.9829668231672124,3.152718530112124,1.8631705072552451,2.0979350552240295
-209.08299485602163,-224.03654275504093,224.76426175671764,0.7251449087208066,15.31884326644706,-2.928662508808696,1,D06_px-1055_py-0118,0.4688844094488021,2.928662508808696,2.2995795492207454,1.9251476022928513,0.7370157952013909,2.784404752395549
-138.43444896039065,-226.15808603144245,223.5464658883703,0.6568113089637382,33.36802542377512,-2.727054865690088,2,D06_px-1055_py-0118,0.42469936562890537,2.727054865690088,2.2300113133594914,1.5406546469534281,2.2417081454286976,2.258670955632337
-41.365398814861706,-220.80804128856465,222.44167802113407,0.5808966875062352,49.5560676108621,-2.362965826973863,3,D06_px-1055_py-0118,0.3756123734669906,2.362965826973863,2.0273946899642814,1.6987058952223468,2.4654799008286696,2.3992496739794755
187.09356898301044,-210.21421675966565,227.22302535940344,0.6777950432074157,23.94236936741038,-1.4505054301114857,6,D06_px-1055_py-0118,0.438267613465374,1.4505054301114857,2.8309860280960875,2.61251770404364,2.3428012847405846,1.5439764508902614
247.65452602877644,-186.63625233249329,224.2711283707665,0.7321372679463457,14.10183161395986,-1.2527904521913205,6,D06_px-1055_py-0118,0.4734057239980615,1.2527904521913205,2.191752268410087,2.4003966329657183,2.25061597268219,1.8180978542787862
-265.0674857006478,-179.1201852258583,225.37518682499933,0.7451925752541858,8.99317915931988,3.128880006106918,19,D06_px-1055_py-0118,0.48184738853102743,3.128880006106918,1.419767326311368,1.9606493329874874,2.0041297029630076,2.027145487537706
189.08895478670144,-177.48769615939193,226.64463492293328,0.6394980422302768,33.18386026472268,-1.3607406889684612,6,D06_px-1055_py-0118,0.4135044709943019,1.3607406889684612,1.8975504464498436,2.288074387528023,1.440153547753269,2.6835015691745556
234.995348976226,-172.74101324302472,223.9873929859536,0.7023806228294914,22.20026297458424,-1.240865005499867,6,D06_px-1055_py-0118,0.45416484289278475,1.240865005499867,1.4562104157832025,2.455197066990765,1.9517960030920434,2.3739614716054924
143.73461642748654,-169.38753826605495,223.766675430352,0.5730721404068174,49.33081956698573,-1.4741213793559416,6,D06_px-1055_py-0118,0.37055295968390717,1.4741213793559416,2.034980342093604,1.3595015807867337,1.852868671668726,1.2348593788279574
-197.99605416425192,-165.3991878899195,226.5124844260671,0.6372838942268341,33.81198575367358,-3.0526354533450686,1,D06_px-1055_py-0118,0.412072785455948,3.0526354533450686,1.2535371743869859,1.7871574413668359,1.7030511862967073,2.3676294013819206
-257.0959833773725,-135.9535480493982,229.4021141482285,0.6892352071449878,18.38793381391196,3.0210380182050645,19,D06_px-1055_py-0118,0.4456649135737462,3.0210380182050645,1.5254639245411883,1.525211133424017,1.6377396596292633,1.1445439804212194
-211.33316828507705,-107.67506820474654,223.353330079699,0.6041496316939716,44.24987156361345,3.005834891991242,19,D06_px-1055_py-0118,0.3906479103263007,3.005834891991242,1.628696093366746,1.7697370676776791,1.6346647474666542,2.1444444017983777
-278.28037656906145,-70.46647742839424,225.64134638969747,0.69095186930812,22.84645493137328,2.7826211517111785,18,D06_px-1055_py-0118,0.44677492084939996,2.7826211517111785,1.6724361279178344,1.8164543908553574,1.3545108874108114,2.331036703966777
-233.6614338395752,-63.33504950665822,222.1818471214032,0.616241807206952,43.38101438276777,2.79930781004632,18,D06_px-1055_py-0118,0.39846680625478065,2.79930781004632,0.784703167947961,1.8628417270660171,2.7843056933897596,2.5088796706111482
277.4935596903716,-45.19829833263613,220.9730909545013,0.6909970545062721,28.893376430865374,-0.7684421550716573,8,D06_px-1055_py-0118,0.446804137954418,0.7684421550716573,1.8439920219481163,2.049060385891238,1.6767066831875699,1.494566452618161
-294.9145347447043,-25.1473050724749,224.5569216938792,0.7084021770661062,19.94174926085293,2.6196771604994176,18,D06_px-1055_py-0118,0.45805842728983953,2.6196771604994176,1.7055563345006137,1.5769155466666833,2.1368853583327736,2.003527074591301
-274.6832596259612,-15.448688957395426,221.9272869668017,0.6782600720809374,30.634139358494963,2.5907957628718976,18,D06_px-1055_py-0118,0.4385683047977072,2.5907957628718976,2.3926259050029497,1.8150435791190094,1.4515358984147753,2.4542795751563276
315.9406578442767,1.696763139454578,222.9088741409205,0.7444554240452903,12.55496124003082,-0.6016090713226745,8,D06_px-1055_py-0118,0.48137074075332026,0.6016090713226745,2.3014588222511616,2.468279755130199,2.2875798099605626,2.2812824598725663
272.40272591217894,10.273427179187747,227.5470510149786,0.6616086655494692,27.246380042165697,-0.5692832845603735,8,D06_px-1055_py-0118,0.42780137418273206,0.5692832845603735,1.8783122621231882,3.292286021181952,1.7341741302015485,1.3492974102017765
-292.0499794886396,11.696851108507904,223.125885745936,0.7053460250437426,22.59212151016669,2.494583661906245,18,D06_px-1055_py-0118,0.45608229532096234,2.494583661906245,2.5572540648363917,2.651197048842686,1.3918422386686036,2.3813928031629574
327.5212388215041,19.76832865604164,226.7893471383248,0.7547007590619126,4.323863263084547,-0.5466952717278104,8,D06_px-1055_py-0118,0.487995455070557,0.5466952717278104,2.4177251904764265,1.936547938714031,3.0197286603709115,1.5616352884520186
-236.65002860863848,24.433056060298405,218.00813164829395,0.6169617772337992,48.3591457366328,2.431732123090164,17,D06_px-1055_py-0118,0.39893234454485094,2.431732123090164,2.35442544379814,2.6794810837267597,1.9585796050880255,1.627598002725207
248.76728343711383,26.61825007118042,227.2141896066455,0.6211986149838424,36.22999757287977,-0.5003844980320156,8,D06_px-1055_py-0118,0.40167191720469886,0.5003844980320156,2.1319132810055565,2.5763478266466167,1.014155628187246,1.5781387405095302
-238.5392479534883,53.97277722216769,225.4623092352961,0.6141300002416,39.773119063975344,2.312096180077793,17,D06_px-1055_py-0118,0.3971012952377266,2.312096180077793,1.524806494066769,1.2076478105121675,1.6039218623842424,2.066038510877794
-200.317218445296,59.92678247449983,217.84180674024307,0.5577958279660921,58.88330981524649,2.243927681777252,17,D06_px-1055_py-0118,0.36067517573868096,2.243927681777252,2.3214081760591503,2.2901298726397585,2.6099762694730506,1.1282699312342919
-313.07868818385776,83.1200778730082,227.0166427090986,0.7477861058609523,6.01781951013561,2.2751071616097684,17,D06_px-1055_py-0118,0.4835243858488274,2.2751071616097684,2.2700404493576762,1.104890986619632,2.3637557737041948,1.1816408490780024
244.7438674591524,92.4751961553992,226.9417902887916,0.6430902530355763,32.05401370363887,-0.2457171313029946,9,D06_px-1055_py-0118,0.4158272227943934,0.2457171313029946,1.5101848948836014,1.4203693895433278,3.165702046907144,3.429278537803252
-191.63092516827712,98.67129831207394,228.1606311331975,0.5506876192667163,47.90154506389649,2.0591144830555765,16,D06_px-1055_py-0118,0.3560789520071717,2.0591144830555765,2.4794916953947777,2.1680723032474676,1.8885347270491373,1.9673805664417587
-241.98689035794249,99.33166211879106,224.26261162229656,0.6487044402508242,34.21353867521401,2.1451019121485366,16,D06_px-1055_py-0118,0.41945740046688124,2.1451019121485366,1.985367971577478,2.295348241476247,1.954179707720708,2.4197441625935214
172.6397840442539,132.4324902981544,224.1951356913316,0.5627828507424651,50.566887553097786,0.0473779205062006,10,D06_px-1055_py-0118,0.3638998239452475,0.0473779205062006,2.5593839637500286,1.6227267918842647,2.0934952976856493,2.1955043815465656
232.0935144977199,136.7191699846003,227.21240840173928,0.6565547681589232,28.79570616291994,-0.0746360631610284,10,D06_px-1055_py-0118,0.42453348432391574,0.0746360631610284,2.586255146749205,1.0879051460234606,1.8478997415725864,2.7236912486579503
293.6426717931858,141.26888720027216,223.9658325484816,0.7575040623250218,7.385918640856801,-0.1585731183994505,10,D06_px-1055_py-0118,0.48980809304018375,0.1585731183994505,2.529897317961331,2.6277434829337745,2.5025618152989804,1.464098703742343
158.632854036727,143.8864411000098,226.2039964900694,0.5516754189284852,50.0363837125941,0.1297118214697408,10,D06_px-1055_py-0118,0.35671767104869306,0.1297118214697408,2.7557717000584923,1.464827400461492,1.5412467250546067,1.7475018995403309
174.78693584353104,149.13449975287116,226.2449340256252,0.5834501324680593,44.55126830009851,0.0993901790941372,10,D06_px-1055_py-0118,0.37726345109104364,0.0993901790941372,1.7365486951888158,1.4181141551372975,2.390062090430219,1.3556659671459699
224.42168345618737,154.54719104890185,218.77031623200887,0.6805700384474653,34.16379241646149,-0.0039141248462505,10,D06_px-1055_py-0118,0.44006194724432757,0.0039141248462505,1.8099348590315576,1.9366977940353602,1.457052291707097,1.5044664361516862
-272.2148576725838,157.22841134872598,223.1352905126764,0.7414424264571258,13.085586133483789,2.0108350302986766,16,D06_px-1055_py-0118,0.4794225127814941,2.0108350302986766,2.032433309288109,1.083480778758807,2.2417700105514493,2.8233495417692414
148.24444637079856,155.5448452151669,228.075159554572,0.5494698740922126,48.201628284388505,0.2024451335456522,11,D06_px-1055_py-0118,0.35529154838599275,0.2024451335456522,1.0977086979894861,2.0468552216209286,2.273193970906103,2.8031252912961806
126.40009940163718,181.86263820337348,223.0583384117699,0.5731240652524875,50.164941937911465,0.3564337873009561,11,D06_px-1055_py-0118,0.3705865346980939,0.3564337873009561,2.395059913214422,2.2717337481944275,2.398727265460936,1.6408003025202984
-260.7278192635327,187.1262084656452,226.6986535678353,0.7438532318992704,7.5728632314456945,1.9121017840728196,16,D06_px-1055_py-0118,0.4809813585686486,1.9121017840728196,2.251604050931859,0.9897231020722939,3.0761522198753095,1.8283936114120842
233.670888452788,200.88172223120424,227.3828466201301,0.7221495325344178,12.622967887989546,0.1031063466243011,10,D06_px-1055_py-0118,0.46694757561415584,0.1031063466243011,2.4194607297740536,1.6689996462122303,1.5082487672031375,1.4727616620665807
-93.75307244462812,209.28578385752616,224.1267105290674,0.5869013959905355,46.47455155887985,1.3849785829112171,14,D06_px-1055_py-0118,0.3794950652679164,1.3849785829112171,2.2134190865229018,2.0816371661891524,2.1465017112511022,1.9252672018797754
-109.54099802955712,214.8086110877209,221.2387866642329,0.6163613202798536,44.51369412353995,1.4353902693704383,14,D06_px-1055_py-0118,0.3985440843490414,1.4353902693704383,1.7444401597975725,2.668014229922055,2.5111320415773477,2.3950281890232663
-2.066278382781617,228.0883203715995,222.50352839645552,0.5877779424363451,48.267968633816565,0.9728756624093456,13,D06_px-1055_py-0118,0.38006184710373303,0.9728756624093456,2.0431610828035702,2.1144867784471124,1.393382925745016,1.124405418690349
182.7134794396929,239.86671189304656,222.1565109968392,0.7229134361737304,19.38838647361132,0.3128511606463378,11,D06_px-1055_py-0118,0.46744152172408127,0.3128511606463378,1.8498821127012293,2.0317987088298786,1.2046572777025841,1.498428204848882
-78.93832130851015,242.768279084276,220.960395292099,0.6441133424837617,39.31646098624981,1.2781926108194677,14,D06_px-1055_py-0118,0.41648876048976513,1.2781926108194677,1.4520745145113552,1.5249098340167344,2.3380389722341115,1.696912450131428
12.220866535453226,242.1349106631733,222.5197797984986,0.6162067013302536,42.973689232012646,0.913388274023793,13,D06_px-1055_py-0118,0.39844410651840245,0.913388274023793,3.0990669992972704,2.1247175624952495,2.228343580275703,1.6864028847792412
-42.66416172172608,250.725099354395,226.6702258612493,0.6301305687163287,35.09427164357044,1.1323654727190653,13,D06_px-1055_py-0118,0.40744738883900816,1.1323654727190653,2.6404126645475356,1.6584076630047428,1.6994636634614908,3.460084314045811
-17.1538813356134,258.4298707421761,223.80308075022413,0.6449201390963089,35.59170489919768,1.030096883403671,13,D06_px-1055_py-0118,0.4170104415340226,1.030096883403671,2.064695157538749,1.3585473515389352,2.1386580208616444,1.88750925728646
-175.309520359172,260.4270977517913,209.9353380293969,0.7712031183835478,22.876695575009137,1.5563024182830825,15,D06_px-1055_py-0118,0.4986660105857113,1.5563024182830825,2.6091976583023264,2.846437299991641,1.9578046160542693,3.327099108474687
-16.340722813460633,306.8136505587953,222.42413464419417,0.731645924412968,16.71716509449294,1.0170259611883794,13,D06_px-1055_py-0118,0.4730880173994029,1.0170259611883794,1.9591772600671842,1.839066979575726,2.1282807536451576,2.132649210750815
-86.83358236375196,-311.0104512275209,222.75569032814624,0.7556653582343592,9.583198466504314,-2.450040970316248,3,D06_px-1055_py-0118,0.48861917249294823,2.450040970316248,0.9106386145848426,1.663542936402558,2.4884153286695794,1.7918518868733861
60.28558490830191,-293.7982097278699,225.7386047335135,0.7123363938858379,17.37802208308733,-1.975391239675257,4,D06_px-1055_py-0118,0.46060232287261016,1.975391239675257,1.3782473158935755,1.728843853249195,2.629067200563277,2.003628268856258
-86.0960473497464,-284.7920758773808,223.01006007604536,0.7143815323278085,20.461254624498,-2.4713523547153025,3,D06_px-1055_py-0118,0.46192472549734354,2.4713523547153025,1.9307479365842402,2.3735072754833952,2.19386346802942,3.538127876282009
158.22607713292015,-284.31124506875267,224.8475593829067,0.7548024529569904,6.959886723323734,-1.6699374978146362,5,D06_px-1055_py-0118,0.4880612111440875,1.6699374978146362,2.492974104827743,1.76295049938068,1.1323875693460126,1.934231852662806
78.10044652870391,-272.37558231366324,225.2536143516882,0.6854106821068386,24.67837805556354,-1.8985299459235647,4,D06_px-1055_py-0118,0.44319194556091396,1.8985299459235647,1.966544964640028,2.0996710432468895,1.125491332942496,1.855855514249062
-17.754519962738343,-248.9546566968484,219.08079116227145,0.6373997879916475,43.035273311721255,-2.2489716009355347,3,D06_px-1055_py-0118,0.4121477232770922,2.2489716009355347,2.4764813023037497,1.7108048979912627,2.7827739554546955,1.9825705076842832
83.83624286027243,-248.16826874955305,223.2626176776241,0.6515311796806474,34.8655808561814,-1.8519926153696136,4,D06_px-1055_py-0118,0.4212851924464959,1.8519926153696136,2.2472470809381826,2.295015105401492,1.406141110215564,3.0200386574102263
-38.57598828656268,-248.15576554828127,225.26188299472528,0.6270860353413715,37.45378632186032,-2.3319922579085817,3,D06_px-1055_py-0118,0.4054787695790561,2.3319922579085817,0.9839727686675286,2.1736091897252146,2.0833077156450006,2.6651789693143426
-72.77393612613179,-242.5076704651776,219.57811988630868,0.6431832985705573,41.236632958917085,-2.469314498452376,3,D06_px-1055_py-0118,0.41588738677016807,2.469314498452376,1.8376924177850826,1.249240564682722,1.5130904198317123,3.0542847115329654
213.64122319903177,-241.43556152907925,221.77969240985323,0.757056762797683,10.523878258166237,-1.4533780715125322,6,D06_px-1055_py-0118,0.4895188656427344,1.4533780715125322,0.7119255897856538,1.6657821016062195,1.5914631200533704,2.4215017952694335
-27.45421085806461,-226.1191826715156,224.08375279199817,0.5838750755167404,47.06548937786772,-2.298599246908464,3,D06_px-1055_py-0118,0.37753822261330633,2.298599246908464,1.9665728619256166,1.6753095223448862,2.769137439976487,2.127023148445258
84.01008063991115,-217.25442558649524,224.8287123061682,0.5926678843775146,44.58742308463764,-1.8087961469964091,5,D06_px-1055_py-0118,0.3832237220776177,1.8087961469964091,1.6446946711768242,2.8013952726618743,2.443838413868901,1.9117312734663745
-75.24675063474791,-214.2291158827896,224.7054810469815,0.5811480303459928,46.80370945414876,-2.5155587337856646,2,D06_px-1055_py-0118,0.3757748937268333,2.5155587337856646,1.8326739976285367,1.4574472757332917,1.5582305652423443,3.0605306151928198
206.19996156979192,-213.96677391384355,222.0209132133691,0.715969534760888,21.364902412831327,-1.4108606621943545,6,D06_px-1055_py-0118,0.46295154037818054,1.4108606621943545,2.001956647542454,1.9671084627315383,1.1167860352597816,2.8008679505217886
119.38394434274808,-210.49051822009736,223.5864236252673,0.6130709370343694,42.27239282538585,-1.6618458075521243,5,D06_px-1055_py-0118,0.39641649662641554,1.6618458075521243,1.8364618400345145,2.666695643804126,1.7710344119574053,2.0329003945458277
-115.44308462619536,-204.2898026604017,223.38796354512533,0.5990714725674712,45.15241816795077,-2.6921341811073725,2,D06_px-1055_py-0118,0.38736433263792314,2.6921341811073725,1.641836433611719,1.1557469357654293,2.7230330719670954,2.0178593296397604
-189.4155147525444,-195.44276665937764,223.556175292026,0.6694410805549368,30.557023990165817,-2.947514337641548,1,D06_px-1055_py-0118,0.43286587541583743,2.947514337641548,2.97309654494001,2.085092268108588,1.9209257401380104,1.3391271391205715
-243.88026469672624,-196.1336154952841,222.5123573211943,0.7406182113489738,14.157695666010111,-3.071262793947036,1,D06_px-1055_py-0118,0.478889568800785,3.071262793947036,1.7256269482666964,2.076355770486602,2.188859509984678,1.3834422505427277
130.19018332203902,-193.4092582854419,223.96996617887777,0.5948670805114844,45.22159055371009,-1.585309809756851,5,D06_px-1055_py-0118,0.3846457396194047,1.585309809756851,1.652454543386415,2.368990826675085,1.6027986635627929,1.9544770063016768
-280.81399336806084,-164.02190521050622,229.6719073207437,0.7439594920620147,3.501852042134089,3.063255288946813,19,D06_px-1055_py-0118,0.4810500672268176,3.063255288946813,1.9684352744983613,1.695938012336611,2.9047368916207765,1.5835250233469913
198.64091435709207,-167.2275969361037,217.96128485338147,0.6589056763332217,39.97477933767669,-1.3067281668184303,6,D06_px-1055_py-0118,0.42605360006591114,1.3067281668184303,1.1237015513293396,0.894179293031012,1.2352837936698582,2.6917339855778533
244.470806329316,-162.56047057923834,219.3447718126993,0.715991112073123,24.906552891655,-1.1937916199257903,6,D06_px-1055_py-0118,0.46296549243822144,1.1937916199257903,2.7989602665130446,1.260045817694281,1.473486327319224,2.2417500900083223
-255.47027942555545,-160.54030938354924,224.54565993300943,0.7179316024695171,17.508994016377528,3.0956614631672337,19,D06_px-1055_py-0118,0.464220228812444,3.0956614631672337,1.2127406576828337,2.5804534702756015,2.6994957971534905,1.8509078070192335
226.47711762808004,-148.44031400625155,225.96125595748543,0.6617731511918966,29.21955734666875,-1.1871637967210589,6,D06_px-1055_py-0118,0.4279077318946664,1.1871637967210589,3.04450328472387,1.399967895111049,1.5983026535648304,2.0889834634053654
-240.34321514134805,-148.61256411844383,221.74657623857445,0.6917691798048319,27.705695403332754,3.088405091097933,19,D06_px-1055_py-0118,0.44730340025396903,3.088405091097933,2.1591198847326964,2.117436863306084,2.434255209718681,1.7624133987435533
-285.860982832136,-146.351853777612,227.3245011530226,0.7428184167940884,7.016085901658073,3.007789719875114,19,D06_px-1055_py-0118,0.4803122389711079,3.007789719875114,2.6735531591365405,2.1928005283894914,1.5525138000428735,1.8898752230172966
-203.25126144791497,-135.11401948646107,223.26212505238828,0.6177780543620776,41.75891273368427,3.1212969892421683,19,D06_px-1055_py-0118,0.3994601557652518,3.1212969892421683,1.9665089657613914,2.458802800035069,1.897246125557548,1.6026402991283275
246.44194821165124,-121.32832209934848,223.0391809757592,0.6750598503511093,29.94146769520188,-1.0644643586937546,7,D06_px-1055_py-0118,0.436499016221245,1.0644643586937546,2.5637569348163947,2.1359611445756954,2.3498659152239263,1.6796851250664284
-245.07084187450323,-120.40973215378531,225.1921541568221,0.6674723197371218,28.91692065271116,2.991297666307684,19,D06_px-1055_py-0118,0.4315928591644574,2.991297666307684,1.9373692347400677,1.6353553684538533,2.131275845939629,1.8208331609422586
292.14574253076273,-120.10420047405492,222.0887946078328,0.7461744712570592,13.190566439751253,-0.997027134598438,7,D06_px-1055_py-0118,0.48248229022020783,0.997027134598438,1.943098264336463,2.4596521995938647,2.3676478890676185,1.8347325215869148
199.07357991388344,-116.8926783696012,220.2523997198964,0.598058905049208,49.13326277199008,-1.1379216691066565,7,D06_px-1055_py-0118,0.38670959850531317,1.1379216691066565,3.268511960130824,2.5416987589111955,2.3891548050328337,2.2914150897996004
-243.10829621259413,-104.1339068850132,225.14837709092475,0.6521024059948456,32.370573743816635,2.9393125000508453,19,D06_px-1055_py-0118,0.421654551880415,2.9393125000508453,1.4748500544444925,1.511653673024785,2.0474143004363468,1.8291280624077868
269.5329192097919,-100.1716032679687,221.1784288103213,0.7016071456292401,26.06974023650247,-0.9628089879742722,7,D06_px-1055_py-0118,0.453664706442952,0.9628089879742722,1.9240443255007706,2.7000282380229423,2.0076512148583987,1.4863028084661862
245.3072225774713,-83.22949818242556,218.1223809039581,0.6573953104709217,40.09298905747278,-0.9340785864517852,7,D06_px-1055_py-0118,0.42507698560323026,0.9340785864517852,1.5039848910985174,2.870653439025184,1.8498796615901798,2.046215264111632
290.7028731940809,-79.69862435042859,221.80007510644776,0.723545729038822,19.69856272254424,-0.8745631129272333,7,D06_px-1055_py-0118,0.46785036727078744,0.8745631129272333,1.880738311498963,2.817406111392698,1.6288837217559025,1.4470891628607934
-312.94744790997044,-43.44935879054604,223.8929732413115,0.7422670843372764,11.828677411864192,2.6725703510416405,18,D06_px-1055_py-0118,0.47995574306206495,2.6725703510416405,2.1103532432968164,1.2599205955668937,2.359103880507896,1.7303933963940716
316.5153136812576,-33.05407475388436,222.2637676142492,0.7495026908828347,12.016378896786648,-0.711033561200076,8,D06_px-1055_py-0118,0.4846343432443414,0.711033561200076,1.8906308524032216,2.0615029916446908,2.062273006496751,1.3417891344033115
-246.7846585475541,-3.40972008993626,219.02051697078645,0.6321853459737939,44.15489162867573,2.5484288231264745,18,D06_px-1055_py-0118,0.40877602399775875,2.5484288231264745,1.3511263988262892,2.889372776190121,0.4425986075062309,2.8913805209766643
313.78533476377766,20.33970246248924,221.34058686701405,0.7456002532219904,14.369401030995732,-0.5422496519487426,8,D06_px-1055_py-0118,0.48211099631601007,0.5422496519487426,1.8919673858259665,2.828569270327299,0.7529129680363948,2.7996641498777013
-288.6053719233464,29.09981684543009,224.96563665077548,0.6975473249731704,22.11598881264854,2.434123656239344,17,D06_px-1055_py-0118,0.45103959443030983,2.434123656239344,1.738014782019573,1.5998446450438208,2.0242603945226607,1.4089389842846738
329.1209570220959,53.43570364564339,224.81942419552496,0.767079449320712,3.3689714162935047,-0.4460251384996764,9,D06_px-1055_py-0118,0.49599961369036405,0.4460251384996764,1.8406446723807546,1.5233743275992295,1.4067260771582952,1.82587236794543
-223.326788574026,55.24981864848209,221.85641555477952,0.593085553695105,48.09558679242758,2.292088195595127,17,D06_px-1055_py-0118,0.38349379034806685,2.292088195595127,2.6765797146751362,1.5655383572273625,1.9987266459429627,2.5429031711788057
-323.608771016676,57.63748491273444,223.1682638589893,0.7636256877787571,6.689254340187233,2.3583528882883864,17,D06_px-1055_py-0118,0.4937663842744211,2.3583528882883864,1.538623564693753,2.1138360770651534,1.771166191298183,1.6337857558107485
268.9958760201681,76.83985094433935,223.90093719176417,0.6821055169984868,27.203587253461592,-0.3287352556307132,9,D06_px-1055_py-0118,0.4410547997693312,0.3287352556307132,1.8237211533016922,1.8878594650014326,1.9676492528503196,1.6441676110903805
-291.37479212547646,102.90496386205764,221.92806623384536,0.7356033713635064,16.31790879570798,2.1951166528049364,17,D06_px-1055_py-0118,0.47564693376772094,2.1951166528049364,2.199300846517898,1.0914794363038531,2.795349073372074,2.188611159680497
269.5755821522138,107.0567078231344,217.533838195157,0.7141082383710805,27.77795374063317,-0.2289492358745924,9,D06_px-1055_py-0118,0.4617480114723738,0.2289492358745924,2.8101145465493644,2.053225273850453,1.4181717610683648,1.4684443403833867
254.38496525529567,110.4378821058124,225.4339046138605,0.6745057119517924,27.00193976117555,-0.1973954317180407,9,D06_px-1055_py-0118,0.43614070596767796,0.1973954317180407,2.650323629525805,1.926407722844762,1.8291606910737364,1.6105715678520287
311.56696280689806,117.99590572200285,223.47733965384063,0.7696689171159574,4.45527090387742,-0.2449535485876686,9,D06_px-1055_py-0118,0.4976739839622345,0.2449535485876686,1.3386652213165529,2.0290235977226114,1.6275438859340927,1.93254089153283
297.3386997370517,128.43729844539675,215.20177966837423,0.7744255879519973,14.587785670617166,-0.199231694997873,9,D06_px-1055_py-0118,0.5007496847898572,0.199231694997873,1.7610872071292976,2.348493565720139,1.088102711471485,3.013053043451465
194.475636954526,154.24672461617354,227.14325186075217,0.6176132164339457,37.030401760593406,0.0635654671983277,10,D06_px-1055_py-0118,0.39935357026260626,0.0635654671983277,1.6453272404685932,1.817334738534599,2.29852176429588,1.8399513473414442
-173.92412777651433,160.12467682670237,209.1622868196693,0.633620617835312,56.10163477438607,1.7905011693701431,15,D06_px-1055_py-0118,0.40970408208806997,1.7905011693701431,2.671695820120058,1.8375942914716275,2.1108410006084695,1.5922855372495737
-206.5285053329397,167.0030659293418,222.3100994668017,0.660294363370967,34.171616700372056,1.854638179615372,16,D06_px-1055_py-0118,0.4269515360422542,1.854638179615372,1.8538285610941287,2.2164852626390825,1.7939966970844075,2.273587683427812
269.7708484995024,170.9131316601796,221.89698393649863,0.7520764312298056,11.788601021825457,-0.0422560151411168,10,D06_px-1055_py-0118,0.48629854402428324,0.0422560151411168,2.2050952631877783,2.3447539137621867,1.6959480179490172,2.625429380454957
204.9070855578824,179.14434135422636,218.4912923639825,0.6806326355886847,34.508549354682145,0.1114374855179459,10,D06_px-1055_py-0118,0.4401024230488748,0.1114374855179459,1.7966851870865748,1.7866182845910994,1.1115252168133507,1.632398927355828
109.53488788809015,189.58452182867632,224.0625131588952,0.5658833572145606,50.20324285848932,0.439908661813169,11,D06_px-1055_py-0118,0.36590463585067096,0.439908661813169,1.830677525918423,2.8520275945237468,2.6420252235630435,2.8343425262970374
-216.0396994350864,201.75367261964644,223.31363122782625,0.7104986416063034,21.04916033102387,1.7833956414216496,15,D06_px-1055_py-0118,0.45941401777394675,1.7833956414216496,2.618055094838935,0.851423318269809,1.6229527238466925,2.030017219117525
164.29825675049457,201.821949321176,215.5681124327905,0.665345098730516,41.62955963692673,0.2805521062072655,11,D06_px-1055_py-0118,0.43021738130692266,0.2805521062072655,2.031156087904467,1.7916232825335896,1.9770179696024126,1.1744363480431184
-158.6719153136791,207.3641005706541,224.81238690049497,0.6466535607110947,33.961013613483146,1.6169657302231846,15,D06_px-1055_py-0118,0.4181312856031183,1.6169657302231846,1.6534015106228501,1.203199297667085,1.6704024595896103,2.3330684283619725
136.03679396702302,207.6255857453272,217.12550628919263,0.6390664276927416,45.13406243303888,0.3837930006251929,11,D06_px-1055_py-0118,0.4132253856347994,0.3837930006251929,3.0100129668361166,2.457654356513684,1.76894883677101,1.4939304103369517
-1.948678804573354,257.0237894958966,224.17556738280345,0.6404639885400565,36.05998738990212,0.9713983556855502,13,D06_px-1055_py-0118,0.4141290594863031,0.9713983556855502,2.4431906852583607,1.7139646040257086,1.3314524803191423,2.263550388214419
215.01148698317976,254.92870552364312,228.5549966124809,0.7589438162809073,0.6403366062889972,0.263156289538307,11,D06_px-1055_py-0118,0.4907390492880155,0.263156289538307,2.8197568421825316,1.845156960852175,1.8096583468603176,1.924066992983961
183.1417505612237,274.10119082424984,228.75036398226723,0.7527375080139711,2.210000804149616,0.3747853483183005,11,D06_px-1055_py-0118,0.4867260014797738,0.3747853483183005,1.3706776215244445,1.8401112245604376,1.8502883193699833,1.3376840764375462
-123.06574941996465,281.23096837254514,219.98194006254667,0.7367006358583885,18.647628228342683,1.3763084153437206,14,D06_px-1055_py-0118,0.47635643363251284,1.3763084153437206,1.319302480165133,1.76015378181071,2.2790896833727494,2.6188260273125783
-72.18973504282242,295.7732473005208,216.30580930922105,0.7409811671051718,22.469763579905702,1.2032076857155531,14,D06_px-1055_py-0118,0.4791242588514966,1.2032076857155531,1.7344737327194437,2.5386422768859704,2.060378141927724,1.3620671375264348
22.07012783198278,315.105949590475,225.96281565680528,0.7375724527917447,10.331331412112206,0.8938906501835772,13,D06_px-1055_py-0118,0.47692015732832593,0.8938906501835772,2.6957221754595047,1.926437704583642,1.5417992467935127,1.3770452288106831
30.32812293464093,-315.3355627665997,218.3696954179048,0.7560493979104788,15.500814094213297,-2.0818934728529706,4,D06_px-1055_py-0118,0.48886749557234466,2.0818934728529706,2.5401157203136333,1.54294787156295,2.223717079018545,1.9165667271590734
-4.376663710927372,-304.7114986516082,219.3790299976885,0.7344290090497697,20.069879370746605,-2.192138174433774,3,D06_px-1055_py-0118,0.47488758184601093,2.192138174433774,3.053468528817993,1.3767504720666395,2.1899927388538796,2.7178232447872688
-122.6330608450114,-298.2345283343104,221.4829194552116,0.7578428857357821,10.705576175873546,-2.5678971633737224,2,D06_px-1055_py-0118,0.49002717892626135,2.5678971633737224,2.492873886938998,1.6993887211097989,1.9697463542727585,1.9127107444092346
-16.14952044537159,-296.0339625081056,220.58174779784525,0.7180570318514817,22.739888924038496,-2.232274769530324,3,D06_px-1055_py-0118,0.4643013324387437,2.232274769530324,1.2432521807438586,3.075057730554582,2.576838430285304,2.309507244813793
-156.69540298205166,-293.38278543345456,223.2435468477174,0.7693574583401066,4.874602375928703,-2.6683289717849,2,D06_px-1055_py-0118,0.4974725922646218,2.6683289717849,1.8064771660424883,2.4606915872549378,0.7641195928930882,1.9048966775468616
119.0385190383403,-288.3507642023006,221.55640917174568,0.7411564630649388,15.305092886722264,-1.7862622304642253,5,D06_px-1055_py-0118,0.47923760659976816,1.7862622304642253,1.5793681041125094,1.68215441160952,2.375814178669861,2.3985650963637752
-157.18304412278923,-272.9443538270602,222.51311241247845,0.7437980177666151,13.276145835276624,-2.7002708166205456,2,D06_px-1055_py-0118,0.48094565667558975,2.7002708166205456,1.665107213420574,2.2590933328707354,2.0026222259267517,2.422627563662685
107.59973931728592,-273.58692213562307,221.3172447443662,0.7122359253876893,23.24528342565435,-1.8030649760498547,5,D06_px-1055_py-0118,0.4605373591503857,1.8030649760498547,2.235896014408474,1.9137848160110353,2.3033403999956983,2.323959183086715
-19.62660904810981,-275.06538414805743,225.0036543558625,0.6726891906925847,27.97020116476148,-2.249007660244651,3,D06_px-1055_py-0118,0.4349661290139801,2.249007660244651,2.2455342430488043,2.1128527975932636,2.4079967956458557,2.9198154613024743
11.665330272168584,-264.816746690588,223.5566127128481,0.6566256775416637,33.39560431230154,-2.1337537420224235,4,D06_px-1055_py-0118,0.4245793348893004,2.1337537420224235,2.3426115831826575,1.5820060860755736,1.389041808658098,2.251346221513926
134.93419859839133,-267.9540881680197,212.14628380554305,0.7433280627579919,27.487946640829364,-1.7112746674687591,5,D06_px-1055_py-0118,0.4806417800655002,1.7112746674687591,1.2368285151462652,2.1498246658956752,2.87958806188327,2.7464495247809664
99.29026799972102,-258.98416763689767,219.05845435657065,0.6886147141451143,31.93610947180412,-1.8116755658459425,5,D06_px-1055_py-0118,0.44526369791282955,1.8116755658459425,2.2640649607379557,1.9205283596677554,2.0098507685101232,2.154516114545446
-172.24435125846583,-260.222805967582,220.51498259551187,0.7436767512021286,16.024784349640868,-2.7624788832826286,2,D06_px-1055_py-0118,0.4808672447598591,2.7624788832826286,2.04761206331822,1.9476807956424,1.5751363487763876,2.1112527231691245
64.16845280716285,-247.6029961791115,223.2905609070832,0.6400265179184482,37.254473536722,-1.9241960579871809,4,D06_px-1055_py-0118,0.41384618753671465,1.9241960579871809,1.8581432009700203,1.0531114172083091,1.8967523187159712,3.049577398512185
-227.20415534399788,-243.59139270334785,223.4720597352004,0.7695940131111797,4.485207356050012,-2.9283805237333973,1,D06_px-1055_py-0118,0.4976255504427776,2.9283805237333973,1.7276108857732284,1.300629254619107,2.1970209335911086,1.8429151515340538
78.5847204159683,-230.80934389972063,218.4074016345032,0.6277224014087215,45.79432187343599,-1.849611986761108,4,D06_px-1055_py-0118,0.40589024889042435,1.849611986761108,2.002995979485219,2.2589848216027075,1.0751881796089278,2.1172282358282715
108.73984458736878,-227.91265034535328,222.60703788418184,0.6353602116067183,39.064611210778025,-1.732605787414994,5,D06_px-1055_py-0118,0.41082891712225034,1.732605787414994,2.3669437487608427,1.8616379772635068,3.0319866991600937,1.9076113609732048
-225.85691392686044,-207.97002681612065,223.9381797067973,0.7279094574902539,15.686602433250073,-3.004381148980824,1,D06_px-1055_py-0118,0.47067198845758446,3.004381148980824,1.2425339438600005,1.7105126831091204,1.3817409302780783,2.0122466677827915
136.95756531581617,-207.3237166434311,217.8003838351637,0.6380704123576884,44.49380629092218,-1.593986641404998,5,D06_px-1055_py-0118,0.41258135427422316,1.593986641404998,2.5521731668286383,2.4335143537828356,1.2614072465751556,1.5726365702302856
-204.0872235062293,-201.05531624953264,222.59494062183447,0.6966462976908022,25.42823638226014,-2.970657439248092,1,D06_px-1055_py-0118,0.45045698309275556,2.970657439248092,1.9289168026237427,2.2229843560496096,1.2239106949212537,1.984508149045459
-155.9626698253495,-192.9345674909617,220.5875840493444,0.6312542098716291,42.398660531463975,-2.857600143669221,1,D06_px-1055_py-0118,0.4081739440601774,2.857600143669221,1.8948781836738928,1.3610342233087995,2.908622916232404,1.699416506011153
196.38446602393523,-195.21990805560176,222.3551478882648,0.6804885669939786,29.57024910309065,-1.3894038915342757,6,D06_px-1055_py-0118,0.4400092671608082,1.3894038915342757,2.725834502221617,2.5443149548009067,0.8846605431756485,2.07425359399934
-257.6514141773284,-193.8613022913507,223.4277875925839,0.7534402512545173,9.301264712496844,-3.1035259948933938,1,D06_px-1055_py-0118,0.4871804007941383,3.1035259948933938,1.9575182983694401,1.91765920306166,2.232721164136909,2.6334048415429834
230.2075456040968,-191.02323125451144,223.4014108424497,0.7162012143588565,19.47541189056,-1.2996212431524807,6,D06_px-1055_py-0118,0.46310134623100857,1.2996212431524807,1.33570091605298,2.37286960040481,1.957151691491756,1.0796086935518343
145.19984934098812,-192.46571009005592,222.94481700865776,0.6126780969274627,43.13215446909027,-1.5314523821758037,5,D06_px-1055_py-0118,0.3961624831191571,1.5314523821758037,2.1584111162739985,2.452970796094034,2.156958770791288,1.4670473477400041
164.98618846371116,-193.3352835746609,222.0813651661288,0.639585102518091,38.852994921352376,-1.4713296113966785,6,D06_px-1055_py-0118,0.41356076486211674,1.4713296113966785,1.6251473325592924,2.040726943952702,1.843948055751151,1.289174021724477
-168.48279670943987,-183.69346550124047,219.6423114148681,0.6355465998745021,42.71063589034503,-2.9200103483115147,1,D06_px-1055_py-0118,0.4109494372442521,2.9200103483115147,2.383046493088666,1.7023134320366085,2.2109128533090328,1.1474172696891838
-179.86855773321005,-183.03184695822696,224.67296454817904,0.6386342501074407,35.820760621717966,-2.9544575558235096,1,D06_px-1055_py-0118,0.4129459362041769,2.9544575558235096,1.6352086220200583,2.7059342035810268,1.4557695035575773,1.7907552031057266
157.37219744202784,-178.86751101458069,221.79241198486787,0.609523884152769,45.13917076774192,-1.4562193589678356,6,D06_px-1055_py-0118,0.3941229442954659,1.4562193589678356,2.531607961797242,1.8868166483993982,1.365646941140741,2.5249661460813293
253.92842821825857,-172.41230307937266,223.72955276200867,0.7282215993101775,15.882652208740067,-1.203458318578063,6,D06_px-1055_py-0118,0.4708738218168744,1.203458318578063,3.2799040534389876,1.7927791821524193,3.0996475701732438,1.686026751109697
243.7166709290545,-164.12371363886842,223.56892234435696,0.7069663557316356,21.604179921605635,-1.1996430521584551,6,D06_px-1055_py-0118,0.45713001390598934,1.1996430521584551,1.7586572887105598,1.6829237464794915,2.2417041833060605,1.4304405978158181
193.31656368610888,-155.76252445624172,219.5503632443884,0.6338311513018252,43.16927898730364,-1.2852095468952591,6,D06_px-1055_py-0118,0.4098402146857454,1.2852095468952591,2.3176988308510875,2.503538907447016,2.022413706489159,1.6903352945678576
209.8230268512264,-157.09723711211788,212.64836376184968,0.6754781936547496,43.16032603560194,-1.2496564797873515,6,D06_px-1055_py-0118,0.43676952029638255,1.2496564797873515,2.1579414032814817,0.9753570626865038,2.5390894399564514,2.0554836342359066
-203.75998929015893,-150.00279971236932,220.125950068406,0.6416620970998751,40.86497838035126,-3.11397861832692,1,D06_px-1055_py-0118,0.41490376591776257,3.11397861832692,1.711394284602933,1.950896392959915,1.739357218027624,2.4027922683145713
-207.696474918034,-121.48298594003606,222.32763888839224,0.6130492736668566,43.81560865018804,3.063860412430837,19,D06_px-1055_py-0118,0.3964024889223542,3.063860412430837,1.4659365244641793,2.3584775866535077,1.5463424907301122,2.2993967668276487
-290.1479115374032,-120.79040342221884,223.3678626755728,0.7408087342898207,12.945825683084763,2.929097143944156,19,D06_px-1055_py-0118,0.4790127624349554,2.929097143944156,1.2643507005049686,1.7707823695151448,2.1450903787664,2.0918922384280805
-274.29501491171897,-118.9729007751896,224.7391499165745,0.7129884216187931,18.53122590859914,2.9438638313680965,19,D06_px-1055_py-0118,0.4610239291403149,2.9438638313680965,2.907708100933858,2.3253010513407615,2.1448111258400395,2.4807327941854505
-230.9828864712974,-112.43077755954889,218.7897563404536,0.651895157438795,40.41430031505939,2.9876041562577726,19,D06_px-1055_py-0118,0.42152054333171773,2.9876041562577726,2.3108367176862936,1.4013914419224998,1.880901143580316,0.5221862713321608
-312.16594367941224,-103.80430002477178,225.2543943045821,0.7593903268294843,5.057796470477001,2.8556398061814705,19,D06_px-1055_py-0118,0.49102776652558316,2.8556398061814705,2.2853380834841626,2.121116095864442,1.2848823050011884,2.398460992911404
-317.6525539140334,-30.580983708883963,217.6529275105591,0.7613506094973886,14.97879989563279,2.630589142613725,18,D06_px-1055_py-0118,0.49229530073845446,2.630589142613725,1.153020109737425,1.2489031786950335,2.440963708676138,2.2055345531189126
231.89173831802628,-28.39877841079276,224.32657066552105,0.5950815472871812,44.75170823997354,-0.7288384182403581,8,D06_px-1055_py-0118,0.3847844155257782,0.7288384182403581,1.9686680888158765,1.6947648527223285,1.4182967071178472,1.7548834038205874
321.826458049531,-15.479623898991385,221.39234136326,0.7576367086775468,10.889740436586578,-0.6550417792683849,8,D06_px-1055_py-0118,0.489893863216491,0.6550417792683849,1.2856068442841535,1.1864527445317674,1.2351096399123391,2.123951709107603
-294.3600958837328,-4.993125711049602,222.99080718225804,0.7092118027150733,21.800126746271417,2.551574139810537,18,D06_px-1055_py-0118,0.4585819376113286,2.551574139810537,2.189156572542564,1.6607910027514057,2.4744877022086422,1.7169760890182881
308.2737373972828,-5.897840010074053,214.3049264513409,0.7519173715229379,22.2284630933238,-0.6261090257331006,8,D06_px-1055_py-0118,0.48619569476501817,0.6261090257331006,2.0768872617189484,1.046235804518616,1.4171967029277486,1.2275993609658644
-263.9989342494505,-0.4249140146992676,218.04889120073628,0.6667496810016627,38.17007554079174,2.536222649646626,18,D06_px-1055_py-0118,0.43112559526637895,2.536222649646626,2.0803841338782365,1.917431180090241,1.2169148329041923,1.2955044913782232
-272.18627387513914,11.811849497116867,221.48136838197644,0.6744724495526069,32.0702457312666,2.491244134458319,18,D06_px-1055_py-0118,0.43611919823837947,2.491244134458319,1.2501372918487281,2.376947586338959,1.842084462451047,1.7465289503765467
291.5593641133707,9.82743349243562,223.12107834958644,0.7044115636823022,22.83128821283668,-0.573285829951677,8,D06_px-1055_py-0118,0.45547806524454265,0.573285829951677,1.6818112615001564,2.282708121640008,2.8463692312495095,1.9724573126256484
270.49017837004976,47.302472269746936,220.30951936795884,0.6809077488681238,32.10584299159149,-0.4338533515907566,9,D06_px-1055_py-0118,0.44028031346223906,0.4338533515907566,2.273288874949644,2.2747698904035016,2.618895211737336,3.0175439908151276
-253.9680056640289,50.0848708487769,222.65104814106505,0.6471427974917537,36.56599444923984,2.339902292611898,17,D06_px-1055_py-0118,0.4184476299588755,2.339902292611898,1.7562101290102277,2.037791624228123,1.7844651004956487,1.4567760453665612
284.58948454790027,69.27024544986386,222.7587840350824,0.7071958516479944,22.612223738115176,-0.3682183502941492,9,D06_px-1055_py-0118,0.4572784077730891,0.3682183502941492,1.8187835924390812,1.873431529529548,2.0599783037912838,1.8525284831295
252.7712258605376,74.64558678022478,224.4797131791132,0.6518754192225997,33.26079450977943,-0.3198320574388938,9,D06_px-1055_py-0118,0.42150778044566145,0.3198320574388938,1.3102825842380632,2.1137344553121684,2.425112496427436,1.7303126420487915
293.820122588846,75.30614598339665,212.57628008187288,0.7477812396610506,25.714215924092628,-0.3560801474963052,9,D06_px-1055_py-0118,0.4835212393256432,0.3560801474963052,2.3941428569111305,1.4622027173422936,2.103548283028081,1.896918344305271
238.88410639179963,82.09142441588045,225.66797657185927,0.6289848808489586,36.56775866259403,-0.2759770038846508,9,D06_px-1055_py-0118,0.40670657804016785,0.2759770038846508,2.4575872868853894,1.775857881376588,2.240533799899202,1.5488225925333468
226.1898395164003,82.79694560859919,216.06551878376425,0.6270545554679334,48.81704315207645,-0.2560778271401173,9,D06_px-1055_py-0118,0.4054584144449456,0.2560778271401173,3.0951424942859345,1.0967558507503077,1.9879443393854923,1.7004634464106898
202.0387635623593,86.21301053546806,224.05707303184064,0.5673640908947452,49.95951330448412,-0.2036569956536701,9,D06_px-1055_py-0118,0.3668620899110036,0.2036569956536701,1.7399114664109068,2.0628855289432773,2.116518353963542,1.647195691023386
-249.16140788347727,85.70142290390663,217.82682450665385,0.6663035711803221,38.54991623753756,2.2033297336416906,17,D06_px-1055_py-0118,0.43083713714219857,2.2033297336416906,2.164866184470268,2.0050101071986184,1.4495053130098936,2.185553028726323
-305.713711911071,113.56082759308433,223.62819299133545,0.7586660471517914,7.511817548051397,2.1789484346367183,17,D06_px-1055_py-0118,0.49055944158133186,2.1789484346367183,1.9737576822188203,1.666975669857237,2.3123791517926366,1.780457217446006
186.7296370344368,113.19275940642596,222.6810553925297,0.5674547165239743,51.57592819805171,-0.0620244312634507,10,D06_px-1055_py-0118,0.36692068915665915,0.0620244312634507,2.836506510635119,2.9124741941869985,2.754883360153949,1.698580206629151
-257.3399315701011,124.47486012779048,208.56865736111325,0.7277575406836349,36.31134851777824,2.084091801472542,16,D06_px-1055_py-0118,0.4705737578538799,2.084091801472542,2.2743090920558666,1.6615576620892023,2.9074687515736275,1.7165144776218817
189.0486910617473,130.42320468645758,224.6330175170863,0.5865588951339217,45.92791496982272,-0.0030696330489804,10,D06_px-1055_py-0118,0.3792736015163852,0.0030696330489804,1.7048912425976912,1.898298244550648,2.0956042242346933,1.74904431515245
224.75458290235443,139.5352350469889,227.9934634373899,0.6461903346067781,30.07505908994233,-0.0513817684012488,10,D06_px-1055_py-0118,0.41783175995555233,0.0513817684012488,1.8675220361071114,1.91781585357343,1.224998499229304,1.313192173539119
221.60406700311088,136.79021044538803,217.62090523808024,0.6610831882430293,39.93974316055932,-0.0539560065421811,10,D06_px-1055_py-0118,0.42746159641756304,0.0539560065421811,1.9532269873956922,2.2816060956284048,1.9232068029640565,2.2368566126695173
-187.7268820687105,152.6146853480954,221.6420130970939,0.6170819399485341,43.88072838739981,1.8520187794081024,16,D06_px-1055_py-0118,0.39901004270263796,1.8520187794081024,1.9934791024893097,2.3272270429758333,2.3553131195813277,2.3014755758613576
-252.48745635990616,177.47806025308083,222.9819746851194,0.7326203337085468,15.704894931625631,1.9219312331871443,16,D06_px-1055_py-0118,0.47371807812467903,1.9219312331871443,2.0570319047180536,1.7430060975455037,1.9648824852628453,2.5130136449242686
180.99042822788243,170.96755015830047,201.0985645463017,0.6776252327001206,57.51538410250197,0.1499488408664202,10,D06_px-1055_py-0118,0.43815781265387593,0.1499488408664202,1.298172335256929,1.957845520557198,1.6048988095280519,1.7010427647598743
263.52683511830946,193.43123827019605,219.01537721660023,0.7702615228216856,10.493195696837518,0.0262089583487805,10,D06_px-1055_py-0118,0.49805716747910767,0.0262089583487805,2.00387811116034,1.606326693763839,3.209105806239033,2.282814169855793
-202.32543040490745,204.8731037124607,222.858985407951,0.6985505416849038,24.61983985448757,1.7429584523741166,15,D06_px-1055_py-0118,0.45168828225776775,1.7429584523741166,1.4723636475373547,1.7222807602107109,1.6725687664103903,2.0563375394051144
-172.57480141137097,206.8011487724792,222.1392712805272,0.6674669376771054,32.805217885275624,1.6592410422951538,15,D06_px-1055_py-0118,0.43158937908205997,1.6592410422951538,1.9724653682917772,2.808123266129436,2.107078750789065,1.621039418954139
77.85790212782383,215.27533418977947,222.27707848060828,0.5899145232753605,48.15865945623926,0.616786592936401,12,D06_px-1055_py-0118,0.38144337710262477,0.616786592936401,2.531774247679634,1.9406742700680937,3.0279816603530367,2.0430459953407656
-148.6034911783416,222.1645335749108,221.5294086665454,0.6650614411136817,34.11465190758764,1.5533566033670136,15,D06_px-1055_py-0118,0.43003396605770083,1.5533566033670136,1.9273834747832188,1.6456405106344851,1.8286168420784583,2.2750335833621422
-86.11502374225937,225.56350421936853,219.64982080511288,0.6203856729517048,45.6891692435546,1.3285159212971314,14,D06_px-1055_py-0118,0.40114626248373086,1.3285159212971314,1.4709551403115269,1.486677640513647,2.3201370087467503,1.4123644337224912
69.12235964005146,230.65936903060447,219.6617046341321,0.6190871709615156,45.92457337241132,0.6726601287420996,12,D06_px-1055_py-0118,0.40030664086946344,0.6726601287420996,2.185696626110497,2.38949332638834,2.195204263197513,1.9051269939475421
-63.359759077211926,222.99034425830348,213.5747627201088,0.6144205227554532,54.264909407245625,1.240657401191125,14,D06_px-1055_py-0118,0.39728914938343096,1.240657401191125,2.1687073514201654,2.6060559128016973,1.3804281777798937,1.8259727892004487
-16.955046471783206,234.0997904213775,219.8218310530929,0.6067095253112618,48.06728230793112,1.0361171284492707,13,D06_px-1055_py-0118,0.3923031577017697,1.0361171284492707,2.412598589218092,2.729625625111692,1.8118548579518146,2.0751300043959513
99.81790143182452,238.67484925404125,214.5265698622278,0.6648238263010798,43.064952032091526,0.5677053301810505,12,D06_px-1055_py-0118,0.4298803224483433,0.5677053301810505,2.9316632613713693,1.9609578109393038,1.401657349421539,1.4770720624704279
217.4661889184401,240.91737137894728,219.1474372747635,0.7663587945002639,11.458625664429633,0.2295346752538821,11,D06_px-1055_py-0118,0.49553363260735767,0.2295346752538821,2.0571902668875923,2.302397479352936,0.8799279128748452,2.9213667655048416
-107.95366660922258,267.4894490245891,218.2986818253041,0.7096307178590507,27.87964970390232,1.347406447383927,14,D06_px-1055_py-0118,0.4588528114429321,1.347406447383927,1.9288811588463788,2.285719367206052,2.3524890783077703,1.2734208149588802
101.48667437868136,274.36104368866484,217.20299296230783,0.7190687437292964,26.97114155409406,0.6095231561428635,12,D06_px-1055_py-0118,0.4649555133075004,0.6095231561428635,2.990995658737693,2.3716246008069723,0.893509845408887,0.9863352850642969
-28.707638192980152,279.95721249875555,221.5662322000674,0.6901605162013819,28.322350574574216,1.066002579769937,13,D06_px-1055_py-0118,0.4462632256976365,1.066002579769937,2.0269496654486066,2.636315589390181,2.2380148630201395,0.8171231955696618
128.74361100119427,292.33887981661,219.84750152343705,0.7568277409924237,13.247576393892018,0.5489818159386958,12,D06_px-1055_py-0118,0.4893707783396058,0.5489818159386958,1.5427264293096177,1.9385126415045058,2.3623463146960626,2.6112669588351727
56.71585631674824,305.18897149128736,221.711013552408,0.7383427455764178,15.866297666753042,0.7800744122919389,12,D06_px-1055_py-0118,0.4774182347099644,0.7800744122919389,1.4316502238313857,2.3234349874141937,2.52837699011339,2.3011628398869903
-103.97872363060068,308.0597408902634,226.7447909142465,0.7502424694198353,5.681504299531298,1.2893375985182782,14,D06_px-1055_py-0118,0.48511268987309497,1.2893375985182782,1.974875777062576,2.0024709556108196,2.0021029818792724,2.1906839631537602
-64.05984647764495,-307.31471730508594,221.30387884066465,0.7448525073150807,14.627126717505009,-2.3832833509208338,3,D06_px-1055_py-0118,0.48162749792311976,2.3832833509208338,2.198696783729736,1.929901439777522,1.6373751508233645,1.8187478609320775
48.21056950884029,-293.94720129702324,220.0754496513917,0.7215319894536265,22.520541218135747,-2.0152121968865844,4,D06_px-1055_py-0118,0.46654826739415217,2.0152121968865844,2.6161513259381457,1.9456146283121254,2.5912496464425754,2.8726317948630617
20.748149724726527,-277.5224516960147,220.7238642062709,0.6865452092240573,30.264650824217483,-2.1031526258358304,4,D06_px-1055_py-0118,0.4439255397308008,2.1031526258358304,2.3660679632778843,2.2180450739218722,2.363465005059275,1.7273707931040523
-129.53072064214027,-253.9685121249568,221.6765328189887,0.6962810136517051,26.71391523883944,-2.6494126103669213,2,D06_px-1055_py-0118,0.45022078755598316,2.6494126103669213,2.3319260354041003,1.048506678534004,2.610944069697968,2.6457627278985747
3.990944134425787,-250.91215344416665,222.1105723261148,0.6334290346029339,40.07333654923048,-2.1618714571444544,3,D06_px-1055_py-0118,0.40958020286104435,2.1618714571444544,1.5715244351486835,2.5792939042993908,1.856334160528301,1.7476264166760351
198.6020983198118,-249.61778321676823,219.85446912998952,0.7561135756311653,13.441744905436453,-1.5057084221340593,5,D06_px-1055_py-0118,0.4889089933920246,1.5057084221340593,2.1478338840570537,3.095383908811785,2.2159014093223544,2.214287027439151
48.45690413016052,-245.6139768916632,221.1658690927642,0.6343292355865134,41.06378795704876,-1.982988507804159,4,D06_px-1055_py-0118,0.4101622799072937,1.982988507804159,1.4930254108275545,3.015759080697071,2.126969411113012,1.8395956115967298
-183.3054996080618,-243.60088253445525,222.65419881352585,0.727261726675498,17.57843978291322,-2.822864133339541,1,D06_px-1055_py-0118,0.4702531606110312,2.822864133339541,1.6745553167494451,1.8302189793762789,1.1371790401419717,2.122974090391785
-208.12106097353544,-240.8097366467691,222.08427119791668,0.749977480829656,12.127433712015204,-2.890487791404065,1,D06_px-1055_py-0118,0.48494134616355133,2.890487791404065,1.616093234594241,1.9021502419847365,2.2516631779652365,2.0268910115289307
131.81590003790444,-226.0132048507093,222.24662200516485,0.6531732689731097,35.79247794499349,-1.6497843935056244,5,D06_px-1055_py-0118,0.422346980316615,1.6497843935056244,1.9895912874391564,1.8770320455681397,1.825391603860377,2.0937522926775403
-229.71073039687823,-224.7030961550571,221.600480700817,0.755833596506887,11.122150224725374,-2.9741935624864344,1,D06_px-1055_py-0118,0.48872795668506236,2.9741935624864344,2.350489073970256,2.0075391476092754,3.436604591671185,2.326920902148232
195.07949784652823,-221.4951555347659,215.8165388805578,0.726677103359879,26.882159467213057,-1.455704488187895,6,D06_px-1055_py-0118,0.46987513857047436,1.455704488187895,1.8574633837660603,2.4617684015987513,2.9728323645854813,2.304003233156636
-124.69538658307346,-217.13725258657925,219.78183417338,0.6374172319115909,42.15941230314616,-2.699061269761253,2,D06_px-1055_py-0118,0.41215900265312144,2.699061269761253,1.9466907152202664,1.9216265536079749,1.7534644175564456,2.5485426902306783
-195.6755666523757,-216.45777641421463,225.7190285106697,0.6988187133925459,20.818596349356028,-2.91279076110223,1,D06_px-1055_py-0118,0.45186168419613404,2.91279076110223,2.259634405184997,1.8589273855216237,1.5663414361397523,1.6589698827936648
-145.15328391743765,-215.12557586903864,215.42524313139856,0.6643099495582703,42.0332683250499,-2.771345138676032,2,D06_px-1055_py-0118,0.42954804569898736,2.771345138676032,2.274579944222253,2.1851536232068107,2.1606548899248867,2.280685905481172
-243.7815707557847,-211.39420930693,221.9792993507026,0.7570473982122145,10.251965246206908,-3.034207831658736,1,D06_px-1055_py-0118,0.48951281042801204,3.034207831658736,3.5995142792697195,1.4207269028397613,3.0226912717790224,2.6342008496571454
146.76302329484858,-214.41676535764407,225.3323246482543,0.6431975309061376,34.04258676139017,-1.5775451834744167,5,D06_px-1055_py-0118,0.41589658951045266,1.5775451834744167,1.5067559003874929,2.363582768179403,2.466973739717292,1.7053263527244242
90.92894664785273,-191.3776100910663,216.49943582634552,0.5665652664609948,59.05181290615678,-1.7342227263101235,5,D06_px-1055_py-0118,0.36634556374034755,1.7342227263101235,2.4267662185073013,2.59168225658755,2.023737872289101,1.5999767213729015
-179.6815812268892,-201.0937266842038,217.1964453083803,0.6790244583665493,36.537722675007785,-2.907000162410286,1,D06_px-1055_py-0118,0.43906256299053126,2.907000162410286,2.7675232334084816,2.318088478796164,2.1480485077622116,2.1650021890006643
221.4275031457207,-172.42929915378812,219.4108567387965,0.6936002794012194,30.305371259256106,-1.2686074682884103,6,D06_px-1055_py-0118,0.4484874036753109,1.2686074682884103,2.3358892659804456,1.6717336357276877,0.9225289244407902,2.4764358572764977
174.89901132130538,-166.47913729040218,218.7446331450665,0.6223820716379233,46.41710189363488,-1.3677183333710503,6,D06_px-1055_py-0118,0.40243714959850524,1.3677183333710503,0.7581248038457775,1.9499651863595235,1.8456292318145278,1.6928729815567274
-187.51229156346545,-162.73330193701196,216.8594367321373,0.6397646505155398,45.32523074399853,-3.033803810074335,1,D06_px-1055_py-0118,0.41367686201144377,3.033803810074335,1.941637071737047,2.640204074584601,2.1559029147853366,2.0452873450494895
-269.26800454001136,-148.47592468400282,224.22589787397035,0.7280279626958197,15.269490335310138,3.038534958893341,19,D06_px-1055_py-0118,0.4707486148568876,3.038534958893341,2.45107928616319,2.1862928765008194,1.8424947235527507,1.9509928610575038
-223.1041098964359,-145.40316930439815,222.44525323935144,0.6612791556709001,33.78480209419348,3.11220206418783,19,D06_px-1055_py-0118,0.42758831049992563,3.11220206418783,2.447710364090056,2.5108192927200164,2.380763498397278,2.064292025827065
-240.332853268286,-133.90692650662774,223.93227269314963,0.6738747178559905,29.0691399227249,3.042946589257109,19,D06_px-1055_py-0118,0.435732700215424,3.042946589257109,1.8755527187873544,2.6021145429204307,2.1153624832927242,2.0262282914573433
274.5174343486194,-125.53762857872216,209.8599413759032,0.7517936785579992,28.34754203010141,-1.0358899591047004,7,D06_px-1055_py-0118,0.486115713919644,1.0358899591047004,2.03514310390517,1.4818137667299185,1.2279590766718265,2.162154847632331
228.0081330130698,-122.54228974361467,214.96588088227293,0.6641026666531613,42.66100410328539,-1.1001340768121437,7,D06_px-1055_py-0118,0.4294140149399184,1.1001340768121437,2.0125104922590937,1.5168379645023848,2.3930062717730194,2.1697540861726554
308.1061427739935,-100.41047029189984,219.08238129665853,0.7657445159496696,11.728580350112168,-0.9220213569556956,7,D06_px-1055_py-0118,0.49513643525829193,0.9220213569556956,2.491325928168684,1.246693646127826,1.5894188019789188,2.342422252703436
284.3254927656121,-93.81376163559052,221.2747058518248,0.7213747405613612,20.96398919061727,-0.925683794860468,7,D06_px-1055_py-0118,0.4664465890218716,0.925683794860468,1.4276760502151542,1.9620234307293725,1.603035619502724,1.6852301016230746
235.93681660664703,-92.34561639268604,222.2544376468936,0.6377068959512542,39.02329131949841,-0.9800500046609272,7,D06_px-1055_py-0118,0.412346301702653,0.9800500046609272,1.304556001266535,1.9273296789871672,1.8065222519917348,1.7996485831268614
216.70068901104645,-90.74318648473545,220.6312749609956,0.6054273703424586,47.32054106203077,-1.0035435941949151,7,D06_px-1055_py-0118,0.39147410620028483,1.0035435941949151,2.333816595094602,2.577006653275526,1.5626260508855077,2.4629316890840673
-219.0192538458279,-87.33183699531108,222.9966855127369,0.6021423716004619,45.057579070333816,2.9140332130865616,19,D06_px-1055_py-0118,0.38935000014002397,2.9140332130865616,1.2197514005285108,2.0443983572265743,1.429389327074166,2.025922433243589
-323.6058022212113,-85.13442020910841,222.1363713798472,0.7748551517003718,4.755976455914379,2.7918645802687645,18,D06_px-1055_py-0118,0.5010274440929355,2.7918645802687645,1.3534686566931098,1.7139163997509541,0.9815983930954315,2.010720789471475
307.93460241950135,-86.22205118007977,211.15593583606287,0.7775220680593895,19.34873614421537,-0.87998932654347,7,D06_px-1055_py-0118,0.5027518932161504,0.87998932654347,1.3589206315273512,1.5599091964254785,2.130266872753113,1.5658036099620993
253.21900456185244,-75.83184154677934,219.0202374322608,0.6651985136213272,37.27348910914179,-0.897951271736215,7,D06_px-1055_py-0118,0.4301225982207707,0.897951271736215,2.913677209967794,2.208707847624046,2.036101235632181,1.803548124002445
260.6026657297915,-60.35502615832351,222.35070473248447,0.6636602619363714,33.38080648662395,-0.8345649927095682,7,D06_px-1055_py-0118,0.429127952565523,0.8345649927095682,1.594652120407472,1.8184220331044578,1.56862417310211,2.701792983323773
-263.05240635177023,-61.09162457234351,221.13437316190016,0.6709438548152563,33.309318543267864,2.7628091272803457,18,D06_px-1055_py-0118,0.43383758108888393,2.7628091272803457,2.005502155673767,1.3312879795384984,1.5258425000905718,2.449550626713229
-280.2865920630257,-43.39675965467887,222.49878434773973,0.6919238607040422,26.691927000275257,2.6882233593635227,18,D06_px-1055_py-0118,0.4474034181417139,2.6882233593635227,1.5814315695600296,3.2098478431944275,1.9418214651839827,1.9874650621589343
-334.2295684211562,-41.99688279442896,221.1837886524931,0.7803401668778329,4.41299284069396,2.6596108264463263,18,D06_px-1055_py-0118,0.5045740981083908,2.6596108264463263,1.9654146110643294,1.6929899690257662,2.5692503383728162,2.1019153583590127
232.2696646638297,-40.095533610283816,218.9239817156772,0.6106078217309405,48.4352100151304,-0.7779197736251213,8,D06_px-1055_py-0118,0.3948238268709457,0.7779197736251213,2.2706048464389434,1.3295410792768054,1.953143284255684,2.1798053857922453
-220.3255747542731,-44.75175876494876,211.3048027359824,0.6050582833273135,58.72865464405169,2.7350035087196902,18,D06_px-1055_py-0118,0.3912354516292463,2.7350035087196902,1.5013487077886967,2.2618164718474425,1.8017361939603536,1.829509895827047
-253.1915839250321,-37.217609697466266,221.52550297451623,0.644075487359929,38.61762673302047,2.6805617961559176,18,D06_px-1055_py-0118,0.416464283068536,2.6805617961559176,1.3991068128128559,2.314049531820489,1.8275637197693664,1.9213300106965958
232.04065067905563,16.88993004912714,215.81954577517456,0.6111977619760176,52.11549898803247,-0.5343190054241836,8,D06_px-1055_py-0118,0.3952052868799679,0.5343190054241836,1.987583758373058,2.3251040873265802,2.2074269962136226,1.3619429110537455
-265.7826882376529,26.323921790955094,220.97706220651384,0.665910994589084,34.62926773798836,2.4358920574416043,17,D06_px-1055_py-0118,0.43058329402624695,2.4358920574416043,1.9992593176219264,2.188555807311503,1.5624775441542598,2.0065337919150306
299.2571110999454,46.19823789071199,222.7455762597052,0.7236885493114514,18.399487319735726,-0.4538122507843147,9,D06_px-1055_py-0118,0.46794271598396714,0.4538122507843147,2.4691554989082007,2.0154373794145837,1.5649450512011631,0.3603755266481532
213.6270639502385,52.68469287253354,222.6382072239747,0.5709988004608403,51.02732638967143,-0.3651846265894021,9,D06_px-1055_py-0118,0.3692123217445592,0.3651846265894021,2.650119181475726,2.226351976615943,1.0915771368440699,2.0738706870796353
245.3744869132493,59.42958113493869,222.5436600283489,0.6353912738234482,39.137022130320645,-0.3693558709575619,9,D06_px-1055_py-0118,0.41084900219624365,0.3693558709575619,2.3904817461784615,2.6682138497966883,1.6438602410164909,2.274764058269326
326.1996627861598,74.62010726748207,224.185543355777,0.7702783409033904,3.284587558877945,-0.3820930295600964,9,D06_px-1055_py-0118,0.49806804218320255,0.3820930295600964,2.6143379029365192,1.929636440498716,1.713478090917437,2.327739900071727
282.201123618285,93.3812332327401,221.6057462508712,0.7170572248346649,21.63681021815881,-0.2874177586423114,9,D06_px-1055_py-0118,0.4636548493468747,0.2874177586423114,0.9581765887358686,2.343832923743874,2.511327459542665,2.247356780399561
-216.57479757324003,99.64380826350968,210.1809790819456,0.6352992796511403,54.51516461498795,2.1034004459371647,16,D06_px-1055_py-0118,0.4107895180398543,2.1034004459371647,2.3832131510885595,1.888583143384607,2.27110738181057,2.2104819348034144
249.33436765313428,169.70759335201302,219.164667025208,0.7297766822376344,21.590738719753915,-0.0093635873983245,10,D06_px-1055_py-0118,0.47187935068609144,0.0093635873983245,3.4098033219412125,1.5738700432983381,2.355569000192739,1.6406392832083114
-281.2765525488586,177.6937956927201,221.2833594740349,0.7739114637062303,6.235551903459509,1.9711813679444796,16,D06_px-1055_py-0118,0.5004172480031395,1.9711813679444796,1.9426893615755887,2.562372257892421,2.239066333829133,3.118680982926788
140.89112109163744,178.54337548728057,223.1498041325127,0.5851060733646132,47.9669685417669,0.2957488436191268,11,D06_px-1055_py-0118,0.378334195517468,0.2957488436191268,1.5066383729538346,2.8153460138654367,2.112387432623275,1.4363202879552412
121.40405328031804,199.7972073962504,221.7290006817783,0.6008310707367316,46.837827406735016,0.4178012158537069,11,D06_px-1055_py-0118,0.3885021026733169,0.4178012158537069,3.132806448396716,1.8100424735838003,2.0415045709516555,2.258030575153299
93.52324636474096,205.5479345795756,222.6831737293028,0.5827934915703062,48.934612170360026,0.5368169420653864,12,D06_px-1055_py-0118,0.3768388619146458,0.5368169420653864,1.4276432362935343,2.4007563970759334,1.9782207194418044,2.22768949377531
-234.60052902808525,207.13797806334608,219.4606859531827,0.7474931539619447,16.404616396869756,1.811304296929645,15,D06_px-1055_py-0118,0.48333496084354755,1.811304296929645,1.6727800610377008,1.665138673072487,2.749539987095412,1.913596216947692
201.559083345748,215.72365262507543,220.2972002587516,0.7166189836964199,23.4844778802318,0.2123503796374578,11,D06_px-1055_py-0118,0.46337147917516003,0.2123503796374578,3.0114007271600443,1.960469799941738,1.0969532212603106,2.238402895198117
217.7535929948072,227.35044002691453,216.1957314767284,0.7579118933409277,17.965550841852917,0.199976199302105,11,D06_px-1055_py-0118,0.49007179978727416,0.199976199302105,1.7001707417553313,0.9151270060837242,1.8854415933525026,2.222487134521994
235.4604934613883,230.2757478448121,222.3744696759139,0.7663838288277726,6.97193903860159,0.1672867268681198,11,D06_px-1055_py-0118,0.4955498200007031,0.1672867268681198,1.0688240404029172,2.0987203703945503,2.2229578414941717,1.5171459841677533
-226.0864682166377,234.4130692159996,222.62681001926592,0.7602197711983414,8.438777666995918,1.7311352578405463,15,D06_px-1055_py-0118,0.49156409178745153,1.7311352578405463,2.729873098624446,2.4200683899031676,2.561225633823703,2.241926259406763
35.79010780727519,235.4817058027649,220.07329866114048,0.6130690533083342,46.56812751466271,0.8129843482142204,12,D06_px-1055_py-0118,0.3964152785943243,0.8129843482142204,1.858681801349124,2.0342264403766936,1.6388195891365096,1.8092960942087992
-57.45638994832417,243.0770902506088,221.4793231658967,0.6325602667223228,41.03162211851139,1.1959276656717308,14,D06_px-1055_py-0118,0.4090184507067515,1.1959276656717308,1.139260042708926,2.2612354019023,2.3797317946580208,2.313744738552711
-93.52132806652357,241.6523064005736,222.50407588616903,0.6479404680250241,36.58190564079303,1.3330730731153926,14,D06_px-1055_py-0118,0.4189634100083928,1.3330730731153926,2.2237635416729375,2.377347327236439,0.9263936085902782,2.299292938958991
-28.893649457921285,248.09552549733368,217.1772961350575,0.6419346534202286,44.49049889201689,1.0797562934226432,13,D06_px-1055_py-0118,0.41508000298124265,1.0797562934226432,2.15244026494186,1.7681640107745051,2.5928726752804745,1.3619594102958703
206.90182656760936,251.34610749993263,218.09741654398408,0.7702971297332086,11.761678127407263,0.2751036420264313,11,D06_px-1055_py-0118,0.49808019118854974,0.2751036420264313,1.4779562144495602,2.1536965129013237,1.6017553971620166,2.6238313435820144
-186.7792032279014,257.61518909945465,221.2491067028705,0.7517296285623046,12.77401481887955,1.5911458282119906,15,D06_px-1055_py-0118,0.48607429868794993,1.5911458282119906,1.2781563412288557,1.825341571440681,2.203326862656289,2.697847504130255
188.509323123316,258.092476014442,222.1965315174138,0.751794157731069,11.458726256908392,0.3329817354241949,11,D06_px-1055_py-0118,0.486116023756725,0.3329817354241949,2.375360546051767,1.7802808607374716,2.28635076752581,1.7540582408164813
-135.5831365831175,271.9586392417582,220.9645105645136,0.7294426037956383,19.264442320333444,1.4262983035463137,14,D06_px-1055_py-0118,0.47166333293418966,1.4262983035463137,2.3302989959954,2.2014380677199017,0.9735135622791806,1.6428512649449958
66.43420311937331,275.0730762805698,221.48858907987992,0.6930421660063242,27.7368801143013,0.726840062420755,12,D06_px-1055_py-0118,0.4481265231582946,0.726840062420755,1.9503031622095215,1.6017987992382556,2.3061328924480686,1.8637297534977955
46.91539595392844,281.1998010044826,217.89868500344656,0.7047402557616932,29.604970018685947,0.7984994004481073,12,D06_px-1055_py-0118,0.45569060013195933,0.7984994004481073,2.1041465149484924,2.487154516123443,2.427913380592491,1.9560362659930504
-156.00314233964102,284.09067595753027,223.2620917748008,0.7563846303648332,8.679299232155813,1.4659929756996566,14,D06_px-1055_py-0118,0.48908425951772677,1.4659929756996566,3.28810647728558,1.2062063290489302,2.6195447830245806,1.7474260722836628
67.50288170773781,292.26567130889737,221.07808841848777,0.7227375578908641,20.87224454132752,0.7368329256109639,12,D06_px-1055_py-0118,0.46732779744110714,0.7368329256109639,1.6288577642854432,2.566946442383454,2.625535767903432,1.6530625110491723
-86.76514133049287,305.06501382158376,219.3981810436699,0.7542917831400094,14.585685947908871,1.240915044455397,14,D06_px-1055_py-0118,0.48773100801823116,1.240915044455397,2.429013719324506,2.377287376045473,1.6585000904307945,1.718827013024885
-46.16930077590015,308.3634540295559,220.50996613899048,0.74326716979469,16.1444132167627,1.1124364592202545,13,D06_px-1055_py-0118,0.48060240619581696,1.1124364592202545,1.5536455722303129,1.8728100014697069,1.9611697285626604,1.8920726326113182
42.203317721467606,311.1314213172193,214.8284175630821,0.759763879749338,19.32828274676433,0.8289949939640336,13,D06_px-1055_py-0118,0.4912693087857812,0.8289949939640336,2.5955218520878915,1.8063740634090961,2.4986696369915684,1.825572354642954
-72.87011176063865,309.804982540385,220.3363249422043,0.753883746845153,13.414217323428204,1.194830452888915,14,D06_px-1055_py-0118,0.48746716853615446,1.194830452888915,1.7853986341425756,2.8087187881956694,2.3386115309213924,2.246271714860398
-26.959194938879047,-310.54323439904186,218.0567444196857,0.7487006617872277,17.985543582967523,-2.264371767287421,3,D06_px-1055_py-0118,0.4841157449140879,2.264371767287421,2.6606359249621603,1.9830753300482376,2.745543737467566,2.464105190865716
16.773255054368363,-299.8977361322092,219.24188374832727,0.727549975431404,22.07115389888389,-2.1219041530244644,4,D06_px-1055_py-0118,0.47043954452693804,2.1219041530244644,1.453836263540092,1.580800372202476,2.768938347674726,1.767750084778985
-114.40425944420028,-280.5813171962426,221.1640180299132,0.7275643929979514,19.493544921414586,-2.5649368916339657,2,D06_px-1055_py-0118,0.4704488670390249,2.5649368916339657,2.7949757367975927,1.959531294125494,1.77682691828966,1.5344021912897037
-127.0639717969049,-271.29389373860926,220.3324588615576,0.7237781437746696,21.596408776801866,-2.6157949354560603,2,D06_px-1055_py-0118,0.4680006484695583,2.6157949354560603,1.8873800105407823,1.93131857709351,2.312004584963055,1.3539872391665981
-41.25995356949444,-268.9611561152984,213.6900597308457,0.6914005947337132,38.25176192344878,-2.3299940863555526,3,D06_px-1055_py-0118,0.4470650702438914,2.3299940863555526,2.1152349021196306,2.3162824415355896,2.330335389222156,1.6527453507822683
-198.97217962756503,-270.6242448978867,216.0989477704573,0.7905420641216743,8.449592725432012,-2.811759636880044,1,D06_px-1055_py-0118,0.5111707252196178,2.811759636880044,1.9366685096648124,1.9936247462860819,2.0251574916898276,2.497902813602315
-69.64860676686499,-266.0400343959683,220.8739570475764,0.6803874319089405,31.499152945937965,-2.433826829753218,3,D06_px-1055_py-0118,0.43994387241825067,2.433826829753218,1.5744961783603515,0.9318942544360307,2.6578730537240682,1.766572928739504
-100.63593270052364,-264.0431284447975,220.74003303456607,0.6939921975212013,28.483218130795024,-2.5419138010016504,2,D06_px-1055_py-0118,0.44874082101856194,2.5419138010016504,1.8278206554611895,2.504710614672213,0.9640508677615938,1.980271294563698
-28.996430441710046,-258.0409509300789,213.8115295395,0.6682424254837198,43.24193729999803,-2.2896778553043187,3,D06_px-1055_py-0118,0.43209081560580326,2.2896778553043187,1.6998622182394074,1.7109780269561607,2.135706611053145,1.5727873499895668
-115.49795734781092,-250.95129571957585,214.82625196254824,0.6962289361695059,35.65466057895594,-2.6091131038375446,2,D06_px-1055_py-0118,0.45018711384581445,2.6091131038375446,2.249666214788709,1.507481918698936,1.5896832079017655,2.7692779684081597
135.59675082938784,-243.1233691208804,222.8465272831441,0.6820035446524921,28.585702192595026,-1.669018683106286,5,D06_px-1055_py-0118,0.4409888636472447,1.669018683106286,1.6825481233766888,1.7334769246332427,2.3329084370873305,2.55069543220565
-169.7469414166662,-238.32686372421145,220.64118221513127,0.7114095336182706,24.34622880927565,-2.796672267202268,2,D06_px-1055_py-0118,0.46000300772335745,2.796672267202268,2.5893585387530464,2.1871939941131937,0.861202158264943,1.7592965381673924
205.7954782591968,-236.1104468928871,219.1472823771895,0.7486034097958334,16.52393302988594,-1.4608708888342083,6,D06_px-1055_py-0118,0.48405286101046496,1.4608708888342083,2.448424839257474,2.4251807372851646,1.7456990835328012,1.0790993194943042
-153.52323039687826,-229.8338435579044,221.3941633672272,0.6816974415088486,30.5274068403275,-2.76668359051556,2,D06_px-1055_py-0118,0.44079093494359994,2.76668359051556,2.601503845883935,1.634774525255995,1.8296294604405658,2.076279757413337
-87.84748355508641,-229.63983599079893,221.433372890717,0.6251609817900584,42.56230057540739,-2.5431445275401616,2,D06_px-1055_py-0118,0.40423401479044835,2.5431445275401616,1.6165075737563932,1.778906437366341,3.0126265352692574,2.4536895255286133
65.69216471652777,-221.72683211297408,221.1075606222934,0.5970582880191174,48.28062849296344,-1.88973979217118,4,D06_px-1055_py-0118,0.3860625916524814,1.88973979217118,1.2454478355514143,1.370421022478044,2.1187700908791607,2.0605820451998453
40.78569976115834,-209.52500734142373,216.66093560213525,0.5695899053859312,58.3642045052236,-1.9855221620722392,4,D06_px-1055_py-0118,0.3683013190922212,1.9855221620722392,1.283774150353819,1.8597824747517095,2.08798793166515,2.250362323141973
104.89549475382071,-212.35980225996923,218.7343839648929,0.6133015544414382,48.16141300344594,-1.718978550557206,5,D06_px-1055_py-0118,0.3965656156582416,1.718978550557206,1.768896476288541,1.220315772030208,2.39288149845681,1.6170182760022596
195.4704544561596,-207.61925612312925,220.62097264841773,0.6987405119369791,27.49640927252165,-1.4225077749887596,6,D06_px-1055_py-0118,0.4518111185190252,1.4225077749887596,2.618853614076018,1.7631710351390426,1.3398529028112363,2.914331005945701
247.11952251097185,-203.16942786457253,220.60491892777955,0.7558655113143548,12.481124130400872,-1.2950816761780994,6,D06_px-1055_py-0118,0.4887485930509421,1.2950816761780994,2.221020345467223,2.6153064646650925,2.5597955859047827,2.1174791203875296
181.29008571734192,-201.28166134853296,220.95627810120925,0.6728402384575115,33.1108882811198,-1.4445859640892458,6,D06_px-1055_py-0118,0.4350637976884816,1.4445859640892458,2.343667706528178,1.3966242425495023,1.9335319373874986,2.067158449824114
-144.86841751768853,-199.67707921522293,219.19849476560103,0.6315770607884399,44.05523331544623,-2.805420555119432,2,D06_px-1055_py-0118,0.4083827020058629,2.805420555119432,2.3084606531480607,0.6760348375965202,1.778110249716419,2.196748753129497
-283.0636709534245,-187.1084294466613,220.5845495192548,0.7853304752428752,3.711341446256085,3.1186906002355874,19,D06_px-1055_py-0118,0.5078008708024692,3.1186906002355874,1.6636175939673432,1.4749191893324873,1.841818849383876,1.3302814514985717
-185.2380780890909,-178.6675821291473,217.22898396014187,0.6562337618386944,41.467258943787385,-2.9812275529879027,1,D06_px-1055_py-0118,0.4243259191089088,2.9812275529879027,1.906041568979409,2.3406672601874168,1.8293509670481052,1.340501295577924
-275.57020808589004,-170.37342335158843,219.17782393070385,0.7654183779094224,11.69147283719417,3.088349396764396,19,D06_px-1055_py-0118,0.494925551832702,3.088349396764396,0.9242674619979112,1.4073955678116898,1.9606971379454383,2.2874185901582957
-288.3653544168355,-162.09383920566302,219.2402570728769,0.7756810026720123,8.560775871781175,3.0467083529287624,19,D06_px-1055_py-0118,0.5015614458358609,3.0467083529287624,2.4002166620425536,0.9670969401007656,1.5024027359126317,1.9054152748651092
-287.6633598099785,-99.0569525330039,224.5430756321373,0.7220528727342271,16.432853420996764,2.8662459251217887,19,D06_px-1055_py-0118,0.4668850746260295,2.8662459251217887,2.7508224746794765,1.734625139901769,0.6317770371967975,1.5230540754550779
-230.5776276621832,-79.45335571095168,220.6583766736396,0.6229772392445616,43.94562829294728,2.866454851165493,19,D06_px-1055_py-0118,0.40282198966068533,2.866454851165493,2.8014938449016378,2.235351390065401,1.3483213215057832,2.452744735132293
-300.2886465766475,-65.2000681567764,222.19761715633808,0.7322122000320529,16.869633125164285,2.7484191727874983,18,D06_px-1055_py-0118,0.4734541756748685,2.7484191727874983,1.8123327218818135,2.112903863484221,1.8115787007031368,2.7981828928969406
314.87756785401325,-60.74198795831176,219.6078372834521,0.7593231029590336,12.862724322599774,-0.7975453866423078,8,D06_px-1055_py-0118,0.49098429904147334,0.7975453866423078,1.586355709798078,3.0835072624833377,1.7899059070259113,1.763136863963045
256.36020928259944,-23.522601398169364,219.46912930100493,0.6514212894485386,39.65945407040408,-0.6984793762056704,8,D06_px-1055_py-0118,0.4212141365568842,0.6984793762056704,1.655970004359721,1.903639037491782,3.375889126615905,2.133082672802402
337.1656378420908,-13.233933065770929,220.35987541458297,0.7830477234952825,4.737871615622282,-0.6462099330649306,8,D06_px-1055_py-0118,0.5063248255428032,0.6462099330649306,2.5941853522803453,1.9680279950846886,1.890604059795177,2.5556622772031083
-335.213736055374,-9.047097414973956,219.5725207310016,0.7817316629764979,6.253749798044339,2.561595613047899,18,D06_px-1055_py-0118,0.5054738504456495,2.561595613047899,2.419684020589567,2.067731887679998,2.882833226596059,1.4615050057146206
-322.5422637566332,0.4514416376603619,214.7816116811574,0.7733145843992237,15.501614000782638,2.5332134870612277,18,D06_px-1055_py-0118,0.5000313011420194,2.5332134870612277,2.5435782336034825,2.3562681895775737,2.0486796838164363,1.3991131989440684
-280.836870597676,-2.35941965793446,209.45321134277708,0.7168766393625169,37.80346917564469,2.543014312608717,18,D06_px-1055_py-0118,0.4635380813582356,2.543014312608717,2.7090198485784964,2.557064148571766,1.9028904222560157,1.3983263301220181
328.4699557140857,4.535951533339882,217.53809158097377,0.7760906157422058,10.822465808313382,-0.5931710749094036,8,D06_px-1055_py-0118,0.5018263048732897,0.5931710749094036,1.3016279780091518,2.2557693310171736,1.6864990536026772,1.5670120073170364
304.0613621162821,31.99228793540888,212.66703241655108,0.7515359515092147,24.57478705279965,-0.5021486890673464,8,D06_px-1055_py-0118,0.4859490655799605,0.5021486890673464,1.7162911815890176,1.4054219101231196,1.7520671177332208,1.071191488462472
-280.2929192212386,35.87806261122768,209.35103006512404,0.7201668686667543,37.1388597107628,2.4073033827624406,17,D06_px-1055_py-0118,0.4656655695412389,2.4073033827624406,2.057363964452426,2.057268177937571,1.6809389419129226,1.750075559618591
-242.6549486217585,43.26761125979898,218.323352270586,0.6330754598663442,44.84240467710731,2.3581583963345247,17,D06_px-1055_py-0118,0.40935157865149935,2.3581583963345247,2.6238256604766756,2.2174180812873168,2.2522760827809654,2.2021810420746397
-279.52745961053614,55.469966184524445,215.2661273330018,0.7105563912666498,31.651293998339327,2.3387161622581103,17,D06_px-1055_py-0118,0.4594513591591813,2.3387161622581103,2.423030752836919,1.7680026651588543,1.8220220983575004,2.0121339399681597
216.1292805569472,67.47020600200383,218.89481209616588,0.5919153098768818,51.87501589629892,-0.3043905745470388,9,D06_px-1055_py-0118,0.3827371014779945,0.3043905745470388,2.1964415424785395,2.016009861028545,1.7950639301234466,1.6479392309684506
-261.0876690730625,69.84840449387215,220.0154344646068,0.6738056881326319,34.097188394577074,2.273206243647437,17,D06_px-1055_py-0118,0.43568806505260044,2.273206243647437,1.959835070795264,1.2679967466384523,1.6900761014374828,1.6642315613321157
213.6715541948624,82.11240320045336,220.31946618740668,0.5939781702649045,49.78901629768996,-0.2400868922358446,9,D06_px-1055_py-0118,0.3840709632526288,0.2400868922358446,1.9149434108516206,1.826842960949488,2.792389074466093,3.030162244321044
-266.4706095110595,100.19637599510072,214.50824861098488,0.7117926438348963,32.34955280920343,2.1749547604433377,17,D06_px-1055_py-0118,0.46025072980692444,2.1749547604433377,1.8345139683718585,2.4508773179675956,2.723019197845048,1.7050716751019932
-307.8494459873079,98.1617578454574,219.70143419965933,0.7628925843887379,11.701982651771402,2.225942021519516,17,D06_px-1055_py-0118,0.4932923538482813,2.225942021519516,1.631506743583183,1.289827581837747,2.354068413509641,2.0390588573401627
197.4572865611377,109.58552815392244,220.8337757478812,0.5866401677155986,50.475326251214426,-0.1003183007562219,10,D06_px-1055_py-0118,0.3793261530078259,0.1003183007562219,1.9462840198244526,1.8341961627402392,1.688384273453154,1.9666438065325667
-250.7962699045217,137.81041635238782,219.70176991066413,0.7025375916648421,27.776566969448027,2.032160404437997,16,D06_px-1055_py-0118,0.45426634017805856,2.032160404437997,1.9764457569626819,2.032023249694073,2.688022761390678,1.5676068836231751
237.6353758098573,136.27399122924717,218.2997588177961,0.6842178848238074,33.93538761785271,-0.0863046124772338,10,D06_px-1055_py-0118,0.4424206734428585,0.0863046124772338,3.1494459377909823,2.4706839195564934,2.3768720483574812,1.8205299900932481
-209.7696245650636,140.30797192617183,220.25403934439944,0.6401473032909409,41.0155820638978,1.9450887819584524,16,D06_px-1055_py-0118,0.41392428830991207,1.9450887819584524,2.524083032043004,2.235559989555152,1.548430589428707,2.8296258902651523
-287.380471258534,142.30055242324335,217.92959098846603,0.7631531105293596,14.078089607601385,2.074841543629669,16,D06_px-1055_py-0118,0.49346081210279336,2.074841543629669,2.038572456895202,2.1221986712165997,2.388427854322009,0.9382071252319373
-179.6416474207607,173.0073421997092,221.01717926174783,0.6328480844901493,41.54679330302071,1.7680255119413806,15,D06_px-1055_py-0118,0.4092045559423716,1.7680255119413806,1.455858002152517,1.6008186824539816,2.4228110387244755,2.4540742114611565
241.32157979491552,194.5160023230428,211.36050607029105,0.7614480583917999,23.64401187838968,0.0714364055211145,10,D06_px-1055_py-0118,0.49235831196111896,0.0714364055211145,2.12086812549522,2.3682999797933437,2.139343805275759,0.9536752298412311
106.82230736055875,205.35923131216148,219.7431255829499,0.6003974260480418,49.32446509918225,0.4841614119437011,11,D06_px-1055_py-0118,0.38822170460208777,0.4841614119437011,1.9791759606010388,1.496842692965673,2.4398513766493988,1.6514165154040947
-52.60722577460464,221.0399252951813,221.0137634178472,0.5890873385582581,49.82601975745945,1.1974686615256886,14,D06_px-1055_py-0118,0.3809085129493787,1.1974686615256886,1.949267422872427,1.770403158580463,2.7627363352981718,1.4582896128522713
23.6418757451882,218.9012885891488,213.75327494713312,0.5899792241255082,58.40494707173417,0.8562313615995317,13,D06_px-1055_py-0118,0.3814852131819345,0.8562313615995317,0.7586235611207885,1.783940886989248,1.5770613297250269,2.255432384319266
96.646057299699,253.8471466756552,218.41751932246365,0.6798030828548344,34.79202433397006,0.6000360655671514,12,D06_px-1055_py-0118,0.4395660277173483,0.6000360655671514,1.1232013639375547,1.4097478571333344,1.7471003685138773,2.532708496643898
221.3234515253185,254.50843130489707,213.9147684582541,0.7976751533294709,9.339234642356132,0.2480468672870629,11,D06_px-1055_py-0118,0.5157830368838386,0.2480468672870629,1.1527996686556312,1.5857856335040421,1.172385089142224,1.704294699358595
-34.6707496605022,264.0851194754997,215.57077643957552,0.6766380582219574,39.15847969592454,1.094356481303421,13,D06_px-1055_py-0118,0.4375194978609982,1.094356481303421,1.9504575725085713,2.0638767702326026,1.970177510491288,1.956825111214937
156.22955498782378,270.2542626062439,219.82709917814003,0.7453897573490832,16.487604254048108,0.4396682016013654,11,D06_px-1055_py-0118,0.48197488802665645,0.4396682016013654,1.5720620709843702,2.272509118655135,2.5733877113822974,1.8043325672418198
159.50032190169028,281.3586452103592,210.7662931166117,0.784113727870205,17.95745275839471,0.448096280773599,11,D06_px-1055_py-0118,0.5070141123678147,0.448096280773599,1.9968728516122134,3.5134691872370842,2.087551281465349,2.159749400936155
-80.83114045062976,282.59362826528576,220.71152897377272,0.7134925711229508,23.728575610366136,1.242411211137222,14,D06_px-1055_py-0118,0.46134991618054383,1.242411211137222,1.9483300305913334,2.2946414444190912,2.0809478708848754,1.5291873360045434
-136.77761166778123,292.2016000545304,219.0880712805272,0.763529313925578,12.365862774738162,1.4016148208143595,14,D06_px-1055_py-0118,0.49370406818188467,1.4016148208143595,1.7074804236784755,2.3831188149030997,2.749476583594027,2.672894433027861
114.48888041004484,295.67977644946234,211.24061485932475,0.7730724308179918,20.51965948013651,0.5943884521801658,12,D06_px-1055_py-0118,0.4998747227291169,0.5943884521801658,2.0188452793810043,1.096134232542508,2.2867180676695544,1.7422151097719834
-0.0117084770400966,320.7279444499521,210.930964048607,0.7795380115347024,19.07529430660304,0.9638533009070974,13,D06_px-1055_py-0118,0.5040554181454941,0.9638533009070974,2.0526323038578784,2.194688568068166,2.626279237260208,1.9387825827992646
46.51195439334751,-329.23989995445385,222.2421474309593,0.7714582916040749,5.6372240278558365,-2.0374338524484585,4,D06_px-1055_py-0118,0.4988310075999288,2.0374338524484585,1.9634220775490951,2.689918202395684,2.202863188644768,1.2954736608981394
-135.4037391221075,-287.65412765461343,220.2728686777469,0.7535093902327527,13.60739572405896,-2.617724000942548,2,D06_px-1055_py-0118,0.48722510660202567,2.617724000942548,2.7304929882176867,1.6285943432822338,2.1534692049623834,2.198854278799831
-100.03289223262702,-286.9055280830325,213.83075902756275,0.7457137152072703,24.56079361278472,-2.513257692351186,2,D06_px-1055_py-0118,0.4821843617293544,2.513257692351186,1.648672926028371,2.2911682257994164,2.3985043194077535,1.474486095125454
157.04466379810074,-275.319795489816,217.51794377597344,0.7582680778069407,16.043985203576483,-1.6593992997276912,5,D06_px-1055_py-0118,0.49030211146841934,1.6593992997276912,0.9167133365162405,1.89664594172851,1.4454734451895532,2.4411886719491753
0.4975273715830588,-270.50927029577656,219.4297830898446,0.6755393334302267,34.45696976839332,-2.1759366358544634,3,D06_px-1055_py-0118,0.4368090537567622,2.1759366358544634,1.318727073460797,1.7098939836193328,1.7900687493313554,1.8239492193395295
116.37086925182048,-261.143816417211,216.9346974027397,0.7083348536358132,29.995359264881984,-1.758570430083934,5,D06_px-1055_py-0118,0.45801489542955154,1.758570430083934,1.7431827531707889,2.2794425847771436,2.8765356647167346,2.2028438485543544
-186.3042299551542,-258.04595679113964,218.4986179665456,0.7580834311020921,14.745865493642896,-2.803102227063881,2,D06_px-1055_py-0118,0.4901827174547286,2.803102227063881,2.4403809979409905,1.0201532449408677,1.8499716994008681,1.8097275712519978
161.22820565300745,-254.10712879040108,215.8239652240485,0.7363098888705911,24.36450034338788,-1.6123819967492017,5,D06_px-1055_py-0118,0.47610377355255656,1.6123819967492017,1.8819466838103842,1.92854045451036,2.2633244555867194,1.918833529978119
179.41432741995806,-253.9923537868795,217.9535970282916,0.7477475959815092,18.389447248977888,-1.5627829155496435,5,D06_px-1055_py-0118,0.48349948505746354,1.5627829155496435,1.7772497304474428,2.2088175257993847,2.3812433491157172,1.6932441800310802
-155.20416292474346,-248.5148562223956,219.85126203628155,0.7138597144275921,24.773913438083923,-2.736034750624742,2,D06_px-1055_py-0118,0.4615873139330613,2.736034750624742,3.4908546319658846,1.8437319946181558,1.8267653104694885,2.2450288435716867
18.010427433813096,-246.5241224327655,218.9336587742236,0.6330944687483531,44.08161132328462,-2.1048479578160797,4,D06_px-1055_py-0118,0.4093638699443263,2.1048479578160797,2.179904378670023,1.8685912828887168,1.8735849294186393,1.3281284636407904
-90.55739188756144,-247.65695091830628,220.7909778977195,0.6601250283983686,36.13176608329974,-2.528329975663108,2,D06_px-1055_py-0118,0.42684204271523646,2.528329975663108,2.52545371666997,2.6381412924055985,2.454584894234883,1.8865408460785267
-53.33436596833307,-244.3782360376475,220.3242527151263,0.6357342766859588,41.82532595072746,-2.392651716879104,3,D06_px-1055_py-0118,0.41107079054874174,2.392651716879104,1.8983071633116966,2.586274018846563,1.8946570221588463,2.3900190981069604
-141.28995643145126,-240.14615403876587,218.8614046138605,0.6912851202228438,31.56596301494256,-2.709585037124597,2,D06_px-1055_py-0118,0.44699040351564967,2.709585037124597,2.3846220366473063,2.130416854868144,2.00777786809176,3.0330800945137453
-8.471496770020813,-239.1087212697149,221.87330334803767,0.6113514529006706,44.69432182183539,-2.2131905218124226,3,D06_px-1055_py-0118,0.39530466464236674,2.2131905218124226,1.870575739792194,1.8926327346403469,1.12355705088969,1.3676486073302414
170.37452377946866,-238.80767769062524,214.78985245101063,0.7260068835069534,28.42691935955236,-1.5580877782523466,5,D06_px-1055_py-0118,0.4694417691347098,1.5580877782523466,2.655160200145467,1.8739774275057628,1.9324371663060278,1.436574253576608
158.12832615458572,-219.72655518054043,220.87667676742348,0.6726965878124661,33.2449973922233,-1.5539770211612272,5,D06_px-1055_py-0118,0.43497091204995747,1.5539770211612272,2.179975763083033,1.7920213710967632,2.3790953131669283,2.819401799424236
235.6278974512712,-220.41667169996177,216.07661021316056,0.7704788650320081,14.52423246938747,-1.3590353652634917,6,D06_px-1055_py-0118,0.498197702664158,1.3590353652634917,2.9421597141094677,2.482765731509875,2.1329646335740895,2.0929011764874472
161.65554053534476,-209.2817070956428,201.52890020151312,0.7061910056407933,50.766764124057545,-1.5200731981264657,5,D06_px-1055_py-0118,0.45662866643034894,1.5200731981264657,2.0382051337146834,2.131324684561199,2.6771938698639612,1.6759457201605876
256.2091430421142,-185.51147916351223,218.0281580719565,0.7560868079451001,15.959675759794322,-1.2336730671868057,6,D06_px-1055_py-0118,0.48889168519538406,1.2336730671868057,1.695337691152134,1.6758155227620233,2.6026482557061303,2.1673161210366336
-199.1945528688548,-181.7091477990358,220.8344540021704,0.6708287316857193,33.718003622654976,-3.0090468722114125,1,D06_px-1055_py-0118,0.43376314156657925,3.0090468722114125,1.2319875232804693,2.2616428938313984,1.740293477633688,1.7806884465523882
-250.94740801948475,-169.95665365328415,221.16193159002108,0.7276925340983604,19.46253764342731,3.1299137925301976,19,D06_px-1055_py-0118,0.4705317240838291,3.1299137925301976,1.3045870672850401,2.2258557198650637,1.424217031865159,2.5771068321608586
-205.55778926487125,-167.42969786637113,215.0452919573932,0.6755610758485585,40.070647223343656,-3.065043684851863,1,D06_px-1055_py-0118,0.4368231125757057,3.065043684851863,2.921656969663849,1.5265392283568735,2.2404899245801912,1.6213595858791532
274.26822707179235,-154.58530139743127,206.06199775565847,0.7819390025529417,25.23106285399677,-1.120225593349918,7,D06_px-1055_py-0118,0.50560791784885,1.120225593349918,1.5223953997160806,2.224577509123288,1.9362111313242272,1.2455052669519477
181.08203472356325,-151.18794122180338,220.5359843737233,0.6075520955132617,47.040817521176,-1.302649985334937,6,D06_px-1055_py-0118,0.3928479702307315,1.302649985334937,2.2943278649964487,1.9615222554093348,2.797880206798051,1.023792410080124
236.18724544105413,-149.92161479821232,215.42844795751373,0.7010461538136812,33.73140538068952,-1.1725646942791057,6,D06_px-1055_py-0118,0.45330196471646317,1.1725646942791057,1.5831716804040432,0.7076518166148931,2.0518779752800675,1.2388410495826638
-226.16655379626783,-126.5411539264924,220.5148401077516,0.6523459336722433,38.14871199910186,3.0447239856884205,19,D06_px-1055_py-0118,0.4218120187947211,3.0447239856884205,2.663897526876632,2.284242136234359,1.819129769143145,2.1941947426883486
-260.0543948845645,-112.2457192927889,223.6567192991752,0.6887138047804772,25.957161778260343,2.9420809554824725,19,D06_px-1055_py-0118,0.44532777069812424,2.9420809554824725,3.2729177861094185,1.82246123176676,2.484885958862026,1.5299515718498014
316.8395255801217,-73.8777443443036,214.99773872058904,0.7771265738656518,14.075278464840835,-0.836057374323273,7,D06_px-1055_py-0118,0.5024961635554427,0.836057374323273,1.945279564598621,1.686495618386952,1.635921991010485,1.0187809504931262
235.7310112858585,-72.49434115173506,214.8145838907893,0.6411019327789704,47.60718827945425,-0.9053301214739156,7,D06_px-1055_py-0118,0.4145415592558348,0.9053301214739156,1.9636532343073563,1.7370739827816946,2.3802020927391396,1.4390658605975162
275.91686510061663,-58.43373815714192,220.5017603756548,0.6935924449435634,28.88854524228799,-0.815676155437904,8,D06_px-1055_py-0118,0.4484823378532839,0.815676155437904,3.6965995542079764,1.6459437069035676,1.9857285580011506,1.9333552859306082
329.9977328338381,-58.39776974287308,222.59338580642304,0.774586067451827,4.1984132329103545,-0.7821303501750527,8,D06_px-1055_py-0118,0.5008534520984341,0.7821303501750527,1.50784975362024,2.259924800497118,3.0558397589398556,1.7303763514431605
-257.9725152007304,-49.11715046747741,220.50348930441424,0.6587550470155075,36.79201841075542,2.7227580489880765,18,D06_px-1055_py-0118,0.42595620196267314,2.7227580489880765,2.0708783448344024,1.2004524914580748,2.8475249421688367,2.0826584329637656
-260.337625720225,-11.708097068465996,220.57544188094124,0.6548893031184277,37.531203452852765,2.5795555814047897,18,D06_px-1055_py-0118,0.4234565815110036,2.5795555814047897,1.5891969859046648,1.6357473800544462,2.2522316134696485,1.4343832801762122
-251.64022663792008,12.681047670348477,218.1405816895401,0.6439946066142849,42.86716824034414,2.4842621519921786,18,D06_px-1055_py-0118,0.4164119849413602,2.4842621519921786,0.9983022296384294,1.3585234449259223,1.8262590836752635,1.89366870707267
254.36670270005257,16.88671095273898,219.90842751462384,0.6457411229800734,40.2950758555906,-0.5406895336794794,8,D06_px-1055_py-0118,0.4175412961795926,0.5406895336794794,1.8086984987480212,1.1839732757585817,2.463476027486444,1.8352274671867899
335.2875112911014,23.153649369239528,214.23342507421856,0.7951565458000999,9.671760556820516,-0.5380328847929848,8,D06_px-1055_py-0118,0.5141544854180004,0.5380328847929848,2.209858565307997,1.572937599416192,2.017255538515587,1.7562986868225232
-313.3799457036084,28.9638410099221,215.43476077824403,0.759523847079341,18.559681743901592,2.442450908238233,17,D06_px-1055_py-0118,0.49111410177078807,2.442450908238233,1.3987655473471743,1.0673851826311758,2.8122166152529746,2.4085988150648916
249.6012147809123,45.39709462953169,220.47605357021723,0.6421800763477944,40.32136481515391,-0.4270676443238713,9,D06_px-1055_py-0118,0.415238695379235,0.4270676443238713,2.253790952299802,2.643951169736251,2.001787740297069,3.467468651541976
306.7416706761231,68.8162201942576,219.77561288775493,0.749014631627648,15.5516409485424,-0.3862878080290781,9,D06_px-1055_py-0118,0.48431876028582915,0.3862878080290781,1.7396410659497206,2.8353473761246493,1.8350502960909343,1.2709743140902887
-300.159712093802,84.51038055011875,219.3713734999837,0.7458936866079028,16.968825072556285,2.2601664065723024,17,D06_px-1055_py-0118,0.4823007326545149,2.2601664065723024,1.9128127853785464,3.190967876690917,2.542106859764594,2.237126905640635
-229.3044752530872,86.48846890949008,216.5778134835197,0.6341698160900369,46.79144626214196,2.1739348540042074,17,D06_px-1055_py-0118,0.4100591980052337,2.1739348540042074,2.8922219654958052,1.4180149459792082,1.8312403143345093,2.039148258263526
210.68756341940207,96.99814250296508,217.58689730775336,0.6059370549545648,50.92957945917527,-0.1755201441271129,9,D06_px-1055_py-0118,0.3918036722849094,0.1755201441271129,2.4793646218191663,2.14208244872195,2.105499141995379,2.0154248270988395
282.038574830814,115.98901241183415,213.56872281063573,0.7481484423345265,24.26138320283076,-0.2168106898843256,9,D06_px-1055_py-0118,0.4837586754665168,0.2168106898843256,2.0397940384351507,1.707598663624644,2.484158740164951,2.052170060778133
261.5170858086554,119.99939066971224,214.52733346761545,0.7170210364249185,31.0368075128194,-0.1767831746852256,9,D06_px-1055_py-0118,0.4636314496361013,0.1767831746852256,0.8291582805477253,1.1273415777399973,1.9830280065685413,1.6926484021286823
-208.8094971269205,125.73634732457997,204.87067051924384,0.6582684104805074,56.65903680021813,1.9926082332668729,16,D06_px-1055_py-0118,0.42564153894623935,1.9926082332668729,1.7528128966346148,2.8118042046513096,1.715894207322524,1.04403577462283
-288.37641999060594,123.2545214500747,214.00603576140148,0.7610928318002388,20.089203743679832,2.1307042573162147,16,D06_px-1055_py-0118,0.49212861964913895,2.1307042573162147,2.1805820500811364,2.2848623377111617,1.3744659498802858,1.4684837464203873
-222.307774645776,128.1739043646747,221.09527106068657,0.6463197934218448,38.68821331783971,2.011606799110035,16,D06_px-1055_py-0118,0.41791546904503285,2.011606799110035,2.0059784708413644,2.1369538130092938,1.1968166965053513,1.5449419166729308
-236.94162637817044,131.7508900739399,218.9357472433425,0.6777186128535247,34.59859847536296,2.0271384824452374,16,D06_px-1055_py-0118,0.43821819299655856,2.0271384824452374,1.6175786581921676,2.6409034997685614,1.538816726738618,1.5702988692617947
182.41483986047567,139.04151129090417,207.3430723333804,0.6233856078581318,60.26591578238399,0.0443010249069802,10,D06_px-1055_py-0118,0.40308604402265974,0.0443010249069802,2.0206846201650404,1.623028464629755,1.5449383734839737,1.3982545091441447
-267.63761662736067,144.04940048105414,218.22946393043048,0.7357318160789117,21.27218383940476,2.040854724526731,16,D06_px-1055_py-0118,0.4757299871323731,2.040854724526731,1.8095594419823335,1.0188451462627703,1.6284767136195644,1.7139894002147826
212.8919805563816,148.54231942071866,214.2243661143541,0.6671670885190145,42.94729755232771,0.0022251015477041,10,D06_px-1055_py-0118,0.43139549425473184,0.0022251015477041,2.0061602438312525,2.2205484487797342,2.1413920269905375,1.0990240598455505
-199.03059816079767,157.2897352317472,216.73740820345068,0.6503709013208369,43.312569449993134,1.8658276871697264,16,D06_px-1055_py-0118,0.4205349473203242,1.8658276871697264,2.315353137883106,1.9909855466893644,2.2016751434123956,2.07309284226491
289.12097889895534,166.28370072539522,222.9234511628172,0.7714583348919445,4.686857007628703,-0.0850435249885628,10,D06_px-1055_py-0118,0.4988310355902063,0.0850435249885628,1.5493656925002528,1.8808690026524912,2.209840131230702,1.2748545636870647
-220.73240583845435,173.84038210581244,221.0778499263605,0.6904463720897318,28.88798511989728,1.867502677941295,16,D06_px-1055_py-0118,0.44644806236653467,1.867502677941295,1.564890239707243,2.0594472621067412,1.8639540201647737,2.2861990718903087
-266.85904147116173,177.77283726276323,219.18553017439865,0.7602343903711273,13.183231947485922,1.9469561312682504,16,D06_px-1055_py-0118,0.4915735446597201,1.9469561312682504,1.7239379851163772,2.124755744635871,2.547415472302501,2.346594919179396
-199.3274642729513,183.9184616049388,219.0350330355262,0.6776891612463368,34.47781149749329,1.7893998799431206,15,D06_px-1055_py-0118,0.43819914935538073,1.7893998799431206,1.5288900415636182,1.9523970910812314,2.4733429971179643,3.3550653563103774
-147.7355219449397,187.4915609347076,209.4389270502295,0.6376001607135162,54.994246053130325,1.6311719549655934,15,D06_px-1055_py-0118,0.41227728585725126,1.6311719549655934,2.012396476059141,2.4505885590041308,1.5163460809857539,1.7840629966510664
178.19438173385095,188.91769587556408,201.86989502018105,0.696428269692593,52.49720347905571,0.2076202475715189,11,D06_px-1055_py-0118,0.4503160044718562,0.2076202475715189,1.6410430579795408,1.9481062660369126,1.8414314220784664,2.0564526859592567
-250.26147998053847,195.39932085225124,218.76619726976423,0.7562738372508372,14.892175451169862,1.8717016539075515,16,D06_px-1055_py-0118,0.48901261981757543,1.8717016539075515,1.5212033305339046,3.2597718651489958,1.2589323787230517,1.8273496518205672
-164.85185167499142,198.8344872610556,218.1997291598476,0.6558093096702878,40.33199324164991,1.6560460737432503,15,D06_px-1055_py-0118,0.42405146499369806,1.6560460737432503,2.107684167794676,1.9821795108917142,2.7089289784169233,2.1900110196446216
85.6478420641029,198.0603144407964,214.28394968380903,0.5795707761130388,59.53714444057351,0.5556671019938183,12,D06_px-1055_py-0118,0.3747550287168536,0.5556671019938183,2.158814024440395,2.6899950024814077,2.112617623073527,2.014790559038662
174.40779229932087,223.5323370324372,220.4750733769632,0.696235777442671,28.29074606696838,0.3012443005189293,11,D06_px-1055_py-0118,0.450191537466927,0.3012443005189293,1.506997177918435,2.2198007893274454,2.614700223240794,1.9902418424745987
195.313961297512,230.67029635383344,218.51269748985,0.7323153529448613,21.79724931523117,0.2612279844259527,11,D06_px-1055_py-0118,0.47352087516075525,0.2612279844259527,2.192392217805929,1.9386145304085227,3.085668924739419,2.3554903716104243
-44.083106726878285,232.92279103819,217.7846675474005,0.6157566288583989,48.860985395452985,1.1508650052388445,13,D06_px-1055_py-0118,0.39815308611318856,1.1508650052388445,2.123600143244068,2.5272994535294924,2.321645313918304,2.8850811283558944
114.1800709283569,232.97637776083792,209.9944821675578,0.676619375190257,46.31452925649603,0.5081262231566451,12,D06_px-1055_py-0118,0.43750741726554726,0.5081262231566451,1.7643500106168855,2.206526992310045,1.3649813786613616,2.1599730269668065
153.60788373355655,244.30097993189943,220.4523828747301,0.7050005245107972,26.18861446801725,0.4025147083259942,11,D06_px-1055_py-0118,0.4558588919550887,0.4025147083259942,2.94212160613544,1.8363959042142277,1.4645370514469418,1.8027475471788277
74.14412713036172,259.1617078113404,210.82504059314385,0.6934097184570568,41.51444408774961,0.6851678355059924,12,D06_px-1055_py-0118,0.4483641854678973,0.6851678355059924,1.8955686071336526,2.752595191574142,2.306173549608996,1.2894328386720864
-130.02556798459224,265.8403070157043,200.96930209083283,0.7635080848308186,37.452865511714265,1.4187157727644286,14,D06_px-1055_py-0118,0.4936903412820062,1.4187157727644286,2.05165878251391,2.003465884540078,2.1790857663859655,1.3928336122569456
-115.96006427291286,303.2863364113223,215.64469725655263,0.7746405260365816,13.904712643303412,1.3290114601988554,14,D06_px-1055_py-0118,0.5008886654482694,1.3290114601988554,1.6985494724788508,1.956301927442535,1.8898537850254402,1.8715883749762652
11.199367900542692,-336.3797305285637,220.15158941878863,0.7822458526153417,5.279347884499032,-2.144494327230533,4,D06_px-1055_py-0118,0.5058063295160456,2.144494327230533,2.488560410187149,2.166240678798866,1.745867728314833,1.6914859751498637
2.1107725582602983,-322.81638759773057,218.1758514685243,0.7659134801884245,12.936956997796244,-2.171237335309761,3,D06_px-1055_py-0118,0.49524568886588644,2.171237335309761,1.7605634056792265,2.810808428297364,1.152984085620279,2.411218662906994
106.76182390958108,-315.2837901426272,220.3418186799284,0.7762921030772085,6.8327123378751935,-1.851273659496788,4,D06_px-1055_py-0118,0.5019565881710802,1.851273659496788,2.5070615068629847,0.8367314993072372,0.9204229341586991,2.154584522888096
100.23352467072458,-306.25416149744586,217.19361352617483,0.7672638012107584,13.907618228172794,-1.8614753084028663,4,D06_px-1055_py-0118,0.49611881707448163,1.8614753084028663,1.4001380834358284,1.6951839352708462,1.2286482190764245,1.6232347877285207
-136.4946104067472,-303.94316665417074,216.0557888089004,0.7865872836552376,9.730879286148593,-2.599863937006224,2,D06_px-1055_py-0118,0.5086135330209219,2.599863937006224,2.04338486773781,2.372842303612357,2.2882733266807245,2.418569672452802
34.614707824806686,-300.595919428224,218.50088687656424,0.7328852287284994,21.662455863557057,-2.063127221105357,4,D06_px-1055_py-0118,0.47388936133097703,2.063127221105357,1.917408381790774,1.9634060107978988,1.5785600093198036,1.3301347514300539
-14.95735365639033,-277.4024256551153,217.23835376640287,0.6934914850986389,33.156208886142,-2.2316430290763223,3,D06_px-1055_py-0118,0.4484170564223641,2.2316430290763223,2.583694191061327,2.7701924467521883,2.668588762766656,2.5755392519467293
173.63454274607062,-267.8659370823794,218.22288062862063,0.7601984556129425,14.52191002653086,-1.6026569565012114,5,D06_px-1055_py-0118,0.4915503089620444,1.6026569565012114,1.3639019246706154,2.9522261215112406,2.433875944865588,1.5990680459502524
25.36756210114197,-259.06346618383657,211.7511691629498,0.6741523400685991,44.597664642003,-2.0801667753172253,4,D06_px-1055_py-0118,0.4359122129247368,2.0801667753172253,2.691600543655645,2.340270739907898,1.7623775496292866,1.9341955566690312
-197.4110937706439,-247.0427240350028,218.45856713371228,0.754961818285939,15.686104908450716,-2.8519659339882573,1,D06_px-1055_py-0118,0.4881642580209973,2.8519659339882573,1.0541215165655826,2.995762866455758,1.6422068280475375,2.1271724019988376
112.19515597694514,-246.51948902820823,219.66099224272648,0.6756385020890245,34.13831706454431,-1.7506749719283017,5,D06_px-1055_py-0118,0.4368731769926245,1.7506749719283017,2.0203508102930208,3.0210015687248664,1.786517184507528,1.672776669478467
39.82165156398074,-241.32668475616185,206.54599854696144,0.6560059539740989,54.99656065930026,-2.014238152233628,4,D06_px-1055_py-0118,0.4241786167493748,2.014238152233628,1.5779099777549628,2.6338822436209544,1.3066441633260695,2.4022117069609195
-36.561811057250594,-239.92661012982964,217.3375002510308,0.627859805383514,47.08944173001044,-2.3289999264424384,3,D06_px-1055_py-0118,0.4059790953827623,2.3289999264424384,2.3012102585891903,3.279353472457111,2.5101057620818024,2.19505376744169
-99.47846348504798,-233.1998689583528,214.9987970149325,0.6539742234702917,44.75277055229986,-2.580984248716696,2,D06_px-1055_py-0118,0.42286488380306303,2.580984248716696,2.285604906174432,2.1810201516886147,1.6359922409998873,1.6630581678785141
-267.2250792483001,-213.46311677342547,217.74143823672404,0.7957822825094288,4.462935376109499,-3.074554872820272,1,D06_px-1055_py-0118,0.514559091702752,3.074554872820272,2.0729847082986033,2.276087078584607,2.6857723293052884,1.668537021100641
-125.84702419618112,-193.4979852172068,216.47925740335887,0.6060573957477778,52.25516047022632,-2.75441745840358,2,D06_px-1055_py-0118,0.391881485589643,2.75441745840358,2.637451999940346,1.1727945447059773,2.349079232916586,2.149003115537987
-138.27497716500366,-180.87541978098,221.86031157547404,0.5882579662932536,48.95556960783068,-2.8304776253692947,1,D06_px-1055_py-0118,0.38037223431042927,2.8304776253692947,1.833300775722869,1.7258172453726988,2.4662264433402656,2.1548459850100867
-230.9478011268284,-178.4167889963718,208.5849496803933,0.7380041238741891,33.70104335155821,-3.09079983221963,1,D06_px-1055_py-0118,0.4771992792502121,3.09079983221963,2.10078865228134,1.775149626242491,2.609755652345229,2.012684869501675
266.70341107922343,-139.93966868425525,218.1124881353052,0.7314723389433255,22.5574747353798,-1.0901924688912956,7,D06_px-1055_py-0118,0.4729757756675182,1.0901924688912956,1.3997846829300284,2.2595031282352127,2.211400015206966,1.3702687900905173
264.4993196069831,-118.81425821390332,220.9993797470754,0.7061321266260931,25.190555630843164,-1.0291716395542323,7,D06_px-1055_py-0118,0.45659059479569414,1.0291716395542323,2.541842145369742,3.1955406357341674,1.457237767067432,1.4489209287357983
-243.90792233371755,-51.38628371310924,220.3602652445828,0.6339956134242288,42.13107829824855,2.742255573622761,18,D06_px-1055_py-0118,0.4099465571894471,2.742255573622761,2.7858029030951794,2.076620603309984,2.101393896050044,1.7385043283650097
-323.9437225619632,-51.51843769114189,217.72521172045947,0.7749198953099056,10.910235978948435,2.692327473748406,18,D06_px-1055_py-0118,0.5010693078208012,2.692327473748406,2.0827285507060553,2.3946883754333914,2.0520007673926006,2.0917085371626145
-303.1216667629137,-34.57397677127408,218.290827982601,0.7374647365162029,20.72629970629123,2.648182056751063,18,D06_px-1055_py-0118,0.4768505071361533,2.648182056751063,1.5849676430337132,1.757079217203459,0.8743215863740996,1.6246847145868277
274.01974405156,-3.247844286439396,216.6572399649501,0.688103509743773,35.16394758823964,-0.6188315690675464,8,D06_px-1055_py-0118,0.4449331491205152,0.6188315690675464,1.4981730048869766,2.183478343998657,1.927074872407585,3.274067990924217
-297.3371909947043,30.816553980812472,216.4885921138605,0.7314472671360632,24.746114532858314,2.4313400675934305,17,D06_px-1055_py-0118,0.4729595640394689,2.4313400675934305,2.225018090268155,1.6004442943300063,2.021447676024883,1.1642277092668336
221.0466468959207,35.18608523081245,220.7978206294855,0.582623892961073,51.2222704228343,-0.4491244333053937,9,D06_px-1055_py-0118,0.3767291981181034,0.4491244333053937,1.9919580038358087,1.4234983294891461,1.5558109274492824,1.337495528312429
-267.4328550411226,44.29306325031645,216.89328604654887,0.6822432790066009,36.19992355240856,2.3704799606990603,17,D06_px-1055_py-0118,0.4411438777688348,2.3704799606990603,1.3891519648163542,1.5749075803456454,1.960067755629375,1.7694453786675979
230.18797913058137,47.647984946165096,219.45124463997868,0.6082081050667885,48.23995905739929,-0.4028662130221792,9,D06_px-1055_py-0118,0.39327215117497993,0.4028662130221792,1.8718995571339845,1.1302428700849863,1.7689924395609353,2.220120238767545
294.4373312111221,62.8722271172367,217.61135130083687,0.7324306996472171,22.97898801223107,-0.3966055214994168,9,D06_px-1055_py-0118,0.4735954592470055,0.3966055214994168,1.3805002852855437,1.8806043885262502,1.7426921893287586,1.3538820745275384
-313.31822227502937,71.97796701605013,216.4373192184214,0.7678268814069494,14.794885662121317,2.3088030879327497,17,D06_px-1055_py-0118,0.4964829091643359,2.3088030879327497,1.7599173420531802,2.0340085908423884,2.9697199651717066,2.0608483282899903
320.7192552096336,83.02822457156586,216.4433224220797,0.7828427489876473,10.326023489409865,-0.3536596028178571,9,D06_px-1055_py-0118,0.5061922874117225,0.3536596028178571,1.6597417937280956,1.2863616314010518,2.2963446245514167,2.003162312631945
286.5979768400965,157.09773845428336,217.5893378854082,0.7734237587438398,11.545604325365332,-0.1055603047692832,10,D06_px-1055_py-0118,0.5001018941331398,0.1055603047692832,1.0171258412867896,1.9202780439381675,2.611085228375881,1.5467225453831281
176.69493467007922,155.6114948034369,206.06289124576185,0.63880856261443,58.965801546645366,0.1150577796417536,10,D06_px-1055_py-0118,0.41305864804413644,0.1150577796417536,2.66943071599907,2.1572494561201085,2.1875883515354717,2.376775963965238
-239.9764816473592,159.37469818892134,217.31451734952805,0.7112232900596307,28.78424699601692,1.9483712807898412,16,D06_px-1055_py-0118,0.4598825811714279,1.9483712807898412,1.8686250716064643,2.2551493372058196,1.9531791164675574,1.8665118992935472
-227.13153982084648,159.05706992307134,218.11099852248992,0.6906036045572947,32.699477564994936,1.9236951410527028,16,D06_px-1055_py-0118,0.4465497301184734,1.9236951410527028,1.2174022477250663,2.9761569514412987,2.2783234417081832,2.0464638136600257
210.18517160873927,164.91235888103932,214.7458306683185,0.6799905512378601,39.47140480261481,0.0583035340369978,10,D06_px-1055_py-0118,0.43968724625037287,0.0583035340369978,1.2771063894528836,2.1845820379845304,1.8424657883167048,2.3139527228051513
-133.66794720761231,194.7751372986907,218.8765974921988,0.6117545515288156,48.278306013408326,1.5652670877601076,15,D06_px-1055_py-0118,0.3955653113902572,1.5652670877601076,2.800097255551765,2.7982123720763137,2.1340747018040442,2.2657100592755
224.9749557011556,197.46148083192705,220.6048441043064,0.7227754888204121,21.49339862172735,0.1133800425982346,10,D06_px-1055_py-0118,0.4673523238789088,0.1133800425982346,2.162264102641516,2.424364032661031,3.0459615231816133,1.1821450199995707
240.6649991965317,209.59533398017925,208.07875010524856,0.7838621276797285,21.827065504259394,0.1095240601921054,10,D06_px-1055_py-0118,0.5068514257029701,0.1095240601921054,2.3852900428212864,1.9450683244826243,1.85144500801304,1.169638376662376
55.42932916781086,214.62007530143828,216.7029355980646,0.5867616676055547,55.41445926872194,0.7110724857939573,12,D06_px-1055_py-0118,0.379404715793643,0.7110724857939573,1.9141124433970518,2.369254371162904,1.5525570481617939,1.3345985388380393
262.5718133781626,213.21175582594893,219.63864010874104,0.7858859840561823,4.876310123604185,0.0750436759252767,10,D06_px-1055_py-0118,0.5081600671765161,0.0750436759252767,2.939722614941698,1.6688315976308532,0.8122974146719808,2.174463217806866
-226.1359321246169,211.340218350354,208.17598976669893,0.7683282044984435,26.13801727082756,1.7830226901525732,15,D06_px-1055_py-0118,0.4968070686238747,1.7830226901525732,1.931492195868221,1.8604666626570285,1.4622194946205025,2.322281520625321
148.83698040681085,222.10678960182523,218.7974811688844,0.6712450162835806,36.2261485914442,0.3734310262880047,11,D06_px-1055_py-0118,0.43403231446634505,0.3734310262880047,2.358801813014217,1.8147703116830172,1.4689903005595135,1.8550168313735975
99.21416090746956,223.36975167102983,217.361578526904,0.6311603735200424,46.413230599569545,0.5458215955245976,12,D06_px-1055_py-0118,0.4081132687361568,0.5458215955245976,2.1940089209811475,1.638927111085867,2.072665258346902,2.1366035646430777
-158.34021497856986,223.33266622994108,212.7118476091382,0.6966483614277856,38.31317306413485,1.5805496407823902,15,D06_px-1055_py-0118,0.4504583175213437,1.5805496407823902,2.034448022281916,1.6648213237971836,2.0953059557512033,3.153616632431505
-185.3345806513608,240.19955387321872,215.782996044618,0.7404382784971092,23.32351595575483,1.6209903337921872,15,D06_px-1055_py-0118,0.4787732228015615,1.6209903337921872,2.734170346101167,2.4663656478593583,1.7159247646939824,1.3836113233053626
-119.76911231314708,246.74767162597723,216.95263805513224,0.6878648559445322,34.83662054663563,1.4157090921279565,14,D06_px-1055_py-0118,0.4447788336942135,1.4157090921279565,1.3784481026964972,2.075240623130197,2.418688650472323,2.3679579011353775
197.92758646741703,263.7853063482367,215.1274652199211,0.783611519384146,11.949818843872208,0.3201007418630173,11,D06_px-1055_py-0118,0.5066893804051765,0.3201007418630173,0.9222595094240331,2.212099978730322,1.6843679512262764,2.0190849581603088
171.88443432746058,272.09489241509084,217.88635306746875,0.7650501366501028,13.589314967337655,0.4004085112149255,11,D06_px-1055_py-0118,0.4946874441340417,0.4004085112149255,2.754113938315178,2.0867671516866357,2.1012575132759865,2.4970822375292636
-57.58458796192739,292.4864573356142,218.11206741018367,0.7263563720647223,23.89391791555022,1.158210083000133,14,D06_px-1055_py-0118,0.4696677511888452,1.158210083000133,1.9243880241700697,2.711258601132,1.42327576001203,2.3085892706479596
-25.349538375786377,291.38745000704705,214.7911213894596,0.7245364087637494,28.79936396199946,1.0505943011014909,13,D06_px-1055_py-0118,0.46849094858383133,1.0505943011014909,1.4864303445377334,1.3106784407515342,2.3547162630644074,2.3026911620652406
100.47669011818428,304.1711027030094,210.72244056754727,0.7794223102267782,19.40235215132253,0.6447721168944015,12,D06_px-1055_py-0118,0.5039806047684905,0.6447721168944015,2.5861597930416425,2.290902787259735,1.7412380102105256,2.136307017212663
91.33128435258044,316.7262502050751,210.1602645311416,0.7950585732859372,15.519105654023008,0.6830725115711661,12,D06_px-1055_py-0118,0.5140911356186804,0.6830725115711661,1.756001999988264,1.6255337049661,1.4446808267813436,2.0291214357556417
-86.7290552926495,-330.6591726887081,217.7833224220797,0.7954331684835474,4.513957861116694,-2.4342890205540244,3,D06_px-1055_py-0118,0.5143333518238851,2.4342890205540244,1.2252396500453284,1.948636446509828,1.9685006533084235,2.479072986282085
-79.13886934546484,-321.6897456930891,216.35913169455333,0.7830207029728277,10.390735133722842,-2.41899564321116,3,D06_px-1055_py-0118,0.5063073538601618,2.41899564321116,2.195225070937036,1.6682948305752552,2.14896259282209,2.298554951027495
-60.46890047781797,-322.2239712714528,217.33178352654585,0.7755708905350338,11.26678498330466,-2.363279419518666,3,D06_px-1055_py-0118,0.5014902464608127,2.363279419518666,2.626862057278963,2.907897650194747,2.608754252355817,1.739433712096374
-125.24955551313636,-319.83634427009616,219.45595809257287,0.7940038992231904,2.5805981382523555,-2.5510244023816884,2,D06_px-1055_py-0118,0.5134091750627628,2.5510244023816884,1.9134498540885863,2.7686269272158537,1.9925281203110152,1.4434361424844115
141.71313527739244,-307.3453992592747,217.3318882868288,0.7914718998600373,6.4062654527566,-1.745739878920897,5,D06_px-1055_py-0118,0.5117719643317228,1.745739878920897,1.930605055739174,2.3272543575082825,1.9519322005904831,1.6278673772813135
120.64704883300833,-303.7654952157907,216.8563019745643,0.7751365725854727,12.061961628905692,-1.7997100730081383,5,D06_px-1055_py-0118,0.5012094130538014,1.7997100730081383,1.7771034877956455,1.741580338465603,2.4448984198857437,2.1162483068146303
85.23636439524886,-301.03671914516485,216.4704272878245,0.754195696165841,18.62996523559673,-1.9018552690762416,4,D06_px-1055_py-0118,0.48766887742392256,1.9018552690762416,2.541975830748318,1.2076663393754905,1.7471375294843072,2.512760695511255
70.42658945850208,-297.82171708290684,214.28688655320764,0.7482335469006601,23.25846005982248,-1.9455690993647257,4,D06_px-1055_py-0118,0.4838137047492892,1.9455690993647257,2.5996084643456427,2.199383455442148,2.114821836909295,1.686886766821924
-66.36152614871574,-293.7859908645792,215.46877806180703,0.7375388576978018,24.519371715394072,-2.3999314527815443,3,D06_px-1055_py-0118,0.47689843447597696,2.3999314527815443,2.4284689620836035,1.1242080034691857,1.8497421830949055,1.562655912071952
29.13085168218502,-285.0073619532756,214.0925242884484,0.7158833226108064,31.894914844650884,-2.075918704114992,4,D06_px-1055_py-0118,0.4628957949229037,2.075918704114992,2.7853565556094897,2.1749516683610257,1.8167366137579912,1.7902161142154673
-56.716919196770206,-271.9703418040356,209.9921052508032,0.710245372441641,38.68322494120457,-2.3833700992321765,3,D06_px-1055_py-0118,0.4592502519372483,2.3833700992321765,1.7833987650098468,2.1285665267461398,1.2524548229669237,2.13988788120649
195.6764348467772,-269.5721614080608,212.11400213612936,0.7956717422836318,12.539483106827674,-1.549892566232661,5,D06_px-1055_py-0118,0.5144876155221021,1.549892566232661,2.182180121161746,2.4478571922877483,2.0827583583224243,1.842629945105436
-187.78750664814712,-231.8920328130637,217.653141851692,0.7278873921562727,24.110921348259296,-2.858467396033086,1,D06_px-1055_py-0118,0.47065772083883867,2.858467396033086,1.6795749085669227,1.9123888054910383,1.987796301177767,2.4913028611207046
-201.27136014152973,-222.15664170371133,217.241722074178,0.7311207261793555,23.81963877965813,-2.913889683267956,1,D06_px-1055_py-0118,0.4727484200849222,2.913889683267956,1.5537953324832317,1.6615335378500464,1.1215093859122391,1.678788853543803
151.95276039670244,-197.2313335093677,213.18200408207417,0.6493264216041237,47.99248498168339,-1.521327808438572,5,D06_px-1055_py-0118,0.4198595785088459,1.521327808438572,1.8092305270251057,1.7636904247695062,1.7205308802179808,2.195854475936075
-265.12963678552063,-185.2573219758202,217.0169148179421,0.7695298856897926,13.49201360585448,-3.138690738386141,1,D06_px-1055_py-0118,0.49758408514702096,3.138690738386141,2.417065446873096,2.331354740684164,1.9683371789232718,1.697069890448982
274.1976224390861,-182.6442934979534,214.7981545115273,0.7838833752157682,12.332530619236197,-1.1945929009512553,6,D06_px-1055_py-0118,0.5068651645271257,1.1945929009512553,2.3331253406137407,1.5758447791163763,1.34361358785771,0.9154144422589319
186.0696051495616,-182.995755551772,216.6634542275246,0.6642544570946367,40.47257850062192,-1.3840491473573011,6,D06_px-1055_py-0118,0.42951216383492574,1.3840491473573011,3.003151499460678,1.8949926196964029,2.264775741484509,1.981985945327382
243.5249055701186,-173.7660072689142,217.0740500008304,0.7304938048746973,24.208694815650063,-1.2267384506044936,6,D06_px-1055_py-0118,0.47234304783150033,1.2267384506044936,2.0132044256328223,2.2453704758485635,0.9232472797941877,1.4691072898898394
-253.4050580827524,-142.06281803563027,219.19962243564268,0.7111088633540122,26.32439347068862,3.0455699245329795,19,D06_px-1055_py-0118,0.45980859196231416,3.0455699245329795,1.7510589124900284,1.9143228629319515,2.038877455880059,2.363746599218027
253.23578679870408,-140.93473847296568,206.9770316235068,0.7383883290278607,35.77664606662847,-1.1148266504127458,7,D06_px-1055_py-0118,0.477447709328697,1.1148266504127458,1.7233095353910661,2.407472050808709,2.38161580004272,1.2884870002377116
202.1002560200864,-133.9254007224704,217.06628195873787,0.6279645586092459,47.40417743219882,-1.1922088135205875,6,D06_px-1055_py-0118,0.40604682964358996,1.1922088135205875,2.3461832410686014,2.124633442087088,1.39227400412396,2.2216063894174534
236.5016139661612,-113.88723069345087,200.4065450374333,0.7052924856642591,52.443521508881474,-1.0557580808890656,7,D06_px-1055_py-0118,0.4560476763364953,1.0557580808890656,1.0284872966597005,1.3883685723697146,2.8558019333053677,1.5299424435064164
213.7502404626288,-108.09395333722556,216.38814402896304,0.6236987542797245,49.0653474695323,-1.0751784379063514,7,D06_px-1055_py-0118,0.4032885269653016,1.0751784379063514,1.8674645441814737,1.999845591988354,2.3282840268463048,2.5486128149548186
-233.5279115799409,-94.51623154290972,218.80161124790072,0.6424857479129259,42.349853684172615,2.919192188449848,19,D06_px-1055_py-0118,0.41543634502081467,2.919192188449848,1.7042022671517167,1.814885833674141,1.861398168527535,1.7759845673994592
255.3693422941916,-91.974156790047,213.9663857932833,0.6895370201128144,38.320342736815405,-0.9526779076121944,7,D06_px-1055_py-0118,0.445860068215917,0.9526779076121944,1.373475530205297,1.5707915746361796,1.8189386667677976,2.2171380740788837
287.44050657760977,-35.044969133856945,215.57809882873653,0.71774919320835,29.461039053576428,-0.7283015332548083,8,D06_px-1055_py-0118,0.46410228154746047,0.7283015332548083,2.2588427930930113,1.904910455341715,2.448623303360492,2.0447373173816725
-251.3459839329184,-21.855837076388365,215.5181574701444,0.6504513144498624,44.82799359751476,2.621350135874521,18,D06_px-1055_py-0118,0.4205869430829113,2.621350135874521,1.4967168946997953,2.65588569072834,2.234451339222387,2.323581398841253
-319.3140832774357,-15.829059203442563,216.0600050653278,0.7659347341256293,15.866448970555837,2.58414464278608,18,D06_px-1055_py-0118,0.49525943182908577,2.58414464278608,1.3659274608949383,1.3307025072192866,1.7080763769316647,1.0017143540170141
310.60196563902554,-17.596926029260484,214.84573308661567,0.7551223593364683,20.602189311118423,-0.6635732986597258,8,D06_px-1055_py-0118,0.48826806512874144,0.6635732986597258,3.201511855799872,2.2673043722208726,1.4792200658455434,2.1939239780822155
-288.77494083607485,-15.934364087080963,216.10433608594167,0.7159344225024802,29.215815166701987,2.5897364005026136,18,D06_px-1055_py-0118,0.46292883651533884,2.5897364005026136,2.030070333625927,1.3989230321903314,3.1278727953798335,2.0766004776427964
233.71243154743053,-12.306069205048884,215.7508428161077,0.6141331791954652,51.65526612504351,-0.6595856985408722,8,D06_px-1055_py-0118,0.39710335077433423,0.6595856985408722,1.9373629246755026,1.5097496130432986,1.4821722952488932,2.4507753618504715
-322.4873742508772,12.750412970010004,218.3053552311445,0.7654870680323664,12.881416290336745,2.4950959925080443,18,D06_px-1055_py-0118,0.4949699674072227,2.4950959925080443,1.8468400780383964,2.164799809104429,2.4726593823020444,3.2586626543802106
291.9025664822896,24.13907842483092,215.8372021598728,0.7228223457867008,27.83859120825849,-0.5244715985456464,8,D06_px-1055_py-0118,0.46738262196237135,0.5244715985456464,1.7838581449626703,1.5990150055664525,2.3188306109541847,2.121953582514509
-259.9984132885728,60.47354977902168,210.3940266571418,0.6896162717472589,42.93268416205439,2.3060843638133504,17,D06_px-1055_py-0118,0.4459113129469597,2.3060843638133504,1.5802124798460406,2.0000076329233165,1.5266473793521542,1.9993387255136834
-295.37701704767744,66.23145690524613,215.70229182480907,0.7395115922744738,23.67998230586141,2.3140347002778605,17,D06_px-1055_py-0118,0.4781740201911326,2.3140347002778605,2.940570819445424,2.052035304179845,2.9335089938124255,1.4571158458019011
235.88884422412767,68.25206649264618,218.91176290107285,0.6300151855710286,44.71971375769016,-0.3253310629562352,9,D06_px-1055_py-0118,0.40737278118846315,0.3253310629562352,2.2186542255844275,1.9542627503058805,1.5202336003003865,0.9263920011686468
254.79978724615384,87.54953015050519,216.14598561944712,0.6809362454277594,37.45788260487177,-0.2760164750961995,9,D06_px-1055_py-0118,0.4402987395621473,0.2760164750961995,1.6536850840023107,2.44643196575704,1.6572275771715541,2.5871844625470035
-278.25554351663413,105.53884701809308,218.2159221577201,0.7252814176175689,24.03330958503136,2.172088863733445,17,D06_px-1055_py-0118,0.4689726771766357,2.172088863733445,1.752180949075374,2.0776681009690803,0.9779532625335525,2.3502323789741792
223.4844800336208,115.44188046377624,218.3839661902152,0.6426586892490075,42.83619894028556,-0.1301763193284114,10,D06_px-1055_py-0118,0.41554817025086555,0.1301763193284114,2.0143073169364825,2.2794321163788624,2.343129168616301,2.786090249788874
314.8877496825802,141.94342264635284,218.39016265761853,0.7992171710266572,2.435563760499008,-0.183481573119024,9,D06_px-1055_py-0118,0.516780117672257,0.183481573119024,2.069180522028533,2.696952509815269,2.2047528537480563,2.7826105386570075
-303.9034821585719,148.6439882279091,215.14196415103345,0.7963352688499523,8.004185469681715,2.0797107420796235,16,D06_px-1055_py-0118,0.5149166570260293,2.0797107420796235,2.313170051188651,1.6811393970898472,2.704291465801692,2.2796687402350075
306.3995079850198,159.2327064852635,222.3252558203875,0.790150320089292,0.2763665513598425,-0.127704426735426,10,D06_px-1055_py-0118,0.5109174204427799,0.127704426735426,1.7768752793058842,2.401784978020755,2.3422284332314725,1.002965953712413
215.10143213879675,180.9249104913832,219.19301904319224,0.6948381146938882,30.29477983455393,0.0923333073086057,10,D06_px-1055_py-0118,0.4492877977251316,0.0923333073086057,1.6805670659000216,2.0893730731389075,1.692265350589199,1.8702843562531117
147.13077118710316,191.95577794887657,215.01612670634063,0.6313202050006712,49.28725940019524,0.3098499837233133,11,D06_px-1055_py-0118,0.4082166170304145,0.3098499837233133,1.9325500874920298,1.8592827914303518,2.1442159373903618,2.0701406095751995
-146.81112075729965,194.74767826093355,217.74046328141105,0.6293034734088881,46.30900814040479,1.609779264199758,15,D06_px-1055_py-0118,0.4069125824987537,1.609779264199758,2.274857904497955,2.1119767911311254,1.6293858063011397,1.9544219018604099
-125.26615929344084,212.3171420336103,215.5841001613936,0.639174778260886,47.03282306465917,1.4968475703175557,15,D06_px-1055_py-0118,0.4132954459655648,1.4968475703175557,1.82944574302058,1.2434501467936996,2.4413069326156087,2.7524836697756188
155.27514213318068,210.0423072002312,216.6595078450817,0.6646862884584507,40.38449969159046,0.3272270539218065,11,D06_px-1055_py-0118,0.42979138939600786,0.3272270539218065,2.3301237231476906,2.0028989221085727,2.576034316950028,0.9190930209229022
-27.25736926568612,223.52619960383305,220.70834048084387,0.5855815124659717,50.812154664455306,1.0851603169484068,13,D06_px-1055_py-0118,0.37864161818511466,1.0851603169484068,2.4658582575707806,2.0618171149090205,1.5866804895826032,1.368322231349989
228.51737866311683,221.32327316726497,214.36316439039683,0.7673986347450654,17.80108909013086,0.1624274306035481,10,D06_px-1055_py-0118,0.49620600149975597,0.1624274306035481,2.224403579128433,3.044865852208744,1.890828146531271,1.945389290013067
243.95338186366288,222.34911828882628,206.31766878064377,0.8049597349559422,17.987439584039862,0.1321207344920439,10,D06_px-1055_py-0118,0.5204933047391767,0.1321207344920439,1.7546083100807661,1.4050116971104958,1.5036242015797705,2.5219995945112363
161.71081055916312,231.03237105608872,219.57119743154004,0.6956157444057564,29.616984322703047,0.3531252528540773,11,D06_px-1055_py-0118,0.44979061922168234,0.3531252528540773,2.0211502314488166,2.544145681193753,2.2789595298693532,2.3336995959332523
145.61793278776324,238.23210288503324,218.52465136710725,0.693071441229533,31.582716138400656,0.4151706758976859,11,D06_px-1055_py-0118,0.44814545274820233,0.4151706758976859,1.8393468132279378,1.7483355802537193,2.3604081422585512,1.4134698283575775
-12.85210074816816,239.29724488197093,207.7190179286073,0.6434336837495246,56.00824605994649,1.0174729276806231,13,D06_px-1055_py-0118,0.4160492877990009,1.0174729276806231,1.7080061085590401,1.7357655876355964,1.5210967946273104,1.4248062560804384
82.87193328757378,246.8872086110888,217.95480002044025,0.6603443649438874,39.6752519951736,0.6399672505549548,12,D06_px-1055_py-0118,0.42698386745313266,0.6399672505549548,2.8853007106497355,2.7063007550269056,1.4082616358144473,1.665569030171064
192.30421525529567,247.5787749629553,216.8691724710033,0.754263895825378,18.063789464673505,0.303420875141751,11,D06_px-1055_py-0118,0.48771297586094114,0.303420875141751,2.361852837674876,2.7201700019640924,2.08887342059883,2.1575056306301614
-84.08614852839587,268.39836146439313,215.9679075138946,0.7024674979978994,32.68570361263909,1.2674199473139134,14,D06_px-1055_py-0118,0.4542210170609336,1.2674199473139134,1.9920948312218751,1.64011393715546,1.4239317571681025,2.124050081371463
-169.50635159808957,274.35697367911973,212.1310490366564,0.7794512514787998,17.41354861387282,1.5172445418914386,15,D06_px-1055_py-0118,0.503999318409998,1.5172445418914386,2.5630700541538918,1.1303977545617416,1.7181199389992066,1.7388448684704914
-41.70256185313799,286.28202367207746,217.4612389512099,0.7129889401516588,28.1527384167332,1.1084688767719992,13,D06_px-1055_py-0118,0.4610242644277501,1.1084688767719992,2.123814335837044,1.9317319828612853,1.9733212278724968,1.5585832241427213
-36.74795183013141,310.24484190480734,217.00783677466453,0.7522283459458424,18.44132914726885,1.0817156978088915,13,D06_px-1055_py-0118,0.48639677327620084,1.0817156978088915,2.1492762140743267,1.0049010250078219,1.5763348473641734,1.8686177909693837
75.30120239321184,319.9987532688043,214.66066099086007,0.7831098755521646,12.760163077429809,0.7327042807702205,12,D06_px-1055_py-0118,0.5063650135523124,0.7327042807702205,1.3633379866227013,1.5568261258986604,2.0261881032042095,1.776008531703921
29.7630793581695,324.4336113982539,213.60850917797544,0.7810699393362642,14.8548995494952,0.8723342778068014,13,D06_px-1055_py-0118,0.5050459747279304,0.8723342778068014,1.844235986136467,2.056503557538721,2.509213048918228,1.9392061128312448
52.14113535838858,326.7956352895601,216.93820267329045,0.7811526031068052,10.141214011278976,0.8055976700794477,12,D06_px-1055_py-0118,0.5050994257730482,0.8055976700794477,1.8715997802892366,1.911659688844221,2.030608388840297,2.4694739125554968
-13.948148190082485,-324.6207523479691,216.3978752020957,0.773238459024105,13.265466922770315,-2.220716964085449,3,D06_px-1055_py-0118,0.49998207787488025,2.220716964085449,1.8383181592339806,2.5573932386706124,1.1696379612810865,2.1514014803541435
70.2921669105238,-316.7540617779179,210.66266420207205,0.7859583859948251,17.554849817286595,-1.9594006313768677,4,D06_px-1055_py-0118,0.508206882840303,1.9594006313768677,2.11335720809845,2.547269958624777,1.6838189512851391,1.9350277528435587
-93.32375007317138,-306.1605303029467,212.20247213210868,0.7755038157132056,18.47002286664531,-2.4736484770976634,3,D06_px-1055_py-0118,0.5014468753527161,2.4736484770976634,1.6782969091238904,2.8801558110869694,2.0982554551930646,2.34713852379317
96.57791491972525,-292.13654742438894,214.8778643454041,0.7495434752099623,22.094885615074475,-1.8584948093794007,4,D06_px-1055_py-0118,0.48466071471149236,1.8584948093794007,2.6550424652496547,1.6579217666096921,1.4545215727283907,2.8948200782590456
-83.78884565980903,-291.2407231863596,214.26605731507328,0.7434024296721613,24.58878480141078,-2.457906880975412,3,D06_px-1055_py-0118,0.48068986629793936,2.457906880975412,1.4522374586210671,1.5163718766221426,1.664184393516664,2.431759810087798
9.667450666015698,-284.95447596586536,215.4145539954019,0.7104589926825419,31.479295035941675,-2.1438625672715563,4,D06_px-1055_py-0118,0.45938838046755515,2.1438625672715563,3.142877920459048,2.721971822362306,2.0848555957140045,1.4693045032736607
-30.92672549407684,-282.4328116912474,216.0270697268042,0.7073242021841964,31.43638787056432,-2.2868424999861467,3,D06_px-1055_py-0118,0.4573614002407267,2.2868424999861467,2.051795432045152,1.6016891660396553,1.2722000730485084,2.6830692142019847
139.52252467120704,-283.3783364238955,216.12539924293063,0.7597438173508316,17.54502069156206,-1.7202635467251106,5,D06_px-1055_py-0118,0.49125633628088916,1.7202635467251106,2.5266397138214103,1.2520499055483278,1.9411353746987348,1.714995639559553
67.79528260689376,-278.9943781681601,213.0083909152304,0.719471293280055,32.44613822730713,-1.9393973930366253,4,D06_px-1055_py-0118,0.46521580501762805,1.9393973930366253,1.8748169601697389,1.4199324361222494,2.0226738698931452,1.8689941824880814
44.57334162086978,-275.32553516037456,215.5259609687766,0.6993391456986526,34.00918100991515,-2.0172751654367573,4,D06_px-1055_py-0118,0.4521981998243516,2.0172751654367573,2.1908444758322068,1.9555423680947523,1.9724257865858887,2.067099816092818
82.51054816153642,-265.45987038137474,215.929574647023,0.6967857873607506,34.085573185125895,-1.8764211860593467,4,D06_px-1055_py-0118,0.4505471782120088,1.8764211860593467,1.9982960279653994,3.1552259218065686,3.0251181300188885,2.5548042277635283
-211.63882271938783,-255.25099447646608,215.7123065125947,0.7849656484220087,10.712479037322566,-2.870034302141261,1,D06_px-1055_py-0118,0.5075649709066058,2.870034302141261,1.7903518468356463,2.060053972979042,2.250780233856501,2.2239078487881274
-193.4289602985425,-211.3803481878506,214.53258441808512,0.7149228149997694,31.54889701836873,-2.918857761968755,1,D06_px-1055_py-0118,0.4622747231363464,2.918857761968755,1.760642742594911,2.387505413846047,1.9192836089047285,1.7876570588064185
271.7010569314526,-201.56318581012093,215.7222846221429,0.7949817329431423,7.600250539707588,-1.2452483738186566,6,D06_px-1055_py-0118,0.5140414500478104,1.2452483738186566,2.559131171739626,2.576449467384428,0.971235659266817,0.8744787410260078
-235.3364536527734,-203.28248521654805,216.50643070779864,0.751083854421266,19.445056948383524,-3.0361236496802424,1,D06_px-1055_py-0118,0.48565673604203363,3.0361236496802424,2.3715468028687887,1.9160228251400313,1.5890251685645382,2.003858916503514
-213.0186741782556,-146.7779358779467,205.7090655368156,0.6852673193324671,49.95568323461373,3.1379440088760884,19,D06_px-1055_py-0118,0.44309924606183493,3.1379440088760884,1.6471557044670024,1.7392511643017163,1.7654386434775233,1.9474282324913026
299.6143003187327,-118.68102792878965,215.44574140740144,0.7713391420015364,15.15238102995795,-0.9841302984067728,7,D06_px-1055_py-0118,0.49875396452846765,0.9841302984067728,2.0801860345410295,2.2963721084880113,1.417779651431506,1.9241052763281201
-301.9796098313428,-112.4849692611494,218.46938305051816,0.7643525761836125,12.983692351713673,2.8911831296581205,19,D06_px-1055_py-0118,0.49423639604220293,2.8911831296581205,2.4236166589798955,1.875870144106808,2.0724419115366595,1.5035992641986935
293.7230264144978,-99.94967717156808,215.5559924949294,0.7521311534257628,20.45654475955223,-0.934973902743022,7,D06_px-1055_py-0118,0.48633392782719836,0.934973902743022,3.582686579858308,2.4937652365082994,1.9863572517289207,2.9530846843788487
324.7289198995108,-97.56634657425268,217.00891140364865,0.793139601309739,6.343268173450838,-0.8988534762734497,7,D06_px-1055_py-0118,0.5128503132244423,0.8988534762734497,1.5412332806642217,1.7351925756299507,1.965212422591218,2.7379960963361127
-217.56994735844768,-98.05860204856468,209.3310061199791,0.6377346108868454,55.10260198743384,2.958048354195099,19,D06_px-1055_py-0118,0.41236422239829784,2.958048354195099,1.1740605407022136,2.0306256918311814,1.7338471597668774,1.1225603663867934
-255.1902999791891,-86.12330435866379,220.13238467564088,0.6718518578535003,34.38577607878818,2.86009693899395,19,D06_px-1055_py-0118,0.4344247030051307,2.86009693899395,1.697028918707896,2.8744137440351043,1.6180705261527002,2.519592143272617
-246.7149032950728,-69.71751101458065,215.5868837293396,0.6580474205426564,43.15882246985007,2.8100157059782225,18,D06_px-1055_py-0118,0.42549864511183844,2.8100157059782225,2.214229282395504,2.245688133602596,1.1765648467235117,2.568120576949256
284.28376608557176,-57.94993697122944,207.0296687575176,0.738807879769678,35.59851216871016,-0.8080698390779938,8,D06_px-1055_py-0118,0.47771899414287006,0.8080698390779938,3.1747706153678377,2.8483165190920423,2.4212659565000614,2.459523969185213
234.9498096336588,-54.48475595705925,216.12171614034023,0.6275560328812372,48.65059025456327,-0.8348512853797557,7,D06_px-1055_py-0118,0.40578267369018206,0.8348512853797557,2.413138667712465,2.0891075582176564,1.5545998627713329,2.018787604416749
255.1816020880884,-45.20202795021821,215.5068661296376,0.6634491929713832,42.113857704674615,-0.7822976554241446,8,D06_px-1055_py-0118,0.4289914737103159,0.7822976554241446,1.4863807349754414,1.3811131231907798,2.0668327457533415,2.1787907302416354
333.1666547761831,-45.57156915687344,209.64080513309585,0.8062584450668583,12.783839398115674,-0.7429190325875976,8,D06_px-1055_py-0118,0.5213330609259452,0.7429190325875976,2.5107966010573506,2.313321914265633,1.6515235068780403,1.645717801901561
-269.1276225447701,-34.6230139810011,216.7462319732817,0.6830617870007708,36.20348292835075,2.6625594024295265,18,D06_px-1055_py-0118,0.44167313148469206,2.6625594024295265,1.60678594695146,3.5285150234822202,1.8044398267875843,2.1641883031378564
307.8042458625436,-34.32863111651858,198.6355818910397,0.7920929777731665,32.83105253035103,-0.7180480229775059,8,D06_px-1055_py-0118,0.5121735582021576,0.7180480229775059,2.0645937434494215,1.9879068391935184,2.399915889803858,2.3391266724410724
-303.2309971847683,18.466947103148726,217.41959321268843,0.7373392747946144,21.936837748675828,2.473787654143748,17,D06_px-1055_py-0118,0.4767693825987981,2.473787654143748,2.5602081289562286,1.2573313711812948,1.843168653220545,2.125608934480337
242.78399466706043,31.298890509173745,217.5433583953731,0.6315034419367838,46.12047462482116,-0.4787700560854107,9,D06_px-1055_py-0118,0.40833509947653673,0.4787700560854107,1.742256155651668,1.718498515009879,1.783366591537352,2.2169809808489522
-321.6105638274784,38.439235573374006,211.57347396509093,0.7829372937863106,17.167420445556616,2.415656363383674,17,D06_px-1055_py-0118,0.5062534208232028,2.415656363383674,1.797514682599249,2.066716485645459,1.9598790866185998,3.0675197061234476
333.66584448035746,38.40583621408401,211.09362225606992,0.8022130854057805,11.96337193778436,-0.4923811567353201,9,D06_px-1055_py-0118,0.5187172995065642,0.4923811567353201,1.7740825533429634,2.8013722529901584,2.6349510481021268,2.1089253131488106
260.36444252802295,53.02617756035785,217.39754097749687,0.6713463582980008,37.99160685691004,-0.4060659210758572,9,D06_px-1055_py-0118,0.43409784301107085,0.4060659210758572,2.342238987942227,1.2043227594978139,3.0218624051290215,1.4510267795746352
319.7638328352043,60.13176338435126,214.08299137185136,0.7793043560570084,14.713035589195329,-0.4210997866218914,9,D06_px-1055_py-0118,0.5039043346732731,0.4210997866218914,2.1028469509983427,1.7154698041472822,1.7640293225845989,2.1556022218691693
-238.76311355607385,59.00352810064445,212.9097767068837,0.6440489042118843,49.39724225643317,2.292345348823847,17,D06_px-1055_py-0118,0.416447094195633,2.292345348823847,2.634369910825488,1.6467015881840914,1.7206230846076946,2.5510573453589735
-252.7528354564481,96.48740167876616,212.011662620978,0.6924427522419052,40.192747438375136,2.1699412453884723,17,D06_px-1055_py-0118,0.4477389374970495,2.1699412453884723,1.4257521227142413,2.0157767995065345,2.4334375468883964,1.8579733849249886
240.1654415586132,102.7019342385138,209.9144140925335,0.6800933721620056,45.66236757024308,-0.2028834090488642,9,D06_px-1055_py-0118,0.43975373106977533,0.2028834090488642,1.7688908991588819,1.7867830714889468,2.303170607232196,2.306986407482415
-265.5917997019693,113.65801031094074,218.0162764087323,0.7110198290835003,27.90834861761482,2.1302528194858006,16,D06_px-1055_py-0118,0.45975102170173915,2.1302528194858006,1.9747155466994,2.006469496979957,2.211091024724827,2.0510115879813595
198.7700507475236,132.3215997223927,216.95586057240973,0.6209881081116155,48.885238212745605,-0.0196451436328044,10,D06_px-1055_py-0118,0.40153580180309845,0.0196451436328044,2.457665642429869,1.516061312672335,1.2022314854017084,2.0794282609289745
200.78044907406584,147.72165233234983,218.11096772065665,0.6389105305902192,43.93777989281716,0.0273307424039268,10,D06_px-1055_py-0118,0.4131245813404137,0.0273307424039268,1.246866536342652,2.637099467305906,1.571693236882855,1.357251388734503
271.62954674458274,144.62618733939175,212.72368771888333,0.7546446628861028,23.64758746020931,-0.1177186781443675,10,D06_px-1055_py-0118,0.48795918284144724,0.1177186781443675,2.217146566625686,2.3141585599069288,1.9577007377452804,1.897519698777634
-168.7108034014207,174.33795673267818,218.6408075989351,0.6248409756822063,46.06846435552268,1.7328130663634815,15,D06_px-1055_py-0118,0.40402709632064215,1.7328130663634815,1.4645370754828109,1.23694486111471,1.7691831811993164,3.190060127199165
243.30393988306835,181.1496915862137,214.17217945433453,0.744082288349526,24.534288205826385,0.0330184749880841,10,D06_px-1055_py-0118,0.4811294682735047,0.0330184749880841,2.576799104683995,2.356688813046363,1.6394241303862713,2.867322511345533
-208.47032495941744,191.1016677446721,215.97677244209,0.7051501324913224,32.02901068829135,1.7926557666994842,15,D06_px-1055_py-0118,0.45595562965365594,1.7926557666994842,1.4434253653494475,1.8260167287394844,2.15155067907377,1.5179063369132217
-222.0623736445079,197.48073082879867,213.4173771089489,0.7356173803203802,27.79307031258412,1.807739508264861,15,D06_px-1055_py-0118,0.4756559920695745,1.807739508264861,2.3284585255685837,0.7125746691443964,1.5952239483058417,2.0667094787218963
280.487042542362,201.3683395190617,219.9340860018731,0.7955281079094433,1.4108914620331916,0.0156748519713469,10,D06_px-1055_py-0118,0.5143947404044421,0.0156748519713469,1.3233159774030177,1.7895191711030503,1.9196097715557667,2.013002649332699
254.43121915477568,205.26928880714115,212.13590490271088,0.7862369440722906,15.38646009939373,0.0718801671789379,10,D06_px-1055_py-0118,0.5083870006872034,0.0718801671789379,3.1915909235879334,1.7149325283325934,1.8780969215285377,1.4114138924825301
204.72575470440853,206.81091198443053,200.2895652114329,0.7568089068815416,40.154068840151695,0.1834853476199218,11,D06_px-1055_py-0118,0.489358600055166,0.1834853476199218,2.6963135212650546,2.7651593571887227,0.9421203429005796,2.2225885927704168
53.0983904253637,231.0079841466288,219.7346699199829,0.6115088913288445,47.27638195187296,0.7378859196870317,12,D06_px-1055_py-0118,0.3954064655700586,0.7378859196870317,2.03498690453382,2.6810949407548064,1.9055645390033171,1.341370439971379
-159.08559110267657,239.556875308871,214.22876796701823,0.7174256059823176,31.332603356234813,1.550028406565939,15,D06_px-1055_py-0118,0.46389304749843296,1.550028406565939,1.8507501052175406,2.4620262432492037,2.348157521369366,2.252932293531348
-68.31015372910525,252.32364214564,216.13643946284824,0.6662349672934317,40.715056715766366,1.2282036380582515,14,D06_px-1055_py-0118,0.43079277732858934,1.2282036380582515,2.0874004053717656,1.6729088885816528,1.772571337973016,2.9475789046528864
-195.8286920480752,255.2470394091833,215.36252820936613,0.7706789872906856,15.46104859744537,1.6182431336332956,15,D06_px-1055_py-0118,0.4983271032928449,1.6182431336332956,2.3682082332093466,3.0243592018903245,1.9424345414721842,0.8634621793498134
-104.3175322467859,254.3627072515243,214.0652847137772,0.6955980134466372,36.793451387288655,1.3530110273043403,14,D06_px-1055_py-0118,0.4497791542438613,1.3530110273043403,1.9081206699278677,1.2608755904397286,2.7523618003215238,2.3067252534897977
-53.42938622985282,257.0810999275945,218.98439966336545,0.6620446570465364,38.00456403727293,1.1687305646180364,14,D06_px-1055_py-0118,0.4280832897187422,1.1687305646180364,1.8179523466550398,2.276774515573635,2.4362192158711586,2.1944950265633394
-98.70683081721188,300.40640677852144,210.4628446944245,0.7735522331673935,21.46853944000941,1.2812811443172212,14,D06_px-1055_py-0118,0.5001849667073146,1.2812811443172212,1.6217714328248491,1.9699247416394114,2.2647316615533626,1.2192700495542916
-49.69954298193661,300.8143318586956,214.73211301583743,0.745333295086374,23.43645045434323,1.1275543364740042,13,D06_px-1055_py-0118,0.48193837908287407,1.1275543364740042,1.8374194729361906,1.7122267779606926,2.1618802822180285,2.5277045407171084
-80.79278656572411,310.2590215438977,208.1181267782726,0.7860600886100199,21.12539841535096,1.21856352588541,14,D06_px-1055_py-0118,0.5082726445523298,1.21856352588541,1.3444174075402096,2.170135153922308,1.4697087257111003,1.857110315787215
39.998524289284994,-335.0068674469604,210.82712912191056,0.8050965670029817,11.438309413360628,-2.058942270448614,4,D06_px-1055_py-0118,0.5205817814185247,2.058942270448614,2.567768332630696,1.8200101316185617,1.9615839903835641,1.9043931166932553
19.87523798256846,-328.6785572881269,214.1998137047696,0.7850046751790392,12.838734819033393,-2.117379264328419,4,D06_px-1055_py-0118,0.5075902059150887,2.117379264328419,2.086851888845694,2.5369059438880956,2.429959224317786,1.693518949002403
-104.36597077603597,-319.61918055737294,212.3558693658187,0.7997664216713113,10.917650088316575,-2.4933930023372484,2,D06_px-1055_py-0118,0.5171352674651615,2.4933930023372484,2.9927665581976304,1.7020022731754412,1.1103535647115148,1.2800947881782205
42.66075289911748,-322.7623254979894,214.37498140225472,0.7789314022565026,14.413555955210713,-2.0463636875340123,4,D06_px-1055_py-0118,0.5036631798083643,2.0463636875340123,2.2646682877233615,1.692561622764117,2.1362798164609105,2.3843920899812403
-74.25507336979291,-276.13521144486083,213.78660659826872,0.7156444201476696,32.35922336567194,-2.440469969197908,3,D06_px-1055_py-0118,0.4627413187085683,2.440469969197908,1.374582245279412,2.3966645376265046,1.9058342556221746,2.201211917627959
-183.33832465201635,-273.906850128997,215.11790306906136,0.7833574909229705,12.04015676862781,-2.767630764740708,2,D06_px-1055_py-0118,0.5065251236013723,2.767630764740708,2.7680147995767,1.6692997632576267,1.853995955110256,2.285336716946904
-156.09184410614262,-263.86354690844666,216.69877597157904,0.7435338639422278,21.248648688714013,-2.711968396353216,2,D06_px-1055_py-0118,0.48077485273218207,2.711968396353216,1.2404585125976588,2.3842714621924364,0.6448612494883734,2.8663990794038456
218.37878016287905,-259.71920288295934,214.3547609793813,0.7996718653724111,8.079211115883538,-1.4786316693565404,6,D06_px-1055_py-0118,0.5170741266175374,1.4786316693565404,1.6918163666126516,2.880709347770132,1.5659657962428164,1.7236542908456192
-84.31761659964589,-252.31797505786096,201.80710276693324,0.7084670145889467,49.88451328172096,-2.5002810737847554,2,D06_px-1055_py-0118,0.45810035174278896,2.5002810737847554,2.801763077967407,1.6415271820902366,3.369684728833884,1.663379869972284
60.2246507756576,-252.03146178559024,211.70466253241256,0.6720534108318993,45.11031470672992,-1.943217423472192,4,D06_px-1055_py-0118,0.43455502874845825,1.943217423472192,2.192345266160844,1.7198746083463599,2.2397261542180766,1.3849611628977359
-97.82576355826362,-252.2962704365604,211.21526054606392,0.6943916907644905,40.78260548551162,-2.5476702024712226,2,D06_px-1055_py-0118,0.44899913649620743,2.5476702024712226,2.072968628936329,2.090492286265511,1.031596541929916,2.0400235590420586
-0.8003478934932236,-246.2150008762574,214.5875574921241,0.6408112659165801,47.94851753178614,-2.181026452913088,3,D06_px-1055_py-0118,0.4143536117732294,2.181026452913088,2.651222407325238,1.5822356845790164,1.4433494658846575,2.377093749944863
-250.6516481467662,-236.0061753315955,217.91517696816305,0.7986723423058841,3.291675047352953,-2.9932589262358933,1,D06_px-1055_py-0118,0.5164278271301622,2.9932589262358933,2.9895723450102683,2.6791013829791845,2.25315118348295,2.5128480815342407
-232.50418480739663,-233.77331189851907,200.81458824545743,0.8178983061618459,21.95069030214836,-2.960452200865918,1,D06_px-1055_py-0118,0.52885948678918,2.960452200865918,1.0821447532549833,2.7197340689872638,2.1053563761031957,2.6669085424489607
122.498749388137,-232.97092834281835,212.73373710560645,0.6773205567404932,42.64749190003812,-1.6936930584191834,5,D06_px-1055_py-0118,0.4379608067786569,1.6936930584191834,1.945002961045754,1.040430904344602,1.610216342405099,1.749109700125686
-216.2289436559512,-227.51887499084583,216.4014261733287,0.7559593517668416,18.23139751788443,-2.9377372856863486,1,D06_px-1055_py-0118,0.48880927102663707,2.9377372856863486,0.8919237360178385,2.1157279292459554,2.259966631551767,1.489320284909112
122.49140584935512,-218.6495481372118,215.38792126552568,0.6475413426484241,45.58847084215762,-1.6671216193383676,5,D06_px-1055_py-0118,0.4187053323962459,1.6671216193383676,2.1911564992067762,1.8102586774012623,1.0601188567981636,2.75671983969262
-245.6099406603745,-215.01483343855503,213.24720700530168,0.7828862703812963,14.821481194474472,-3.029497492159149,1,D06_px-1055_py-0118,0.5062204286876442,3.029497492159149,2.421545192900019,1.5045266545073075,1.6211129948887169,2.303095708949557
-174.01935654763935,-215.5877887537264,215.0046331253909,0.697249561533789,35.18276322191906,-2.8568829265746656,1,D06_px-1055_py-0118,0.4508470582451271,2.8568829265746656,2.0524331458846072,1.999352544835711,1.8766130484166395,1.1773366279610373
-162.17805318687235,-190.5904657106221,206.7328695214118,0.6666607186673341,52.58847146744978,-2.88280626541352,1,D06_px-1055_py-0118,0.4310680715203067,2.88280626541352,1.5744167510120517,2.2985077606986906,2.1681831550126933,1.4775493456012079
-259.6633845736533,-203.2492058970188,205.2958413249612,0.8069419741717361,18.849259930793835,-3.084443909175524,1,D06_px-1055_py-0118,0.52177503622885,3.084443909175524,1.6436756332159224,1.7545382122020987,1.5957772033813873,2.772204368323914
236.56842183943624,-202.78414695769672,214.2253515101648,0.7573453708114064,20.836582607166804,-1.31563312951203,6,D06_px-1055_py-0118,0.4897054818575757,1.31563312951203,1.248333869670595,1.5057001019810026,1.7429064153071174,1.9925581135432422
168.81468285920766,-185.0818367205935,215.9762945894106,0.6460069822712655,45.16433201090723,-1.4383112117496777,6,D06_px-1055_py-0118,0.41771320289126906,1.4383112117496777,1.9417957616963157,2.693872883460274,1.7335477389073057,3.088332166552425
-217.58761166778123,-181.46164780871743,216.3179858104417,0.7052733281352362,31.551147616173523,-3.053457998287204,1,D06_px-1055_py-0118,0.45603528892733836,3.053457998287204,1.6940519004456123,2.3283435466779814,1.5714547899955487,2.38469664754627
293.0771561568328,-179.20420140062708,216.0028753242884,0.8019855005590802,4.974006171514247,-1.1557810385287293,7,D06_px-1055_py-0118,0.5185701413521578,1.1557810385287293,2.1516617466070582,1.8598435039430399,2.101496793863909,2.3748414557419144
223.28134154395545,-158.3264993374865,217.0873839953038,0.6865570140698172,34.96362882202919,-1.2237799506104472,6,D06_px-1055_py-0118,0.44393317283704786,1.2237799506104472,1.2855562508660086,1.3909724054877377,2.253361126202888,1.5516656646360132
-301.33437195840867,-156.2225674493646,217.4262124881744,0.7927000637295828,5.886737593926398,3.012900467702808,19,D06_px-1055_py-0118,0.5125661047631768,3.012900467702808,1.5166298482074068,2.456593422472873,2.2099914394678195,2.0936702091082315
286.8651262722448,-133.2195007456332,216.0648742050868,0.7605565158987834,17.398147643824018,-1.041741858027668,7,D06_px-1055_py-0118,0.49178183356306476,1.041741858027668,0.7257795353290399,2.9365821220448156,1.7688785498880015,2.2217746940179643
314.62437738918686,-108.4875363042294,204.7387267895927,0.8129013242755421,17.79624398749337,-0.9390286926619122,7,D06_px-1055_py-0118,0.5256283989436913,0.9390286926619122,1.9513990516997903,2.325059714577683,1.7852977845927365,2.2329995544939236
-271.55556038573,-109.28593930669317,217.9474504978012,0.7176982391549829,26.32856315649218,2.917224723933765,19,D06_px-1055_py-0118,0.4640693342552231,2.917224723933765,1.531040291324935,2.1013551920643705,2.6648185780443354,1.8118417221768648
225.5536572195813,-83.06865807275899,213.12319032814625,0.6325848503884296,51.3876310735335,-0.9598525789701776,7,D06_px-1055_py-0118,0.4090343466988849,0.9598525789701776,1.9983298366775242,1.8884553882906594,1.979062614812534,1.4220586348344324
326.4774594853714,-61.51372445747641,210.74358276027235,0.7975861632700045,13.907574774895693,-0.7932126615292406,8,D06_px-1055_py-0118,0.515725495210474,0.7932126615292406,2.044881115950624,1.8526302494075582,2.490793685740581,2.6647126366041873
295.836166776489,-6.139319932291213,199.28579687497404,0.7676510010808841,38.68261656322432,-0.627728985492514,8,D06_px-1055_py-0118,0.4963691835602132,0.627728985492514,2.685757542551828,2.2042874294943147,1.242921315408134,1.357959220421177
319.28212982420695,5.074216278248007,204.3968294093293,0.7930754316622152,24.33812601694615,-0.5910882912540658,8,D06_px-1055_py-0118,0.512808820624933,0.5910882912540658,1.740848820118242,1.6838232043141248,2.651720317937029,2.1597001736894352
261.35091065759457,9.819009979375656,210.05366036098687,0.6803903640804365,45.41835264804479,-0.5694269786392764,8,D06_px-1055_py-0118,0.43994576838343474,0.5694269786392764,1.7869096544034826,2.667731388615014,2.544783399642432,1.8117376210120943
290.9854034887732,41.79247444676382,215.6327696540088,0.7251059874959651,27.53007902852039,-0.4643310823030397,9,D06_px-1055_py-0118,0.46885924267826373,0.4643310823030397,2.7238597696727913,2.115585976084701,2.47165007078625,2.216751305747538
-272.7402982529267,69.85198155765269,210.7210130711824,0.7151147256465378,36.54987136910495,2.283890593210009,17,D06_px-1055_py-0118,0.4623988140720956,2.283890593210009,2.841070999366883,2.037070041856957,1.6050841093532275,1.9525747418061652
-299.7059696724017,94.45043494229752,216.54509760607408,0.7561967857680115,17.967298475221355,2.2293216142792227,17,D06_px-1055_py-0118,0.4889627977218986,2.2293216142792227,1.8000852827925828,1.3889056697115256,1.1876344888358012,2.595080056455497
266.0863661561965,96.93816739109776,213.3535367459926,0.7118643941659415,33.857102616277245,-0.2576128861594974,9,D06_px-1055_py-0118,0.4602971241361065,0.2576128861594974,1.6601658462344138,2.624729043038044,2.011478382311675,1.8878593064910565
212.4321159011353,110.13440808959136,215.2093889935541,0.6258080934155719,50.11392875227165,-0.1286848952162458,10,D06_px-1055_py-0118,0.40465244226436053,0.1286848952162458,2.6945750365826298,2.357068639075602,2.4072185018968426,2.4600736491808064
-298.3993832295528,113.0692681888652,214.1052429976989,0.7695328048459471,17.5450808794792,2.1724108386454333,17,D06_px-1055_py-0118,0.49758597269638266,2.1724108386454333,3.0258487669099363,2.8037947128059093,2.0459703371852207,2.2120265173892255
237.0537005494133,120.74170563522424,217.79963990797813,0.6710375384745915,37.5462761945829,-0.1358852799935497,10,D06_px-1055_py-0118,0.43389815768089207,0.1358852799935497,1.4849979802012723,2.130574026772626,2.242396973146545,2.16942409783615
208.8104976807172,121.97065123681122,215.305278370886,0.6306156316552576,49.06632432423322,-0.0783174010786198,10,D06_px-1055_py-0118,0.4077610343558282,0.0783174010786198,2.7114899172557188,2.418274217865922,2.695856302224591,1.9234007801168707
-228.94944910570564,122.6966897474463,212.1156733885641,0.6722863566198962,44.53483876932887,2.042650561816622,16,D06_px-1055_py-0118,0.43470565332973155,2.042650561816622,1.4656894612321225,2.49210671814095,1.9823031711274726,1.7406690246903467
-274.1821285078733,127.10168109443448,213.7717628102364,0.7431630656247843,25.32410457566192,2.100534647406707,16,D06_px-1055_py-0118,0.4805350916195987,2.100534647406707,1.8054388841713007,1.8696243818631417,2.043641405972563,1.349635815582549
283.55024020637194,131.69789189054828,217.93569032814625,0.7504646696701616,17.66191254470408,-0.1721655200502292,9,D06_px-1055_py-0118,0.4852563663050752,0.1721655200502292,2.1999539072442245,1.9511121404935479,1.809686352590586,1.785205070093106
-220.0956869258565,143.66820012113058,213.9553373477932,0.673825466682131,41.84777649672469,1.9563047544518608,16,D06_px-1055_py-0118,0.4357008540184886,1.9563047544518608,1.2808565784612322,2.0189509280533464,1.2945645912930774,1.3123237608769154
-280.26404930781115,159.41587468148353,215.4515588114619,0.7715840524180346,15.072686502345448,2.0174462513257305,16,D06_px-1055_py-0118,0.49891232553276704,2.0174462513257305,1.8152907099880908,1.9055986566542322,2.7365484214507014,1.8792142032410832
-215.11649484270924,159.45407216531547,214.32991003913176,0.6820561687154183,39.544524791179526,1.896738661991785,16,D06_px-1055_py-0118,0.44102289078081647,1.896738661991785,2.228019960175734,1.2675881977454384,1.396529780400429,1.6856469221282873
-252.1163329465025,171.88465033758067,212.94368233613824,0.7498988069970501,24.64095112240318,1.9362290212272544,16,D06_px-1055_py-0118,0.4848904750437285,1.9362290212272544,1.981938752395711,1.1941003910952093,2.7669027555123957,1.7765465195081676
165.7435285559739,175.76949853384568,209.87099014513404,0.642373062333845,53.52674534082325,0.2077677056362062,11,D06_px-1055_py-0118,0.41536348163783376,0.2077677056362062,2.3505829202687005,1.063382409631704,2.291703057871815,2.1330128421463144
262.9734170625245,179.29836403352334,209.8397781078364,0.7783024367723678,20.96912519409136,-0.008565033361915,10,D06_px-1055_py-0118,0.5032564857723922,0.008565033361915,2.6692747308593012,2.3218916133236283,3.287048235816998,2.4946283417600803
-196.0365585542281,211.7630011534316,215.15444032814625,0.7170154558379926,30.20623206026505,1.710669910708508,15,D06_px-1055_py-0118,0.46362784118464057,1.710669910708508,2.646553669805619,2.363411403281186,1.4548172980816232,0.8987085555060301
-137.46517440355294,216.23417208449047,212.47966687398844,0.6648079688875943,45.669116835362615,1.5300903517404207,15,D06_px-1055_py-0118,0.42987006891988555,1.5300903517404207,2.519684599611375,1.995123477961961,1.8820939160361023,2.1046780084087233
13.220508378309692,249.5132997181593,213.0178185947956,0.6514088707936893,47.77457255938174,0.9108811105378546,13,D06_px-1055_py-0118,0.4212061065568454,0.9108811105378546,2.828453281324876,1.9034305471395712,1.7431400671058275,1.8092827615909837
113.7827946321502,247.8216506518065,214.68950550406825,0.690166744786523,37.23848580616345,0.5333948832210861,12,D06_px-1055_py-0118,0.44626725314984705,0.5333948832210861,1.102137250747974,0.9348572477271109,1.8462892350702873,1.7490374431849598
15.738350167359927,266.9888895109343,214.36457030346247,0.6813965042855467,39.64766448432852,0.904937345674844,13,D06_px-1055_py-0118,0.44059634656473645,0.904937345674844,1.5690179002831819,1.613920982982116,1.4357627006650433,0.8660252346950712
80.70274920591304,271.8862154391457,217.07696016941603,0.7040434159075819,30.85236170231661,0.6752749670786115,12,D06_px-1055_py-0118,0.4552400179937606,0.6752749670786115,1.4978575946427646,2.45338058220647,2.020918749634963,1.5376026663205953
-96.50425028080934,279.9198405303201,214.9292820755673,0.7302926671319792,27.140153943864107,1.2958129392600952,14,D06_px-1055_py-0118,0.4722129905828345,1.2958129392600952,2.0503142278146145,1.6229195712543922,1.90202197074972,1.273158253808187
200.37982969570845,280.14590852604147,213.5974109637868,0.8089007449911211,6.214354658956097,0.3429161727220338,11,D06_px-1055_py-0118,0.5230415928685609,0.3429161727220338,2.2552686879983312,1.6183097376747477,2.02836861576874,2.2905042164273044
152.8157306231156,295.74693652301096,216.57981912511343,0.7849402754398451,9.493922343785016,0.4868898413810117,11,D06_px-1055_py-0118,0.5075485645364932,0.4868898413810117,2.092178128799505,1.201467267736286,2.4293840724641464,1.5200068984223285
-142.71584866515897,297.2594161967216,209.023606318406,0.7979397881999146,16.261684880780933,1.411422423638777,14,D06_px-1055_py-0118,0.5159541518754153,1.411422423638777,3.42030952684655,2.9778921905403086,2.6059597437970954,1.2824548116016403
-11.848456790989372,302.7183510461292,210.40654468694208,0.7522942389097647,27.464342918053603,1.002937026259148,13,D06_px-1055_py-0118,0.4864393801856667,1.002937026259148,1.6855284248339222,1.1927252321817463,1.980412387213333,2.587936290966529
12.965484513841654,308.64546756561015,200.5551552156901,0.7859994613921035,31.84537031730298,0.9218337838959352,13,D06_px-1055_py-0118,0.508233442515706,0.9218337838959352,2.4145474025846534,2.210953249414862,1.6394799540455451,2.9404358146706193
141.48957415115643,311.4059435368416,219.01575741216027,0.7929018471872209,3.5582793467179386,0.5373452213943851,12,D06_px-1055_py-0118,0.5126965795361956,0.5373452213943851,1.446590252389655,1.117315321208077,2.0426976691642595,3.162829095095975
121.25631200231982,316.1084484755062,208.1934791815029,0.8131196441122912,12.700488070293147,0.5975357645263389,12,D06_px-1055_py-0118,0.5257695662696891,0.5975357645263389,1.4534134808102248,2.6058470677358483,1.5254886563422103,2.368431938883572
-43.440361790554526,328.5370956867758,214.17197532386243,0.788274913079614,11.883880203174328,1.0952778325667285,13,D06_px-1055_py-0118,0.5097047674990252,1.0952778325667285,2.817437536017973,2.027627597477341,1.8150666523389696,2.0749817949542715
-26.56498761286938,-330.0052862940533,213.356258689674,0.7896940997317107,12.607959618094014,-2.2581013263974588,3,D06_px-1055_py-0118,0.5106224247662324,2.2581013263974588,1.2626809793321019,1.881840750482327,2.364794116721504,1.8765926954387009
100.66667330898684,-318.60718500828153,209.08616971453165,0.8043972405363965,14.169594694525529,-1.871743224220931,4,D06_px-1055_py-0118,0.520129591417115,1.871743224220931,2.2397700788773744,2.2696268278287386,1.8947870945603769,1.7553781264315949
-150.40538167897867,-314.78723699431987,214.0268743977158,0.8142946403168533,3.8247850622272495,-2.62350636641824,2,D06_px-1055_py-0118,0.5265293280701995,2.62350636641824,1.9107010587828,1.923330065852878,1.9067555464556813,1.854992514043357
-56.77252000268953,-307.0866756337453,214.0985544910104,0.7587679763976601,20.61397678361328,-2.3605863520311248,3,D06_px-1055_py-0118,0.4906253498345374,2.3605863520311248,2.810358274743463,2.7159995647138975,2.0361946042433283,1.4908113877689235
-26.847177231750965,-296.5631402138368,213.8575146178461,0.7356047676544027,27.20271901321553,-2.2680574622103324,3,D06_px-1055_py-0118,0.47564783662041216,2.2680574622103324,2.684198429124497,2.507294170649272,2.4795235307062184,2.213503868117934
-112.84427713346312,-288.75133335086207,212.4677746372797,0.7589390871216861,22.81369684021763,-2.5503268978319955,2,D06_px-1055_py-0118,0.49073599137641466,2.5503268978319955,1.2162252089998087,1.6092799321232083,2.048456047042661,1.3168852010445855
-142.8389978402363,-275.22566640072915,211.37864973852103,0.761611914979286,23.573323527979824,-2.6564987355139134,2,D06_px-1055_py-0118,0.4924642629211737,2.6564987355139134,2.0082362076375104,1.9206141164044959,2.629933802682597,1.4178364237267012
122.96561231411916,-273.0375590706581,212.9291252020957,0.7405602666045175,27.15747972313062,-1.7546213261593429,5,D06_px-1055_py-0118,0.47885210127262845,1.7546213261593429,2.558051196799771,2.6158721298993033,1.3611597209892452,2.506472966097705
-91.47551035446038,-273.6319208960637,213.73134832868223,0.7202096712204481,31.30093198797789,-2.500397341330434,2,D06_px-1055_py-0118,0.46569324600958373,2.500397341330434,2.116579004721538,2.6760508349833203,2.470310216605588,1.907773130151147
-133.64737951485756,-263.3764316849937,214.8050155399098,0.7293315779640628,27.554756378274533,-2.647356659520639,2,D06_px-1055_py-0118,0.4715915427570185,2.647356659520639,2.2360850162538766,1.8355737136835835,2.1855338474215147,2.271188850279643
-64.96353033510121,-258.8150257824776,214.16309986128823,0.6807417041162982,40.05334598480698,-2.423698961792498,3,D06_px-1055_py-0118,0.44017294761788783,2.423698961792498,2.00335451223911,1.5433318764942558,2.002538447065513,2.2150655330596805
11.083317027583568,-257.5517365837686,213.90239279860808,0.6645147878977052,43.92384525633264,-2.134769031554791,4,D06_px-1055_py-0118,0.42968049578263734,2.134769031554791,2.3316108044772537,2.6599431905886153,3.3551135347636722,2.5691994492048886
-45.67156563451529,-254.7177956258612,215.8922206581205,0.6618818191733888,41.95971316594768,-2.355193211385622,3,D06_px-1055_py-0118,0.42797799746740256,2.355193211385622,1.1877697165748975,1.1530960802450492,1.6582017536423042,1.7624463888739395
132.54608060062958,-250.7968817139246,207.7463631227332,0.7258910077543604,37.8740446402054,-1.6915892799542012,5,D06_px-1055_py-0118,0.4693668429604092,1.6915892799542012,1.8236084461222768,2.260293948380252,2.4166995540674807,2.180059603172692
75.2032695316115,-248.9690340126085,211.77156908754472,0.6736865905658402,44.67236500252437,-1.8844313954183,4,D06_px-1055_py-0118,0.435611055627863,1.8844313954183,2.371282686498212,1.9361196489449979,1.9002825883580456,2.735605067831197
197.05970132479845,-239.34532041066447,210.05333990445365,0.7646667118648742,24.55531226384432,-1.4889715053409711,5,D06_px-1055_py-0118,0.4944395186479384,1.4889715053409711,2.222639821149384,1.9548481337517973,1.4976474881632864,2.5104422991605233
224.87493893950625,-235.73308280646825,214.5089594384219,0.7789569256151835,14.21770124541274,-1.4159468314567183,6,D06_px-1055_py-0118,0.5036796834131173,1.4159468314567183,2.4502920461314135,1.4120992581252636,1.9456624490421277,2.688563429625862
-210.50890692415751,-213.9327297869404,211.93390793215093,0.7440334617611952,27.58956534033564,-2.9551075452580253,1,D06_px-1055_py-0118,0.4810978966169164,2.9551075452580253,2.180163497146009,1.149576527190068,1.2696899321282549,1.2600209822543635
257.39977214929115,-198.501306181808,213.6776685130451,0.7797617883499292,15.146964031051994,-1.2638980053275166,6,D06_px-1055_py-0118,0.5042001139967566,1.2638980053275166,2.586977848748332,1.875604001329612,1.3533961055902959,2.3733381362601653
221.3811042005289,-193.85776698140864,213.70061353880976,0.7300680979572524,28.84708403547552,-1.3261913684359177,6,D06_px-1055_py-0118,0.47206778238567854,1.3261913684359177,1.9923060673945145,1.2847525608645245,2.027494805909754,2.654562863353049
-228.8076391479167,-157.3354867670759,212.601077834575,0.7038998312949117,36.75844529187208,3.136990192001759,19,D06_px-1055_py-0118,0.4551471750522904,3.136990192001759,1.6816118693657973,1.69195086487832,1.5877030578263305,2.056707945153591
-279.2982971209419,-152.2227614585439,218.8831867920784,0.7569154125089782,14.549042353476636,3.03362378346094,19,D06_px-1055_py-0118,0.48942746743273846,3.03362378346094,2.6877968044370104,2.063013544779906,2.3336318918374577,1.560312311352132
221.163289206939,-143.484254274996,207.4922772999201,0.6903118833237623,46.53946973936502,-1.1824900597302317,6,D06_px-1055_py-0118,0.44636110087118286,1.1824900597302317,1.9758942965692312,2.3316188131393565,1.4439089552252082,2.6337432144613597
239.210214083159,-135.5689028908386,197.5180389072296,0.7354792745347614,49.27090394360374,-1.1225805853288848,7,D06_px-1055_py-0118,0.47556669178082867,1.1225805853288848,2.567618375789568,2.2177039522034363,2.934461277787519,2.257766825776209
-247.5312395501963,-128.95867395826073,215.98742292049667,0.6986372155930466,33.572649070927866,3.014903034355742,19,D06_px-1055_py-0118,0.4517443262894439,3.014903034355742,1.2093510025420966,1.7887444708104088,1.1429393175704519,1.6649481724777477
-247.75046463759625,-114.55257066926056,216.5276363568011,0.6864471857100585,35.71254244701868,2.967706818881118,19,D06_px-1055_py-0118,0.4438621569545851,2.967706818881118,2.4858182317745956,1.84252758522117,2.0274631345160152,1.6147195273316584
242.16635471710683,-94.84889037243435,209.14325443661264,0.6797831123042218,46.721666149757255,-0.9802828598798912,7,D06_px-1055_py-0118,0.4395531146020279,0.9802828598798912,1.7842665412483583,2.2419399158172855,2.0909222432944787,2.1845907462418017
-313.1151499190037,-91.62668043690796,216.3933116541886,0.775284643298099,12.666157950289175,2.819294203228807,19,D06_px-1055_py-0118,0.5013051567428372,2.819294203228807,2.383180240124231,1.282814208510595,2.8010552616175133,0.6948415761733858
-273.5052210192141,-71.13098598687918,206.0794705675147,0.7280244709317677,39.57941579990518,2.7890484014408234,18,D06_px-1055_py-0118,0.4707463570547494,2.7890484014408234,2.2609589303609763,2.68433938859996,1.9016625118868276,1.8140715033793968
-271.1056610245678,-72.54507011261755,218.84597799270009,0.6948649149986255,30.74019931777872,2.796077025770694,18,D06_px-1055_py-0118,0.44930512701326236,2.796077025770694,1.299426502030469,1.5041837691713305,1.9606926154741737,2.09193190467429
-283.2641946086499,-63.88861449282698,216.9200440696428,0.7160602619054008,28.10318430919756,2.7564455426726417,18,D06_px-1055_py-0118,0.46301020526441816,2.7564455426726417,1.5558998220224138,2.2271284409860206,2.0542561369219317,1.5544394143288929
244.2455060300153,6.324135928442466,215.2323628197728,0.6356904499766689,48.162167493366496,-0.5810927783114315,8,D06_px-1055_py-0118,0.4110424518533219,0.5810927783114315,2.349270674456971,1.5629562851377674,2.8648785496916975,2.181643644863522
-283.6969076260603,22.42949227530394,214.2349639358944,0.7122434561937273,32.6003687881269,2.4557157749309613,17,D06_px-1055_py-0118,0.4605422286288849,2.4557157749309613,2.049366134441242,1.1952390049989727,2.3316030432075996,2.0462484804396506
320.7286056200855,27.46097092421057,214.00015164003025,0.7741429803487497,16.35153506757564,-0.5215672559562867,8,D06_px-1055_py-0118,0.5005669484876906,0.5215672559562867,2.7339659723706746,2.721488950417693,1.482436130169506,2.405716417672236
301.1151303270659,53.73900650772629,212.9639883459179,0.7510569475758183,24.29873192494955,-0.4303722249217102,9,D06_px-1055_py-0118,0.48563933786384034,0.4303722249217102,1.6074254901685685,2.1535236947709255,1.3320523240822149,2.071636367590192
-312.75884612194983,56.60820223478534,214.94825859819952,0.7655880641523762,17.508357036705604,2.355555292815011,17,D06_px-1055_py-0118,0.4950352722938983,2.355555292815011,2.288554043377845,2.657562473142444,2.600160606948897,2.284917289047258
264.95271818661894,67.51385363010041,216.06939456360925,0.6883256057696527,35.873867952370745,-0.3574745229552523,9,D06_px-1055_py-0118,0.44507675816014736,0.3574745229552523,2.117611172432229,1.8725425167757808,1.6780364392484084,2.0469091448624566
-248.2448099740621,72.59844785504794,210.27033427746903,0.6744551093502599,46.428024434437816,2.2501000160315607,17,D06_px-1055_py-0118,0.436107985926965,2.2501000160315607,2.434919440264541,2.4908204853889644,1.5224656947164164,1.7818891165183015
278.04840020234553,82.49592295301366,215.7936436456305,0.7180395575827637,29.102245630695847,-0.3185564323807396,9,D06_px-1055_py-0118,0.46429003343895775,0.3185564323807396,1.9950944378226048,1.9431848142723274,1.9330521460469692,1.6940245997051828
236.5271787384416,90.70695513952028,216.4671911307144,0.6502957592991127,43.66764553334923,-0.2407821993772462,9,D06_px-1055_py-0118,0.4204863598972351,0.2407821993772462,1.5891912125041616,2.315935058150491,2.195005323434013,1.6409008719306497
318.06303385133015,97.6750130891892,203.4948874898869,0.8158224184846511,18.68796493294189,-0.3090279329909359,9,D06_px-1055_py-0118,0.5275172014667601,0.3090279329909359,0.7180692856132531,1.954291602624583,2.3932873927704676,2.3820430733770492
286.2586728024654,146.16646701147286,212.85951782140768,0.7760601750969011,17.387146515676875,-0.1348801997223809,10,D06_px-1055_py-0118,0.5018066217122755,0.1348801997223809,1.664070126915089,2.5882821768074087,2.5650670933044353,2.214699621424183
192.72789943585508,158.2862063291886,206.5384311238359,0.6654525295506052,53.085290795116975,0.0806111761567289,10,D06_px-1055_py-0118,0.4302868469213514,0.0806111761567289,1.258839887112585,1.6978987917029538,2.811147843636223,1.440024475993721
152.2668114671882,164.80271609313516,205.5743173817445,0.6170416340379327,63.58910995267229,0.2179348190167072,11,D06_px-1055_py-0118,0.398983980583381,0.2179348190167072,1.5129701592625175,1.6107510392486704,1.6174518282399868,2.004910352666383
286.7432260695452,171.83608821268254,214.29519596246104,0.7923325950199281,10.461127553760946,-0.0670983159427195,10,D06_px-1055_py-0118,0.5123284966012146,0.0670983159427195,1.9330819059010347,2.530326153836722,1.6732976013498186,2.171154559794382
281.56014412728746,182.45016543668507,207.7930862911084,0.809545610847162,14.419169902031513,-0.0320135927492251,10,D06_px-1055_py-0118,0.5234585682102437,0.0320135927492251,1.8875154453298228,1.9182587499658883,2.399924534116038,2.837620206244627
-267.8589124958048,192.3151470117749,213.1629812445128,0.788142002634974,13.355342482460344,1.9119270984163768,16,D06_px-1055_py-0118,0.5096188265586764,1.9119270984163768,2.799009273193051,1.7258097499684026,2.4364896128899582,2.7522468146651216
-155.11138513840513,207.62926005856824,210.70981856211696,0.6744315157175925,45.87042747444667,1.6054332454396154,15,D06_px-1055_py-0118,0.4360927300982514,1.6054332454396154,2.485341090073506,1.8725131830578674,1.5402029456001758,2.052229221200812
120.37142222018808,215.6285332949404,214.24745217897944,0.6430013262908366,47.93488814600164,0.4546730210289703,11,D06_px-1055_py-0118,0.4157697220608296,0.4546730210289703,1.9062346056297197,1.4095854627010438,1.9274785466320457,1.7583211294010215
-243.84141877438023,223.31248772861613,201.0600418649343,0.8187051624402618,21.338194509149105,1.7931313879040331,15,D06_px-1055_py-0118,0.5293812064138583,1.7931313879040331,1.796798199019051,1.7548187515307787,3.059361407010225,2.3012930958277824
134.20758630510826,224.92229828149533,215.6777516947389,0.6682198119458268,40.86922229943451,0.4258389344768684,11,D06_px-1055_py-0118,0.4320761935140903,0.4258389344768684,2.0631837369015447,1.6972669977453685,2.4458198882279945,2.018543026856408
253.8138038647457,235.48469122763217,216.7742244051608,0.8041242732072811,3.173034874826442,0.1409761571062956,10,D06_px-1055_py-0118,0.5199530885921322,0.1409761571062956,2.475548479112934,2.3955112962473493,2.235004792031456,1.7228483817035367
-44.72808710610068,244.79169114072008,215.5326982483574,0.643796160424395,46.16837317017399,1.144542124952583,13,D06_px-1055_py-0118,0.4162836680719527,1.144542124952583,2.207568087985184,2.13884894634928,1.488062258939586,1.2659767372903938
-149.64611900302927,267.21796787776,213.4968839276849,0.7504525151978382,23.7343705102856,1.4743166746063294,14,D06_px-1055_py-0118,0.4852485071275384,1.4743166746063294,2.9291691950714,2.1624843497900113,1.6201840479866836,2.476151329344119
177.74537012379045,286.92078921269547,206.84927254894723,0.8148008077990433,14.12019996170784,0.4091875012245557,11,D06_px-1055_py-0118,0.5268566199509183,0.4091875012245557,1.9885290354435812,2.10667076733084,2.115305487909354,1.8566349191350062
31.34718826511044,291.65833466851694,212.762298834144,0.7306913022383748,29.94693363937808,0.856748663544377,13,D06_px-1055_py-0118,0.47247075118240567,0.856748663544377,1.9608680483423884,2.588190603022837,2.1113285712594068,2.5392488927888435
-97.46639384450864,314.95044107172026,200.28031902317144,0.8191937213414867,22.32631298449297,1.263935037648097,14,D06_px-1055_py-0118,0.5296971124474342,1.263935037648097,2.8595667817855004,2.331419487259161,1.6296294925830117,1.6156760559249392
-52.39964304795343,319.5125391455237,211.73403999292185,0.7823745656903415,17.108024981016342,1.126368501265821,13,D06_px-1055_py-0118,0.5058895564041253,1.126368501265821,2.2351169834095823,2.1627349845725234,3.3452192761480672,1.4463840390880058
-47.24625695279384,-334.5012771411985,212.5434600704873,0.8016892888054661,10.043133307690198,-2.318091555993908,3,D06_px-1055_py-0118,0.5183786084992138,2.318091555993908,1.8479188691558388,3.224208928863338,1.6687940678103614,1.9587136767798454
56.46220060528837,-324.8543515636308,202.93658801295447,0.8126753087136651,20.48841683212157,-2.0056872581290257,4,D06_px-1055_py-0118,0.5254822555012117,2.0056872581290257,1.4383654617043762,1.2826712423649385,1.9511509393304116,1.875139442844565
12.497182317930712,-317.21131875811835,211.02513031580435,0.7741908470304126,20.49847161742946,-2.138399197514113,4,D06_px-1055_py-0118,0.5005978994610669,2.138399197514113,2.3027630017498195,1.323256325255739,1.5590682924547565,1.6080358023215888
-112.21079199299108,-308.01923175818337,213.5898811557688,0.7842128690845557,13.93957927016686,-2.527131108411948,2,D06_px-1055_py-0118,0.5070782178578813,2.527131108411948,1.483560680253113,2.1045305695786056,1.4569846473336716,2.5079417218188493
2.693617590910068,-302.0680342881179,212.51268697030204,0.7458930413165047,26.307128665133348,-2.1688588403015703,3,D06_px-1055_py-0118,0.48230031540401436,2.1688588403015703,1.767216421443041,1.4758597935366615,1.521416279471044,2.317357742520086
-164.67051084032184,-287.6240103244664,212.91861576923893,0.7912555646021014,12.752151247676522,-2.697744387872678,2,D06_px-1055_py-0118,0.5116320802500167,2.697744387872678,1.7138503579183582,2.0653850179211615,2.4956278847809745,1.483622552013221
-154.2681586196451,-284.4700454166888,209.17924450017028,0.7881767522309028,18.99435388763675,-2.674688290526712,2,D06_px-1055_py-0118,0.5096412959211027,2.674688290526712,1.8657965085390127,1.2392215020016162,1.3426947551866881,2.328162392976556
102.95088581604335,-273.2994543427857,212.3760775110568,0.729402250181171,30.79437287997956,-1.8175188750399367,5,D06_px-1055_py-0118,0.4716372399692373,1.8175188750399367,1.3105723161674303,2.570888761803812,1.8429603367631717,2.323061802285686
-116.0056729219408,-268.65665170351133,213.05088802419232,0.7288208856999229,30.037649326626024,-2.5853911948319035,2,D06_px-1055_py-0118,0.4712613251166523,2.5853911948319035,1.1192117991713086,1.9606740119355635,1.6859851689756515,2.2165250968837364
55.35223354797862,-265.6382764307729,215.19498184963285,0.6865778409755409,37.405635831935626,-1.9723410497378733,4,D06_px-1055_py-0118,0.4439466396783281,1.9723410497378733,2.9271276746304116,1.6576273979257785,1.105662631057081,1.8767378138153576
-4.965568620639085,-261.48394147535777,211.5650033820084,0.6768792752852827,44.243593902055295,-2.1967635327087325,3,D06_px-1055_py-0118,0.43767547071404594,2.1967635327087325,2.4109386911451294,1.627847634435039,3.026786306467071,0.854021530994815
195.49878449419623,-258.12195933181965,213.0258443601607,0.7793637949201023,16.181454845245185,-1.529562410115033,5,D06_px-1055_py-0118,0.5039427683103088,1.529562410115033,1.8147008208891167,3.271699896783613,1.851909576085733,2.6517649392707163
-192.782890569546,-258.68623475822864,199.02155149718004,0.8115261790665709,26.533204765950188,-2.8182225094285505,1,D06_px-1055_py-0118,0.5247392192204933,2.8182225094285505,2.3103873552822254,1.600675855427041,1.559479270316426,2.4801644871883894
42.953054188102094,-256.69353234929764,210.84280495265216,0.6761747011695811,45.32301695245326,-2.0119798541893674,4,D06_px-1055_py-0118,0.4372198875413854,2.0119798541893674,1.7481749460027178,1.8698591767995008,1.541623309861852,1.8115227259028264
-141.42492735440408,-251.5465020358349,215.88961092640864,0.7153343987394882,29.64964158577408,-2.68995396147218,2,D06_px-1055_py-0118,0.4625408564242119,2.68995396147218,2.3235708377414275,1.954758313103316,2.070583249646747,1.9658529160386315
-179.75299628316586,-248.97404097111053,213.326899119355,0.7521753455821675,23.497037360490825,-2.803098307607506,2,D06_px-1055_py-0118,0.48636250282360105,2.803098307607506,2.625825048688294,2.192647950263584,1.8660473015446042,1.3404290161523333
257.22324303307335,-228.60210202117167,215.60235699481288,0.8037886358718526,4.970468443941343,-1.3335333007288253,6,D06_px-1055_py-0118,0.5197360628474587,1.3335333007288253,1.9864109290521061,1.9285680286311377,2.733586698179579,1.8883696769155505
249.3640411453645,-214.08228341573653,212.3516357194195,0.7883881273393578,14.43136673400994,-1.316395145016953,6,D06_px-1055_py-0118,0.5097779727310868,1.316395145016953,2.0361316454340637,2.2943405640657346,2.011185786424468,1.6800296418091736
182.3346224725804,-209.2827599413833,211.23305033865364,0.7068871679994744,37.847212960391005,-1.461081804492061,6,D06_px-1055_py-0118,0.45707881049466637,1.461081804492061,1.821785004625242,1.142019451914075,1.6749626559976898,1.320313595906791
262.33771076427763,-172.27526160676237,214.74610521266288,0.7597423101199152,19.447886574120105,-1.1880452646529855,6,D06_px-1055_py-0118,0.4912553616935072,1.1880452646529855,1.7600686195809923,1.1476752714192178,2.0362673710396217,1.668811839554936
280.9760021259871,-164.10625722988843,210.4846174820452,0.7878119917053178,17.252554839018956,-1.1355944283328894,7,D06_px-1055_py-0118,0.5094054388922906,1.1355944283328894,1.4307510214555625,1.0442453240696956,2.8027577056539075,2.4077467523758553
-259.0380836667608,-155.0734860533915,216.0738092573099,0.7373322512420046,23.75668779654518,3.074040342222238,19,D06_px-1055_py-0118,0.4767648411143609,3.074040342222238,1.166379271108472,1.5310157002701859,2.674575179990286,2.577715133828967
-303.16693737495217,-143.18373903733377,215.3084051196774,0.7914518288684773,9.291667037549873,2.9758507878326226,19,D06_px-1055_py-0118,0.5117589862704947,2.9758507878326226,1.5872010336170455,1.825940596657802,1.7968782610664937,2.953714387398664
321.93806613035645,-127.63909650381326,210.52631467705936,0.8188544731518514,7.432551532931598,-0.9844399421637252,7,D06_px-1055_py-0118,0.5294777518959903,0.9844399421637252,1.4284074829460114,2.4307194603725404,3.1230236661657615,1.6363463777148812
-238.82793680656,-83.85227253336281,217.330682964376,0.6479923940776382,43.05959939337913,2.872266754832056,19,D06_px-1055_py-0118,0.418996985802999,2.872266754832056,1.5042050165260963,1.5690452658508467,2.880453552027859,1.5294539050719618
328.36896470158587,-81.62212712268526,211.79135662567296,0.804258504081624,10.313075515013908,-0.8506102931710253,7,D06_px-1055_py-0118,0.520039883332727,0.8506102931710253,1.7032459214397395,1.8295694530201156,1.8466894202872286,2.025297205329025
-274.9490061826557,-54.8346425166432,213.81628314307915,0.7058299176344093,34.70349394722979,2.7314660091422365,18,D06_px-1055_py-0118,0.456395184081378,2.7314660091422365,1.507319558067455,1.5086627539695991,2.26197875666971,2.1289484494826754
-291.8130443259676,-43.49296601342102,215.8899638757484,0.7263097062701045,26.878207914297832,2.682567916956524,18,D06_px-1055_py-0118,0.4696375767184908,2.682567916956524,2.374953337264925,2.2661530951522804,2.2101218764497657,1.9570529440448534
321.7084455066421,-45.3320819875448,206.86862184904905,0.7957021620757497,20.025791259219886,-0.7469683101726864,8,D06_px-1055_py-0118,0.5145072851992814,0.7469683101726864,3.0344618871508255,1.0143839679337439,2.244779511562469,1.9578971559860392
326.44393170897,-28.83231491229192,208.4752917278115,0.7961673570404255,17.588264508524844,-0.6950733479931099,8,D06_px-1055_py-0118,0.5148080839274629,0.6950733479931099,1.6638437901868932,1.3923274275472477,2.0461089645360264,1.2999182036388648
-332.38812566990816,-22.33931924122754,212.5638363756471,0.7946633739430252,12.20885611661879,2.6017207375534284,18,D06_px-1055_py-0118,0.5138355966108389,2.6017207375534284,2.260705153945413,1.5870080468504484,1.9191063186351045,1.2396431822356317
-305.5936191253148,-18.28697426761647,214.6029126928551,0.7476695787342189,22.980428130537973,2.5943826712928564,18,D06_px-1055_py-0118,0.48344903849087717,2.5943826712928564,1.9222470102418265,2.490096349055894,1.051959115612811,1.7511935301963657
322.732649555637,-11.40449844026272,207.84469812921884,0.7903351679129509,20.245119483717872,-0.642302127748866,8,D06_px-1055_py-0118,0.5110369445014775,0.642302127748866,1.848634030196164,2.586799292111401,1.3158133780636307,1.5419345201725883
255.1273284628428,-2.6165754413573965,215.5722300855586,0.6557442720008076,43.66083044851479,-0.6172351313483174,8,D06_px-1055_py-0118,0.424009411124355,0.6172351313483174,1.5417862068481654,1.7195297545968262,1.6855637075148338,2.63106530440494
351.87230020404405,3.2879145303295094,211.72701789048,0.8239754675352642,3.963987533525653,-0.5976357476182502,8,D06_px-1055_py-0118,0.5327890271988713,0.5976357476182502,2.1337553285030126,1.6496128508435364,2.417897657772668,1.8663305875769587
353.8812858549487,31.42904465640308,214.9985583265887,0.8211055807809241,0.1249136708530045,-0.5183995443895594,8,D06_px-1055_py-0118,0.5309333358193822,0.5183995443895594,2.552638823467574,1.436498562590708,1.6668549262501127,2.386672676727793
242.4102184287795,78.08518111850643,212.2182311300805,0.6624537274360258,46.49721650105107,-0.2953546896149461,9,D06_px-1055_py-0118,0.4283477978545534,0.2953546896149461,1.7567690791978903,1.3708461915210175,2.3389847543574094,2.3743804617679536
-285.0252027407163,86.01180533612154,214.4337675251267,0.7341733759008907,26.799397139646658,2.241534070389867,17,D06_px-1055_py-0118,0.47472228743849854,2.241534070389867,1.7641021081085415,2.6689197496673054,1.3131549960626687,2.353746282232456
-302.89911718581783,101.90384570324288,208.4047022584001,0.7837717732785938,21.3933100626972,2.2100796568787118,17,D06_px-1055_py-0118,0.5067930018355368,2.2100796568787118,1.0797374609617716,2.461018010718992,1.8522453170197037,1.330562079872891
-242.89469599725524,101.64428420008824,197.8039210903919,0.7132760553469101,54.07542800562476,2.138285925181128,16,D06_px-1055_py-0118,0.46120991537440936,2.138285925181128,1.8217118569374557,2.6451665253148473,1.8818754630659025,2.157069323408957
-317.74473788767096,104.65556512612676,211.5544824214496,0.7991363230728166,12.264296156780176,2.2164338528780902,17,D06_px-1055_py-0118,0.5167278407485195,2.2164338528780902,1.4171225652774109,1.7113328475247422,1.8758044184887308,2.588774309844559
-300.680278689341,129.06187864560488,213.16777139586745,0.7842661978663018,14.519805322695843,2.1291626101133483,16,D06_px-1055_py-0118,0.5071127006681927,2.1291626101133483,1.6816942816884581,1.7731526744027275,2.043822120818678,2.4001054721262003
-242.48134010762607,125.31122699716704,206.08894969014344,0.7107703568272867,43.70832906062884,2.057626205739052,16,D06_px-1055_py-0118,0.4595897109759493,2.057626205739052,1.5997961657708304,1.3041346081816934,1.569232517522822,1.2293344926011227
298.3414086038035,149.00518357268143,209.0699124540224,0.8034626342167367,14.48527227649879,-0.1437758637793131,10,D06_px-1055_py-0118,0.5195252676095689,0.1437758637793131,1.7430136108749579,2.0236518640704624,1.8746236025741256,1.8375855290239318
-205.89613548067493,150.62160335696245,213.46795475185496,0.6604286403489422,45.3386842465008,1.9030303797579164,16,D06_px-1055_py-0118,0.4270383605938208,1.9030303797579164,1.1871885278032033,2.093611595722196,2.13080511007844,2.5134400693395085
-268.85741624513065,171.50241322260703,210.43453334361325,0.7778589160361766,20.263051939796128,1.9667957161564988,16,D06_px-1055_py-0118,0.5029697017710619,1.9667957161564988,2.367665581831381,1.1126246780781415,1.4218568090808303,1.64976772583925
-239.47013203997105,182.99247639581992,206.67069086479964,0.758648400289026,30.88192765393711,1.8821137238885652,16,D06_px-1055_py-0118,0.4905480309808755,1.8821137238885652,1.8469869971535169,2.728704437800447,2.4517058304662305,2.019358870839961
163.36297721701814,190.77467418932707,213.59852510102883,0.652596560186907,46.80070064354618,0.2556686728825593,11,D06_px-1055_py-0118,0.42197407587311614,0.2556686728825593,1.9259845499870418,1.8353227440839863,1.6863969201173092,2.2729664562776266
180.13020427766517,200.3890047238738,213.93018671825155,0.686031604438694,39.16470095405288,0.231608303361572,11,D06_px-1055_py-0118,0.4435934388312717,0.231608303361572,0.3164870403358464,2.5231375853638185,2.954387849576986,1.8919283106584954
-210.78609437773187,208.13966030333,214.7934499457548,0.7308468537501414,27.179291073928653,1.7555320654878923,15,D06_px-1055_py-0118,0.4725713320150867,1.7555320654878923,1.7986641723359895,2.3344969677842107,1.6025003468709467,1.3587182883010076
268.99820238266693,207.61494172640857,211.25013090112336,0.8076564184878497,10.013137711256547,0.0503331780126758,10,D06_px-1055_py-0118,0.5222370015508377,0.0503331780126758,2.0283728873935067,2.2102901453108594,1.935304324416678,1.5838249344877324
214.68727931425275,213.4923378881253,211.6690236614796,0.7490134758199315,26.621080446047017,0.1756278907717569,11,D06_px-1055_py-0118,0.4843180129314561,0.1756278907717569,1.7303258025570836,2.4342274343976413,1.8566847839256972,1.873097642785568
-177.88167284786573,217.28932137369927,213.44935802484216,0.7074706970104322,34.79247684175931,1.6498205420708354,15,D06_px-1055_py-0118,0.4574561249492101,1.6498205420708354,1.4704415610463648,2.4549560011127562,2.260884608642053,1.7665833664726025
199.607611456232,223.6075094014554,209.743910915625,0.7485526243292967,29.37235064116021,0.2350664675236597,11,D06_px-1055_py-0118,0.48402002272780004,0.2350664675236597,2.05628408275093,2.073710117992596,1.95975602320974,1.7695037068437816
204.72553316701044,238.7503354165086,211.54568305189105,0.7682917481921354,21.46222183058296,0.2549916269307903,11,D06_px-1055_py-0118,0.49678349568907454,0.2549916269307903,1.7388552303946225,2.6275197536638677,1.1746758813164067,1.0282438071126858
-220.3495386601311,246.1791154652488,211.54560195137032,0.7929242149614955,14.19600215196516,1.6939059587720706,15,D06_px-1055_py-0118,0.5127110427152173,1.6939059587720706,1.0137002867550873,1.3514694618922463,1.5428824344544965,2.113652466905087
-172.90042041866334,246.6465306590939,214.3406706689064,0.7401933439021515,25.34240203276056,1.575216853834701,15,D06_px-1055_py-0118,0.47861484616327976,1.575216853834701,1.6118694164104832,2.419394089717815,2.0567957292771517,2.63097419356905
31.61699033206132,260.331899506017,202.5226328636046,0.6996436147889499,50.93324175699746,0.8429599056864489,13,D06_px-1055_py-0118,0.45239507193623235,0.8429599056864489,2.4104364579946527,2.084424479979604,1.668582282602897,2.4948554909392655
1.8513706386562048,262.3139750911306,215.26096415709048,0.6699056161724818,41.03439698578728,0.9567590699653776,13,D06_px-1055_py-0118,0.43316624780497104,0.9567590699653776,2.902343715579753,2.406352676168475,1.5159226044350476,1.5230321833631852
175.5001848814639,261.734657806747,214.5928999409633,0.7621324047204328,18.984789984487747,0.3731463334198949,11,D06_px-1055_py-0118,0.49280081568734047,0.3731463334198949,2.1789498015499493,2.674787608945408,2.3180774377675126,1.6515469128142692
-2.9815035261746146,273.96456387821934,213.0849494275564,0.6961676885054039,37.938366730084965,0.9746991725468784,13,D06_px-1055_py-0118,0.4501475106238002,0.9746991725468784,1.7849337121925881,1.550477190302615,2.799368977092027,2.678847965330008
-193.9281317780789,276.3124927362203,214.42613267319305,0.7969165200588637,8.845457384156418,1.5757789480174482,15,D06_px-1055_py-0118,0.5152924986358293,1.5757789480174482,1.0715603280940336,1.5991460458897433,1.8444937762844016,0.815404211637589
-158.0686208332882,277.2099625799235,207.7023777891568,0.7847212081717706,22.10701404317905,1.4820457936212188,14,D06_px-1055_py-0118,0.5074069139155134,1.4820457936212188,2.5651385697579263,2.028426633607273,1.6970456085257735,2.6303655113712705
-141.02761376377788,281.00074768256087,212.8294881742601,0.7651068506878542,20.583550122013605,1.4289643120603135,14,D06_px-1055_py-0118,0.4947241158775494,1.4289643120603135,1.7174914968040027,2.0005983445899735,1.6970956224801146,2.0931273911314303
72.33693680532829,282.61298674937035,211.5624772103288,0.7307592065424858,31.54076337610553,0.7132389030907397,12,D06_px-1055_py-0118,0.47251465864027964,0.7132389030907397,1.5800151928105215,2.020134041772745,2.224382599320351,2.176036051794563
-102.73554413437569,289.4345722466575,210.4279773838136,0.7590777381055482,25.58686796042105,1.3048968686856774,14,D06_px-1055_py-0118,0.49082564419463875,1.3048968686856774,3.0353829836240718,1.1061530336858865,1.5409466711536663,0.8419254628912141
9.496363635266176,292.1366818112616,211.90439430458213,0.7309221222641705,31.04004822201153,0.93132166004454,13,D06_px-1055_py-0118,0.47262000122909653,0.93132166004454,1.5946517647897944,2.0297252349262114,2.212886752970915,0.9296644420920757
133.76636824492354,299.6351883901322,212.6033448213041,0.7870100548740179,14.49154002897177,0.5439350035049494,12,D06_px-1055_py-0118,0.5088869002208648,0.5439350035049494,2.040791126591256,2.434958388594266,3.4617923349198554,2.113882710819646
-25.16312403858872,331.69802470151177,212.69341925470235,0.7936275571786565,12.34375325359241,1.0395333115693624,13,D06_px-1055_py-0118,0.5131658293325787,1.0395333115693624,1.9530894738786482,2.2855994828355266,2.983704548518843,1.8492175594372386
-46.98899915382666,-345.0566894214854,211.02185381911272,0.8204451052431532,6.180355913609105,-2.313120948745516,3,D06_px-1055_py-0118,0.530506267134546,2.313120948745516,2.207590951084033,1.6355012009603158,2.228375147879814,2.6125654478900877
-21.757407122948173,-310.45358785508336,206.81596558079968,0.7743350326863409,26.34473138238133,-2.247744097112274,3,D06_px-1055_py-0118,0.5006911310418418,2.247744097112274,1.6902442727371103,1.60787562321674,2.2861985538137475,1.6854761141417196
-124.65212821853164,-310.90184257127794,211.09971868592032,0.8008442908979511,12.383618234145333,-2.55908994433075,2,D06_px-1055_py-0118,0.5178322261967446,2.55908994433075,1.7906005124378122,1.8547184994538002,1.5415778880564324,2.393738187028122
-123.757578739948,-297.3265075097246,210.240429584134,0.7832409490835126,18.958346206208542,-2.572198766993496,2,D06_px-1055_py-0118,0.5064497667300585,2.572198766993496,2.311907876012227,1.6257568540530407,2.043095734194975,2.530024555115858
-39.175591496172046,-298.5764721016239,211.99126762755915,0.7455566872912996,27.106696956615394,-2.3082385031614128,3,D06_px-1055_py-0118,0.4820828262420864,2.3082385031614128,1.5385337076355907,2.0271726128444874,1.6265044496798162,3.146265235134061
-139.1799447352792,-295.2621037565815,205.66362893054287,0.8009774102531287,20.15238838225269,-2.6182645033268264,2,D06_px-1055_py-0118,0.5179183022202926,2.6182645033268264,1.8471308639050172,1.6865153584571466,1.1874649685392407,2.3136249867280956
128.31908638277153,-291.5411250043957,211.0771689612449,0.7757553489849803,19.97300364135941,-1.7631511932357615,5,D06_px-1055_py-0118,0.501609518747401,1.7631511932357615,2.386324132648039,2.2115553534485963,2.0326612605338026,2.5496676688049447
-177.85878006529376,-288.5362855564735,211.1847658245336,0.8065596108518797,10.457496037951842,-2.7301795798525346,2,D06_px-1055_py-0118,0.5215277970946167,2.7301795798525346,2.642541613268102,1.747786501204239,1.9911639736108793,2.107797147426471
-17.467273910689563,-288.0233239448825,213.7708731338932,0.7201785726904718,31.25610912310674,-2.238347019159185,3,D06_px-1055_py-0118,0.4656731374551592,2.238347019159185,1.5649622156407168,2.4112211902489884,2.43582341217605,2.1966346172032445
45.338053587259466,-289.8886133748778,203.88303156538063,0.7520481197435694,36.46345371765409,-2.0226344645215724,4,D06_px-1055_py-0118,0.48628023759429273,2.0226344645215724,2.027695363403356,2.2684391371376478,1.583517510299643,1.8292555699599493
58.30376840114887,-286.31661265109886,212.5564856434125,0.7292279790815619,30.59679805961724,-1.976888618670996,4,D06_px-1055_py-0118,0.47152455490361594,1.976888618670996,1.763425445902413,2.924199512533783,0.6295692626982228,1.857961321007544
111.23289382672422,-286.46483217990186,215.5551188995748,0.7473515325495981,21.768514215939888,-1.8074004480860932,5,D06_px-1055_py-0118,0.48324338732286937,1.8074004480860932,1.976462072225602,1.9742941815196944,2.574342549647679,1.1676066631433142
153.31473354797873,-269.6861422844314,209.0618227323274,0.7673353862194363,25.184657723235887,-1.6608453733385984,5,D06_px-1055_py-0118,0.49616510450491885,1.6608453733385984,2.616245043667737,2.479104015985678,1.978238911441633,1.660970256680085
178.7275569034849,-259.71038470867387,205.94313410388264,0.7829159752980127,25.116563998322647,-1.5750267402448648,5,D06_px-1055_py-0118,0.5062396361207583,1.5750267402448648,2.335916701939614,3.0359804525071183,2.026451166760137,1.0496781563846156
-167.20956580060488,-250.22910547182727,214.26115616665552,0.7399512360395096,25.51425016037928,-2.766857145291981,2,D06_px-1055_py-0118,0.47845829731237766,2.766857145291981,2.671948790725815,2.80348492511455,2.551749972806686,1.844169310638352
88.75497412296288,-244.31880957222307,210.35612494128208,0.676698838087476,45.83348376998981,-1.8293238408637296,4,D06_px-1055_py-0118,0.43755879860076385,1.8293238408637296,1.4514107178308904,1.9740340130714453,2.4224965020707105,1.5359785496339105
104.67693476545884,-238.4874044653305,210.60760921232765,0.677068811515389,45.43060352187263,-1.7641740180368264,5,D06_px-1055_py-0118,0.4377980263332798,1.7641740180368264,0.8195494539440045,2.409750226635256,2.0549234823653553,2.022774472027158
-156.7833592762205,-232.23553356710067,211.6843518029576,0.7104994889066543,36.39027024354783,-2.7715976243996834,2,D06_px-1055_py-0118,0.45941456564502725,2.7715976243996834,2.0239753243003733,2.586000130063347,1.1650186301353358,1.905746307706658
263.1765763664068,-221.58330837037803,206.80553159798748,0.8244512842514825,11.052226554629897,-1.3067855316798296,6,D06_px-1055_py-0118,0.5330966940352606,1.3067855316798296,2.1407385979143103,1.8374418096698606,2.419217687145382,1.4199591005899643
-203.64695326957573,-205.55294979813263,211.61248523135623,0.726584975455872,32.530352693157226,-2.9585161940783147,1,D06_px-1055_py-0118,0.469815567942115,2.9585161940783147,1.1436281947626172,2.020346882599968,1.814390697842947,1.7954258479301897
-275.57037108646125,-199.4421840795064,212.5671727646828,0.805096595772997,8.92756554812729,-3.1220882743062943,1,D06_px-1055_py-0118,0.5205818000214432,3.1220882743062943,1.845150647113003,1.8351468722749935,1.8671386558463356,1.6116352211728215
-249.61073727634985,-184.3065466510847,212.8134201932179,0.7585511967867259,22.445158944403715,-3.1125521186456275,1,D06_px-1055_py-0118,0.4904851784306828,3.1125521186456275,2.56622587449736,3.196767716140913,2.2361443503203473,2.2798457524671285
-244.6794156970853,-156.0713242433939,214.26703953449544,0.7218822328553162,30.16890768842967,3.1024070021201755,19,D06_px-1055_py-0118,0.46677473753631216,3.1024070021201755,1.625996744817841,2.619604449176296,1.3797755710050277,1.8233200862024666
288.27438930592854,-148.18414321064324,206.51507549993644,0.7953926356977133,20.624217586456552,-1.081794786719795,7,D06_px-1055_py-0118,0.5143071430053158,1.081794786719795,1.3689711842053116,1.9816968770245094,2.7429583378685862,1.521427512930397
296.8671971651415,-144.06597910415192,212.10396689144056,0.7909805161532698,13.994981041926508,-1.0587881242789048,7,D06_px-1055_py-0118,0.511454231756634,1.0587881242789048,2.994626094946618,1.8257137856853611,1.6495934907515626,1.0411002166710288
310.8971244481208,-140.42085979752588,210.9573288789328,0.8103117890305006,9.585971967438695,-1.0312159014677342,7,D06_px-1055_py-0118,0.5239539850582514,1.0312159014677342,1.7897483898074333,1.4909819970063938,2.0078185554994903,2.446662794613862
-310.0506793230176,-126.0700094604526,213.87019979458336,0.7939411391068867,10.568399154476538,2.920805592767274,19,D06_px-1055_py-0118,0.5133685938772424,2.920805592767274,2.248595524089364,1.748933115015233,2.1371689384229073,2.362968290673391
-277.79301340889725,-120.7153924767478,212.8259191469465,0.74649037057713,25.720600146602976,2.9445461454605044,19,D06_px-1055_py-0118,0.48268655320868825,2.9445461454605044,2.0308276184616387,1.5879623162376384,1.7663859992240647,2.1845913889947113
-319.42706478246606,-112.71066063363142,210.94025116380905,0.806812898232435,10.730267625606643,2.873826942133866,19,D06_px-1055_py-0118,0.521691574709855,2.873826942133866,2.472053573138705,2.9140685137600366,2.0115132637907682,1.5892377625072913
-259.86589638104635,-105.3624586005736,208.4625747886732,0.7184598142387907,38.73511894611613,2.9198083685907856,19,D06_px-1055_py-0118,0.46456177470281873,2.9198083685907856,2.4170607888770057,1.6929816987256718,3.0321600250442353,2.417502772617046
279.9103401659461,-79.17127800855496,211.85936029649093,0.7286428947497743,31.68007679712485,-0.8826245743143828,7,D06_px-1055_py-0118,0.4711462347663734,0.8826245743143828,1.9672436213716913,2.441723591367046,1.2440430021218782,2.0293527084415306
-325.6340033190528,-76.936284986676,212.7375006792668,0.796443158027186,11.408868142385415,2.7666246084293498,18,D06_px-1055_py-0118,0.5149864190177978,2.7666246084293498,2.569326106019288,1.1216402146761402,2.351178875372233,0.9305427919030298
-307.09349521778245,-78.95340485341569,220.74739278690748,0.7511019870127366,13.63795483350333,2.786261877600886,18,D06_px-1055_py-0118,0.4856684607184965,2.786261877600886,2.1985947281386924,2.2167203520835193,2.210169895467803,2.710007983057792
295.9642051356195,-53.57188784440626,178.941070727402,0.8295996601541873,50.61319892475814,-0.7860486606749868,8,D06_px-1055_py-0118,0.5364256744441813,0.7860486606749868,2.305415190455495,3.0826184645601376,2.607056790096122,1.6454238641126586
347.7136022006172,-37.37977536468774,213.55678769513025,0.8165972110865612,3.747921044856241,-0.7140698816595739,8,D06_px-1055_py-0118,0.5280181884656661,0.7140698816595739,2.2333437256244686,2.5855120877846134,2.2119820324779917,1.557250783199707
-331.8512596244816,-36.418745330279656,207.7455757097856,0.8071791314678896,15.233306788434334,2.643919882783421,18,D06_px-1055_py-0118,0.5219283840044684,2.643919882783421,2.1535370212785567,2.4566704753749464,1.7422584721395058,1.240882331504566
-296.5364801208423,-2.903418804585184,211.57981381366884,0.7388818908765288,29.424314399940783,2.5444039104958045,18,D06_px-1055_py-0118,0.47776685030749455,2.5444039104958045,1.774850366123264,1.7702436257982406,1.7765469360838497,2.2882092469905113
-334.66142574689894,6.13276506118924,212.39916613544065,0.7974154820364996,11.590332861734057,2.5162898904713296,18,D06_px-1055_py-0118,0.5156151313805505,2.5162898904713296,2.219679238830955,2.060973963626047,2.4869023552979783,1.8066515322878494
-346.3566388708655,18.162711442602305,210.6085292628128,0.819400940193004,7.131875460383355,2.482221776036712,18,D06_px-1055_py-0118,0.5298311017889463,2.482221776036712,1.8507555511856555,2.377363446540466,1.6049563419245008,2.0879749408061663
-329.67334736065976,25.750099174458068,212.7167663949366,0.790597570774182,13.24055502626112,2.4566634651372423,17,D06_px-1055_py-0118,0.5112066162583172,2.4566634651372423,2.018539312348559,2.222226964413294,1.956674772544582,2.252592693241116
-344.10331899127965,48.68862696882624,212.39531300427143,0.8161893014333771,5.57883622968626,2.3940519963503197,17,D06_px-1055_py-0118,0.5277544308710921,2.3940519963503197,2.7060305479637203,1.3052808612832374,1.3185650637676087,1.3652726967776136
-327.806607915436,54.39556503264184,211.3555509553239,0.7962376556910444,13.44867138592457,2.370173524348685,17,D06_px-1055_py-0118,0.5148535395886474,2.370173524348685,1.8725750908662648,1.5883337107822673,2.2485855372862047,1.7737895950320453
238.511924706746,46.679288875428185,204.4599874725085,0.6578338547723412,57.26500251508117,-0.4137118695372174,9,D06_px-1055_py-0118,0.4253605518026413,0.4137118695372174,1.638879545314172,1.8582158787969585,1.4835746826188003,1.6659682476281403
224.12706691936225,97.38195126857904,213.35036977246688,0.6399732263294056,49.65804580030317,-0.1970946211376014,9,D06_px-1055_py-0118,0.41381172877549827,0.1970946211376014,2.2400526946143646,1.249675083734113,1.1233583995759058,1.7878237603244003
247.313188027573,116.83651395214322,193.795699121963,0.7423497639804605,52.649717189184,-0.165635644739851,9,D06_px-1055_py-0118,0.4800092043705587,0.165635644739851,1.3482760963598286,0.9528216589885172,2.2065153059425775,1.9615570206298403
-282.61072349243574,111.23545923829876,212.8939998951672,0.7476884229289231,25.305874694148656,2.159636504919076,17,D06_px-1055_py-0118,0.48346122329559577,2.159636504919076,2.0929999737942073,1.5598559208545586,2.555311340949565,2.3992882756309912
-294.4935755972798,160.55163876655848,212.02602273108965,0.7993348392228634,11.526023703081648,2.035478982180769,16,D06_px-1055_py-0118,0.5168562028547157,2.035478982180769,2.7498532677231795,2.561718255254622,1.9885848244884246,2.6493057781309926
-258.6888136544688,184.3247529711208,208.0163239046782,0.7816586552262137,22.55832720216512,1.9155240600513648,16,D06_px-1055_py-0118,0.5054266430592838,1.9155240600513648,2.648579529286057,0.9887469998486129,1.1226605389394408,2.2789771235190353
-195.452399980244,197.1573543777266,212.56547139978773,0.7038713393293269,36.81189759433789,1.7448723671183584,15,D06_px-1055_py-0118,0.4551287519229315,1.7448723671183584,0.4010900776271007,2.4817459007769997,2.5230402151723057,2.272740751883818
-252.46420361887647,209.0063153578166,213.28728122592048,0.7848163454200368,14.18546670735094,1.843110661904697,16,D06_px-1055_py-0118,0.5074684304095732,1.843110661904697,2.4873487207182983,1.7586043582983804,2.8997390743177265,1.6570762623394668
173.86627781931074,213.0615540074853,206.6947743646287,0.7130237634665413,42.3781416001284,0.2793729335967049,11,D06_px-1055_py-0118,0.4610467814574325,0.2793729335967049,1.8416936671758013,1.1380809134757621,3.0309839352371517,2.1187663993866237
262.11542885092706,220.3703281993436,208.91924835510943,0.8170650129854775,10.3689238566962,0.0921126642935021,10,D06_px-1055_py-0118,0.5283206728580605,0.0921126642935021,1.876704565061647,2.692395307937258,2.572995113188343,2.5218500193677746
-137.1161449426245,233.0091383956481,210.99295778393764,0.6944753314634352,41.05276865822981,1.4957064712961432,15,D06_px-1055_py-0118,0.4490532192309256,1.4957064712961432,1.8187273323660609,1.2782264261559733,2.085036078301652,2.122039463650152
-64.78579612311783,239.5150407534066,214.5673083849918,0.6445561217836828,47.22221351050615,1.2279828389126966,14,D06_px-1055_py-0118,0.41677506507256346,1.2279828389126966,1.9224627867296529,3.1977815373314424,2.190022398014994,1.613141975950692
50.26024947231174,239.0261866680812,212.2448324806916,0.6422362697671571,50.58907566938001,0.7565651646771233,12,D06_px-1055_py-0118,0.41527503048679204,0.7565651646771233,2.127706664258601,1.2153148227622461,1.8038101171229899,1.6067743432745984
35.473002551600445,246.75685272780007,203.33432634899933,0.6728589316966476,55.639902432367535,0.8210380803138636,12,D06_px-1055_py-0118,0.4350758848841408,0.8210380803138636,1.2745754588245355,2.0678754466557745,1.9530921178797587,2.5195578523342728
132.874295970828,240.4898512739333,205.1428705824469,0.716316219764438,43.65395872508202,0.4590445868635245,11,D06_px-1055_py-0118,0.4631757096320764,0.4590445868635245,2.307279159128357,1.458540440466916,1.5766242276372162,2.226918692136902
-90.26566297805604,252.2610274002539,213.10637984776253,0.685142135676104,40.42967379628743,1.307446850089911,14,D06_px-1055_py-0118,0.4430183013236446,1.307446850089911,1.7772399170336297,1.7679090254454235,1.184066784259342,2.0282741944450153
-205.68256096466064,256.503574021326,209.04478407489472,0.7964331678138024,16.69286019619534,1.6396970364835015,15,D06_px-1055_py-0118,0.5149799592671379,1.6396970364835015,1.9041629110544762,1.5737630159037483,1.685444846551723,2.951689031098196
-220.24069961925625,264.0516803347815,210.0629605910901,0.8163784302582268,8.922015705029423,1.6589966239293936,15,D06_px-1055_py-0118,0.5278767230588781,1.6589966239293936,2.2440461333426214,2.143000018071552,1.6997124259470384,1.8207172402249145
-62.54511578445964,266.57581788562885,213.3847073661541,0.6951779943605929,37.77740336673156,1.194272513966045,14,D06_px-1055_py-0118,0.44950756659462227,1.194272513966045,1.6804665724841328,2.0610961639714658,2.619975764377668,1.1183374677915128
-39.84474002329674,276.53440703249873,209.0955981622476,0.715147881587214,38.694712606847816,1.1069179340624538,13,D06_px-1055_py-0118,0.46242025296448347,1.1069179340624538,1.8528371765215503,2.539889714271032,2.622056466331035,2.0095284977878247
101.79603153865426,287.65353300622456,206.58569187790908,0.7650308182124315,29.26066709567135,0.623685890669745,12,D06_px-1055_py-0118,0.4946749526800853,0.623685890669745,1.9786877933539848,3.2504382866064296,2.341800892140512,1.5430918394691318
-114.06387016299983,285.6917145269748,211.58027873426704,0.7571528012997454,24.5296070779682,1.3436808402587204,14,D06_px-1055_py-0118,0.48958096489459746,1.3436808402587204,1.0700234302806138,1.638618498065407,2.495740344620898,2.2840876481778376
143.56667737650784,286.919548772479,210.36362683608272,0.7810493168774815,19.4301783462667,0.4998711594016652,12,D06_px-1055_py-0118,0.5050326400836526,0.4998711594016652,2.471051761297046,2.3011968184359284,1.884671243422889,1.648874882182782
-86.02284396338973,291.6962884720795,211.902677867271,0.7506760048158854,25.85369589684143,1.2505932208622972,14,D06_px-1055_py-0118,0.4853930172748424,1.2505932208622972,0.9741225907578479,2.1677100136584695,1.1107265737939214,2.0138284718915562
-123.30684622819368,299.38411259702326,200.2526186766172,0.8102433983024817,25.137300288517,1.3545124706514544,14,D06_px-1055_py-0118,0.5239097630748475,1.3545124706514544,2.575008287979589,1.6660260258352664,1.2765096644608334,2.1890039090007116
80.25850514525446,302.78273079907245,211.2764252465978,0.7669108368916513,22.2279306448952,0.704706008452323,12,D06_px-1055_py-0118,0.4958905875656887,0.704706008452323,2.799458490075869,1.8067252130593228,1.8981150360978223,1.9216844203636305
-17.67783580510083,-344.1317190928966,211.0467619213755,0.8151203993597368,7.897200119757826,-2.2291001332921927,3,D06_px-1055_py-0118,0.5270632703712665,2.2291001332921927,1.9343320735486476,2.0925161408245154,2.2689847839967747,1.6689217914519896
-3.06818713765149,-333.9625670965385,209.57698815710145,0.8029930507529989,13.9017195507692,-2.186962818847859,3,D06_px-1055_py-0118,0.5192216312433287,2.186962818847859,2.4133724881462335,1.8338193790273245,2.071382857939064,2.228727091685939
-66.3691688910458,-331.5773617966266,209.996038760202,0.8082057891683494,11.652868400487932,-2.3753271277583785,3,D06_px-1055_py-0118,0.5225922289598656,2.3753271277583785,2.0796640300228093,1.9485459830654008,1.6083912330379528,2.6249415300238725
86.60296032079005,-312.1967500492207,206.59194112920235,0.7949833897745232,20.6375533843152,-1.907181002435837,4,D06_px-1055_py-0118,0.5140425213680311,1.907181002435837,1.6209426240426794,3.0939471583324094,2.6090996529212505,1.555080565674463
37.4291295006547,-307.9556731807089,203.8693465024804,0.7799110979939402,28.89816284501677,-2.056828441160317,4,D06_px-1055_py-0118,0.504296658788584,2.056828441160317,1.3703161698649315,2.524415718839543,2.183423808560489,2.428402910261377
22.66694092248564,-302.39138790988613,209.326899119355,0.755338121428129,28.122655499341533,-2.102956831442338,4,D06_px-1055_py-0118,0.4884075785966195,2.102956831442338,1.1755533007089836,2.019049624690371,1.8877717867470079,2.401395912064012
-166.09306581815062,-298.35107269644743,209.91744981160065,0.8132618087715956,10.146018207582811,-2.685751085682339,2,D06_px-1055_py-0118,0.525861491058129,2.685751085682339,2.017748231578778,1.4486527284762545,1.6691925403607533,1.8240107799395142
75.10768747751793,-286.60545122752086,210.3454786879346,0.741346352339929,30.4529066236625,-1.9214796559052547,4,D06_px-1055_py-0118,0.47936039050060464,1.9214796559052547,1.502504185509663,2.675553633293135,2.469727702684088,2.039637269269768
203.955500416124,-280.4402289763597,212.9540520940012,0.8137740028297038,5.5588071515034585,-1.5489819738386403,5,D06_px-1055_py-0118,0.5261926797703036,1.5489819738386403,1.548987942659344,2.240097371432671,1.61412417419629,2.836242201095854
88.11066323945703,-278.9194721058506,211.07453636332053,0.7332379172831157,31.56401636307544,-1.8717964801117164,4,D06_px-1055_py-0118,0.4741174125282782,1.8717964801117164,1.896337887415052,1.2994993222156892,2.173382742402314,1.3317019719799599
-175.24986043389677,-263.08266314912777,202.4540223254975,0.7927938293768936,27.1894838877812,-2.7654136928730986,2,D06_px-1055_py-0118,0.5126267343692557,2.7654136928730986,1.0912956197440753,2.07755933910948,1.560117283912704,2.250444571628152
90.89454751872888,-259.1000898390282,207.24232710553903,0.7109617930513735,42.14136224995531,-1.840380837985455,4,D06_px-1055_py-0118,0.4597134951462559,1.840380837985455,1.8642546805357663,1.4252683597555738,2.125240628245285,1.4871273072175146
-216.86127749315887,-243.12362764216664,212.72972605941447,0.7831191251202607,15.481926378031346,-2.9061419986114583,1,D06_px-1055_py-0118,0.5063709943958958,2.9061419986114583,2.3134606096849137,2.6025465942261894,1.6870856398461151,1.5745263101145672
118.33513465492544,-246.45238105208227,207.6919150608322,0.707742198891845,42.30450673817575,-1.7301306028677597,5,D06_px-1055_py-0118,0.45763168020416606,1.7301306028677597,2.790566621861715,2.24331884861817,1.7022313670823608,1.9128032225111369
-127.18662720798385,-237.12535049712525,209.18793483297924,0.6963715508282158,42.9707342496946,-2.6700934173001563,2,D06_px-1055_py-0118,0.4502793296074143,2.6700934173001563,1.3332603241719636,2.756810791433158,1.708350760011196,2.286882170235665
183.3844892127048,-239.06140360847328,212.35982519948607,0.7449589930192467,26.764432620945627,-1.5234189920226242,5,D06_px-1055_py-0118,0.4816963524181485,1.5234189920226242,1.372018000292082,2.099147286162447,1.875754172263608,1.9564473248257381
-201.32857649043487,-236.6488256740737,211.09920347534057,0.7632673065211614,23.497906275825528,-2.8827041655375663,1,D06_px-1055_py-0118,0.493534652130536,2.8827041655375663,1.7663141288995763,2.515778160551502,1.4482362284698258,2.126276632228119
-172.57028071244628,-235.0951017651553,209.897311871925,0.7345347113470757,32.81780401350113,-2.810987040169828,1,D06_px-1055_py-0118,0.47495592978399365,2.810987040169828,1.9778812228658995,1.915268966120402,1.8766250255773427,2.2724133626317453
152.11346115833425,-228.8858683209543,214.803514548992,0.6937249997396796,36.268136886203024,-1.591217774731978,5,D06_px-1055_py-0118,0.448568048828496,1.591217774731978,2.6076111615160524,2.578035756560011,2.403124237306666,1.9171832901686507
-255.9204782811085,-222.6542006084025,212.3694977292642,0.8041628430085157,9.510003186138022,-3.0325735436924286,1,D06_px-1055_py-0118,0.5199780281293984,3.0325735436924286,2.28266424424996,1.3610920313735857,2.502518490911225,2.0760633398977117
-228.18439603095908,-215.51168283744104,213.04706665673567,0.763743896856198,20.667677316876564,-2.991727956743706,1,D06_px-1055_py-0118,0.49384281919494644,2.991727956743706,2.0510856053706066,1.8831551916512947,1.6288370509413843,2.1029333520202798
203.81967578161144,-195.73132842050325,214.7582467191237,0.7075529799509447,33.050388094711025,-1.372136868224725,6,D06_px-1055_py-0118,0.4575093297466319,1.372136868224725,2.158526775414595,2.5238965810414795,2.0243218925990814,1.5453736204698183
-293.32594839632685,-173.7514446379399,211.56194918678108,0.8085703468715679,9.26912453211878,3.0693881767729256,19,D06_px-1055_py-0118,0.5228279548421381,3.0693881767729256,1.796350982868629,2.7512810627654685,2.460901516245527,1.9359406564861474
302.5104114918549,-157.91227918451008,210.9366734310648,0.8105189710040915,9.549273802886203,-1.0880766334487246,7,D06_px-1055_py-0118,0.5240879505542059,1.0880766334487246,2.67349492946742,1.9324062419768169,3.3540701434706506,1.98593971212139
-321.05199394631114,-144.19133079903307,213.99017187471912,0.8187548308870848,2.3948241650257955,2.9567361886349257,19,D06_px-1055_py-0118,0.5294133224227784,2.9567361886349257,1.209097187398699,1.7409543651592665,2.539843892454591,2.6663873974916514
-270.0083110272947,-139.70750477391846,215.1663163043567,0.7428842854822287,23.50501197203561,3.0120988419869392,19,D06_px-1055_py-0118,0.480354830183662,3.0120988419869392,1.5189096639474053,2.314385446662657,1.7986061274092162,3.0439074472797962
-236.42222201981065,-139.1482300956923,211.4435177967195,0.700605492230169,39.04899051305881,3.0665770287728846,19,D06_px-1055_py-0118,0.4530170294657746,3.0665770287728846,1.1892320383365602,2.3423660495594834,2.7828771883013226,1.4527932741760186
268.0747936821586,-139.01905901654266,200.7895738870896,0.7740551564166127,34.85144961731578,-1.0853828634003886,7,D06_px-1055_py-0118,0.5005101608414418,1.0853828634003886,2.2084703061772246,1.3481049274084569,1.9407834141053955,1.5354791004394377
251.99164577997337,-123.28086622677976,212.02131568544783,0.710290497659422,35.99602701911124,-1.0619708552253424,7,D06_px-1055_py-0118,0.4592794302584859,1.0619708552253424,2.4872312308991296,1.3989956494896343,2.5058665986920117,2.0716169798599275
304.9143473918702,-127.2075049084207,201.66727059818805,0.8168063640993919,21.04676148830339,-1.0022172912273766,7,D06_px-1055_py-0118,0.5281534284511173,1.0022172912273766,1.5639256492770004,2.044068850599518,0.8926186799299869,1.5650881155269118
300.62402734679904,-109.34319632556009,212.1351301040566,0.7753869853095126,18.59835227918711,-0.9558250633354624,7,D06_px-1055_py-0118,0.5013713318934951,0.9558250633354624,1.8964249726741873,2.421348688719787,2.5638662437892945,1.879136139933025
-289.60097542267044,-104.70382051360204,212.1150872024584,0.7564229718940976,23.99484099317056,2.881535878647114,19,D06_px-1055_py-0118,0.4891090514525391,2.881535878647114,1.3824221114262127,1.646144314041214,1.6734870022849655,2.4564526567551983
279.8516065872734,-100.47980726886976,210.56863389703284,0.7425971424349679,29.8228092329278,-0.9516909652794736,7,D06_px-1055_py-0118,0.48016916122767395,0.9516909652794736,1.4297271063433332,1.6821865226908344,1.9781747620330705,1.7937866241645537
264.4408021853708,-72.70922516172163,203.8199447598459,0.7186160459079047,44.8651092217832,-0.8753035699977849,7,D06_px-1055_py-0118,0.4646627953305978,0.8753035699977849,2.398493931041748,2.0472006610156654,2.0494468258548073,2.5077066532324275
-327.0982209215412,-62.703904942755415,212.7649911642964,0.7940646092782357,12.106799815596103,2.7240128938686827,18,D06_px-1055_py-0118,0.5134484306625268,2.7240128938686827,2.14571851952013,1.7210836358004566,2.3953390339071543,2.8738039841755443
266.993682971411,-53.50257858433338,206.07465968323083,0.7096341577606077,43.9927164719187,-0.8047490353444179,8,D06_px-1055_py-0118,0.45885503571037256,0.8047490353444179,1.619982070476564,1.1284941466838965,1.4816839355831655,2.78980287709675
-314.580254441674,-47.51757243964212,212.92531875527465,0.7707976288509991,18.82395496015687,2.6845305050207187,18,D06_px-1055_py-0118,0.49840381786020194,2.6845305050207187,2.0350673869436124,1.728135694239125,2.447697598774276,2.1104238804084665
-236.02565379828025,-11.875692896868136,208.2206183098468,0.6356024227913614,56.89287394760606,2.5848859895474336,18,D06_px-1055_py-0118,0.4109855327819722,2.5848859895474336,1.7850674146107435,1.4419888361304825,1.7522072687563828,1.91453303147243
336.8565192139441,-22.667844066653515,207.8048640188025,0.8126515054105583,13.415485800655633,-0.67417051732989,8,D06_px-1055_py-0118,0.5254668640979406,0.67417051732989,2.555523939823345,1.7993863263387793,2.7114375787807594,2.0092092652815037
-274.542138911371,-17.312829699743062,210.2734879471938,0.704699429342668,39.624265336210726,2.597590467638563,18,D06_px-1055_py-0118,0.45566420144785597,2.597590467638563,2.4406147445573385,1.741905319243304,2.394536552380868,0.9513579889093696
291.7509467367771,-19.474821597891253,210.09518239163828,0.7353717668177389,32.33691566007991,-0.6736321813420534,8,D06_px-1055_py-0118,0.4754971764442372,0.6736321813420534,1.4549638332917953,2.2585788569995566,1.1851843682953371,1.5501100024918322
279.248798008818,-10.073679035255578,204.059463406694,0.7273087979514441,42.45962300792684,-0.6430381029970631,8,D06_px-1055_py-0118,0.4702835972688061,0.6430381029970631,1.8780069709223233,2.7571191655468743,2.54551667951501,2.217532977592203
-306.9988905729252,7.048076379841089,211.7996254727562,0.7557575484936263,24.61127305021012,2.5116591674807096,18,D06_px-1055_py-0118,0.48867878344070986,2.5116591674807096,1.6943763771958067,1.6302319514213284,2.0524736557899166,1.9199374217403467
268.8723665260678,37.98426040493277,210.12854048873828,0.6986443125848757,41.22248757615336,-0.4666358106721449,9,D06_px-1055_py-0118,0.45174891526025873,0.4666358106721449,1.4358083901443748,2.23347715886032,2.047262508496604,2.297387943216977
-290.0365538226057,41.0797501503276,209.9360310049575,0.7366517364479744,32.223118796928986,2.393912542293481,17,D06_px-1055_py-0118,0.4763248148885919,2.393912542293481,2.588621384468061,1.2068675647800515,2.27699360612624,2.6495470155567964
309.8237090172919,49.34410091579322,206.69045451789123,0.7786597459128073,25.2893688501456,-0.449040917554205,9,D06_px-1055_py-0118,0.5034875246768798,0.449040917554205,2.037417269610454,2.331401819949411,2.3251553767626505,2.4263820979290047
-297.80425354962523,51.98284695642769,212.12386507080248,0.7471805001992378,26.49231027545017,2.3618004851647694,17,D06_px-1055_py-0118,0.48313279645802165,2.3618004851647694,0.8838607280459541,2.4694214345911907,2.634146979951743,1.877195302072623
334.3074258087252,69.91428922974539,210.4106892767984,0.8121953935245441,9.77290995504643,-0.4008190823634914,9,D06_px-1055_py-0118,0.5251719385599628,0.4008190823634914,1.7293606690815484,2.6784628206731416,1.527768915384507,1.0847266888740825
314.1211659769059,74.40031849016489,211.9266837631199,0.780421475741022,17.414792958286057,-0.3744129432864657,9,D06_px-1055_py-0118,0.5046266730597431,0.3744129432864657,1.4304852397282772,1.0140949180263155,2.0800843901266712,1.6538757088761509
-324.6080091265549,81.32774827965905,201.1620112924228,0.8244407401278486,19.36761257519248,2.289124961295561,17,D06_px-1055_py-0118,0.5330898761218701,2.289124961295561,1.89833757496953,1.2754213150282716,2.0852911626879056,2.0296507462673703
-303.94723229238826,79.92293962927594,208.97405372073305,0.7740439705072543,23.409130266640545,2.2774838009377025,17,D06_px-1055_py-0118,0.5005029279443469,2.2774838009377025,2.105775885276044,2.344736584138759,1.1934789634574197,2.6489642333724897
-263.16346609999727,83.38534376032594,207.8930163815245,0.7120650797544144,41.021532063537,2.2277632817361672,17,D06_px-1055_py-0118,0.46042688901827605,2.2277632817361672,2.6821473890656264,2.090488603069026,1.8287347182949156,1.7994783024431462
341.40504715232686,89.2046445877429,212.0096843870174,0.8246953246315591,3.304905656188339,-0.3514064973658876,9,D06_px-1055_py-0118,0.5332544924671572,0.3514064973658876,1.7688268219759502,1.66850200393406,2.1667557867116694,2.5425008649741363
293.8425780055592,91.4747999140315,212.74932874452435,0.7546154838035204,23.62040340466399,-0.3051832943498559,9,D06_px-1055_py-0118,0.4879403154168258,0.3051832943498559,1.8566284371607962,2.096369761568452,2.287339454057645,2.233910255068172
282.9002478639913,99.89853427972557,211.3022741790779,0.7453301265006007,28.104615681989685,-0.2675254005081587,9,D06_px-1055_py-0118,0.48193633025035626,0.2675254005081587,2.246300225360401,2.3142063151117873,1.5529265176411238,2.6030779719715618
272.0069336567826,129.5278821058124,211.0411072160909,0.7480230221355904,27.74344741871312,-0.1625580118608487,10,D06_px-1055_py-0118,0.48367757777803566,0.1625580118608487,1.5391255123579008,1.1460039251231966,2.0021887030095105,1.860084298903537
313.4412523784814,131.48019881589806,208.9095326376789,0.8133681613007909,11.578670024286223,-0.2097994485659756,9,D06_px-1055_py-0118,0.5259302594411728,0.2097994485659756,1.3603272314013273,1.9608183748677204,2.7884657163945867,2.218063113122429
-246.558073339674,163.92087863660163,212.1737029659854,0.7366892041571554,29.19245126132409,1.947878424331606,16,D06_px-1055_py-0118,0.47634904180445586,1.947878424331606,2.0900617253794183,1.5164781536628467,1.6493729150629,1.3896686111941778
-229.6990875902328,168.572484635171,211.63965212966897,0.7188623884361159,34.41587415628516,1.901506289884253,16,D06_px-1055_py-0118,0.46482208234961053,1.901506289884253,1.9658887073903513,2.2530489244262712,2.162832197201339,2.571438706765709
-204.11748677422463,174.56678124480382,212.576263162446,0.6875688872296241,40.567962933403294,1.8270923440492823,16,D06_px-1055_py-0118,0.444587457992011,1.8270923440492823,1.931182263303832,2.34519967396014,1.829152871973378,2.0597993990900845
-295.91067630936635,185.78806039213487,210.13944612530275,0.8241906996520915,6.229075837442281,1.9739656784201596,16,D06_px-1055_py-0118,0.5329281979808479,1.9739656784201596,2.0454474401276737,2.426903289480094,2.6213788708443397,2.145321030631071
255.35226769928752,188.6202955477676,209.5818934122312,0.7776294821777424,21.52634069985868,0.0292289197503524,10,D06_px-1055_py-0118,0.5028213480311049,0.0292289197503524,2.101479058066837,1.1642563602665967,1.636163666277499,2.082564065141285
-193.4874640376336,225.3025790755094,211.1882733007292,0.7405287727988832,29.52430485573888,1.6733914719113203,15,D06_px-1055_py-0118,0.47883173712985017,1.6733914719113203,1.8169516527806722,2.0562611315122776,2.2068256931445456,2.078692442349135
-254.3556615052677,232.2277177865637,205.5171792617478,0.828123628154555,11.740921949013966,1.7946598079612173,15,D06_px-1055_py-0118,0.5354712605275257,1.7946598079612173,1.8603764759833363,1.8076976480906235,2.6362439325323255,2.274510928340685
183.4312032487581,229.131634934578,208.28753486279183,0.7415596411190983,33.18794756782916,0.2887409148956289,11,D06_px-1055_py-0118,0.4794983047051452,0.2887409148956289,2.3102781203472484,2.1537937353182803,2.895310174340903,1.5554158254070873
-89.4916589277109,236.7809866809759,212.4527771628801,0.6589646373328826,46.9294604628098,1.3251723081651834,14,D06_px-1055_py-0118,0.4260917247126873,1.3251723081651834,1.8055403310116973,1.8383609349018317,2.074314972138069,2.13038121835356
236.93758335542395,251.2639219004209,210.8732659745794,0.8166501945741873,7.649787347093763,0.2077553464270696,11,D06_px-1055_py-0118,0.5280524480060796,0.2077553464270696,1.9553270798445674,1.8182265797290216,1.4553205393473112,2.3505481605085103
-21.170169708970327,253.8782806764556,211.4407559057792,0.6643928799782558,47.076506446324856,1.047011407337123,13,D06_px-1055_py-0118,0.42960166916173614,1.047011407337123,2.0745171050690443,1.6354700190774096,1.3235592195764272,1.7561589094381456
183.081206916048,255.71746691773583,210.978679276742,0.7696225706133029,21.87264867385238,0.3424654085457549,11,D06_px-1055_py-0118,0.4976440159485784,0.3424654085457549,1.4488991410930288,2.06003728155628,2.145381832363005,3.0083174819363054
-124.66706300169422,256.7501456394234,209.0114105627005,0.7259275622219724,36.173530062948885,1.4158441200570526,14,D06_px-1055_py-0118,0.4693904793670816,1.4158441200570526,1.7611590572802471,2.8540703738789563,2.2172319711847654,1.1182858007050058
-9.469092296267874,257.9023831038164,210.437971480128,0.6729974457612846,46.52674907773872,1.000516109965674,13,D06_px-1055_py-0118,0.4351654491693156,1.000516109965674,2.196897836169521,1.686648240979041,1.475473206413229,2.7554259602482833
106.30454252673644,253.82610599485847,204.5484637703847,0.7185314102755817,43.91737084522799,0.5672020302981245,12,D06_px-1055_py-0118,0.46460806926412074,0.5672020302981245,2.1503785996093168,1.607455388179663,2.0306340398196694,1.7838486118587529
64.2466936622055,264.47437922673384,214.1206368595419,0.6905176240985089,37.89570575550795,0.7255106195463615,12,D06_px-1055_py-0118,0.44649413447661324,0.7255106195463615,3.253285818218137,1.6444358914502972,2.250663803477037,2.0368520057441684
210.9624329437796,264.55014805444534,209.00930850781248,0.8108711868389984,12.233719990475263,0.2906397888577123,11,D06_px-1055_py-0118,0.5243156960872196,0.2906397888577123,2.025764766571702,1.3034325902237511,2.1181614934468476,2.5240731398060454
89.13544067721939,266.3042011292436,204.53649555274305,0.7286229307757576,41.500098017039306,0.640825181205133,12,D06_px-1055_py-0118,0.47113332590353163,0.640825181205133,1.8431615128576686,2.397231256294248,2.877721235899325,2.621144449920788
43.19281122685967,269.68155509159453,210.94841883187,0.6995774397253972,39.93553091665075,0.8050033129137083,12,D06_px-1055_py-0118,0.4523522826189235,0.8050033129137083,1.2218767405332156,2.1229004693582043,1.0762787096721484,1.4730175294665275
-22.173974452377845,271.5106774773106,209.55636198292265,0.7015685066315146,41.29469406183898,1.0453048318277829,13,D06_px-1055_py-0118,0.4536397221626897,1.0453048318277829,1.5540566069123587,2.179080662625709,2.0430212672883306,1.8880315755761512
-129.03542676348366,288.1094548757654,209.58877550587928,0.7748066903630307,22.33070963441349,1.384897552657543,14,D06_px-1055_py-0118,0.500996108610514,1.384897552657543,2.340185694997722,2.107126761425227,2.025045321236769,1.9603700517011196
57.413802655086535,292.235663562766,211.59191698750988,0.7409837135705646,28.85815760531318,0.7698234853154838,12,D06_px-1055_py-0118,0.4791259054160763,0.7698234853154838,1.4577096262531923,2.2794621080093815,1.8489189588659898,1.4167008440476305
-159.30281560006716,304.7461638030679,216.1502366282288,0.802150743814334,4.708943648280297,1.44548996826182,14,D06_px-1055_py-0118,0.5186769889425129,1.44548996826182,1.9181657217076664,1.6637335332229004,2.287920200196271,1.388390617755424
64.08668130718061,318.4498014410374,209.57892386801527,0.7891142109536452,18.14696885319023,0.7652236492834205,12,D06_px-1055_py-0118,0.5102474641149485,0.7652236492834205,1.3285862108649118,2.4104386019534854,1.2669007215299208,2.1249707916652683
15.640404383050369,325.8402761572842,203.72903290789657,0.8053849581460618,21.592034648829383,0.915853390296293,13,D06_px-1055_py-0118,0.5207682574030998,0.915853390296293,2.233385316132358,2.5103211887119796,2.8420630035071097,1.4534316172095658
68.9623355189138,342.6775598699164,213.9792257162635,0.8153695339716142,3.5385738816628987,0.7652238740186316,12,D06_px-1055_py-0118,0.5272243627735692,0.7652238740186316,1.589451477099324,2.8821377273269704,1.9965959334983947,2.000851721438586
33.28290000738548,340.99427703912886,215.51634431139087,0.801788673483799,5.73681785827921,0.8665195413966486,13,D06_px-1055_py-0118,0.5184428714150089,0.8665195413966486,1.811473342879846,2.060393060087584,2.143205917257003,2.2046579527175663
62.50825937294271,-332.91421348242284,208.7967722609193,0.8119177196654883,12.207923493252338,-1.992175918945137,4,D06_px-1055_py-0118,0.5249923924556504,1.992175918945137,2.1770443580225187,1.2646045306054237,2.875997841377834,2.0623281042559327
81.58887124984612,-324.42613696775703,209.4850285920621,0.8040367191841704,13.707545302962046,-1.9313984019264516,4,D06_px-1055_py-0118,0.5198964754711858,1.9313984019264516,1.4938761538748806,2.3635984509270633,2.145575796160321,2.3580560393062715
-72.32372592117494,-314.3463826000699,210.20449284915463,0.7841094700306476,18.75220065915994,-2.403916933377387,3,D06_px-1055_py-0118,0.5070113592152208,2.403916933377387,1.6270869349467028,1.9936006313262182,1.4986518844804535,1.7114584968021709
112.95147704311498,-304.9188271279793,210.15657160796653,0.7882496025448869,17.586512784344905,-1.8230166292227112,4,D06_px-1055_py-0118,0.5096884015079169,1.8230166292227112,1.899319680880418,1.804927076369594,2.489577223946667,1.93722322033878
167.46106577938943,-302.4528101346883,211.0056526849043,0.8168551267214688,7.389172972480935,-1.6721142489338003,5,D06_px-1055_py-0118,0.5281849587466221,1.6721142489338003,1.8970073343390672,1.9125279878025436,2.790066992637494,1.5299548061013173
157.41406270520454,-297.1731045365676,193.27374219734563,0.8467852452226695,23.863656672203263,-1.6906476577582563,5,D06_px-1055_py-0118,0.5475380091085483,1.6906476577582563,3.019065523256039,2.9872798092203583,1.555367394763214,2.3841946646806926
148.2435877586246,-289.7079700912581,209.8998333755116,0.7892702988687418,17.644573651052156,-1.7048120666614777,5,D06_px-1055_py-0118,0.5103483917902476,1.7048120666614777,1.801270545543385,1.9430727975357873,1.584168904548822,2.296277156593726
-124.0207216687938,-282.628381606342,211.5263629289109,0.7589354141550794,24.11219750945213,-2.591286978120804,2,D06_px-1055_py-0118,0.4907336164072773,2.591286978120804,2.144644949443527,1.3823235581868907,2.519990206018572,1.8751751811940587
166.39885006868045,-279.9970535441232,209.69566458812048,0.7901815271816657,17.6606710643955,-1.6415670468514647,5,D06_px-1055_py-0118,0.5109375991945057,1.6415670468514647,1.0524801899046345,1.3442522895938538,2.327793034296285,2.1381611058933325
-186.9197266182935,-282.4868470138264,203.764519738014,0.8240867426537057,15.649387579383529,-2.762327633171655,2,D06_px-1055_py-0118,0.5328609785668936,2.762327633171655,2.2941874685897035,1.6723539186421856,2.582780236890229,1.7739036020391656
180.7289732279608,-276.0788946595634,211.99247522889465,0.7912373731893763,14.07520200160269,-1.5981540915858008,5,D06_px-1055_py-0118,0.5116203175392674,1.5981540915858008,3.2324525596002394,2.200339882486125,1.6763720237527084,1.8135197013237128
16.71647702939271,-269.8494128452951,207.8330589742676,0.7019192513150067,43.47014513138936,-2.115907489588769,4,D06_px-1055_py-0118,0.4538665164376114,2.115907489588769,2.7039064572689173,1.403100497194922,2.5437338864729657,2.5573192272065155
69.37632398105751,-270.7460098609465,210.62999187147824,0.7117124530799969,37.49068601878645,-1.92693166180161,4,D06_px-1055_py-0118,0.4601988778331988,1.92693166180161,1.9686818766949057,2.0553490213208794,1.431631192202231,2.4847550795696494
-52.7282976271193,-249.59567749818007,207.09002426816545,0.6751702854973075,50.34811204294999,-2.385969598327168,3,D06_px-1055_py-0118,0.43657042445659877,2.385969598327168,1.6331123289084968,2.3347618586233603,2.052025757542561,2.3607569010336116
242.19948766223465,-248.38497477890024,206.4765545957904,0.8294080081944347,9.8942443453044,-1.4049854312047616,6,D06_px-1055_py-0118,0.5363017507774941,1.4049854312047616,1.4009598610535674,2.4449694410959495,2.2123087126784875,1.4843936431963858
234.8126133983681,-233.717818181977,200.15397964469508,0.8219457298539569,21.64451810632403,-1.3900410418357183,6,D06_px-1055_py-0118,0.5314765828272842,1.3900410418357183,2.5778982307474716,2.192797453429319,1.7517782137066955,1.6946306335894787
211.2343663541968,-231.6059091029788,210.68129472375065,0.7686828183454991,22.553480273608383,-1.4383472967137223,6,D06_px-1055_py-0118,0.49703636473043133,1.4383472967137223,2.103418894237884,1.710850629579037,1.9292723603449184,1.6438375522342543
250.30115152980548,-232.31206144736643,206.7626999198617,0.8208591347351216,12.291654854624028,-1.3551206012888013,6,D06_px-1055_py-0118,0.5307739818650795,1.3551206012888013,2.1494081340965026,1.627763802217388,2.013150206074987,2.183255577172042
135.1470594581941,-222.14991292524343,211.42430316458515,0.6743938836659329,44.96381077433301,-1.6312321668798575,5,D06_px-1055_py-0118,0.43606839691724636,1.6312321668798575,2.471642128810074,2.0916372612081817,1.2305014446531306,2.118809740979287
149.69296032432925,-213.5703920559232,211.1188405112964,0.6765563774023302,44.88617624271609,-1.5664414992753617,5,D06_px-1055_py-0118,0.43746668239968334,1.5664414992753617,1.5964258283010802,2.6433290340609834,2.4451286616732055,1.8183589184886118
199.06148443994792,-204.5792521867536,211.18063722776927,0.7208523203829372,34.5357648393549,-1.4060468410460991,6,D06_px-1055_py-0118,0.4661087880197566,1.4060468410460991,1.8029515605954405,1.8794348597191508,1.4603252546444536,2.4428599603820818
-230.38651918050192,-193.5128766490513,210.9747120068566,0.747519685241619,27.96834605878905,-3.0499423895681,1,D06_px-1055_py-0118,0.4833521161779537,3.0499423895681,1.9639251453665223,2.465842667730317,1.7349012019716805,2.1889027526039806
-195.7650088511959,-192.81684801818463,210.3355548691486,0.7039961528399742,39.70774287547295,-2.970760851455605,1,D06_px-1055_py-0118,0.45520945732198664,2.970760851455605,2.47937587512161,2.559878429573684,1.5824692431758463,1.8158445272048243
261.0005275429514,-185.16931494968023,208.4954702990247,0.7842303974393513,21.130489646081628,-1.2240260092776758,6,D06_px-1055_py-0118,0.507089551830151,1.2240260092776758,2.2681917478732463,1.9648980709943666,1.4521779533828,1.6357863050192
-267.0369123670819,-171.74921579628537,213.8402857327416,0.7676352821644823,18.4597438987268,3.1061695177458786,19,D06_px-1055_py-0118,0.4963590195850606,3.1061695177458786,1.4475102329301515,1.3282538994853967,2.814793356030741,2.6627584848905537
270.81531560971945,-174.5064773061067,205.79294570076,0.7941105180236167,22.039619628840285,-1.1793899077632126,6,D06_px-1055_py-0118,0.5134781156188818,1.1793899077632126,1.3763624666264012,1.7396164114916748,2.8131225665496746,2.883113241900956
-239.2604909768642,-166.36709886469183,205.64043410957885,0.7443650623120185,36.05811267609352,-3.140981409181997,1,D06_px-1055_py-0118,0.4813123121448692,3.140981409181997,0.6994964780151303,1.6713684657992816,2.330206298626851,2.1828550251818104
-285.84097075410983,-163.3004265942211,207.8703800925303,0.7998787896058511,17.319732187557236,3.053660936018922,19,D06_px-1055_py-0118,0.5172079254566802,3.053660936018922,2.8229859711177356,2.259478370684068,0.9823125421868686,2.1298421517796253
213.1853999385093,-131.19297027825024,211.9065777033445,0.6548124203856499,48.47711962094155,-1.1586411656095486,6,D06_px-1055_py-0118,0.42340686853043685,1.1586411656095486,2.1433824440153377,1.8413515271436784,2.179537476428275,2.1050225799259312
-328.867044397214,-94.8745310216007,212.1843389767949,0.8090827937558345,8.202743230900126,2.815476215734884,19,D06_px-1055_py-0118,0.5231593070336981,2.815476215734884,2.4355158039042415,1.4790863023194456,2.7919425637024258,2.7456216076359214
-245.66303274203403,-91.97695768056938,214.03448872601004,0.6726815515852861,41.99626240955257,2.892860225062925,19,D06_px-1055_py-0118,0.4349611895070328,2.892860225062925,2.0388754324979352,1.417644317684502,1.4093488506174257,1.5553370966091524
295.1690738432395,-84.78394696107443,203.0884566369819,0.7767801603743226,30.876957021828787,-0.8866878800798561,7,D06_px-1055_py-0118,0.5022721698634874,0.8866878800798561,1.717471104882643,1.7744132015690774,2.3214043765075667,1.981516932025968
-260.1175188914249,-55.418613076034,208.7560642346252,0.6916423618852513,44.602360182114126,2.744526809971161,18,D06_px-1055_py-0118,0.4472213987883103,2.744526809971161,2.071780516911243,2.306845728669506,2.6025532885278295,2.233996569911202
336.64813555502315,-36.43567375249815,207.84947000895585,0.8140146039735745,12.914552232515405,-0.714790607245493,8,D06_px-1055_py-0118,0.5263482543649809,0.714790607245493,2.7039290622375107,2.4036740052804926,2.786262014051448,2.0662076967361322
-298.3006050606812,-27.46950329694676,204.6951473819958,0.7604181198863141,33.129581555170375,2.6264407910198084,18,D06_px-1055_py-0118,0.4916923456113515,2.6264407910198084,1.9460725466435576,2.019203867603411,2.1599616373915618,1.6796020216318766
253.2980256417692,-12.252109842657738,210.95489897778964,0.6632845180570346,47.925854930968114,-0.655312193832402,8,D06_px-1055_py-0118,0.42888499361366655,0.655312193832402,2.5316380752420757,1.5025462823646343,1.4041462977680852,2.7788359984706203
337.6313368149287,6.972314966529718,209.1279934378805,0.8096078836653929,12.464223006891132,-0.5863317916969979,8,D06_px-1055_py-0118,0.5234988343049922,0.5863317916969979,1.447465609708338,1.9252808078655737,2.9996338612447757,1.9230735340053813
-260.30859682297694,15.590803833207824,210.5061549512424,0.6779158646941967,45.3766539970897,2.4747910436022043,17,D06_px-1055_py-0118,0.4383457375903548,2.4747910436022043,1.2634425029692564,2.5924831530245958,2.2828944299093274,2.4538760913215674
256.8894256513354,26.255357353337384,208.5689293663357,0.6776367742460417,47.92399711114501,-0.5051282926980818,8,D06_px-1055_py-0118,0.43816527550837336,0.5051282926980818,2.4998095422935758,2.378854169178374,1.7809448904376286,1.6566709011064855
356.3900159182521,60.35135976172997,211.22541509020687,0.8385245659415298,0.2965967793647337,-0.4392301576517715,9,D06_px-1055_py-0118,0.5421965888216489,0.4392301576517715,2.762640528227481,2.3897288184279297,0.9162427088091034,1.7210278701103943
327.3557976456776,87.04750728261597,200.48714011598213,0.8321673073349786,17.864848172539155,-0.3470827712893056,9,D06_px-1055_py-0118,0.5380859353348797,0.3470827712893056,1.9195758593369319,2.670637233927035,2.2953779982732576,1.8556213524985123
-335.8393258310553,90.9045913993044,211.85232383391624,0.8180320345076363,5.763671917086242,2.2702687018588046,17,D06_px-1055_py-0118,0.5289459565908547,2.2702687018588046,1.1384206372284538,2.2391144230252324,2.4739777083622734,1.9293581755309206
-315.95829752589043,119.6393851732972,209.97968682244948,0.8077961441139258,11.806790455605553,2.1726413821477606,17,D06_px-1055_py-0118,0.5223273492411816,2.1726413821477606,1.1634587308279731,2.4615751697227024,2.1187273077493467,1.814052193738202
210.3504049079304,133.8671888470547,209.8911131802426,0.6575271553297588,50.46444118197133,-0.0402237855629763,10,D06_px-1055_py-0118,0.425162237527406,0.0402237855629763,2.5916675131958753,2.4676439201156346,2.234088686635801,1.924607652874319
-235.3548077822469,141.37643159386707,210.7356253192075,0.7026563631065489,39.496813331868566,1.9936828257775516,16,D06_px-1055_py-0118,0.45434313872774745,1.9936828257775516,1.4513688500596336,1.6173113562664212,2.008562986451583,1.8654689147086776
308.3507594871854,154.18463584440255,199.01340306016075,0.8445927270331585,15.941092971390448,-0.1433079086494897,10,D06_px-1055_py-0118,0.546120309578246,0.1433079086494897,2.068425600558951,2.120236398000382,3.030362678087525,1.6679766169118984
258.87048154194065,168.062654092783,210.4650528223296,0.7614447100618765,24.88203117120935,-0.0311562066621766,10,D06_px-1055_py-0118,0.49235614690461804,0.0311562066621766,2.8317279901651995,1.1703934466451238,2.369391779403414,2.0872485436351114
-220.30814161493328,223.37998134245376,207.97235881233377,0.7755908769358927,24.36912076659189,1.7422916478428907,15,D06_px-1055_py-0118,0.5015031698250273,1.7422916478428907,1.9343761571783227,2.349254653513867,2.170476028514232,3.4145662337543436
124.8716868462048,227.5356946058124,209.62623415931503,0.6776590155113685,46.56202021654764,0.4618950262187179,11,D06_px-1055_py-0118,0.4381796568857129,0.4618950262187179,1.368298938833835,2.036735775078771,1.9969626337728448,2.3721617271676085
71.13631271292284,242.07893727364245,210.12070670757936,0.6627524285678443,49.095293029919446,0.678006320491691,12,D06_px-1055_py-0118,0.42854094035905155,0.678006320491691,1.4111186991276903,1.7008608366420832,2.4801747210245786,2.4360117350562085
124.09575332113936,262.3120041908604,211.79342107476583,0.727589595975901,32.034905516795845,0.5219324633665433,12,D06_px-1055_py-0118,0.4704651634830737,0.5219324633665433,1.8176078617573959,2.02380591183218,1.8573399767381389,2.6628908752175944
-49.70477043493999,267.51853867146895,213.16820596066185,0.6925827774110928,38.657962859139445,1.1475213475350294,13,D06_px-1055_py-0118,0.44782947887432856,1.1475213475350294,2.5045393717690994,1.2622196947377038,2.213996363083755,2.7790513862584065
64.19144525103941,304.2936567387131,201.8423878017728,0.7861445274129447,29.982360279880368,0.7559127030308058,12,D06_px-1055_py-0118,0.5083272433473677,0.7559127030308058,2.766926608636228,1.62312908937677,1.3723226251771816,2.274190561993618
167.70532011741474,312.02931171394016,206.78436542663263,0.839055240720449,6.163380005546401,0.4706470845608815,11,D06_px-1055_py-0118,0.5425397273134599,0.4706470845608815,1.9371688987691158,2.2007790838416996,1.5324428070601277,2.0411913809790203
108.99889608400645,319.23953532484086,203.37151387592127,0.8229916986428282,16.581675060257794,0.634794384445749,12,D06_px-1055_py-0118,0.5321529144845483,0.634794384445749,2.1941623222179607,1.8201191490252393,2.0374351663348973,1.8592764669607535
-71.2856628242318,334.43043577243105,212.5582436860403,0.8077140432893385,8.102067334079663,1.173829214767259,14,D06_px-1055_py-0118,0.5222742622013515,1.173829214767259,2.620236205619415,2.4753389741011875,1.2693594042003329,1.9340203624300467
55.08399556760432,329.6718655718258,192.7943378655445,0.844985942706567,25.178020533305187,0.79825884029945,12,D06_px-1055_py-0118,0.5463745659297625,0.79825884029945,2.5770266413453196,2.0438264560674684,2.090028937013199,1.3061631426674003
103.64394583330548,336.54793897683334,211.86265219952472,0.8240216199485079,3.748771648333559,0.6650715973977744,12,D06_px-1055_py-0118,0.5328188697127857,0.6650715973977744,2.7648308445091065,0.9860154589244754,3.3568711496924557,1.498041051063024
-67.54448609981199,-345.40809774130355,207.71975416215795,0.8335820175723117,6.642022836187209,-2.370888745681433,3,D06_px-1055_py-0118,0.5390006981170432,2.370888745681433,1.8244046624927273,1.830348644258864,1.358073156472769,2.2873037586414986
-115.51308809009312,-325.4549388706794,201.89025633176288,0.8383195854625525,13.735300463461783,-2.5188341627662307,2,D06_px-1055_py-0118,0.5420640468294513,2.5188341627662307,1.9577756228269692,2.158305961559658,2.3125066510114047,2.4448438429011747
-4.505049788049553,-318.5541551200927,209.33410221712413,0.7799872770355054,21.18970308845263,-2.191917094626446,3,D06_px-1055_py-0118,0.5043459167568701,2.191917094626446,1.5823080065686352,2.3110378581578006,1.9905783908114558,1.8240752601525054
-54.967495392001126,-318.05509876950936,207.5810956767513,0.7907155562322002,20.50636157504244,-2.3489092275041377,3,D06_px-1055_py-0118,0.5112829065847625,2.3489092275041377,2.8834696509037907,2.098143908542485,2.7760530130759733,2.4151326922411114
55.309850124924736,-305.28615572011483,208.35140828628064,0.7690954978775544,25.678961961412146,-1.9985461999670104,4,D06_px-1055_py-0118,0.4973032065662524,1.9985461999670104,2.1729759624126297,2.9354998381914044,1.9462687454214884,1.4467046652467397
103.35875718076146,-287.8797265898397,201.4880971604444,0.7787253446709862,32.57921327947588,-1.8330752575362104,4,D06_px-1055_py-0118,0.5035299413505948,1.8330752575362104,2.32107440972732,2.240659385891063,1.413253825752237,2.091869792248596
-46.25949893790859,-284.5323990156259,202.3594512388796,0.7469676768490967,39.856802244629705,-2.3389464624707275,3,D06_px-1055_py-0118,0.4829951832035566,2.3389464624707275,1.412684884105588,2.7078885064027807,2.1355681106562834,1.2380289981478891
-160.63548712565668,-272.063308370378,209.64426175671764,0.7750878641151754,22.172259865983904,-2.711132004974516,2,D06_px-1055_py-0118,0.5011779177732639,2.711132004974516,2.4191878727295757,1.060451232761503,3.1113689417040558,2.7305622121901965
-227.210844845338,-255.00347272087416,209.301911509127,0.8148374179647537,10.533146695059711,-2.9056022871933265,1,D06_px-1055_py-0118,0.5268802923724198,2.9056022871933265,1.385731594945491,1.4100660497753537,1.891028946835843,2.295391315565706
-141.14510127961867,-231.3444828480742,210.66540988395275,0.6964082376051419,41.03644546450926,-2.725594521874368,2,D06_px-1055_py-0118,0.4503030515663313,2.725594521874368,2.0915982653398317,1.058020139177672,1.5662025311803256,2.2462262475318946
-184.1492943054767,-220.6901697684776,209.84806118334177,0.727432093645264,34.67931124912383,-2.873157782579411,1,D06_px-1055_py-0118,0.4703633212355458,2.873157782579411,2.034334860275899,2.5429582443725165,2.0797603570777747,1.3810529595484513
-214.3944501781081,-198.74035256649205,208.0317338195385,0.7401819931278378,33.89010274542085,-3.001046920347432,1,D06_px-1055_py-0118,0.47860750666320623,3.001046920347432,2.2787022852198713,3.175211050050641,2.5672167207935592,2.2598540435543177
247.7411530493725,-189.2170320929144,206.29309019371104,0.7764350953434965,26.481535700111976,-1.2592347681491494,6,D06_px-1055_py-0118,0.5020490480967142,1.2592347681491494,0.8816138671848628,2.8464254452404765,2.6875199691767397,1.6193125033061273
-275.6366343277311,-176.81241100186477,205.553020998457,0.802853065631314,19.73820073644731,3.1049678983777813,19,D06_px-1055_py-0118,0.5191311157610802,3.1049678983777813,1.4383216956599743,1.6391023439973285,2.2049753482736425,2.0298573432972096
-293.8794723047428,-119.5277134753595,210.484132759874,0.7751584069232338,20.97619885074237,2.920902223863208,19,D06_px-1055_py-0118,0.5012235313085719,2.920902223863208,1.7644795257514299,2.977745668779249,2.5985466112583713,1.6379297871679324
258.462817171672,-106.72656040289831,209.1280248229197,0.7154979303145261,38.567508281053165,-0.9985809056008346,7,D06_px-1055_py-0118,0.46264659722865764,0.9985809056008346,2.592002231792224,2.8315760525961586,1.734446378444539,2.6816662034310434
-259.9212342520935,-80.44071395330074,209.1745080621364,0.7018691314929756,41.72502034668713,2.834745332309234,19,D06_px-1055_py-0118,0.4538341085659266,2.834745332309234,2.7354143564158284,2.0754040872354684,2.499169626709913,2.4652399137686785
245.9574065277264,-66.9988307816263,209.8755644833548,0.6683080880858878,48.24260738053391,-0.8729270661241344,7,D06_px-1055_py-0118,0.43213327356154446,0.8729270661241344,1.413189463338551,2.4376920587152524,2.119502505845654,2.323189259735743
341.28473450768473,-68.06381266653156,207.93781832943105,0.8274469102994262,8.38789492332262,-0.8038308945069339,8,D06_px-1055_py-0118,0.5350336894323562,0.8038308945069339,1.1190320950922323,2.2082727636067663,1.4794336681034617,1.2781569096892955
-293.0411056603237,-57.484460802625634,212.07688037687663,0.7411861655483133,28.14759525159269,2.7283186487134703,18,D06_px-1055_py-0118,0.4792568124594642,2.7283186487134703,2.106666241402619,2.4215143403965262,2.8097901759484034,2.4977683119741663
-245.98666092342003,-65.57242099252615,201.694181892711,0.6870710030366319,54.75613317733985,2.795124339253348,18,D06_px-1055_py-0118,0.4442655221513294,2.795124339253348,2.2429417115966666,1.4009238137389932,1.4225995074038615,2.405967339451939
-336.1209347447043,-49.534317894187566,210.2182046138605,0.810030613360093,10.748395904576114,2.6809304668823657,18,D06_px-1055_py-0118,0.5237721746551376,2.6809304668823657,2.1527693266735177,1.9509780290259822,1.3288335687016573,2.1307908803523494
-273.23798949590474,-24.701492913302445,192.4409048738232,0.7473553550577913,53.28016670845591,2.6247708944492048,18,D06_px-1055_py-0118,0.48324585898677436,2.6247708944492048,1.7080712303645358,1.5690458389966684,2.353929538156449,0.917750402200086
290.34937907935307,8.9996804301691,209.08316403935424,0.7345112868436773,33.92078712305943,-0.5759934144941545,8,D06_px-1055_py-0118,0.4749407833155974,0.5759934144941545,1.5531981020301666,1.7486775909040182,2.660071243901734,1.5359330352550666
323.44643244009706,17.917130810475676,212.4113873427033,0.7810270281937662,16.553328606225136,-0.5516416576509395,8,D06_px-1055_py-0118,0.5050182280452096,0.5516416576509395,0.9753945511337303,1.7723765671078844,1.4580772575387033,1.8172061431733506
250.84789435105816,39.09132054425089,209.2404236328795,0.6677866560598055,49.16150406554869,-0.4523862168682199,9,D06_px-1055_py-0118,0.4317961115065166,0.4523862168682199,2.115674365568081,2.479195262498958,1.9173789950727125,2.104647600122677
-258.2322081227804,46.282476225339465,207.2942713444453,0.6883854925656131,47.22281187215293,2.357267928558201,17,D06_px-1055_py-0118,0.4451154814341026,2.357267928558201,2.543981936969936,1.110924153704456,2.772574132880801,1.9833114025747949
-315.52151027828063,89.69348595797275,210.16674558210624,0.7925969009937789,16.260305121206784,2.2576487084901564,17,D06_px-1055_py-0118,0.5124993989256638,2.2576487084901564,2.488977810598613,1.6547362141485649,1.546004923303676,2.1121044625046164
306.63716546348445,100.0616260336404,209.1395170357897,0.7866354252573989,19.509325610411963,-0.2915548316726147,9,D06_px-1055_py-0118,0.508644661760058,0.2915548316726147,1.9438908042487504,2.3665910560836334,2.019597114905376,1.5373431101433845
338.8709161436631,119.5025301111762,213.6830204368575,0.8298147561843928,0.9177112889817636,-0.2679466474646153,9,D06_px-1055_py-0118,0.5365647572314765,0.2679466474646153,2.2286211892202017,2.0271580086358085,1.1974590710731952,2.1661454385797336
323.81388426596493,119.0230728591264,209.0044631330975,0.8205656172463198,9.09923005805706,-0.2547419477017729,9,D06_px-1055_py-0118,0.530584191144984,0.2547419477017729,1.4854169813764997,1.496261658614599,1.9862705118898316,2.497635689735703
273.54480781584925,156.80599629266365,209.7054011536529,0.773920142356168,22.42188655937855,-0.0864712266468158,10,D06_px-1055_py-0118,0.500422859686545,0.0864712266468158,2.1227650411535395,1.7885625563790788,1.1115363997671261,2.9064351253961673
-287.7892961040018,155.6605186082943,200.64083951267685,0.8145015766321033,23.262996600409053,2.038795976549413,16,D06_px-1055_py-0118,0.5266631347215358,2.038795976549413,2.771009342360762,0.8833632653695409,1.840609796419121,2.3383312249729333
-222.80268006019188,181.1734365991203,211.0780011721779,0.7240789751665453,33.87213619968526,1.851901278685507,16,D06_px-1055_py-0118,0.468195168416988,1.851901278685507,1.9058106190633148,2.542354757252218,2.182260775615176,2.9988146717734248
301.4095744753275,192.36807740396355,209.53767741905216,0.8371219407810386,2.715752529807105,-0.0389243344846856,10,D06_px-1055_py-0118,0.5412896403453573,0.0389243344846856,1.8483417215565559,2.5108654211801102,1.8786279578511396,1.7700346988846514
226.6193667002753,203.0593289379725,208.58709561052592,0.75882344904003,28.19370266924767,0.1236417267535797,10,D06_px-1055_py-0118,0.4906612188820138,0.1236417267535797,2.481249730728063,2.7128763704748735,2.2590821569549657,2.282057823035193
-202.39575261738125,206.15189357279544,206.3673120871701,0.7382863543365262,36.626982325556526,1.7400213302386738,15,D06_px-1055_py-0118,0.4773817716900954,1.7400213302386738,3.5086458433228502,1.0160021598438305,1.9098978504263753,0.9535866765228578
-170.18047099968445,207.59735421736625,206.58395441465728,0.7013586184342621,45.23409296791556,1.6504922579970964,15,D06_px-1055_py-0118,0.4535040068012006,1.6504922579970964,2.6187253154191303,2.149303915569331,1.214638585701873,1.2122557736007862
105.85588967210792,214.7612985070044,208.01700629919603,0.6423257689261425,55.85146053329106,0.5058651305288805,12,D06_px-1055_py-0118,0.41533290134791556,0.5058651305288805,2.6128817257737116,2.5147361213940504,2.8379551842171984,1.9123258562539882
151.02287332851023,234.85618329881785,201.2650391946744,0.7337921492815922,44.63102997640766,0.3923470682028653,11,D06_px-1055_py-0118,0.474475783303799,0.3923470682028653,1.6721386896101111,2.7044243584888448,2.316341367116144,2.00084000476804
-122.83013178865608,232.61320882693263,206.03587369204016,0.6926924435054829,47.90119032595567,1.4496474994232442,14,D06_px-1055_py-0118,0.4479003898347259,1.4496474994232442,2.6661310538764926,1.1709778629384426,1.5602255514139953,1.6071652894632582
-148.5085668409932,244.3118590366049,206.57496529590665,0.7326074781438779,37.77761399760209,1.5099991392174794,15,D06_px-1055_py-0118,0.47370976561530964,1.5099991392174794,2.1126932693268508,1.6239691505111178,2.0144909498128274,1.4993892633435557
-183.98932938370123,250.201952577062,207.83791996189336,0.7708325082672767,25.906022439229105,1.5978844068647096,15,D06_px-1055_py-0118,0.49842637116548827,1.5978844068647096,1.5807560761596737,2.2015613656707846,2.2064450259525903,2.5026732174378985
194.5002301238988,250.0661774031846,189.34000765673736,0.8273235995318011,35.90617535448962,0.302762876318607,11,D06_px-1055_py-0118,0.5349539557187754,0.302762876318607,1.9555208445534569,2.8842615133612233,1.7057088656724146,2.179133840516868
-144.27524327932588,259.158518176666,208.16697627247564,0.7470858761213259,31.91091789677569,1.4717943992968174,14,D06_px-1055_py-0118,0.4830716117839548,1.4717943992968174,2.2888641082397263,2.2015683233858647,2.319234584996019,2.363256975244803
-189.7326417405891,266.4845693486109,202.9084416508976,0.8087959703631457,21.7312879947782,1.5825402443422043,15,D06_px-1055_py-0118,0.522973844768874,1.5825402443422043,1.3475842571078633,1.8531740237605594,1.9270393802207435,2.1399274149089
179.43630489968163,269.8153779899086,201.7419841331229,0.8069287532859092,23.991069837317298,0.3769455955990325,11,D06_px-1055_py-0118,0.5217664874999425,0.3769455955990325,1.4619796049164777,1.8078169495973286,1.6693558051468993,2.394684324191967
-99.64158981254144,269.07028035002634,208.00272943429144,0.7309534120465812,36.272445595425154,1.3184764641433708,14,D06_px-1055_py-0118,0.4726402334488514,1.3184764641433708,1.641886283637524,2.4623803034216802,3.044584422452412,1.7097580506549312
-11.788984776131096,283.8978538217144,201.50895961071785,0.7418827918721491,42.29936104862395,1.0053183965341337,13,D06_px-1055_py-0118,0.47970725652730506,1.0053183965341337,1.890455827635432,2.443358340529608,1.834420791622603,1.5618622227421117
-46.462496668062926,292.7131701214337,207.29731381571548,0.7487798442347264,32.65188190792111,1.1212339633083603,13,D06_px-1055_py-0118,0.4841669449083065,1.1212339633083603,1.4402138994786635,1.7467576942146343,2.77463759904042,1.7941822062755743
193.75066908945664,297.0463455542475,199.9797485334817,0.8562247594725249,10.46820611508764,0.3858563052512337,11,D06_px-1055_py-0118,0.5536416733710952,0.3858563052512337,1.9887351683517385,1.3564700660532412,1.8055826565524202,1.794311725769932
152.57997611160215,306.83268205702007,201.5892992223016,0.8352008384062592,15.225632244711676,0.5023522037077403,12,D06_px-1055_py-0118,0.540047440418617,0.5023522037077403,1.1316625112056333,1.5160834262487606,1.2316854457968234,1.9141582446938354
-38.99345478624119,316.73180214734936,208.08329454117097,0.783825870733966,21.831268429752583,1.0863123098255771,13,D06_px-1055_py-0118,0.506827981676269,1.0863123098255771,1.5989656668227579,1.6430643889999688,2.1189107260979183,2.612469584868025
-125.9044297318254,324.78395006697747,211.6924765377757,0.8189948966703819,5.678742168641065,1.3336366642920212,14,D06_px-1055_py-0118,0.529568550849092,1.3336366642920212,1.4032510649714818,2.201192904902765,1.3988779313037103,1.7506649728192833
80.47744859730501,326.8975463431889,207.20786999647373,0.8126657588123762,14.279209060300104,0.722431422510405,12,D06_px-1055_py-0118,0.5254760804598203,0.722431422510405,2.350576817949629,2.2925139855554058,1.6277276576590127,1.6020879342168404
8.947431665372697,338.64850841791883,211.92381888957777,0.8045444089305264,10.031361921877192,0.937401941981474,13,D06_px-1055_py-0118,0.520224751659904,0.937401941981474,2.318186300958889,2.7247252721686763,0.8674776088658516,2.173458118376061
-108.79863470848557,-340.1423007989322,204.70637382791327,0.848087921652405,6.147873566545911,-2.4873537183244894,2,D06_px-1055_py-0118,0.5483803299483055,2.4873537183244894,2.0878006985619795,1.2387075001199181,2.0754822076935833,2.1092176927408013
85.33105190114655,-339.1798307559625,210.09674987626,0.8247896663541345,6.091502278593225,-1.9313101633528496,4,D06_px-1055_py-0118,0.5333154945680395,1.9313101633528496,1.4676139304558105,1.5956930671409217,2.3908117637582116,0.8927197275614858
14.30811647794686,-339.9575855046552,205.9283973208532,0.8210650447066705,13.448894562804242,-2.1357127377786,4,D06_px-1055_py-0118,0.5309071248744949,2.1357127377786,2.2095112992091197,1.9244357303848914,1.9336887893446086,2.345681365189231
-89.0792406270573,-319.5463826000699,208.5728752020958,0.8020205588213428,15.649460476320884,-2.449641573634529,3,D06_px-1055_py-0118,0.5185928103006667,2.449641573634529,1.6211448562477142,2.0107704000060647,2.5363370173241395,1.9115202172326422
-56.88673664667948,-298.1327799278379,208.08826635489928,0.7587479766902385,28.90165004261064,-2.3663195343658123,3,D06_px-1055_py-0118,0.49061241786619464,2.3663195343658123,2.97140443209575,1.0270748791146074,1.3721578585387877,1.8859555840920694
-20.143652924171576,-267.60338890530727,205.9203960801134,0.7028056117465526,45.77255750897746,-2.252908448411754,3,D06_px-1055_py-0118,0.45443964407390325,2.252908448411754,2.568636181814525,1.4737015534338216,2.219330103510724,1.806654044015543
-125.87141700009406,-262.2360067830765,203.4211203210389,0.748856007635982,37.92381106878469,-2.625290049713428,2,D06_px-1055_py-0118,0.48421619276344535,2.625290049713428,1.9339042847726797,1.2523166243153576,2.2839292996196967,0.47836942778103
106.178840469459,-257.2094822574086,206.82134750363767,0.7185634835372539,40.89031766531775,-1.7862747418116514,5,D06_px-1055_py-0118,0.4646288080877371,1.7862747418116514,0.4575470095679517,1.5703275321602006,2.1732893021983513,1.9538773017680828
-244.52824968899927,-243.9934874677565,200.8921691163576,0.8409136305122984,14.357857243059527,-2.9642686754816507,1,D06_px-1055_py-0118,0.5437413767901337,2.9642686754816507,2.2211260211600967,1.4621183729642921,2.3954462920002864,2.0628504969134704
223.0357247708666,-221.8946957488588,207.1370620533069,0.778990330739873,24.567030382864004,-1.3898131897086612,6,D06_px-1055_py-0118,0.5037012834298509,1.3898131897086612,2.1270669096344275,1.3979862839594437,2.344929001212101,2.118170810406014
208.44369485418915,-213.4183488762069,206.51462729712463,0.7539290209441445,32.36104289720112,-1.4041692833407384,6,D06_px-1055_py-0118,0.48749644312515544,1.4041692833407384,1.9671945787643557,2.432485594014684,2.0341299189131017,1.6151316686722046
-241.61682083222885,-199.71498203527187,197.5550427588637,0.8008508157040606,31.8396314747572,-3.057834340698624,1,D06_px-1055_py-0118,0.5178364451877665,3.057834340698624,2.4719966097734067,2.1215029912028163,1.9880848699910811,1.531114929599315
191.7272485627089,-192.7597669351414,209.83467573879568,0.6999359388108363,41.30840182455813,-1.3950631328372054,6,D06_px-1055_py-0118,0.4525840909512202,1.3950631328372054,2.339423538412225,1.9709144228560378,3.192977669602346,2.148176612483547
-219.35044509474213,-167.3816180201004,205.5147815969882,0.7175107132594014,42.87701566719011,-3.096753219251693,1,D06_px-1055_py-0118,0.46394807853412706,3.096753219251693,1.6737323851108135,2.7164726177728253,1.4196983535162404,2.337912220887804
230.38439763963729,-168.05767542680908,213.26885419867665,0.7154966313098515,33.08158976262723,-1.2372090972919452,6,D06_px-1055_py-0118,0.4626457572820037,1.2372090972919452,2.721225822514482,1.9173832975286196,2.4184536570324853,1.6914276433105913
-270.10664708411275,-155.66292309287294,207.6591100216884,0.7731610437161256,25.49829366910683,3.057425122275046,19,D06_px-1055_py-0118,0.4999320205269933,3.057425122275046,1.5507764923851854,2.584047442952002,1.9600900232649798,3.0547634617705874
-336.12437985397656,-120.25481999476035,210.93570548379472,0.8330097479919574,2.055595028035384,2.8781920973748423,19,D06_px-1055_py-0118,0.5386306640990105,2.8781920973748423,1.3292359104365303,1.8256873427025098,1.284308776371623,2.0125205911802686
-273.8706433419894,-98.09146178559024,212.2476489577519,0.7277602609836133,31.383447233793675,2.8785451704754736,19,D06_px-1055_py-0118,0.4705755168212719,2.8785451704754736,2.6669662697740506,0.8752865213456065,1.9056816028080035,1.372138488654906
-310.91612330705533,-58.96784863286904,209.1475364645356,0.7770833362617536,22.293595352672355,2.722045331566372,18,D06_px-1055_py-0118,0.5024682057802091,2.722045331566372,1.6644779118894353,2.062136144601679,1.874609550244828,2.926120798715999
253.92468094157024,-60.78780416869738,210.24934579033112,0.6791196607281985,45.44426346945659,-0.8419505410612825,7,D06_px-1055_py-0118,0.4391241215874174,0.8419505410612825,1.6759262805316695,2.328970103737194,2.7102549042818223,2.3117774372614734
283.7273969396301,-45.09348617059118,208.28814980428064,0.7308971201012858,35.90321242512448,-0.7645937038338393,8,D06_px-1055_py-0118,0.47260383463365035,0.7645937038338393,1.29189201734293,2.0099368715276653,2.6503307173749633,1.4020107131956614
306.54474988238866,-24.20023813771877,205.65861922573265,0.771134962212392,28.85983009678256,-0.6857613428557255,8,D06_px-1055_py-0118,0.49862194026862244,0.6857613428557255,2.637579894106191,2.273384741951047,1.6141082644794593,1.872546004480483
-314.89342555261067,16.61430985480496,205.49448079885377,0.7841092258371776,25.40466689998783,2.4819003076514585,18,D06_px-1055_py-0118,0.5070112013177998,2.4819003076514585,1.8137875709353435,1.3568599266079646,1.8156893187403935,2.266357401061538
-269.0878389818384,21.76272025820385,205.5461909386468,0.7066477706004133,45.38136655105035,2.453912870285801,17,D06_px-1055_py-0118,0.45692401425086404,2.453912870285801,2.3970238773045836,1.9218327380174887,1.2945648559942406,1.1773130432057397
273.9905412518543,22.605276714358435,206.8468706304937,0.7125195044662782,42.29622668091025,-0.5246621111041795,8,D06_px-1055_py-0118,0.4607207236161595,0.5246621111041795,2.1014248818836547,1.6062106098330495,1.6409575036883757,2.877738320259759
-252.98159466398403,109.41693053797638,207.68244155890864,0.7117980688187734,41.36289915454768,2.1263991349177656,16,D06_px-1055_py-0118,0.4602542376442283,2.1263991349177656,1.764892723443734,1.9819016094792445,1.8456879247951519,1.5314210720471721
-266.4991407312652,135.7261869317135,208.20613277513112,0.7511096035946799,30.79370805402596,2.0635586616745805,16,D06_px-1055_py-0118,0.48567338566037166,2.0635586616745805,2.196136913677474,2.557299071321186,2.4983452604762153,2.7637536917620844
234.97050175164608,146.60032736128684,210.74001775254663,0.7069413940828929,38.48277222139876,-0.049164783390375,10,D06_px-1055_py-0118,0.4571138735073065,0.049164783390375,1.8184594711556097,2.0952567942490887,2.5278366467157465,1.8114840952519211
285.31822953632,164.32852228966016,207.5070250997436,0.8008413749754705,17.54568330382733,-0.0844329424305505,10,D06_px-1055_py-0118,0.5178303407383019,0.0844329424305505,2.500035341585623,1.894718471416942,2.0272473605358505,1.656674639599392
299.9354917523809,178.35187521657022,206.63899867851336,0.8319264981960005,8.808766847704874,-0.070514878162801,10,D06_px-1055_py-0118,0.5379302262489278,0.070514878162801,1.8016646363175384,2.577466724532751,2.726332459458882,2.450172058639982
-198.22506728908303,185.67820754959948,205.0564341996593,0.710817608707655,45.05973218132664,1.7818856756263353,15,D06_px-1055_py-0118,0.45962026441396614,1.7818856756263353,2.422037355658814,1.943123020037386,1.92338339285699,2.818219423127629
-237.1428606041961,197.69996730760627,207.26848981565425,0.7692560210440434,27.14124223890809,1.8396735063058447,16,D06_px-1055_py-0118,0.49740700211003525,1.8396735063058447,2.645241143019398,3.0490988341185363,2.37371728507728,2.1782337055074774
-258.73367693781654,212.8666999803108,200.9927969654345,0.8254620901484238,19.28939112365424,1.8461681705845607,16,D06_px-1055_py-0118,0.5337502890896487,1.8461681705845607,0.8172178360616573,2.1316734020135044,2.30595420762869,1.9435496875452425
190.7287750830204,203.1814905142745,194.0174413897241,0.7510841352738274,50.211798117040814,0.2100211833250898,11,D06_px-1055_py-0118,0.48565691764351193,0.2100211833250898,1.2506325042571262,1.7841966184652216,1.498485386365863,1.981155247838275
168.55740128482054,228.50787211042564,201.8577263115385,0.7406834598800153,42.126728815121226,0.3282707073563721,11,D06_px-1055_py-0118,0.4789317590148744,0.3282707073563721,1.8517383148665005,2.3088802496966148,2.327586754250187,2.19563780618928
-96.6514777688095,242.28297250026108,194.23742908427687,0.7176464790733432,57.81418819018859,1.3433916285554526,14,D06_px-1055_py-0118,0.4640358657787562,1.3433916285554526,1.6526390524832841,1.4697470963435386,2.2544509974370994,2.279066043857086
86.76353988545691,247.90172290952185,205.24215974744408,0.6938320614189885,48.679966890996525,0.6271493897424812,12,D06_px-1055_py-0118,0.44863727575358864,0.6271493897424812,3.2564831895705613,2.296545294200205,1.616370992081551,2.402417131357902
-78.10687749766701,253.05883774239703,207.63100655855817,0.6922295495163214,45.93190137065881,1.2631913198924094,14,D06_px-1055_py-0118,0.44760107893543516,1.2631913198924094,0.9625096284214185,1.7607544420838792,2.378568205236152,1.7296410247254839
54.37548648671824,255.90086512067447,206.3844619387013,0.6891711995819294,48.22798049910028,0.7544442914393105,12,D06_px-1055_py-0118,0.44562352577932896,0.7544442914393105,1.9679419024311415,2.729464732788105,2.3358930741214863,1.5037892505705388
-40.58824638338408,257.78403439301565,205.76599060112164,0.6894151043425999,48.97574591253272,1.1199852917629325,13,D06_px-1055_py-0118,0.44578123651864926,1.1199852917629325,1.556753536834766,2.070625784435428,1.6030262384055802,2.365235352241619
153.06811774550275,261.6903751108487,202.6200242743716,0.7714881943668017,33.00000067161568,0.4345588072841789,11,D06_px-1055_py-0118,0.4988503429618316,0.4345588072841789,1.7279283364805154,2.0076059621627156,2.4017421054117403,2.2296695999833127
146.41463934917562,269.8929296399777,210.3515293910441,0.7591333568936607,25.67694432548734,0.4667564836633405,11,D06_px-1055_py-0118,0.4908616077411034,0.4667564836633405,2.341589177989353,2.0195773658876273,2.495835042089249,1.4495548644470047
57.18205430088442,272.0574409775736,204.172700120584,0.724488728157381,42.99132634381596,0.7566486143411194,12,D06_px-1055_py-0118,0.4684601179282061,0.7566486143411194,2.05150666747474,1.1166973065092527,1.3962079515356645,2.154499411214903
-201.34385805297487,274.1602129328801,199.8061790499508,0.8359423360250413,17.638689717557952,1.5972603350155414,15,D06_px-1055_py-0118,0.5405268986191905,1.5972603350155414,2.3197087575556123,2.2827368367867162,2.5634756449961484,2.3330687829871364
-178.9873330401589,281.4873991512669,207.00585063658767,0.8085572740714049,15.87117205751082,1.5301893711216183,15,D06_px-1055_py-0118,0.5228195018665871,1.5301893711216183,2.545172480450948,1.4949885174651953,2.8330949581461216,2.2550408051902435
-27.995554076866,283.8773109283081,198.76252939417685,0.7506699905715126,43.82519755699366,1.0621174376217375,13,D06_px-1055_py-0118,0.48538912841706094,1.0621174376217375,1.2720019790154067,1.9446668258904551,1.477766188268506,2.175829597700397
-159.12718615789404,290.74877712600096,206.625173119917,0.8062795715651285,17.133832294145236,1.4645857129991464,14,D06_px-1055_py-0118,0.5213467214861257,1.4645857129991464,1.694698032215416,1.8265086457908923,2.56120185101277,2.5740395819444597
-28.805890343918463,303.6430589231012,207.36855589087423,0.7629317652624574,28.75293028175105,1.0584013303496151,13,D06_px-1055_py-0118,0.49331768850982927,1.0584013303496151,2.5733640950694108,2.395585605973279,1.9025971605236363,2.5490543310928686
-129.73178030205497,312.4329709588012,200.8770992826812,0.8305602791050961,17.810894209235187,1.3573837976702543,14,D06_px-1055_py-0118,0.5370468182239767,1.3573837976702543,2.2142946435433766,1.6379565063484187,2.0228749213645054,1.5536171970079287
-66.47039238187683,319.5166982204936,207.7488391170736,0.7958377638302941,18.72684510949938,1.1689254518951104,14,D06_px-1055_py-0118,0.514594966361812,1.1689254518951104,2.588526801076047,1.6437172783204577,1.9365998034434928,1.984108481037496
-86.52201389455635,320.75780543107487,209.56469221138536,0.8003903140383171,14.729660428660964,1.2272886146887427,14,D06_px-1055_py-0118,0.5175386811836404,1.2272886146887427,2.529267646646561,1.4940056706461062,2.952085132422244,1.5885696099761348
53.47336071609351,-349.5280511287659,209.19929055185648,0.8323695579132956,4.855850862211241,-2.025965612214768,4,D06_px-1055_py-0118,0.5382167121518089,2.025965612214768,2.0649290049763733,0.8749770432581119,2.1585528333664445,2.0596051282872274
-101.66481980741808,-330.3260232533666,206.90954600496656,0.8264849436176465,10.226773177214568,-2.4763468114569296,3,D06_px-1055_py-0118,0.5344116741991646,2.4763468114569296,1.1958592689454326,2.7304768777428436,2.8723233845964877,2.5378285995450893
81.1337628404164,-293.5463079346855,200.0493632159304,0.7801461915831397,34.20558477092442,-1.90811625698821,4,D06_px-1055_py-0118,0.5044486721550315,1.90811625698821,1.416473243607642,2.5430645395166973,1.3666049897770267,2.8525359364678295
-82.74458169306111,-283.62082681437533,205.94628724296848,0.7504679188727685,34.0540881319248,-2.4616409352063635,3,D06_px-1055_py-0118,0.4852584672650726,2.4616409352063635,2.1560236472609766,1.2083991627418724,1.7982763488006397,1.9058677540699933
176.39090189913136,-278.63264871610534,197.5681511892029,0.8261213253193477,24.13058207129751,-1.6134022966410893,5,D06_px-1055_py-0118,0.5341765557435122,1.6134022966410893,1.643900235960706,1.5853785378844192,1.6775412866114379,1.9908338685177402
-129.6935770764184,-275.8126279566442,195.44916311490144,0.7921573171741457,37.34965610107366,-2.617319785348797,2,D06_px-1055_py-0118,0.5122151605655881,2.617319785348797,2.006740924246788,1.5322013713453673,1.7507832705884505,2.8365702361035483
-106.44528610024273,-266.9045152605702,203.40854636444143,0.7427963384014149,39.49125364566754,-2.5572594969401194,2,D06_px-1055_py-0118,0.4802979629085088,2.5572594969401194,2.1840373019347066,2.402692526449466,2.067148332130321,1.2475497832717983
-79.29338937025503,-269.3438139294298,206.32658082531424,0.7242033550252128,40.18459116022757,-2.4640822692153197,3,D06_px-1055_py-0118,0.46827559341325736,2.4640822692153197,1.180912561473074,1.8284556224365458,1.9451188550629757,2.4569657726803413
164.05332412431457,-264.78404394542,192.2687704910959,0.8112267173589224,36.43078960657596,-1.6230878639209898,5,D06_px-1055_py-0118,0.5245455849216729,1.6230878639209898,3.1558969151231233,2.459703549779113,2.6538218737842714,2.0073858822783377
-210.29280577274176,-263.23309920259874,202.18729246432773,0.8252890591674198,17.584039740869002,-2.851836161753661,1,D06_px-1055_py-0118,0.5336384058944851,2.851836161753661,2.9277803827006315,2.303855984731511,2.399690806649449,2.3086499363811064
-143.7696402780757,-260.3533928514037,206.2473601187093,0.753049529355805,32.96099486134199,-2.682313908729386,2,D06_px-1055_py-0118,0.4869277569369821,2.682313908729386,2.0881205313502242,1.9614018587723443,3.231895906876773,1.8069129445618315
228.1666029276041,-252.3310648493437,197.93157735858216,0.840688851213057,18.87252639580987,-1.4426258497700362,6,D06_px-1055_py-0118,0.5435960327248116,1.4426258497700362,2.047558936457089,2.84001283567277,2.2365225391089814,2.7506179384466907
-132.5380182802329,-249.5828198006,206.312825757708,0.7274411872317498,39.41038485688762,-2.6659446353459844,2,D06_px-1055_py-0118,0.4703692012201915,2.6659446353459844,1.1452230400518961,3.5010882030656614,1.8383244507256817,1.8442625791771023
-139.84495186107787,-248.45142873159472,191.72315053475444,0.7684121122178751,48.99700340573162,-2.690443580149992,2,D06_px-1055_py-0118,0.4968613240161428,2.690443580149992,1.4580721842767854,0.8430429618478872,2.4305005613224866,1.4428204579065569
-256.7740388769357,-236.2420411527472,205.42388395270348,0.8348056327873519,9.644742673053315,-3.0047956666468,1,D06_px-1055_py-0118,0.5397918973526674,3.0047956666468,2.154743450388543,2.8128176979761372,3.0381540292553693,2.3859545553348376
-169.59678039873685,-223.13623160179665,206.3257078341512,0.7233205106732147,40.40058804317624,-2.827683930940626,1,D06_px-1055_py-0118,0.4677047393016949,2.827683930940626,1.8207917301596634,1.6031827973024,2.0459522824102607,1.2917642409671761
216.8362743167844,-226.9835795986104,204.08332478646028,0.7852957519435417,27.05603702334986,-1.4152372802708864,6,D06_px-1055_py-0118,0.5077784184436285,1.4152372802708864,1.2324362998169907,1.3146013286151075,1.956810459715068,1.8368291888436996
164.29204323016646,-224.95022210704784,206.68260195310663,0.7194197583508375,40.86877271473213,-1.546970833045521,5,D06_px-1055_py-0118,0.46518248212649066,1.546970833045521,2.0853483194263935,1.843405332089751,2.647865998717227,2.0664107308530144
176.64878588214876,-193.2014169200241,208.81098530001043,0.6837617134705172,46.28052799381936,-1.437102809615347,6,D06_px-1055_py-0118,0.44212570945287166,1.437102809615347,2.5722840408362453,1.9074600839994067,1.2853942873239423,1.6379235549338236
224.20896252305528,-184.07389385047168,211.37659587069112,0.7284073696821556,32.38667878564036,-1.2943903971573494,6,D06_px-1055_py-0118,0.47099394240258147,1.2943903971573494,2.11510296281197,1.5526234816473334,1.4730204387757517,1.736293135020234
-204.1302998142561,-182.0781843547749,209.3360877668744,0.7041122524070199,40.99185073992828,-3.020211082751477,1,D06_px-1055_py-0118,0.4552845282164752,3.020211082751477,1.9129764434331864,2.480350599791927,1.2006451902657882,1.9387938750372995
285.5744286528927,-172.0663132001389,201.93445295138497,0.820686301392399,19.43038248443719,-1.1492550732391602,7,D06_px-1055_py-0118,0.5306622264643852,1.1492550732391602,2.4884628055024285,2.161607635991789,1.8897182472162068,2.4608188870014445
213.2698252378208,-169.67171378759076,207.75613593758263,0.7060336393500811,42.61871311730698,-1.2790152458856232,6,D06_px-1055_py-0118,0.4565269121473079,1.2790152458856232,3.094468775186853,1.8953311085711624,1.7123976881695513,2.3836143249998294
-259.0033197914333,-168.92334452970158,209.01346068862688,0.7658409769290229,25.66948727550812,3.1125370972214257,19,D06_px-1055_py-0118,0.4951988076872988,3.1125370972214257,1.3491618641650678,1.411990213147869,1.637848475089896,3.0774068707805347
-260.2320974687187,-140.1299135931123,209.2751680547207,0.7426738077008328,31.55853896499173,3.028569200920316,19,D06_px-1055_py-0118,0.480218733592422,3.028569200920316,2.1878051449999174,2.1712207770099896,3.393424919809839,1.035359108227341
-298.08731224344865,-133.1261234190494,207.26660802922964,0.7971621863625723,19.014643367202268,2.954636932876724,19,D06_px-1055_py-0118,0.5154513484027524,2.954636932876724,2.743300358535032,1.7989903694087572,1.643397987915342,2.419272309564491
-237.2099590005905,-125.3342347311489,208.96418560008885,0.6954408327783898,43.474066385555886,3.0206970107664923,19,D06_px-1055_py-0118,0.44967751998576794,3.0206970107664923,1.9122547182017844,2.178655782730537,2.20972337794226,2.4933956211748853
271.49816366799416,-110.77568932275898,207.9145263069822,0.7419726549577961,33.58705290559283,-0.9943773948259,7,D06_px-1055_py-0118,0.47976536270627435,0.9943773948259,2.2139437013599093,2.5663848271233483,2.09444033109763,2.1363232815181314
-346.6104082419425,-67.59589943864765,206.86236638143333,0.837318837235947,6.643629925807659,2.727215493133856,18,D06_px-1055_py-0118,0.5414169551439196,2.727215493133856,1.3862779110489374,2.647020232838768,0.5314715629589895,2.564447943694601
-293.20878253231496,-80.73975878845867,218.32422249928203,0.7358123368498934,21.12289311097476,2.8033196605959523,18,D06_px-1055_py-0118,0.4757820524970969,2.8033196605959523,2.3022702589596893,2.3130692777330335,1.826507520099974,2.1908815104777553
-321.331667508908,-70.40157771167357,203.45690652731355,0.8102276258349727,20.4937305316609,2.7502983087017667,18,D06_px-1055_py-0118,0.5238995644731271,2.7502983087017667,2.0752033879202583,2.108655502180893,1.2224049990108945,1.74907114317831
-354.07921670810833,-13.162830935140253,207.784576266489,0.8367707391002444,5.454687212324018,2.5717708305498657,18,D06_px-1055_py-0118,0.5410625505723806,2.5717708305498657,1.9932745317638698,1.9398767654676738,1.9411112845638878,2.12460128374095
-271.2114097447043,3.927150722833648,206.3497290819456,0.7070448785127839,44.23279944287856,2.520134098581229,18,D06_px-1055_py-0118,0.45718078735475,2.520134098581229,1.3712227340492176,2.6489112793497487,2.5772597286475105,2.0985969509740623
279.0317859889123,32.79334285284886,202.8700290826594,0.7329128789467212,42.686157999293584,-0.4899907141208415,9,D06_px-1055_py-0118,0.4739072401798611,0.4899907141208415,2.12267177262651,0.9103742188807125,1.9855642084484484,3.19438879366213
290.8652271600576,42.236599463723394,199.467372355796,0.7638347590280598,39.44553079584301,-0.4627772391509454,9,D06_px-1055_py-0118,0.4939015713909313,0.4627772391509454,2.643977415988509,1.443823604076969,1.7302617747529982,1.8536211643545237
258.88083079054377,59.70249046090386,207.88622184623648,0.6931771428018668,45.387932001341255,-0.3803245991390134,9,D06_px-1055_py-0118,0.44821380021741225,0.3803245991390134,2.5934120653760555,1.54719822861807,1.624755130817116,0.9766580377009786
279.52146525529577,64.3854535343838,209.2742617567177,0.7277758137856006,35.36178142628296,-0.3805866221007199,9,D06_px-1055_py-0118,0.4705855733855357,0.3805866221007199,2.330496129409333,1.9578995169544942,1.8216421871475152,2.050289211770525
-320.7828931903824,67.67528496068954,203.81002475660432,0.8076739359826107,20.771873480867043,2.3266929209179548,17,D06_px-1055_py-0118,0.5222483285009235,2.3266929209179548,2.068507797646604,1.210466176289462,2.7594290990865633,1.5171790162221481
-289.0615725748257,72.43196847269333,207.7842168908056,0.7503293115227938,31.57780394566919,2.289092167556646,17,D06_px-1055_py-0118,0.48516884266086374,2.289092167556646,1.9450901334337067,2.0195950798350575,1.69154274307436,2.220763084185519
-270.00730978575524,118.31421215507352,205.24110904735804,0.7510756349749587,34.85911009987888,2.121624583282997,16,D06_px-1055_py-0118,0.48565142128331235,2.121624583282997,2.1257455618192944,0.9068832313435466,1.828362577178344,1.7280967638025213
226.37156715460227,119.6794121027976,208.62960479474685,0.6733832968765933,48.75725764434446,-0.1206475799510275,10,D06_px-1055_py-0118,0.4354149435395592,0.1206475799510275,1.6963641583400475,1.6467181925948762,1.9564530406554685,1.635860581065209
-307.00232376204536,128.58893701910722,203.6986444982536,0.8155055487200301,18.490681539295565,2.1379602809610474,16,D06_px-1055_py-0118,0.52731231098119,2.1379602809610474,0.782264416136186,1.6207509121313788,1.2229878468117112,1.5416461234733319
245.04509210955487,130.27759536472058,205.05012460162624,0.7215070497433731,42.53909550221477,-0.1183356727143457,10,D06_px-1055_py-0118,0.4665321411810693,0.1183356727143457,2.5138133521664288,2.4768325965571885,1.7199602957807825,1.6277821365120304
-274.1921833664247,150.3971531121227,207.81954476663367,0.7743441846307398,24.938298316693817,2.032914588349158,16,D06_px-1055_py-0118,0.5006970487611738,2.032914588349158,2.6009269992781023,2.2413130517797923,2.065642113097635,1.8979445538988302
319.2641756269537,178.83523456007947,209.8966798394213,0.8477704962219123,1.5851923364187428,-0.0963784419960865,10,D06_px-1055_py-0118,0.5481750801648062,0.0963784419960865,2.129224805913676,1.9852001072373684,2.750424464604782,1.5684495353595425
228.00706554234256,184.43293233903816,211.41139384959783,0.7337295005294543,30.98456650314995,0.0731594713645343,10,D06_px-1055_py-0118,0.47443527412722536,0.0731594713645343,1.5722573111505662,2.1163033860436578,2.0558313544659326,1.3091383947364221
269.6835348864574,197.7328545291147,200.900825503209,0.8247385369410699,19.656970078324434,0.0256847309462184,10,D06_px-1055_py-0118,0.5332824338868406,0.0256847309462184,1.9783494411578826,2.293753037931035,2.0494931113498347,2.4401606653646355
279.564723430015,211.9491241751145,203.03546025075656,0.8433314732954218,10.317475857483371,0.0417106837350642,10,D06_px-1055_py-0118,0.5453047729773933,0.0417106837350642,2.402974924029869,2.2849024426173696,2.357314006177744,2.863524905713356
-233.08729124865053,235.1468897059293,207.10418742590377,0.8045933153797127,16.966510570043965,1.7448163363482254,15,D06_px-1055_py-0118,0.5202563749551505,1.7448163363482254,1.8132063456195582,2.087292765745011,2.103793949711856,1.2732597134105172
-77.86335174132432,235.66350499330645,206.43651808561327,0.6633449997721971,53.6476464866231,1.2829255264228094,14,D06_px-1055_py-0118,0.4289241015670637,1.2829255264228094,1.808537591746031,1.9380734778461663,1.472793982009626,2.631474717038862
162.2150384260275,243.3451458253246,198.6474716870312,0.7634052323728842,40.6939168738121,0.3758570343248233,11,D06_px-1055_py-0118,0.4936238360726074,0.3758570343248233,2.317329524911349,1.6869331674277146,2.0928259474852533,2.151053914668725
129.98603356424084,250.6835349898685,188.9674555379219,0.7708486327780536,52.20839600100874,0.4854581438851725,11,D06_px-1055_py-0118,0.49843679740115837,0.4854581438851725,2.061056426667377,2.18936944448679,2.147068633978787,2.8460401296951776
-59.91881347331068,253.85000924517672,206.26785938158667,0.6879677533632438,48.6436210049215,1.1956143124055765,14,D06_px-1055_py-0118,0.444845367975605,1.1956143124055765,2.075854356495004,1.822782486879564,1.4594503689550624,1.6193563382813545
79.65633139702793,277.6824096648677,203.2611027765901,0.7458111188487738,38.92413737224837,0.6844570291074262,12,D06_px-1055_py-0118,0.4822473436911324,0.6844570291074262,1.7062046476320765,1.9973115668614048,1.543066735481094,1.717081899140579
159.53419896564722,295.9799044810276,193.3106595929605,0.84661195863601,23.86510291305666,0.4694553909440947,11,D06_px-1055_py-0118,0.5474259606367545,0.4694553909440947,2.2665286532615205,2.5852997944547713,1.4018334461876947,1.4286177471266202
127.95922412054384,304.0987449899733,204.29610910558625,0.809642591329223,19.45837288750124,0.565524400035106,12,D06_px-1055_py-0118,0.5235212765537932,0.565524400035106,2.193219825027992,2.2695365141005066,2.161384702974818,1.3951449455551739
96.51275832017272,329.19203199395565,205.5726350389164,0.8259978674291704,12.360526638586007,0.6786278989412206,12,D06_px-1055_py-0118,0.5340967268993303,0.6786278989412206,1.7334849321781858,1.244752096283844,1.2332407065879956,1.7205480380812728
28.06812421483318,-344.89730181431366,206.44683813987209,0.8282064528266874,10.338667529244276,-2.0965737003208647,4,D06_px-1055_py-0118,0.5355248156128798,2.0965737003208647,1.839929146088609,1.6060337307020376,2.2234045737675165,1.6399134354651559
-35.146236585746045,-339.2236333858804,205.83927618997183,0.8224241267564327,13.137842330243984,-2.281015364446405,3,D06_px-1055_py-0118,0.5317859180324299,2.281015364446405,2.1936158536152117,1.8686008823158828,1.1011837180388016,2.9289449796218614
118.39029226422431,-327.34418820668753,203.6950374263605,0.8378367663707602,11.199813311861988,-1.83074342330307,4,D06_px-1055_py-0118,0.5417518522018631,1.83074342330307,1.990798544955278,2.1784955198609683,1.2645870833508552,2.047603192145332
29.53910763940161,-325.2138397484922,208.1237224946552,0.7952352282905842,18.37389859649346,-2.087194614139229,4,D06_px-1055_py-0118,0.5142053621360757,2.087194614139229,1.3227037580517695,1.6781291753659155,2.2651839459366627,2.7505605084577045
-20.47719459125154,-324.3893173826786,205.1120695754973,0.8001927098134882,21.18313969827642,-2.2408175775909034,3,D06_px-1055_py-0118,0.5174109087354729,2.2408175775909034,1.704329379687369,1.642114188032058,2.3345611382459426,2.0915756507558836
-129.85541035845227,-318.6998183851859,198.43723931107817,0.8451510920071998,16.620715380073193,-2.564691251965804,2,D06_px-1055_py-0118,0.5464813527683197,2.564691251965804,2.190741915740027,2.3621920335555857,1.879697656656382,2.0018202717930276
-184.17198179420024,-308.0705293790669,207.8049361576367,0.8431340320136059,3.2143746789473653,-2.7165938841038253,2,D06_px-1055_py-0118,0.5451771058894614,2.7165938841038253,1.8740859562196153,2.521054657562291,2.93001621667885,2.342451366860128
-45.9025490780788,-308.55124491754106,194.76236593846204,0.8055277853781304,34.49225672670093,-2.3254606910339373,3,D06_px-1055_py-0118,0.5208606106163077,2.3254606910339373,1.9936648321274417,1.757145401974841,2.1042411393005427,3.019730415122086
-108.63319879185558,-298.6245245739518,205.4441943977505,0.7880834133003866,24.31859298027792,-2.5266724437822474,2,D06_px-1055_py-0118,0.5095809422334642,2.5266724437822474,2.532873510923365,2.1523553542231704,3.0455301293317225,1.029692924344964
-206.124577452094,-293.073402351286,207.85463872800568,0.84215118430254,3.4839455154525467,-2.7907269758675253,2,D06_px-1055_py-0118,0.5445415888182678,2.7907269758675253,2.0321863568890457,2.2823796302314614,1.7424838725092797,1.7924902809021768
118.47172612486106,-283.42450919853536,203.21114374429527,0.7766157655248257,30.75095810724588,-1.7818483374622691,5,D06_px-1055_py-0118,0.502165870858977,1.7818483374622691,2.168635332071198,2.2451347658543734,1.8302888133065196,2.229537308041332
-222.7123501704734,-273.2025570381911,206.5730541903206,0.8370808400181331,7.157248747706319,-2.8617113976885835,1,D06_px-1055_py-0118,0.54126306426834,2.8617113976885835,2.4984469230331157,2.022407787158064,2.408240244552064,2.3296412181492663
-161.48189620886296,-257.3450843405526,207.9697523515321,0.7595296266236239,28.852343124867843,-2.738164929015482,2,D06_px-1055_py-0118,0.49111783886964294,2.738164929015482,1.3992257793491278,2.063658364059855,1.4139338513928381,2.418550826845355
203.1865632457659,-254.1971282525882,201.6767599070033,0.8092294665663978,23.382583792988328,-1.5034455722749684,5,D06_px-1055_py-0118,0.5232541468282496,1.5034455722749684,1.9264106255584652,2.007862296398349,2.1119069496989815,1.2255939615756972
181.04065091470665,-248.180237825899,206.02806274446232,0.7697454379156361,28.7318341663306,-1.547542326904099,5,D06_px-1055_py-0118,0.49772346291400865,1.547542326904099,2.002108256501039,2.233253814545262,2.2571842917928278,1.4609598053510895
-264.90083843087274,-243.9563502242518,202.4019930480844,0.8578440730161623,6.193748571349033,-3.004310657399841,1,D06_px-1055_py-0118,0.5546887342626351,3.004310657399841,2.1740600167835757,1.8770830220426138,1.1807109910405706,1.8870364623958378
-185.5496837683425,-239.54033474927493,205.5667283548677,0.763992280439178,30.95692390321534,-2.8368405173208378,1,D06_px-1055_py-0118,0.4940034259760487,2.8368405173208378,2.724175700022887,3.1519570393837197,2.1510558876116983,1.5994643496533874
182.17675665182625,-226.37813243773053,200.8147110796043,0.7547701472128914,39.961976604783786,-1.500148081373879,5,D06_px-1055_py-0118,0.48804032199550285,1.500148081373879,1.418039998297242,1.1602834077580906,1.411492437091456,2.5567337027341974
-240.22157194775235,-226.5349260519644,207.59657269992056,0.8020372348039415,17.04854761797384,-2.992488504504325,1,D06_px-1055_py-0118,0.5186035931223604,2.992488504504325,2.155721671315953,2.294568283566491,2.058700974080625,2.4282311810583863
-197.4653073716359,-225.5165439427527,207.0442522959797,0.7550340554192848,31.339375174894545,-2.8969531639793824,1,D06_px-1055_py-0118,0.4882109671203811,2.8969531639793824,1.7966872107529386,2.057057978837255,1.6551843224279266,2.2940137168374797
224.60122648936675,-205.11941836367112,204.0051068271402,0.7697309388800884,31.552968847917555,-1.347072733800664,6,D06_px-1055_py-0118,0.4977140877234245,1.347072733800664,2.0430739756667977,2.6592620899967807,1.3717449441016893,2.53527226432692
259.00489845367633,-205.0450936026896,203.22545319685645,0.812901808833582,19.99755682161333,-1.2766174070810146,6,D06_px-1055_py-0118,0.5256287122627363,1.2766174070810146,1.7300657484712127,2.0225364147723104,1.7965494384113354,2.6708510629089606
-265.6590434152246,-186.27682887684648,200.6408265791784,0.8103181197699735,24.551266598044435,-3.1370496141157806,1,D06_px-1055_py-0118,0.5239580785642575,3.1370496141157806,2.875707787034891,1.5771010425175371,1.953282386325261,1.4203521017467615
251.9178896479581,-171.949497666126,202.2380134388481,0.7754520347290809,32.43888714263392,-1.205905799077675,6,D06_px-1055_py-0118,0.5014133933605377,1.205905799077675,2.3545311585231556,2.184679281869861,2.3113117560397063,2.685880485843709
242.1388942824089,-155.64177499147615,196.83045565054312,0.7600598661218692,44.07673048541904,-1.178261654929162,6,D06_px-1055_py-0118,0.4914606959055418,1.178261654929162,2.5886306760852316,2.233999408978472,1.50977426152122,1.7177753674315865
-309.7929267045033,-136.8084244268509,207.96512320682533,0.8137993363691157,12.815129414034343,2.9504701361238874,19,D06_px-1055_py-0118,0.5262090606364224,2.9504701361238874,3.130116337775099,1.8269526913478193,1.7093320312072398,1.2683487919438168
287.49465961123565,-124.921082391229,209.118537067206,0.7723966920473362,23.67683622073332,-1.0168827826512572,7,D06_px-1055_py-0118,0.49943778471767936,1.0168827826512572,1.1733220340652446,2.3497718546564,1.6283172165492747,2.0462421454289954
276.14832514013256,-111.44404687691303,204.9910783182751,0.756730052753892,33.70833125833843,-0.9905561742161711,7,D06_px-1055_py-0118,0.48930761235514786,0.9905561742161711,2.587290171589217,2.722303775779647,2.8497568494128958,2.6652927605790557
-306.5538948998182,-96.76980330378508,209.7167996696045,0.7835718747865109,19.59971535301264,2.8403831577072425,19,D06_px-1055_py-0118,0.5066637458960924,2.8403831577072425,2.6852512416220864,1.547317024436982,1.3451636325284473,2.3678130690213735
-336.07407113468213,-74.33876609599425,195.42321132938804,0.8528256907530315,18.58385248527719,2.752305417682191,18,D06_px-1055_py-0118,0.5514438087649338,2.752305417682191,2.3604270086720853,1.448051946187494,2.0379090232608412,1.3528865285281277
281.01848547175484,-69.46759982189843,200.0118885836379,0.7548758050069022,41.036814331078745,-0.8493206002278615,7,D06_px-1055_py-0118,0.48810864115730435,0.8493206002278615,1.5847778023390522,3.0485228439960252,2.0857910667178716,1.9090677766918491
311.6794679507134,-54.94583757073743,205.0566472014616,0.787002441667863,25.183645437142616,-0.7814761685247795,8,D06_px-1055_py-0118,0.508881977461801,0.7814761685247795,2.3115310213555023,3.3194175949653744,1.6521975595562584,2.4679824870898455
-285.95401347218615,-42.68786147410319,203.9833823831208,0.7444588894769362,38.28704413290251,2.6828010496507355,18,D06_px-1055_py-0118,0.4813729815287173,2.6828010496507355,1.534769195915823,2.0992425430645976,2.0768946594338593,2.5874578078291224
-264.21221908352214,-13.319086206192353,206.1239030903992,0.695270863701819,47.21152388300777,2.584981046298491,18,D06_px-1055_py-0118,0.4495676166421273,2.584981046298491,2.6665317372897492,2.177377817973672,1.6835848875511457,2.671495605431592
-309.66782687047703,-7.211132943905428,202.9862527729575,0.7813232511550935,29.74063172145344,2.557895585364089,18,D06_px-1055_py-0118,0.5052097681451492,2.557895585364089,1.315879257665014,1.8012630960502176,2.3920325894926444,2.0867654265211275
-339.26021375705,32.861481509814105,205.1379648522598,0.8238457217058668,13.705943524001896,2.438052184182234,17,D06_px-1055_py-0118,0.5327051325236639,2.438052184182234,2.9912615432571203,1.8692718151338925,2.4867017407611183,2.049793419995895
317.9689694491447,37.0620153770147,208.92084543399096,0.7833794956494072,20.77982790615676,-0.4909445296886457,9,D06_px-1055_py-0118,0.5065393520308024,0.4909445296886457,1.8571425624568274,1.692305295949752,1.7764471753119793,2.99209047438494
279.24296590079007,48.3425283748546,206.3344952412811,0.7288023093563583,39.04592447142625,-0.4355586299556918,9,D06_px-1055_py-0118,0.47124931350659033,0.4355586299556918,1.607079987863838,2.3793541635730806,2.66209127934965,1.8878258825096896
328.79840526521144,51.097106201003285,207.5233381785605,0.8060672875602142,15.9025970001818,-0.4528071934952842,9,D06_px-1055_py-0118,0.5212094569765324,0.4528071934952842,1.8373639274531581,2.493067870119089,2.1135011980551646,1.8571885479564143
-315.62889730522073,52.61253783469888,204.2423836348396,0.7944877840329035,24.13987410287285,2.369440641403555,17,D06_px-1055_py-0118,0.5137220587919527,2.369440641403555,2.4131193574518397,2.539740161397269,2.9208020623665565,2.0526022298497955
-337.92842018978246,67.49555505398995,195.86410235747564,0.8522923142074958,18.09531045575943,2.337474027248106,17,D06_px-1055_py-0118,0.5510989232895487,2.337474027248106,1.9702613586080329,1.3134257209287745,2.448935758691923,3.5846107017269606
283.1677265958508,84.9614467639032,199.4306124676181,0.7668473090179632,38.69608420152616,-0.3154866817492434,9,D06_px-1055_py-0118,0.4958495099421964,0.3154866817492434,1.397020957758667,1.4617183966555762,2.1775584191529256,1.1736083416930994
-276.0145603266946,95.20315071671024,205.4286187351192,0.7458278045278796,35.96896919511164,2.2024703882758763,17,D06_px-1055_py-0118,0.48225813278266383,2.2024703882758763,1.6226697599998623,2.57503193329653,2.3542209810824968,2.573246639224022
-329.13430875600375,98.10768436569954,205.22987919013167,0.827405426086102,12.402922414403292,2.244920595282757,17,D06_px-1055_py-0118,0.5350068654132781,2.244920595282757,2.2937159262789084,2.09229505081378,1.7991802841896296,1.5541430157575427
-252.82197209312795,140.64398962400165,206.90208367610788,0.7377039827166989,36.05206637261159,2.0269485675573486,16,D06_px-1055_py-0118,0.4770052056137725,2.0269485675573486,2.6242905698825014,2.227213777036221,1.5353420535274882,2.268450063156372
-225.91803614526447,151.02333028508409,204.1597799640005,0.7132446668557244,45.67801117758592,1.9453511622745707,16,D06_px-1055_py-0118,0.46118961932878305,1.9453511622745707,2.2994200886029654,1.9678524078467845,1.8894985479147075,2.521953617633349
272.1523606240778,170.48192727448028,209.3294663634317,0.78399081841524,20.023066854926697,-0.0473590965812182,10,D06_px-1055_py-0118,0.5069346381461607,0.0473590965812182,0.8402540858377532,1.3661783392562508,1.4592420919861349,2.407190577926154
-279.54151662465904,184.60928074680905,196.9637602197496,0.8354760355362729,22.02954680220228,1.9509613795074576,16,D06_px-1055_py-0118,0.5402253850504232,1.9509613795074576,1.763645668047539,2.3054054391275036,2.33256003982909,2.8090718441022116
-185.3995609227148,197.99926954036752,204.48569780757776,0.7115486127502542,45.64285310849084,1.7163635913123665,15,D06_px-1055_py-0118,0.4600929373855291,1.7163635913123665,2.996611379218723,2.0145858440151043,1.7474270175561424,1.7358602538546348
-272.5405724805534,199.13080663411424,200.82763102895484,0.8295637084768341,18.208566305589272,1.9036137656957783,16,D06_px-1055_py-0118,0.5364024278064381,1.9036137656957783,2.504220773968957,2.282639799495885,1.3906349419858768,2.1956415857366665
-184.48728606745567,213.69388739681784,205.22669561915149,0.729573659838977,40.34130079787792,1.6759960511596552,15,D06_px-1055_py-0118,0.47174807480405123,1.6759960511596552,1.6885216864128487,1.0795354438363458,1.4327354193636346,2.7380337628887235
139.62005450792074,226.63991113607807,205.5935479121928,0.6995936684307742,46.93064612433153,0.4116840162407041,11,D06_px-1055_py-0118,0.45236277622764265,0.4116840162407041,1.46474577522488,1.5184859210040362,1.9767242726729752,1.932249322714282
-212.39480189710264,234.06878981680208,206.6421696411829,0.7824930136533262,24.25303396332208,1.7007071159603495,15,D06_px-1055_py-0118,0.5059661457899247,1.7007071159603495,1.1499916369973406,2.4007038467532222,1.2444604663843126,1.954220087089361
-195.20542501385543,239.336802050602,206.0164356697611,0.7724552594874534,27.99151209325493,1.6480036574627517,15,D06_px-1055_py-0118,0.4994756548857548,1.6480036574627517,1.6844490623069805,2.5071732384093472,1.7130941841716214,2.090307689610755
146.22167215184732,248.78874417477792,205.1965770276536,0.7405634624226171,37.63308809979259,0.4324650317331334,11,D06_px-1055_py-0118,0.4788541677137829,0.4324650317331334,1.6570452344114657,1.609843359449408,0.9824083037610973,2.379904503793577
169.57325194185168,255.5857554975709,200.0425867880168,0.7837145446946282,33.216050600985284,0.3780311574990689,11,D06_px-1055_py-0118,0.5067559973823942,0.3780311574990689,3.107403467416286,2.276580044638475,1.4664676839774122,1.8524430404660142
247.94566364339235,255.37234893780249,202.6095013280577,0.8515513418062288,8.108497308667552,0.1931730138655921,11,D06_px-1055_py-0118,0.5506198046987572,0.1931730138655921,2.680822196840766,1.8760595505216648,2.499616159156377,1.8170357331932268
-237.39194239641944,258.96389793694703,207.35234128932225,0.8335538570244996,7.198148636838766,1.7057816243571806,15,D06_px-1055_py-0118,0.5389824892850266,1.7057816243571806,2.7764977752983677,1.7333044636315984,1.9818110355957579,2.5612968020078584
8.497085146974628,267.0536698950788,202.9104740377896,0.7079140697738705,48.55799027923808,0.9320096324937264,13,D06_px-1055_py-0118,0.457742813270193,0.9320096324937264,1.1512124532143844,1.7604093502096319,1.5811353690446692,2.7114571547125683
236.85443077253703,272.96243117743046,210.1615460815882,0.8409437641886507,0.4455853311214355,0.2491259946803097,11,D06_px-1055_py-0118,0.5437608614626054,0.2491259946803097,2.454986209629283,1.578864666675494,2.2247519218755993,1.519419260486142
-71.92425921796196,270.4024769194267,208.42886004335804,0.7174635021774226,39.02073872292999,1.2237870073617931,14,D06_px-1055_py-0118,0.46391755147667024,1.2237870073617931,2.121623010883729,2.239391676309594,2.6168791732332934,1.678982999382456
28.643474237331667,269.935067734555,203.43210820667483,0.7144695864413763,46.35464051359981,0.8580999354243525,13,D06_px-1055_py-0118,0.4619816619807184,0.8580999354243525,1.6847150045914632,2.119790219633336,1.3697690137225864,2.2594428458275124
-84.98936467667713,276.97406772291635,206.6684405711005,0.7389735774210857,36.044934061678646,1.2615456626400534,14,D06_px-1055_py-0118,0.4778261355493572,1.2615456626400534,2.449955843649995,1.2497040377396647,2.3466474288904626,1.7672801270802925
215.145808382884,276.532195850636,198.56315180376384,0.8537314846373386,13.49742701088428,0.3026267093795629,11,D06_px-1055_py-0118,0.552029502224845,0.3026267093795629,2.6893156945463272,2.669129846832926,1.5315617321414368,1.6132535682854856
177.4728185305702,299.96526377942087,203.3592311947011,0.8392825901493626,11.212475575405335,0.4295636482752166,11,D06_px-1055_py-0118,0.5426867332448713,0.4295636482752166,1.9339956969114058,1.695354005805221,1.785503801380079,2.8239176443029343
136.7215167574417,317.81983489551203,204.31410847652143,0.8332946171113265,11.804387356598625,0.5575621084650922,12,D06_px-1055_py-0118,0.5388148627153135,0.5575621084650922,2.5626348294753507,3.298380079544153,2.479095269742382,2.347271966187139
-79.25618180352785,329.975235046989,203.8825810844488,0.8247246927202755,15.2684527467581,1.199539787073626,14,D06_px-1055_py-0118,0.5332734821046334,1.199539787073626,1.7052386104099992,1.410870209008985,2.5528375878614993,1.927422718306364
-18.73330658694097,338.4107453110047,204.89189887247247,0.8216288095359872,14.787719214858328,1.0191170675374206,13,D06_px-1055_py-0118,0.5312716596535206,1.0191170675374206,2.0420778730586324,1.769663060045956,1.0759640372126271,1.7753429238474951
3.9899627566838856,-345.9978674777522,204.02318140453235,0.8340624295149466,11.980307354721504,-2.166244614415321,3,D06_px-1055_py-0118,0.5393113362630269,2.166244614415321,1.6349607694031814,2.508042880519152,1.8448150442619544,1.7761929777263636
135.43922248072923,-313.52643709778425,195.14600320088684,0.8496724254172413,20.070776510715064,-1.770002404728814,5,D06_px-1055_py-0118,0.5494048825626999,1.770002404728814,2.4969145713365366,2.2018760557156316,1.964028418029029,2.560733192782301
-157.55486566507656,-305.4910682561317,195.13846769555647,0.8528703255694604,19.00152857325753,-2.653938363951727,2,D06_px-1055_py-0118,0.5514726699887946,2.653938363951727,2.5632383715058333,1.7879517623238108,1.8860691434604115,1.2628900127228981
100.22705443534636,-301.53519904380715,204.63645110583008,0.7900311940107342,24.89407666476194,-1.8568752323577329,4,D06_px-1055_py-0118,0.5108403925821099,1.8568752323577329,2.82142846172742,2.186211906089097,1.3109307089321682,2.967102968157077
-74.34491449153983,-300.04332042583314,206.87896623944343,0.770801326513015,27.2515926188928,-2.4206645880147684,3,D06_px-1055_py-0118,0.49840620879758535,2.4206645880147684,1.777918362663188,2.0922535330917875,0.9764528558659942,2.1426058554371514
169.2908285770949,-290.4275677211772,194.2667333335837,0.8440581028895913,23.26527136966456,-1.6500232469152554,5,D06_px-1055_py-0118,0.5457746173961471,1.6500232469152554,2.229154168251443,1.648932086391813,1.9032000221366614,2.047161856541564
10.321627616919368,-293.8268226912355,205.1826592264066,0.7498898746281815,35.24928313158944,-2.142662028482571,4,D06_px-1055_py-0118,0.48488469930366385,2.142662028482571,2.155845377480408,2.146332618024193,1.9275513985808004,2.443443249487624
-65.61161421040511,-283.04623494195755,204.6049228389001,0.7453990483713543,37.20063200434487,-2.4055581561144663,3,D06_px-1055_py-0118,0.48198089567483593,2.4055581561144663,1.93474242743242,2.149650519062763,1.8517833562384216,2.1072146040836506
-26.29623961895312,-280.30549759594584,203.5427934409248,0.7322992805040597,41.93209886900093,-2.271314878254576,3,D06_px-1055_py-0118,0.47351048259394135,2.271314878254576,1.8248475082450961,1.4605312990944737,2.757880321420887,2.8792153230450817
2.8742910128714634,-276.47259137903603,205.0211205229514,0.7197227376215816,43.00525974864996,-2.1673799367354656,3,D06_px-1055_py-0118,0.46537839090931404,2.1673799367354656,1.9639778023095684,2.45215758413876,1.269559018385915,1.9941608622089046
99.21937007350424,-273.124682186236,197.486258294026,0.7631333550250473,42.372252163206326,-1.8293240489364075,4,D06_px-1055_py-0118,0.4934480380381044,1.8293240489364075,1.8954629563610004,1.8450023959855644,2.754056585930662,2.0401427454679775
78.3059376962404,-275.4283017117276,201.3367996722368,0.7461534753736075,41.45715138267923,-1.9007786197554728,4,D06_px-1055_py-0118,0.4824687141165978,1.9007786197554728,1.7872855118569877,2.2099059178008345,2.5332386973770866,2.163854149155962
139.91633237574547,-229.884998924078,204.4045949068466,0.7078411222246291,46.60811386755239,-1.6310303978566505,5,D06_px-1055_py-0118,0.4576956448102957,1.6310303978566505,1.6246506739332982,1.9625458886458609,2.5071023257143867,1.3166893570889788
252.52039783604195,-216.5779112463356,198.60177463581093,0.8278873952135227,22.042434751791177,-1.315906735980353,6,D06_px-1055_py-0118,0.5353185104472091,1.315906735980353,2.5990298964274565,1.693874846701392,1.859198926629071,2.9856115198801882
-241.75515295286647,-214.57798000478888,200.77537708427823,0.808115408193993,25.028222673455844,-3.022659314562276,1,D06_px-1055_py-0118,0.5225337879099776,3.022659314562276,2.11257701639197,2.7689662334327334,1.341501933336676,2.1239260026392213
-288.12420526246217,-189.9166514842603,205.697228319466,0.8286458921034678,11.301493312046318,3.117392798066408,19,D06_px-1055_py-0118,0.5358089605104083,3.117392798066408,2.3467169866162294,1.6265252047147498,2.5476906097139413,1.943595638746573
-308.6182953880345,-183.54307342871925,207.6315276034537,0.8437539133330935,3.2576293462029184,3.071145055730514,19,D06_px-1055_py-0118,0.5455779260330228,3.071145055730514,1.9331496265217858,2.2517330824054196,1.6884377657583172,1.3672739517476664
190.96415187177496,-175.85660782228558,196.7849805614453,0.708825522664764,56.41848708300489,-1.3512158730840444,6,D06_px-1055_py-0118,0.4583321658883351,1.3512158730840444,2.3570333939724994,2.012906407950473,1.9575444170679068,1.298383338576162
228.78839827154627,-157.37803347088192,200.8208893542489,0.7321543837424997,45.627520254695696,-1.209522110261311,6,D06_px-1055_py-0118,0.47341679120666413,1.209522110261311,1.9801815414144797,2.4873973607072406,1.733169252928528,1.9166436879718127
295.3313565321605,-162.34606437543496,197.2138192788416,0.8378248718941583,20.89058316704154,-1.1095986739751087,7,D06_px-1055_py-0118,0.5417441611396075,1.1095986739751087,1.9892862622930698,1.9636318156676307,2.3131246214971144,1.5018607411444096
264.3969298013527,-152.04426832493635,205.2253807570017,0.7681067964029559,30.30241483083654,-1.1288593848973494,7,D06_px-1055_py-0118,0.49666390440545244,1.1288593848973494,1.7284671199948713,2.504598221205873,1.4694439608955854,1.8055955571036804
-297.56156469070334,-148.03096669143838,207.8993623949111,0.8045681931797247,15.827567825496033,2.996242805698897,19,D06_px-1055_py-0118,0.5202401307427679,2.996242805698897,2.1769649366416024,2.861589926960465,2.541496567487039,2.148779195616817
302.6334346490568,-141.86036097835466,204.09780249496703,0.8166051881487615,17.5600731225843,-1.0453186341169407,7,D06_px-1055_py-0118,0.5280233464969145,1.0453186341169407,2.164254728397956,2.2626338635447554,1.260931061967589,2.4603971243810383
255.7227911605881,-119.61731288025992,201.85928762221704,0.7378071915578311,42.840927648088325,-1.0445054734568493,7,D06_px-1055_py-0118,0.477071941263354,1.0445054734568493,2.369128837008838,2.506938341139492,1.5252059355600787,1.6803437103985113
343.94490161473203,-117.0598691069387,207.46568735814324,0.8499847577416774,1.2993657299209076,-0.9350271044646096,7,D06_px-1055_py-0118,0.5496068391037081,0.9350271044646096,2.156142085460504,2.3673064773973307,1.6149411051059024,1.9249761515886616
327.31487428275034,-112.55558694956213,204.63415473019364,0.8327266270602987,11.518525116706542,-0.9381878988575828,7,D06_px-1055_py-0118,0.5384475958746502,0.9381878988575828,0.8282250290001378,2.6588537302564217,1.6747519842306944,1.8963622922732877
260.67132098372576,-89.39860304270242,204.0276280933513,0.7204921918639956,44.14320963113886,-0.9373646887570009,7,D06_px-1055_py-0118,0.46587592608292316,0.9373646887570009,1.830449270802438,2.544455166921299,1.3023734702674026,2.0968685611211884
312.91300762817696,-71.85050772469603,198.89131986809767,0.8094261808554174,27.359639302941048,-0.8326852300406348,7,D06_px-1055_py-0118,0.5233813438369134,0.8326852300406348,2.1401134734434235,2.284998345317492,2.3162960272352717,1.7553727603765412
300.73160537131537,-65.65144631899793,204.6189949753063,0.7741810560131062,29.46100454717481,-0.8219132538245373,8,D06_px-1055_py-0118,0.5005915685121595,0.8219132538245373,1.9948827131706883,2.944245322209263,2.2248952045084867,2.0183634658430254
-281.542298427198,-61.70340640451741,205.2504006269087,0.7398244764020419,37.74781480561478,2.7503640855860305,18,D06_px-1055_py-0118,0.4783763335323921,2.7503640855860305,1.7388030298744384,1.769110843497104,2.35747194150879,2.625380766906063
345.6283223981528,-54.09759408466374,205.47283318528903,0.8359959798113652,9.168844280763778,-0.7622394019374814,8,D06_px-1055_py-0118,0.5405615851139429,0.7622394019374814,2.4095045895590634,1.2559815989178422,1.7355207307151046,2.1959358655959624
-271.92170590907494,-45.867782170466064,204.13138762952383,0.7205781340137718,43.98463801960981,2.701720179280497,18,D06_px-1055_py-0118,0.4659314969538759,2.701720179280497,3.1434801414282783,2.535800026056145,2.4921483031689573,2.098298660807529
-344.3386557949936,-30.715609215949893,205.73141796499533,0.8294579964456688,10.98100654252096,2.6235793993038823,18,D06_px-1055_py-0118,0.5363340735744653,2.6235793993038823,0.8483855926193715,2.556741875442943,2.3801027198450364,2.6426508266996964
-294.2088917712914,-10.974356092776729,202.6066460680113,0.756881599493535,36.94788879238018,2.5718970747652192,18,D06_px-1055_py-0118,0.48940560367063085,2.5718970747652192,2.265805415702647,2.319216256408838,2.6721591618672975,1.4537036629197724
-343.94633422094824,0.0831103138184866,204.6587409400857,0.8295202081909047,12.548913052690809,2.534371484314551,18,D06_px-1055_py-0118,0.5363743001789341,2.534371484314551,2.641115077784497,1.6824517243827724,2.0583165260860103,1.2332824620333758
270.7759856106603,5.212288529711661,199.6154298017937,0.7227137734945778,49.49478890592121,-0.5877324598614824,8,D06_px-1055_py-0118,0.46731241826313497,0.5877324598614824,2.1336173289151406,1.6119327694271344,0.9226600644260545,1.5866255958635795
-303.3968016551248,62.01412525023661,205.6246952902773,0.7747344416661176,27.89867321397673,2.3329909673878846,17,D06_px-1055_py-0118,0.5009493920340365,2.3329909673878846,1.939630484396512,2.6926705460577502,2.3418792671888853,1.8542740502350217
345.8628352858768,62.800282717433376,202.04678687685745,0.8467332567903896,10.637157559508182,-0.4273607748211491,9,D06_px-1055_py-0118,0.5475043929787589,0.4273607748211491,1.5887218994160248,1.5698724644494968,2.0457289895336173,2.2706714958543994
299.59595758782194,88.83286596376243,197.5535272934408,0.7992838487251593,32.29939017695898,-0.3187286565542462,9,D06_px-1055_py-0118,0.516823231997283,0.3187286565542462,1.9354643800572855,2.0602551276115277,2.4563747813638717,1.5974811832928473
267.6920706881665,87.85827589123362,202.26908880381552,0.7357833764589331,42.788542290504665,-0.2898502080227441,9,D06_px-1055_py-0118,0.47576332648020075,0.2898502080227441,1.928540212771698,1.0236498570334396,1.843546392200703,2.150709763863542
-292.1917534089312,92.19817030343366,207.12167908778548,0.7657924144070882,28.307464708342422,2.228961166437927,17,D06_px-1055_py-0118,0.4951674067781221,2.228961166437927,2.491075123567864,1.6676451797189693,2.324209355563559,2.0815624967974653
-290.20589060253667,109.56293037259604,204.75190044536555,0.7777147140261452,28.2804137977098,2.173621690916127,17,D06_px-1055_py-0118,0.5028764596155951,2.173621690916127,1.8693178166773765,2.0517114883753242,2.0624289544016006,2.2157244585393685
-328.6769234562783,135.05074872768378,200.8470555461636,0.8550474520859643,9.55984530060192,2.1447524177508166,16,D06_px-1055_py-0118,0.552880417142101,2.1447524177508166,2.0933023793010537,1.8370202762561612,2.0865962635138775,1.9049920383407175
324.0123599568383,135.57821186212811,197.66875538515487,0.8571890318071869,13.65904875572403,-0.2106823503611682,9,D06_px-1055_py-0118,0.5542651794576006,0.2106823503611682,1.2114892131694308,1.9201160350990036,2.343410455441826,2.053897223264935
251.30878541339845,144.98015483308518,205.14512002888023,0.7433618508634442,36.98889496577067,-0.0837181760710326,10,D06_px-1055_py-0118,0.4806636277206114,0.0837181760710326,1.4490279323595623,1.7916171508666277,2.2385060720541468,1.4446262337220261
-305.6854645630157,163.09867239200184,194.2969300858947,0.8589512289428622,18.20445599057001,2.0444866346707813,16,D06_px-1055_py-0118,0.5554046300051485,2.0444866346707813,1.8648505717431538,1.3984591238295014,1.7085194642695933,2.0385215248212405
-213.04863058378925,168.51385627264352,205.4793419043357,0.7098562326304485,44.72579345321884,1.8654061015616752,16,D06_px-1055_py-0118,0.45899863107034333,1.8654061015616752,1.3306215517625177,2.1619413569264627,2.367312866265314,0.9621727094557561
-271.5589272680688,219.183442853476,207.8734606886269,0.8289910235760007,7.965802257535472,1.8555395227707725,16,D06_px-1055_py-0118,0.5360321252389123,1.8555395227707725,1.872629534426727,2.077048985752017,1.2887537383421495,1.2306098351350436
160.65005855673104,218.5798068557037,205.34537155600924,0.709504239382424,44.9842761947171,0.3300031238447227,11,D06_px-1055_py-0118,0.4587710294637609,0.3300031238447227,1.8073175934293382,1.761747995387772,1.7322592508874797,1.855630723737012
288.7451177125315,223.0974924777917,196.13085343275816,0.87984969987501,7.875152402258436,0.050857603261662,10,D06_px-1055_py-0118,0.5689177459128213,0.050857603261662,2.6252839464987123,1.58239248001008,1.6814997292521108,1.6719244407903493
191.4640984053349,239.3339504483104,206.06900869869943,0.7685052364047955,29.01910771753427,0.2890836537885077,11,D06_px-1055_py-0118,0.496921538848881,0.2890836537885077,2.3109634831665424,1.3618784310960486,2.050598192789158,1.4773370768051717
249.33602329101,243.2812303200981,193.53985699481288,0.863561871844108,17.768362284708758,0.1661281808045638,11,D06_px-1055_py-0118,0.5583859080199711,0.1661281808045638,1.8275985603013571,0.6927675769510067,1.031717565388727,1.5564329502258079
-167.3733645508576,244.65732813106587,199.8806612384381,0.7670569960728874,38.01500432451837,1.563800871704868,15,D06_px-1055_py-0118,0.49598509524347173,1.563800871704868,2.6816343568223404,1.7639284397281934,2.140578119524977,2.1397094222356356
-111.41694687427012,247.66632111339337,203.16144596465307,0.7153534688225488,46.506493645900605,1.386560253697804,14,D06_px-1055_py-0118,0.46255318729012085,1.386560253697804,1.5843878347645457,1.8181379550798367,1.6387667857858703,2.191042770788764
223.47204149477184,249.65147892527,198.78337842115704,0.8309912738226356,20.776031806533297,0.2336954606974259,11,D06_px-1055_py-0118,0.5373255028029881,0.2336954606974259,1.8561696524600513,1.4247391104598082,2.2139492319016796,1.6276071780386456
226.41656775617625,264.47852493779567,202.5046029231243,0.8408383240668048,11.965185121707409,0.2557996402848064,11,D06_px-1055_py-0118,0.5436926830493402,0.2557996402848064,2.215447816357621,2.114152689976722,1.3104818289064035,1.7370074207336719
190.0016986463992,264.572581701422,202.1902087733059,0.808426791857345,22.884887545795777,0.3410159441524117,11,D06_px-1055_py-0118,0.522735131039257,0.3410159441524117,1.3064912695318525,2.1164801098736787,2.830221450765782,1.2533711168472976
165.2013450836218,270.2419378998038,205.1341370888248,0.7872102001644571,25.0133006617848,0.4151232804759178,11,D06_px-1055_py-0118,0.5090163157420702,0.4151232804759178,2.3466344048742442,2.8047852879374933,2.4217956787017667,2.3169141587718123
-149.29725344110224,280.5943486581282,198.64143034284848,0.8050265136897361,29.04211794727337,1.4527939808262635,14,D06_px-1055_py-0118,0.5205364843944181,1.4527939808262635,2.424062512265901,2.4540975751789262,2.4107799334356272,2.1123714757512566
131.19511504884213,290.42960637557843,195.5746696390937,0.8141247512749111,30.75936691133348,0.5395269929115664,12,D06_px-1055_py-0118,0.52641947647758,0.5395269929115664,2.2771470472091195,2.4086968009480545,1.8421576894115326,1.7340674335495063
-2.168811100400052,297.76509853187093,195.2917673458756,0.7809251437834827,40.686757492319714,0.9711002971565044,13,D06_px-1055_py-0118,0.5049523487830464,0.9711002971565044,2.31413955407339,1.3535439260153808,2.4421373787568577,1.3494702993996572
-168.04567562980384,301.12872457434673,202.0045958440676,0.837315004943923,13.90119840895369,1.4728214154450696,14,D06_px-1055_py-0118,0.5414144771537125,1.4728214154450696,1.8290445396885981,1.5647169814597142,1.966001675176868,1.6900455507957186
31.092423505792706,316.7736574537249,199.4445656476577,0.8037251831427878,28.2720454560648,0.865976754089821,13,D06_px-1055_py-0118,0.5196950338130717,0.865976754089821,2.125236440307301,2.2136025052159933,1.119035914782148,2.1480828650315535
-25.48103344679624,320.4940792351452,190.88150539260533,0.8306256880733819,32.610723066054106,1.043155379500277,13,D06_px-1055_py-0118,0.537089112178052,1.043155379500277,2.323092904794918,2.7264300947318243,2.602544416861115,2.090330499842307
0.9739451964072452,335.5892089368761,202.73005385935187,0.8219823789678776,17.84886780678727,0.9609146084900416,13,D06_px-1055_py-0118,0.5315002804330052,0.9609146084900416,2.108797732644126,2.2108734490062067,1.49330809901676,2.793218431686004
-97.49866142043776,340.7075741594359,204.93696707743152,0.8437126054581598,7.325971855507021,1.2425333153081857,14,D06_px-1055_py-0118,0.5455512160357369,1.2425333153081857,1.2199430225791221,2.005946178334124,2.1052982534582876,2.0824425238711317
-23.341886463631365,353.45756665435795,208.31350888284425,0.8353708285703257,5.146561661990006,1.0297597679649488,13,D06_px-1055_py-0118,0.5401573573975985,1.0297597679649488,1.7830097864113812,0.9317872417658428,1.8051771607516272,1.693630457758975
-81.3149447207891,-331.9723314233983,201.3693376511,0.8344500468461885,15.802082767089871,-2.4179911940298764,3,D06_px-1055_py-0118,0.5395619726824041,2.4179911940298764,1.21381932738347,2.6005212181569624,1.9794076937608422,2.2675154677416725
92.15891847077876,-327.9121895186923,194.74045368426584,0.8493763276497661,20.784338293478925,-1.9037960243783492,4,D06_px-1055_py-0118,0.5492134234140911,1.9037960243783492,1.8856980151690377,2.7619571074136293,0.9970112257664501,2.4414332873792546
-48.325974302502935,-326.7604800667422,198.35815058838585,0.8249512106432093,23.3358224789302,-2.3246056942082443,3,D06_px-1055_py-0118,0.533419950377729,2.3246056942082443,1.9736170601341791,1.9651152017795055,1.1556193973499673,2.2131777417544303
-65.27108225350223,-325.7534894444746,195.8793042248996,0.834091422930955,24.09215495556981,-2.375526736133581,3,D06_px-1055_py-0118,0.5393300836341791,2.375526736133581,2.7122924975419815,2.2205101974803734,2.4833567434338963,2.3739850601174606
-2.766813424641529,-307.00819699319226,203.97729775162887,0.7744607544617542,30.280434872632497,-2.186787795603306,3,D06_px-1055_py-0118,0.5007724237320484,2.186787795603306,2.3847913769352047,1.5462152630658754,2.2782973865414453,3.043268710095738
-179.9496711293553,-297.00361350213944,202.0105863059548,0.840777271999344,12.726685738516665,-2.7225104376480225,2,D06_px-1055_py-0118,0.5436532063016547,2.7225104376480225,2.352249139571507,2.341836121117585,2.5791369920788934,2.385722126502694
33.5309272007577,-290.74882729589694,197.69006558252147,0.7661941777788205,41.28577404290667,-2.0629570040042857,4,D06_px-1055_py-0118,0.4954271901386992,2.0629570040042857,1.5480881247595253,1.7853492801082524,2.559789497468164,2.748782699189931
138.33281881916307,-281.26560766130115,202.0499155524632,0.7895575156120539,28.706205262553624,-1.720691439847562,5,D06_px-1055_py-0118,0.5105341083986827,1.720691439847562,2.061853965806023,1.653493072629133,1.712865790341601,2.32833314207061
59.03098864603722,-269.2496462928684,199.85484787757127,0.7308758623048153,47.234644703839535,-1.9619481162165404,4,D06_px-1055_py-0118,0.4725900891750194,1.9619481162165404,1.4980693369284426,2.5072227573181403,1.8295685475115349,2.186733983297181
213.5924808032668,-269.71609779559066,202.4663799646379,0.8350276104327125,13.976298948769852,-1.5079836878835489,5,D06_px-1055_py-0118,0.5399354298465234,1.5079836878835489,2.681396620188167,1.3800442764248944,2.0022367232501956,1.9889897931752043
233.7304752160952,-267.8806954277651,191.01589082939927,0.8800400499028492,15.832538239574944,-1.4603538608679216,6,D06_px-1055_py-0118,0.5690408277400789,1.4603538608679216,2.155728021342595,2.263802761925106,2.2690831302470094,2.5334122894131514
-251.3753003430164,-265.8989113233044,203.7363247384461,0.862482971619226,2.470193438310502,-2.9351041975593306,1,D06_px-1055_py-0118,0.5576882826368041,2.9351041975593306,2.428026195462114,1.9209554042081225,1.1589645386677705,2.7117858945538105
193.32434113351584,-261.91679002533505,202.2641446606989,0.807950739302761,22.92372049214476,-1.54192555785119,5,D06_px-1055_py-0118,0.5224273117079229,1.54192555785119,2.4617447013945135,2.931599149916414,1.6520947951194047,2.3051017949882686
-216.2811538602536,-233.858767917963,204.66410551733173,0.7911948734926316,24.51265064794512,-2.924144629135822,1,D06_px-1055_py-0118,0.5115928369006113,2.924144629135822,1.3024123272806265,1.3225367923202955,2.5768473148168205,3.1888104442372978
-292.50337061197763,-217.0745621290116,204.95772688663823,0.8572790412666209,2.490899096335454,-3.1101290586005907,1,D06_px-1055_py-0118,0.5543233802830134,3.1101290586005907,1.8764942356579546,2.6704285664020535,2.4614511190164023,1.6498031212099042
272.5093249044186,-213.5768254965267,199.5577788828664,0.8453646283152471,14.859776051464737,-1.2717277386323549,6,D06_px-1055_py-0118,0.5466194270269823,1.2717277386323549,2.3172355788612418,2.132876083408637,1.5904127620020327,1.5975525469021532
237.6463292959564,-216.004551185166,199.7718493406712,0.8073571393582659,26.709989527807465,-1.3447080363418284,6,D06_px-1055_py-0118,0.522043485308432,1.3447080363418284,1.948225958551444,1.7038230644003405,1.0081456433019378,2.035023672478072
273.3173745839792,-191.0620263510315,203.6438108911055,0.816587580900832,18.228699681736657,-1.2170664373237536,6,D06_px-1055_py-0118,0.5280119615117231,1.2170664373237536,2.23087375850882,2.4027828672312626,0.7713371233293038,1.5228683942838308
301.4796920594194,-176.03186016222878,198.2653221396337,0.8526919077076511,14.309750097248468,-1.1354714000628894,7,D06_px-1055_py-0118,0.5513573035940734,1.1354714000628894,1.2734089403410351,2.44593049785726,2.2986236309867527,2.9631250353635252
-305.8334866033271,-166.36905573696637,205.2987964481079,0.8340223578768432,10.095207454664717,3.032827135749816,19,D06_px-1055_py-0118,0.5392854256262123,3.032827135749816,2.1940718795327845,2.723849456656521,3.2861318190166497,2.336168658909135
-325.81612069769216,-158.0232719581921,199.9914414306263,0.8664928754249396,6.778312097490073,2.9861949786895337,19,D06_px-1055_py-0118,0.5602811180208451,2.9861949786895337,2.4579590974242858,2.6209926861966926,2.308141755600186,1.0313944005107492
-315.79760777129786,-148.6430233395231,205.079994736275,0.8358019199189965,9.820460204744336,2.9745396569185147,19,D06_px-1055_py-0118,0.5404361044590604,2.9745396569185147,2.3859442046976795,2.2514409408736675,2.2853483056065005,1.3336730024585988
-283.2877231505014,-144.67554926673645,203.93645150218103,0.7922736546187915,25.230611577546256,3.00678546891886,19,D06_px-1055_py-0118,0.5122903852736065,3.00678546891886,2.4084551205786178,1.7024448149360458,2.509978155223722,1.951496513299933
321.087795918078,-143.54944855696974,193.93691808800472,0.8672830811447528,15.84997568081502,-1.0273960864636869,7,D06_px-1055_py-0118,0.5607920712631858,1.0273960864636869,1.4439142915762342,2.024797236033989,1.9114761388967683,1.268428319966961
-248.01023867137005,-132.71447320955215,190.920200618786,0.7637729032768084,51.29628382399966,3.0259580192723905,19,D06_px-1055_py-0118,0.4938615749749768,3.0259580192723905,1.414964700841332,1.8325279261890521,1.7685563923522005,2.5431938064268977
-322.19624206177747,-127.92354065841516,204.256363963454,0.8344158157222269,11.514744960541464,2.912561807600708,19,D06_px-1055_py-0118,0.5395398385680354,2.912561807600708,2.055339777005834,2.6116686873746096,2.288535849307131,3.079292354100841
-246.06379429263885,-108.67876247719612,206.8749509895425,0.7016901716613607,44.77732373791906,2.9505174691105016,19,D06_px-1055_py-0118,0.4537183917292604,2.9505174691105016,1.4368993251618727,1.5770956475071496,2.221661652445323,3.0121153276334076
-322.8990867529432,-105.13754013929568,206.20956115351032,0.8193956095387869,13.577471578209668,2.84939207768774,19,D06_px-1055_py-0118,0.5298276549459436,2.84939207768774,2.9784879627743246,2.09868978730481,2.6064396233637024,1.147064285713353
300.2208100828819,-98.60660065280818,204.5632149586881,0.7874387733346201,25.755664703377818,-0.9243258872280964,7,D06_px-1055_py-0118,0.5091641129542119,0.9243258872280964,2.25523654171327,1.902599530608733,2.3888486059174037,2.418250137779312
331.80407647854963,-94.80089262168052,204.875825284026,0.8306329675885856,11.85795917789966,-0.8852784327057057,7,D06_px-1055_py-0118,0.5370938191699185,0.8852784327057057,0.6378763527594831,1.3356597295715829,1.5449523601061315,1.4014968469132096
-318.75067932301755,-87.29089299458914,204.9940953769127,0.8087913283647908,18.71166582539621,2.8019128479690427,18,D06_px-1055_py-0118,0.5229708432161759,2.8019128479690427,1.831884339024303,1.6930907042564483,1.7381096804659921,2.091215211878965
339.92528425982056,-84.04938033762645,202.87660823377,0.8427794532653705,10.745347884906494,-0.8493762013402748,7,D06_px-1055_py-0118,0.5449478324780783,0.8493762013402748,2.433102940055791,1.0957996436864557,1.3489847151115801,2.3675292107576196
326.31278649328925,-74.29268886537216,205.4796756917687,0.8138800095703191,16.408765022902344,-0.8308369397494035,7,D06_px-1055_py-0118,0.526261224563728,0.8308369397494035,1.7175025849509893,2.0718198351320973,1.8450440080338966,2.7990453792480414
248.0421205050891,-46.282189348067256,198.7664914214665,0.6898827922817374,57.94756060527192,-0.7914482820740931,8,D06_px-1055_py-0118,0.44608364722375327,0.7914482820740931,2.8633324250398244,3.0110440727610666,2.385570725217362,2.5166251508305164
-301.0814998297536,-48.383375727670106,204.9393992423296,0.7687171932536684,30.53187028435832,2.6939494725639777,18,D06_px-1055_py-0118,0.4970585918168012,2.6939494725639777,1.439212433158699,2.0033908587214295,2.1604961603655193,1.9306334479410747
-349.3534391239072,-43.6356204364214,198.87385663944684,0.8553541793680632,12.45997584371196,2.6588735314449496,18,D06_px-1055_py-0118,0.5530787494185869,2.6588735314449496,2.6208985275837957,1.8119082847929666,2.2889707664207757,1.3817657594654067
347.122542681686,-14.52886998433664,203.55037589703028,0.8372333577700628,11.619745114811224,-0.6488102773201535,8,D06_px-1055_py-0118,0.5413616834480157,0.6488102773201535,1.435349689669596,1.3988653096360246,2.1790355099621443,2.2838359435039255
-324.2020720783996,-13.74109019937359,201.4535523195352,0.8083514219353067,23.974539641155783,2.57697210686996,18,D06_px-1055_py-0118,0.5226863962540297,2.57697210686996,1.8417894967828197,1.851032820627942,1.8930886453735623,2.3584039444881806
365.2819461937121,-6.425006457237451,200.9851582795497,0.8684191296481808,4.537749694117736,-0.6245668888328855,8,D06_px-1055_py-0118,0.5615266491733785,0.6245668888328855,1.9494501013925074,1.2583741977363556,1.9798259958913054,2.1615725514452353
-298.95960656243585,19.090227326218628,205.1302703889967,0.7593673954406018,32.811571868847864,2.4708441602936766,17,D06_px-1055_py-0118,0.4910129389089169,2.4708441602936766,2.189734931770756,2.318611674297879,1.8188752585430712,1.9746517560655712
-301.5312086989384,29.717595704413235,196.4703479165861,0.7866042910838412,37.45712795552288,2.436374750457022,17,D06_px-1055_py-0118,0.508624530158213,2.436374750457022,1.4614687005589273,1.8636687999076718,2.8780082475842317,1.5777396300903397
254.7725060034588,77.24740448390199,206.07678203537017,0.6984956158340955,46.54756683945129,-0.3125881809779267,9,D06_px-1055_py-0118,0.45165276677002175,0.3125881809779267,1.305551247536909,3.0381399983035524,1.796524067040949,2.3142141330026536
349.78161139029226,77.8522583588755,196.8181967724704,0.8692134532181094,10.701524768374496,-0.3879754800688458,9,D06_px-1055_py-0118,0.5620402650500372,0.3879754800688458,1.7335817156671274,1.9677023549495969,1.6171681886981848,2.187424022120032
305.4651687900732,84.24581255051031,205.7402187529711,0.7859446795100016,24.524136812890788,-0.3378742251553162,9,D06_px-1055_py-0118,0.5081980201192595,0.3378742251553162,2.283234240902134,2.7974942826238838,1.541211784881663,2.6115024668171243
241.79509951042505,88.85850208797119,206.6188176379461,0.6810497983946202,49.69514821040207,-0.254804723190316,9,D06_px-1055_py-0118,0.4403721638048985,0.254804723190316,1.2994777333825418,2.734612991541574,1.7374355346983625,2.0373721055355523
-276.41058972052514,135.75545273447102,201.0391699485513,0.7832233172824282,31.94789260898466,2.0780810629064246,16,D06_px-1055_py-0118,0.5064383658686037,2.0780810629064246,2.2420291100785983,1.6673191806935415,1.4939697372636722,2.2224877801716794
282.213398468292,150.12761134768976,195.95200028173053,0.8146845003213117,30.04035672126224,-0.1180882303905665,10,D06_px-1055_py-0118,0.5267814146197426,0.1180882303905665,1.7634246877361912,2.661248868610368,1.6928407132363261,2.0495025387562267
242.2539455554833,173.16094964802633,205.83678922924508,0.7546582878419577,33.097305403912,0.0136044816417488,10,D06_px-1055_py-0118,0.4879679928452174,0.0136044816417488,2.741155641368185,2.913006402922102,2.17161953977699,3.2377507766647167
-214.0677659239181,187.1908567893568,202.9888929549664,0.7386348072921526,41.10767552309494,1.8160965674941405,15,D06_px-1055_py-0118,0.4776070841157287,1.8160965674941405,1.5250582205152776,1.0870386460064492,1.9343487849211778,2.3785335919098616
-255.219068534268,198.5815961063828,205.30808838916704,0.7971561591908873,21.81938843968038,1.8733798587704424,16,D06_px-1055_py-0118,0.515447451186069,1.8733798587704424,2.6928470806054925,1.386826687273767,2.772411776956122,2.0486000774815283
145.12445998229,210.0205891988556,199.00784788652592,0.6950185071514264,56.5332071579345,0.3591559220789769,11,D06_px-1055_py-0118,0.44940444090900367,0.3591559220789769,0.5615792111886109,1.8732771650473898,1.6833112081803085,1.5895444154741143
-147.4423550452448,222.1848262465228,192.9639457741592,0.7318372029459298,56.26560858581644,1.5496948915112485,15,D06_px-1055_py-0118,0.47321169960538606,1.5496948915112485,2.1490337669869586,2.0055662990456957,1.337150064697895,2.517807130956506
-146.09547747151626,227.03808230854943,202.63853588603484,0.7137189042677748,47.57957455109164,1.535598024971364,15,D06_px-1055_py-0118,0.46149626497465823,1.535598024971364,1.431729578826245,1.6557521056588953,1.8327489792238925,2.3472389148224
209.28109071609688,222.3295839981693,192.2554424609974,0.801295146097271,39.326290414643154,0.2086415173118155,11,D06_px-1055_py-0118,0.5181237527197026,0.2086415173118155,2.154849149768696,1.6455064597256637,2.347010315486817,1.526910251083697
272.4464929496568,230.46035624662,202.18870524782776,0.8538433672852109,7.94106466690954,0.0951248883513864,10,D06_px-1055_py-0118,0.5521018464261823,0.0951248883513864,2.3944169748978386,2.006691876988437,1.8276952417805483,2.97989069106543
-208.19478111514,248.211175110652,202.49197214575668,0.8049705963772712,23.503508553618133,1.661761399517982,15,D06_px-1055_py-0118,0.520500327819756,1.661761399517982,2.9355581278882714,1.6753335061509966,2.4430221125785296,2.0199456434230023
-194.69298694500776,256.8759473561919,201.448263490947,0.805008832758791,24.997736659604072,1.6123713435382974,15,D06_px-1055_py-0118,0.5205250517652085,1.6123713435382974,3.1649961190425104,1.4602881962415921,2.0851513612951313,1.1198456901387086
-113.11069330620818,260.8677029749039,197.8848019711688,0.7512660274393625,44.87493915606899,1.3729441330866732,14,D06_px-1055_py-0118,0.485774530550387,1.3729441330866732,2.231448646482704,1.4254158337301606,1.9742590073753332,1.9635852370728055
134.02420651403696,275.743231756162,202.6015444740004,0.7771405250828738,31.459017837626675,0.5113936583254551,12,D06_px-1055_py-0118,0.5025051845223827,0.5113936583254551,1.466151083295097,1.655843710420407,1.5904110907292834,1.5592650631701472
22.46090645908531,283.76843105621185,199.5611779744401,0.7476229140619788,43.50528061722776,0.8848292364116842,13,D06_px-1055_py-0118,0.48341886474626106,0.8848292364116842,2.104135522708776,2.179943848712954,1.3591679021361298,2.442053953254905
58.864470780157575,286.5628593563812,198.4696984065157,0.7640063739724618,40.78180653159865,0.7612194284450869,12,D06_px-1055_py-0118,0.49401253896567515,0.7612194284450869,2.1408973179658273,1.5218451251080576,1.9797109750967234,1.6547789273313218
-75.41337836683563,292.18339269111766,195.3050196289824,0.7875392734813786,38.84759669681836,1.2164070492220271,14,D06_px-1055_py-0118,0.5092290971406769,1.2164070492220271,1.8603923387046248,1.0764544562087162,1.8619649849156374,2.0879139583838286
-187.8404409280732,296.3891116722659,204.87980902039925,0.8389424022519303,9.052324278383026,1.5286927624022306,15,D06_px-1055_py-0118,0.5424667650709644,1.5286927624022306,2.117451178028899,1.9609474845499157,1.4375466163538069,2.037255179520683
149.71890202798764,318.9825950615921,200.74816954791788,0.851133846218104,11.078932929797986,0.5249770772743575,12,D06_px-1055_py-0118,0.5503498487631487,0.5249770772743575,1.8975827007029595,2.4132820786676685,2.611660183293683,2.81613732923061
-104.51503102261997,328.1173155218588,202.25118128879848,0.8360098363491976,13.969505017109498,1.2721852256704105,14,D06_px-1055_py-0118,0.5405705448604438,1.2721852256704105,1.8167714957425694,2.157508524822793,1.2051007004643757,1.7425465294022444
-65.38896553617528,332.70790559695814,188.5053764244857,0.8632343510455476,25.628002350452164,1.1578790436918136,14,D06_px-1055_py-0118,0.5581741304919648,1.1578790436918136,1.2313506882564775,1.6925481321858675,2.077956655605788,1.5373127452197446
84.93451186546517,338.97067871598193,201.7939681731825,0.8444251199143907,11.811057517703489,0.7183055391783776,12,D06_px-1055_py-0118,0.5460119334951242,0.7183055391783776,1.7980898462391057,2.487475913183947,1.8331422888214077,1.9781281881146076
20.560233535419368,348.46544647244485,201.8516826777122,0.8437455768411738,11.956380683512007,0.9048829037016742,13,D06_px-1055_py-0118,0.5455725355916866,0.9048829037016742,1.1544843931455315,1.6660516502871459,1.7558876371268024,1.8558949623016137
-90.33993743812918,-344.58424490765464,198.20027971288343,0.86284403271387,10.851444698899796,-2.434176213729156,3,D06_px-1055_py-0118,0.5579217475844319,2.434176213729156,1.8991507178870641,1.8229472811987617,1.6811230338420349,1.3115885839275963
-100.27024549036774,-315.1837928209729,196.8997105386183,0.8292829855052163,24.11539967990234,-2.4857839628773317,2,D06_px-1055_py-0118,0.5362209101219273,2.4857839628773317,2.7542606360198683,1.3114592204487332,2.00188142905745,1.3925028896100806
-115.46263134724217,-311.2652513366763,201.4281176715764,0.8198163412267085,20.448607343357423,-2.5329876974643204,2,D06_px-1055_py-0118,0.5300997033691692,2.5329876974643204,2.3931351746208103,2.541677817893141,3.357998906021643,1.1108702919611737
123.19585772920408,-300.67153359314386,192.2427187399813,0.8323655720305508,30.04791206740174,-1.7889049235678685,5,D06_px-1055_py-0118,0.538214134848632,1.7889049235678685,2.931438716937901,1.7695147231985267,1.6368194430459821,1.8957454722782927
-8.291441062787131,-293.9778368484359,205.48611049621343,0.7492998658333211,34.988777675876634,-2.205972690178498,3,D06_px-1055_py-0118,0.48450319496981187,2.205972690178498,2.675212261926894,0.9122486464001582,2.411005737895132,0.752711768469372
-92.46604678980938,-278.006010769636,199.1606665308261,0.7630105206177773,40.08766059926177,-2.498870308590673,2,D06_px-1055_py-0118,0.4933686123428811,2.498870308590673,2.442407497248408,1.1476057834552305,2.072442305176331,1.5076440204704902
34.44747783391213,-274.0852311017347,203.20127882769697,0.7237030164189453,44.47704616201088,-2.052749779862794,4,D06_px-1055_py-0118,0.4679520705296202,2.052749779862794,1.6990731124199638,1.4765910134522633,2.371190331568503,1.0237831535634774
117.59322072974824,-266.6577930766693,202.64248125619628,0.7517196181648921,38.24738616096607,-1.7624404893787444,5,D06_px-1055_py-0118,0.48606782588613795,1.7624404893787444,1.3940866985039908,1.607842338119963,2.2579950324183335,1.0130084132998993
-171.62121338025187,-251.5223423107046,183.6328229262483,0.8228302416837608,45.65484279408088,-2.776543990641926,2,D06_px-1055_py-0118,0.5320485151431295,2.776543990641926,2.076532344555095,1.7930434507333692,3.1328467636662247,2.471898114511151
160.20309756028706,-242.82391749288337,200.74510664546324,0.7555130813935435,39.86475014871087,-1.5945769632347884,5,D06_px-1055_py-0118,0.4885207090882963,1.5945769632347884,2.553016156305163,2.492565827277092,2.521094047007172,3.227277226064806
-226.7479504639332,-219.48799777555183,201.9312414897873,0.793246048481842,27.802199967099625,-2.979441900648962,1,D06_px-1055_py-0118,0.5129191428043356,2.979441900648962,1.9499747108568362,2.7794229585311836,1.7453284818472978,3.2916356082162013
175.62365141281353,-216.757619087505,202.49825425586528,0.7303154630920126,43.82101454923645,-1.4968278147466192,5,D06_px-1055_py-0118,0.4722277306301403,1.4968278147466192,2.1665639893186444,2.540784495807003,2.2637631642516287,2.053117930476535
286.83705171748494,-218.4762823574345,202.57426024580127,0.8580332308978462,5.862597325578747,-1.2579101382510371,6,D06_px-1055_py-0118,0.5548110452387991,1.2579101382510371,1.6187170452177864,2.142123897131271,2.306355510163784,1.898648049271983
188.5470378896804,-214.226282709825,202.20452322780983,0.7423345226071609,41.24219787601976,-1.456047591282063,6,D06_px-1055_py-0118,0.47999934917853737,1.456047591282063,1.1358027862417976,2.6845552731265983,1.6189315250631962,2.0735766755589777
-286.0483421138058,-204.7297940415696,203.6008486991869,0.8432765961389059,9.486109467487154,-3.127375290704953,1,D06_px-1055_py-0118,0.5452692889757604,3.127375290704953,1.7911494843745963,2.249869091457712,2.3087921155515936,2.514600956849467
-273.9397957753544,-199.3100683825675,201.9081678337999,0.8287118788094291,16.886156055185722,-3.1195822312166297,1,D06_px-1055_py-0118,0.5358516280342149,3.1195822312166297,1.671797735540367,1.3027689370531341,1.4356134908472717,1.8402382435824545
208.9277136687135,-198.4924034789564,198.7850945503972,0.7557116056027868,42.50628900249001,-1.3667701499024305,6,D06_px-1055_py-0118,0.4886490764056324,1.3667701499024305,2.000988267382324,2.1604973452472147,1.9098092145502537,2.724106006992165
233.45888448698256,-188.1985853243952,195.2687680116176,0.784492056953661,39.742032726968375,-1.2854480910604542,6,D06_px-1055_py-0118,0.5072587429330164,1.2854480910604542,2.232113926061002,1.5721122286759244,2.038938732063678,2.3513429236716563
-240.2778504413533,-185.81378456085417,202.482074807864,0.7727744178765892,32.83842912562278,-3.0903070470710325,1,D06_px-1055_py-0118,0.4996820252139621,3.0903070470710325,1.4688789954649941,2.2929224573547695,2.3735142346034213,1.5012636607178786
-218.8692659613029,-186.4866966430088,202.4669248905031,0.7454474218825473,40.09789235570355,-3.042891474153292,1,D06_px-1055_py-0118,0.4820121743681784,3.042891474153292,1.0408294454633302,2.1882036874218747,1.9027393784722348,2.063126636094534
288.10905872172043,-188.6957768980189,200.58115456344711,0.8401924222539365,15.066510589546226,-1.1868236356086506,6,D06_px-1055_py-0118,0.5432750378498132,1.1868236356086506,2.256454529793178,1.3360021058376672,1.4789384281264149,2.7853361831671473
-240.8845602549084,-148.89335513908546,204.4184709403911,0.7330707507839994,40.56366339735399,3.088243080589129,19,D06_px-1055_py-0118,0.47400932135329354,3.088243080589129,2.1002504486347684,2.1281520975271597,1.2806637319051581,1.9840613342982167
-282.2392672808906,-124.19205181489238,196.3068671689266,0.7957919148232223,35.09297789780885,2.949140104793268,19,D06_px-1055_py-0118,0.514565320032718,2.949140104793268,1.7834641025600857,2.119546470205654,1.6689654835482617,1.5079154010075573
-309.05670202305083,-121.96620230600904,199.97299820088,0.8238254286768681,21.314592168558363,2.910490469308681,19,D06_px-1055_py-0118,0.5326920108912792,2.910490469308681,1.5017073245184172,2.037945204565454,2.5863780017621467,1.6059453439077909
-304.28000050257515,-107.28609874456085,205.6066691383656,0.7952922843129542,21.951998757500405,2.8735934639490583,19,D06_px-1055_py-0118,0.5142422550095312,2.8735934639490583,1.9845350380414288,1.1854212393429462,1.3315170788534876,1.5854971005710738
278.7266587398444,-88.08330300607675,198.5220592036001,0.7634771538660363,40.84858790977359,-0.913068351786777,7,D06_px-1055_py-0118,0.49367034107655594,0.913068351786777,1.6474808327775188,2.3243262301801826,2.2893839150813897,1.3741431608209136
320.06787567874846,-85.06568466943183,196.27395618823616,0.831515172067629,24.33116497119232,-0.8667482341202026,7,D06_px-1055_py-0118,0.5376642595345885,0.8667482341202026,1.8075460724343593,2.467048071643093,1.909433298587655,2.5074851463361316
-333.02345627820483,-57.30949696978769,204.27514879157457,0.8216435565948547,15.688577458657278,2.70503238419506,18,D06_px-1055_py-0118,0.5312811952179368,2.70503238419506,2.422663118765963,2.222064277883046,1.5849706559214103,1.3831580598253606
-280.1244899228124,-26.563442499047177,201.2402769894208,0.7376845472477581,43.70780720801554,2.6291576864863084,18,D06_px-1055_py-0118,0.47699263848647555,2.6291576864863084,2.543522285395101,2.341881837198672,1.5288487669072013,1.8092563742906609
331.8516344095245,0.7635786232254723,204.1803598377411,0.8128363795496815,18.62891944007185,-0.6046785720178364,8,D06_px-1055_py-0118,0.5255864051724246,0.6046785720178364,1.960077135864946,1.306365471948599,2.172707819388032,2.1572668339967382
307.4672017822419,3.8474928842555736,205.43248245817188,0.7716730698714409,29.02523516041072,-0.5944666782440123,8,D06_px-1055_py-0118,0.4989698849192691,0.5944666782440123,1.7976970134039487,2.1088058889074652,1.4275305742403754,1.0924747968129038
-330.2219974312715,10.623457798776162,204.62268393155773,0.8095546217749425,19.012299866822783,2.5024535586861307,18,D06_px-1055_py-0118,0.5234643947471195,2.5024535586861307,1.8831719753463558,0.8056916344445331,2.4896697728580186,2.1654893945420097
343.6367346255562,32.636726484315574,201.64309930558483,0.8386933260409146,13.979523714269476,-0.5122890594661752,8,D06_px-1055_py-0118,0.5423057104311189,0.5122890594661752,1.6204860131739094,2.3566237396448946,2.5611041201822315,2.6831900190578137
-277.0667107176316,55.853491242868266,185.6374452229976,0.7801966663263497,54.46786396491223,2.335690526401545,17,D06_px-1055_py-0118,0.5044813095215461,2.335690526401545,1.4189336182538128,2.7279614191032895,2.861233836923126,1.0364824546272393
266.1923878049874,47.87974982342724,202.66862873997428,0.7145288422613515,47.35149223990601,-0.4290135172481015,9,D06_px-1055_py-0118,0.4620199772606319,0.4290135172481015,2.2805990696865597,2.236407096898052,1.8385518254066158,2.353310486526468
303.7118803496353,54.21514625675583,206.21763102895483,0.7714242619985164,27.999419944624663,-0.4303316793019348,9,D06_px-1055_py-0118,0.4988090037889469,0.4303316793019348,3.558209972797669,2.197185930573097,2.454675330792878,2.5493251389457665
-287.93810682086024,54.65152217834193,204.1801534805876,0.7507537436820639,36.3944801669378,2.347041299124284,17,D06_px-1055_py-0118,0.48544328383800933,2.347041299124284,2.691742605419006,2.202753691469396,1.5666729737774074,2.3362604499213044
291.22235620657176,56.07383006736366,207.3287960623192,0.7490302523128685,32.543014847117945,-0.4167610139027276,9,D06_px-1055_py-0118,0.4843288607439261,0.4167610139027276,1.7268788312188967,2.7262198956343404,2.6901737627911473,2.3352441336048817
305.57458290235445,66.95170563522416,205.36611049621345,0.780428734423998,26.64493630796881,-0.3912868576455109,9,D06_px-1055_py-0118,0.504631366581327,0.3912868576455109,2.101040569290711,1.7836634363529922,2.3714786340265173,1.1731924095504533
-325.1308186695477,114.50382156301492,203.1424902088501,0.834318366856475,13.205767810886243,2.1959995831258023,17,D06_px-1055_py-0118,0.5394768273639023,2.1959995831258023,1.7528286410419367,2.4038049013779847,1.97145425040866,2.2763622835470096
224.00890017497744,135.55274699096483,202.6393598758332,0.6985785841620236,51.017736267995815,-0.0628022552335163,10,D06_px-1055_py-0118,0.45170641474434475,0.0628022552335163,1.7912661744059266,2.0113183202235216,1.0895948647515423,2.6732913987263958
-293.83411847223505,142.7421284003567,202.7521520121576,0.8084827974262739,22.05400983136758,2.0823967551952403,16,D06_px-1055_py-0118,0.5227713446812439,2.0823967551952403,1.5184764324299067,1.3943942545507297,3.021091463524723,1.0122026680666574
-239.2005520148149,161.75710873814086,199.09975637874464,0.7559185388539781,42.02057095670671,1.9400117114476012,16,D06_px-1055_py-0118,0.48878288107572415,1.9400117114476012,2.0188030562686174,1.5510649286579503,2.401013610713446,1.2236180365258387
-296.86675629065684,190.6108857576689,199.1212828853152,0.8557560040926054,11.942323638499374,1.963828879142806,16,D06_px-1055_py-0118,0.5533385724503741,1.963828879142806,0.9238128531463137,2.466858350521057,2.702599788780389,2.4707385522676373
291.9813690508613,193.46009743839423,192.857631596198,0.8679859651250146,17.271075591522845,-0.0218136829330364,10,D06_px-1055_py-0118,0.5612465615809589,0.0218136829330364,2.2538648457805395,2.996827378215338,1.8822627759708062,2.532203206825867
225.35813308441507,216.2030128817497,192.32667924332867,0.8123748222929026,36.00843116556547,0.1576880741778283,10,D06_px-1055_py-0118,0.5252879586148209,0.1576880741778283,1.9139957316515384,2.487718664884066,1.355457341261639,2.5713663151247874
224.7829802510112,232.1430277784773,202.8092366618468,0.8029090126965176,23.67112408641537,0.1945249834731205,11,D06_px-1055_py-0118,0.5191672915740976,0.1945249834731205,2.236407371910482,1.3970636555226699,1.097849108936785,3.114920486733614
178.96134593285532,239.04202916022703,193.7501109547389,0.7862921769382308,41.3945628016009,0.3211734615852897,11,D06_px-1055_py-0118,0.5084227146933519,0.3211734615852897,2.6606127367579155,1.417279947037322,2.4911718143151274,2.9190335247243158
-128.57370344886073,243.80593834053133,200.99402075077984,0.7280272151990966,46.391235983597085,1.4491127267448247,14,D06_px-1055_py-0118,0.470748131519619,1.4491127267448247,1.6714661359315208,1.1399164575573941,1.2630483993946546,1.7580239106121565
-239.4324811327097,245.2467030962713,202.6516635870545,0.8326845544217422,14.478815383964218,1.7372195121351326,15,D06_px-1055_py-0118,0.5384203913751822,1.7372195121351326,2.403941430237362,2.5551936905780916,2.142263163325416,1.8089154580154831
-225.33061137943983,252.58749268473792,202.2738827479713,0.8273906917913485,16.775396233643164,1.6922441390798704,15,D06_px-1055_py-0118,0.5349973381022385,1.6922441390798704,1.0812123854245357,2.864964668472246,2.2054002019941628,1.9877987090982043
135.97224634532887,260.9633307658546,202.96184424047897,0.7557508959418828,36.75696458655523,0.4834794754491623,11,D06_px-1055_py-0118,0.48867448184835494,0.4834794754491623,1.9015572805149388,1.5726619028124733,1.9912759347326268,1.422847311579185
-75.10460495533624,262.30834850501003,201.0619261785546,0.7228227967844044,47.54038334583737,1.2426780506878834,14,D06_px-1055_py-0118,0.4673829135810387,1.2426780506878834,2.730557988810199,1.7528406937361627,1.62909248699395,1.1952029385903993
-20.52852242171219,268.09591529141403,193.2048118130822,0.735349006219391,55.11843169113945,1.0402392275199643,13,D06_px-1055_py-0118,0.4754824592620759,1.0402392275199643,1.6675553354679031,1.9794167218218055,1.6772933232321479,1.4611073167147342
103.33037206067064,270.0889462583915,203.76843538976,0.745083405344329,38.41974880839388,0.5984180921089274,12,D06_px-1055_py-0118,0.4817767984074574,0.5984180921089274,2.5140932650594188,1.8632162470386597,2.8705001305842046,1.817499153414764
35.67699530994061,277.45798228796167,200.4959947777949,0.7366216119353108,44.974883356380246,0.835933310628577,13,D06_px-1055_py-0118,0.47630533614143344,0.835933310628577,2.429980521826096,1.221237000877365,2.764203078912529,2.463382627737769
38.827970608614784,298.36005555334987,204.40662945326093,0.7633072679524259,32.74912771886278,0.8344061206990415,13,D06_px-1055_py-0118,0.4935604915067404,0.8344061206990415,1.56553484609071,2.106059913182133,2.0427786228193643,2.558338406783963
-113.59874527102,311.6685792433932,204.4079235427617,0.8120895060050333,18.532235501143248,1.3133377517861256,14,D06_px-1055_py-0118,0.5251034708558436,1.3133377517861256,1.358400405063023,1.8485248213111645,2.2463283498872406,2.6347392260481737
51.57436203980463,311.38258542789447,186.0068904905704,0.834313751481407,38.718623147960045,0.7996767340980145,12,D06_px-1055_py-0118,0.5394738430260312,0.7996767340980145,2.0292686339190498,2.180887631669151,1.4097411282435681,2.464733232978641
25.73572283972628,337.3466428384971,201.8693725589092,0.8281503873622712,17.126315693316542,0.8876756207326056,13,D06_px-1055_py-0118,0.535488563241999,0.8876756207326056,2.056540937504646,3.0587147493187117,1.6517890324704954,1.805680068366042
-52.10870306809729,348.54836634324505,206.65953771998568,0.8367942976872021,7.126133888271738,1.1122197361880422,13,D06_px-1055_py-0118,0.5410777837402624,1.1122197361880422,2.5195946279697026,2.278769858377993,1.8823243986550937,1.385592178128276
44.7737344860649,-339.03981020187985,196.4367892292451,0.8470606281280463,18.996085720686665,-2.0464752285211043,4,D06_px-1055_py-0118,0.5477160738641675,2.0464752285211043,1.3239051410361888,2.1077069539631745,2.008491001549127,2.5943253163902718
-127.69724958845428,-334.32368039418753,197.9696956294855,0.8657026935655321,10.184661208350631,-2.5426317695388114,2,D06_px-1055_py-0118,0.5597701802068308,2.5426317695388114,1.7868353859054023,1.979876651000095,2.9411005290791348,1.9874815920652193
74.40735023932137,-334.83473770249424,201.52332154676787,0.8358373349336617,15.112538061165765,-1.9591079636425583,4,D06_px-1055_py-0118,0.5404590040864827,1.9591079636425583,1.2839190198127508,1.8824159473943045,1.7844429670762434,1.9328504144996552
2.2882485554944547,-328.47435447470446,201.5043734674059,0.8143265250132455,22.0590944839426,-2.1708096784391797,3,D06_px-1055_py-0118,0.5265499449660207,2.1708096784391797,2.3343501800992743,1.6183900679104137,1.7505322305924675,1.3347208925572804
-34.25054602025048,-321.59306574478654,188.8104109563552,0.8389953027445342,33.08266930319331,-2.283878646501899,3,D06_px-1055_py-0118,0.542500970946143,2.283878646501899,1.7860008114201098,2.16524511238283,1.689041474268797,2.5378155635769444
42.954162046389335,-321.40147283852286,200.04196780966925,0.8115026967935446,25.05807637392297,-2.0449167032677464,4,D06_px-1055_py-0118,0.5247240353978007,2.0449167032677464,1.5935425271617816,1.4476891743490543,1.798383825113765,1.5905845757649804
-143.55554112848205,-320.6373920211121,200.2938792665079,0.8507570168043869,11.898729592685411,-2.5987315152008583,2,D06_px-1055_py-0118,0.550106187896212,2.5987315152008583,3.2679499857572716,1.8360245840282494,1.6077405819837534,2.5384295719850094
104.4813949500229,-315.8755637776288,194.06969323550712,0.839423233888703,25.07350516278177,-1.8583362593810864,4,D06_px-1055_py-0118,0.5427776745944831,1.8583362593810864,2.633751727139775,1.8180051190559996,2.450923460698555,1.7989299128100424
73.57117954101,-309.2566417037114,201.1928331852891,0.7987218104693989,27.2462640330117,-1.944220435275358,4,D06_px-1055_py-0118,0.5164598136343178,1.944220435275358,1.3247576189147128,1.8140281849594104,1.385953198053151,1.9285329943586726
185.45727486670063,-305.29549683187435,203.27498014846617,0.8516951671408538,7.047700050786943,-1.6318831971649788,5,D06_px-1055_py-0118,0.5507128032929394,1.6318831971649788,1.922210173228549,1.7569079673235926,1.9671777835520126,0.9667596196734454
-63.954297858071484,-304.0125155253212,201.7670898930483,0.7858099210382481,30.18457038360191,-2.385119831347274,3,D06_px-1055_py-0118,0.5081108842300235,2.385119831347274,2.1606577506176823,2.3566793882322203,2.1964781034331806,2.4046190613718705
-87.26349931769766,-297.63104738246415,196.6001484098557,0.797963374045834,34.048856093797326,-2.462976552740025,3,D06_px-1055_py-0118,0.5159694026691563,2.462976552740025,2.269150969058366,2.8079094419158235,2.2913151444774025,2.228232703029618
137.47601178409923,-297.48744285726,202.4228817187349,0.8108913776767089,21.788719895459906,-1.7448856868828533,5,D06_px-1055_py-0118,0.5243287516419126,1.7448856868828533,1.9835404680931044,2.4118664367142055,2.7751677071022756,1.277884628833604
-198.0502100929781,-295.88618512616813,198.9185578543208,0.8608088265256181,10.47183571904776,-2.7676310352457976,2,D06_px-1055_py-0118,0.5566057672331827,2.7676310352457976,2.445264601641304,1.9520822718843096,1.3039031136048078,3.3538507225151877
60.86105580647671,-294.52428324851826,202.0611121504184,0.7688589414741502,34.49760091480266,-1.9740020953584367,4,D06_px-1055_py-0118,0.4971502473326184,1.9740020953584367,1.8881261951209143,1.6117633837469518,2.336191437821652,1.9541913120836933
-122.71903997398836,-290.2779304444691,201.6244617337317,0.7933316193362451,28.214511611550336,-2.5777510149883565,2,D06_px-1055_py-0118,0.5129744735927757,2.5777510149883565,2.092085097349783,1.3480075894142969,2.1685828132153864,1.936800903409996
187.7897387595692,-276.39726034433,203.3017464942024,0.818441391957697,18.14072585411708,-1.5809961333139266,5,D06_px-1055_py-0118,0.5292106503422924,1.5809961333139266,1.2175514791253277,1.7816391716721145,2.643019612266884,2.1255835399331042
-152.74658995942826,-267.10632034817525,202.15391995128385,0.7800495190771957,31.27200349654549,-2.6972448004707874,2,D06_px-1055_py-0118,0.504386162951265,2.6972448004707874,1.4576935401928284,2.088669931908732,2.057548518537203,1.7421110320256472
147.5198047300115,-263.2949814770962,201.24923683651824,0.7726268141077676,34.60077191041029,-1.667071827570978,5,D06_px-1055_py-0118,0.4995865834544682,1.667071827570978,1.9563494428343393,2.270665642133739,1.3959960327590917,2.010905898680429
-236.51169114280864,-258.7428524913439,201.3464046138605,0.8470885439287877,11.57225471908282,-2.91831578095713,1,D06_px-1055_py-0118,0.5477341244408006,2.91831578095713,1.4625195362928478,1.9460432874576747,1.6925449918455515,1.9094586061114445
-254.14156258068155,-228.105274134834,192.578932300182,0.8561849048637414,21.77559596274898,-3.0171112034464,1,D06_px-1055_py-0118,0.5536159030671484,3.0171112034464,2.54220239425145,2.0521377958218325,2.4127436314155024,2.000161209153755
-271.8998338900035,-226.8066050736748,200.07678922924512,0.8551860498361232,10.685095823661412,-3.0533491889831765,1,D06_px-1055_py-0118,0.5529700355389933,3.0533491889831765,2.7992360201308886,2.0851572407903225,1.9503163898650635,1.7520349314856072
-186.9844648146344,-224.99669054376017,199.4513968438528,0.7615517562867973,40.06950616506498,-2.871167616969416,1,D06_px-1055_py-0118,0.4924253638367816,2.871167616969416,2.4167973056538488,1.2146033409326051,1.79497692877497,1.4703309494730132
-257.7607278974892,-214.72013782264955,202.56223241151,0.822227615471203,18.016840920004768,-3.0540181772160384,1,D06_px-1055_py-0118,0.5316588522876156,3.0540181772160384,2.5884616528319833,1.301532335268044,2.5746712658528628,1.9882309958679123
-196.95827954480944,-208.2532789486168,193.4433251813606,0.7666308480432934,47.06659773184401,-2.935306911111558,1,D06_px-1055_py-0118,0.49570954457106003,2.935306911111558,1.582212285503235,1.5074125020556541,2.671342326131619,2.0080036816500564
284.3158141413824,-204.3593078899841,200.3601183591316,0.8489436988980539,12.424628529146275,-1.230195829513042,6,D06_px-1055_py-0118,0.5489336822557135,1.230195829513042,2.7001448587911367,2.308052614311311,2.015571471955857,2.6171214028548975
306.66963687085746,-193.530247211846,201.69928608277337,0.8629953283924491,5.415834577966677,-1.1699324464092942,6,D06_px-1055_py-0118,0.5580195765618536,1.1699324464092942,2.755679521988373,1.7108252299940072,1.4498175403938083,2.0004317238660163
-296.62479631412083,-154.49265780029083,199.4423972362616,0.8284287527706917,20.62576997890443,3.014789679872857,19,D06_px-1055_py-0118,0.5356685565075774,3.014789679872857,1.6881658083241975,1.6798287896043265,2.0826576700382304,1.2080797210047538
-256.96823999033296,-151.02613537961636,203.94205407264485,0.7597524924413421,34.347027345830725,3.06595647726187,19,D06_px-1055_py-0118,0.491261945662741,3.06595647726187,2.0449858666653924,2.571109567164097,2.251623288616835,2.4554576972092503
-336.9383812973222,-102.46790586723056,203.12653680670653,0.8450143198550417,9.601640041168196,2.8298405581217345,19,D06_px-1055_py-0118,0.5463929148174737,2.8298405581217345,1.8852099159697593,2.365555311675,2.1636894463237213,2.3416529906870096
336.9494345611903,-107.37449843133436,193.9263226466473,0.8700064840969933,14.899737607322264,-0.9154723789176078,7,D06_px-1055_py-0118,0.5625530450624848,0.9154723789176078,1.7624652524656508,2.659599269083641,2.317160599218764,2.2277311907387594
-350.7105117561985,-93.00144514232818,204.8826622203514,0.8555270130235347,3.2373940118532687,2.793827117955654,18,D06_px-1055_py-0118,0.5531905050215071,2.793827117955654,1.3865760796265736,1.6014419515840044,1.833421448759793,2.0871952298204626
-304.82317820208726,-75.09441681375532,199.1935534734044,0.7974629575467803,30.48055747620873,2.776157346014796,18,D06_px-1055_py-0118,0.51564582941943,2.776157346014796,2.0087721520021997,2.126367374428899,2.815706864404496,1.3754757102708102
-324.7996070587539,-41.399029051212366,198.5403612254308,0.820115656764577,24.58730451249761,2.661389747796992,18,D06_px-1055_py-0118,0.5302932431534585,2.661389747796992,2.476775727354512,3.02957440876461,1.9138259526701908,2.0591652488162513
-322.34359751340594,-27.61195022436814,204.17669266201185,0.8001484217243974,22.539345936979373,2.620064518193742,18,D06_px-1055_py-0118,0.5173822717082398,2.620064518193742,2.1278792800300668,2.814703349392186,1.5609701012154473,1.453328199217079
-312.13551645789005,-24.948850329221223,198.52496573031863,0.7978588065590924,31.322380734620083,2.614373101777384,18,D06_px-1055_py-0118,0.5159017885086227,2.614373101777384,1.3046801864530122,1.791688471937815,1.827648209459578,2.324320833244274
265.4421904014946,-3.667585730444828,206.1652642629833,0.6968799604599188,46.796419998552665,-0.620795543384281,8,D06_px-1055_py-0118,0.450608071279668,0.620795543384281,2.4070686139889093,2.1987143228449613,1.2379442344487717,1.9876389501905871
-325.58539567185665,22.376392039587312,199.0892854085625,0.8170991956925598,24.72197203587132,2.4659943774238733,17,D06_px-1055_py-0118,0.5283427756656938,2.4659943774238733,0.9740680654799223,2.107449842303022,1.1836747957191789,1.8010171464098557
290.57226102994366,24.14980111989691,201.14349968428303,0.7556620351406267,39.27866776754968,-0.5240589333383153,8,D06_px-1055_py-0118,0.48861702375436705,0.5240589333383153,1.9719369710232686,1.9707170435612271,1.8231064251728166,1.5965388095850437
355.9618093413173,40.56974078476794,194.826243323538,0.8741215718787039,12.02055128041161,-0.4934970348426944,9,D06_px-1055_py-0118,0.5652138932338676,0.4934970348426944,2.2504717076896146,1.3269716819915391,2.526742512761223,1.9093947560067273
-305.5538668411793,43.1352568739015,196.82938235040967,0.7948338474299282,34.62099376352552,2.3943691583819526,17,D06_px-1055_py-0118,0.5139458261101733,2.3943691583819526,2.312480229162889,1.6573244942862373,2.625254488816445,1.5240408657142022
-341.1936885114742,53.40314010374859,201.51449026917527,0.8392475135972305,13.98586416659026,2.379354244412387,17,D06_px-1055_py-0118,0.5426640524699886,2.379354244412387,2.0288739883557194,2.7027838103952697,2.576823462808556,2.7618553507804604
322.4010455414642,75.4867453808523,201.96146820686528,0.8171877473042762,20.497107198868093,-0.3769834116982328,9,D06_px-1055_py-0118,0.52840003383529,0.3769834116982328,1.4654504665501393,1.694364386972878,1.854911715862923,1.7610728769120554
-277.49119617850863,79.70154772590674,199.1013104223377,0.7558291309737206,42.0414949793377,2.254920189341292,17,D06_px-1055_py-0118,0.488725069236145,2.254920189341292,1.678693575663273,2.2467782433742522,2.0586560725849727,1.8304369713231865
-293.8900699129,85.65571368356761,188.69314546786435,0.8119186411893634,41.42345069535929,2.251014147840434,17,D06_px-1055_py-0118,0.5249929883202463,2.251014147840434,1.5485148924064474,2.3602458212875255,2.250473328546664,1.9381524227275992
-308.4572745729985,92.39071960736764,190.76700620649456,0.8316848359985524,32.4519611792789,2.2435920020821603,17,D06_px-1055_py-0118,0.5377739655686502,2.2435920020821603,2.3751275659841036,3.297404233080038,2.6861758171404984,2.873619312712132
333.4001319219624,107.4763487724792,203.2171379471938,0.8421353135780828,10.454057098339147,-0.2951332450151089,9,D06_px-1055_py-0118,0.5445313266828309,0.2951332450151089,1.6929955619379053,2.713906240087964,1.094105201160875,2.534068887098825
-308.5020176135942,112.97997210124409,202.54803777968965,0.8118338343646682,21.31499279267649,2.1835610781099204,17,D06_px-1055_py-0118,0.524938151559433,2.1835610781099204,3.208690992719033,3.1232170107968136,1.8688845709573614,2.1347642981072426
332.67951354277466,125.2783734028366,200.34380775816143,0.8564914730797831,9.818603610803848,-0.2468298461167863,9,D06_px-1055_py-0118,0.5538141324902688,0.2468298461167863,1.2317139847176957,1.2110910468049934,1.2915862664009112,1.9807689561244894
-317.4381143956512,134.61537746414888,200.4156118177224,0.8411788293491932,14.983440331406143,2.1335320682539085,16,D06_px-1055_py-0118,0.5439128564468595,2.1335320682539085,2.6731659905070035,2.306281997453977,2.282863414672937,2.0278900205374435
-259.89433496667993,138.63601196152837,195.2586965117517,0.7755843462458389,42.17693559567414,2.044578811089137,16,D06_px-1055_py-0118,0.5014989470294008,2.044578811089137,1.9556918417369609,1.9899497072550183,2.099707844103289,1.5301278926418262
-249.5005737057433,153.41018730061765,202.85817409438,0.7536749753360847,37.443071797527466,1.983332157029671,16,D06_px-1055_py-0118,0.4873321752340407,1.983332157029671,1.4411081342601193,2.4543479064489966,2.341450156612288,2.7471129211301704
-276.3423232682375,168.1396648266378,199.94416412385408,0.8105378306006348,25.49497960834532,1.9880057120718373,16,D06_px-1055_py-0118,0.5241001453178749,1.9880057120718373,2.0677147446623314,1.7188580519806296,1.9137318742030769,2.189821988580013
-290.48560970934363,172.39474914965984,201.87451635360588,0.8273459248063213,17.3800008677174,1.9990082797423845,16,D06_px-1055_py-0118,0.534968391417121,1.9990082797423845,1.9368555198229873,1.3983384259762697,2.143519749558449,0.8678259222899339
-210.37758276140585,217.4883727112404,202.272344071063,0.7713882492430932,33.51241811422011,1.7325972880208296,15,D06_px-1055_py-0118,0.4987857176576424,1.7325972880208296,1.7262013746464797,2.71527439676863,2.4960103048586415,1.449845860118654
-226.78661067038263,223.59673987883752,189.7067675332563,0.828986913143072,34.855984337828204,1.7562974081241802,15,D06_px-1055_py-0118,0.5360294674006056,1.7562974081241802,1.1176136839102173,2.48507882024543,1.9189789496493739,0.9564205243452246
-199.87465589563817,227.4418775626524,201.2138326804935,0.7743375402008689,34.18043960127767,1.6847918172817091,15,D06_px-1055_py-0118,0.5006927524204856,1.6847918172817091,1.8793219525884697,2.292933963141329,1.1296460579510295,1.8540854202906385
232.80887988944207,241.31629673995872,194.92628266264097,0.8411097136134955,23.241047720937388,0.1963601044371664,11,D06_px-1055_py-0118,0.5438681656677801,0.1963601044371664,2.21645661153272,1.7773891011081504,1.6211787194737948,1.4406170186508462
-92.5317995961895,262.80665685828774,200.6988179801972,0.734119759098784,45.31359568876775,1.3023530048895458,14,D06_px-1055_py-0118,0.4746876183919535,1.3023530048895458,2.040572610199046,1.0798668110525782,2.3800411517070708,2.020827628790935
-57.50357584059473,267.9711306381021,200.26396821464328,0.7270161662108728,47.61063805875625,1.1751997915264931,14,D06_px-1055_py-0118,0.47009437928049286,1.1751997915264931,2.372370971395527,1.7288983160293743,2.465756955267907,1.847701801424373
204.34679456043165,273.26768573119,199.76923945776787,0.8375976530313426,17.146612981912313,0.3217317002242269,11,D06_px-1055_py-0118,0.5415972396332636,0.3217317002242269,1.440591490817033,2.7513095937404692,0.9169635941781349,2.065018446978998
-133.77528146518873,280.0741737304341,200.52362459367885,0.7884435442692616,31.193081368057,1.4094188282808275,14,D06_px-1055_py-0118,0.5098138057544438,1.4094188282808275,2.1357879692733683,2.395744627947736,2.2598220023023146,2.6238127980275854
-109.92491325508284,279.26033021326054,203.3282422206981,0.7646869183885366,33.86938323836608,1.3388187348797045,14,D06_px-1055_py-0118,0.4944525843452915,1.3388187348797045,2.9860821609728303,1.2154927407306126,2.285171265753339,1.9869719915818131
-93.44771552273632,283.44006746050354,201.25401330951263,0.7670234754552703,36.11648729528201,1.2822859178554502,14,D06_px-1055_py-0118,0.4959634205481016,1.2822859178554502,2.061180477808125,1.6157727766770527,2.5154309334936618,1.9087875814875586
143.66621256371874,298.2313072694181,196.01072274770047,0.8319614306318469,24.579372119059144,0.5148937772155461,12,D06_px-1055_py-0118,0.5379528138370849,0.5148937772155461,2.010145199935171,2.2227887669025197,2.495165594532276,2.910640074573596
-46.923689967342696,304.9991159801362,201.6504516384132,0.7827416808645433,31.22164430565374,1.116468522471595,13,D06_px-1055_py-0118,0.5061269359672791,1.116468522471595,1.642213405957208,2.1920220804801027,2.8736488066499444,1.8941102059997073
-56.83296737165348,313.2018625136493,198.6228440380908,0.8058202218288852,28.83208256146344,1.1433215666005363,13,D06_px-1055_py-0118,0.5210497023286875,1.1433215666005363,1.8228094141650428,1.6748374134874595,1.655938244184971,2.0553908814015673
77.18161466733162,306.0035853569077,190.71909887256464,0.8217910019436819,35.54971804586063,0.7167455420707197,12,D06_px-1055_py-0118,0.5313765345418145,0.7167455420707197,2.0153688723793586,1.7760890383500436,1.4589055325714437,1.6478880650040058
-145.75678940812688,317.60624788034613,200.31386203478507,0.8480864422741181,12.789429842166555,1.394066206057114,14,D06_px-1055_py-0118,0.5483793733706532,1.394066206057114,1.79859704603252,1.486148291208202,1.6651400905093983,1.5312254385428834
-36.89281961772604,319.5067650649585,198.13086357595105,0.812230363088513,27.613287895083943,1.0787757271604763,13,D06_px-1055_py-0118,0.5251945501554565,1.0787757271604763,2.101354442316584,2.0948075174948944,2.2716867892563473,1.9259334977801619
90.69049670183657,327.26965359428203,197.98995807298,0.8396802368921303,19.118966926354062,0.6934877153742997,12,D06_px-1055_py-0118,0.5429438547607359,0.6934877153742997,1.9759350969377507,1.5396677098614495,1.8439962110510786,1.8447926575099154
134.0443412803801,-332.9104319318142,204.4459584006429,0.8511630866877962,5.458486530563221,-1.7949923719595071,5,D06_px-1055_py-0118,0.5503687558811589,1.7949923719595071,2.0831747786969634,1.82432122681668,1.4340963346634181,2.9210435523696514
-81.57597914669132,-315.98410681279665,199.5779197074792,0.8158619379497546,24.39168291456048,-2.430424170415073,3,D06_px-1055_py-0118,0.5275427550641638,2.430424170415073,2.4246921952924945,1.6634944219808854,2.496751907828221,1.7407059211821703
-128.56865985803157,-304.3235458180316,200.5160555658097,0.8196356752725666,21.8421059228694,-2.5775046664627324,2,D06_px-1055_py-0118,0.529982883340239,2.5775046664627324,1.3596210510085747,2.714439233833409,2.2314182430551277,2.8811054925909887
154.18164967500948,-282.9512514394975,201.4837257585345,0.8047832636896537,25.014744856335422,-1.678852502741873,5,D06_px-1055_py-0118,0.5203791970284511,1.678852502741873,1.9416329673920842,1.8946136826424191,2.1911267598541135,1.517514425709832
-109.7155022637091,-279.5907253579056,199.733498601421,0.7739853485819591,36.34736798687493,-2.5517261035371352,2,D06_px-1055_py-0118,0.5004650225457263,2.5517261035371352,2.3964603393642347,2.7631904311233373,2.439523741064591,3.249982954058286
-207.17893425450828,-247.3655002471287,202.63316931974288,0.802612210452173,24.014227278590965,-2.874992656334375,1,D06_px-1055_py-0118,0.5189753769051964,2.874992656334375,0.9972828505797446,2.0386992033347195,2.58656030684508,1.7870826888881621
146.71097524026453,-246.8201692147801,198.21345958487188,0.7553221615359021,43.39162620561609,-1.641480986829094,5,D06_px-1055_py-0118,0.4883972588046005,1.641480986829094,1.8781223926534918,1.9083561466970758,1.5093440461746535,1.587709219369456
216.2682609542204,-248.88538481385865,200.3131187188573,0.8191634680496139,22.287772626827064,-1.4623842878212048,6,D06_px-1055_py-0118,0.5296775504306248,1.4623842878212048,2.0621164912137315,1.1598564097504793,0.9096930556012115,2.2880883904266507
174.640002087417,-242.26365282937564,195.14774037105303,0.7827615757112941,40.38808698925817,-1.5531816929251083,5,D06_px-1055_py-0118,0.5061398001318862,1.5531816929251083,1.6369312512568006,1.2107571763622462,1.9949251282137848,2.029320198191286
188.31903315468185,-238.2896242574156,191.4864143458563,0.8006494674523006,40.6148306584758,-1.5089808467664536,5,D06_px-1055_py-0118,0.5177062518222961,1.5089808467664536,2.22929866879338,1.9631663808188375,2.154412085027296,1.540655057219917
-150.324377590031,-223.83007901908417,200.82471313329808,0.7175149471684619,49.10086441503773,-2.769186371881512,2,D06_px-1055_py-0118,0.46395081621307316,2.769186371881512,1.7306807708228682,1.8343744562165418,1.9829284400807734,1.8074465429644078
-207.5899078790327,-224.2456253568741,199.49901655415903,0.7832092935266654,34.125207581477014,-2.924623545111423,1,D06_px-1055_py-0118,0.5064292979976719,2.924623545111423,2.194659842302041,2.4578045626544935,3.3461213594280212,1.91717026314556
204.4220697695253,-225.8485899255909,203.3548687944297,0.772071613844471,31.813836192722192,-1.4421343651060088,6,D06_px-1055_py-0118,0.4992275865912883,1.4421343651060088,2.241768794157114,2.000276952833514,2.0418485239347706,1.8904768620238377
-213.12775873240287,-209.2699779659456,197.80725802236896,0.776068434910283,38.47598357459231,-2.972306820746668,1,D06_px-1055_py-0118,0.5018119625726652,2.972306820746668,1.4876104091454807,1.8834897606014003,2.5124277817551732,1.8279553404942765
-227.14745747706712,-202.3941503689916,200.6674665772797,0.7780837554144223,33.91039576650434,-3.020737620121285,1,D06_px-1055_py-0118,0.5031150846839414,3.020737620121285,2.4074057960683923,1.8827727916341837,1.8768048271246118,1.403891519790601
193.47806403103303,-204.26030654193383,198.78206126383265,0.7437445163335487,45.53699912525696,-1.4194799393522417,6,D06_px-1055_py-0118,0.48091106222757485,1.4194799393522417,1.095524378381564,2.2079729863289006,2.1751311523252586,1.4572835918492166
244.8573002481833,-203.63531135080208,187.8544060363356,0.8338594449139851,36.108099913811145,-1.3007229091179802,6,D06_px-1055_py-0118,0.5391800848212744,1.3007229091179802,1.7637239274068643,1.3284951371099942,2.4462237478031827,1.7394445434836063
-293.8120355355933,-175.72801001693352,198.85253400329424,0.8415284370785074,17.21165256946557,3.0736319643901515,19,D06_px-1055_py-0118,0.5441389155582548,3.0736319643901515,2.469118506503225,1.6722307247646637,1.7181817448520504,2.023723209833149
323.65257486021846,-164.4968548066998,198.21177293634327,0.8721792691961425,7.459337243307516,-1.07720640234978,7,D06_px-1055_py-0118,0.5639579850211351,1.07720640234978,1.8366058526017115,2.316849593837902,2.768292470840726,1.1362450217889097
309.6322586044644,-159.4383292956128,200.61427872312416,0.8456587740314937,13.167011950890696,-1.0824981206100524,7,D06_px-1055_py-0118,0.5468096239638918,1.0824981206100524,1.9483817898010543,2.0947815460108834,2.390712936472856,2.0500698678056946
290.762778030626,-112.18054300431967,200.7651821469001,0.7898835293574411,30.43692386728532,-0.9751976772055332,7,D06_px-1055_py-0118,0.5107449114542372,0.9751976772055332,1.619693418751067,1.7994931627058426,1.3531369320237843,2.8963975677221754
-283.8283071997941,-111.6525071157444,203.9842788653575,0.7711424986746983,31.192558208943467,2.9093999968339337,19,D06_px-1055_py-0118,0.4986268134045093,2.9093999968339337,2.1901610134072564,2.319323572803451,2.697185799628979,2.272887339861855
351.3400680086544,-96.39704325494388,203.5428509565376,0.8608032350036313,3.3794811914688694,-0.8747595951711163,7,D06_px-1055_py-0118,0.5566021517110255,0.8747595951711163,2.08701140657744,1.617341655957462,2.0848243093237913,2.029112771078208
-334.01611488014447,-87.01167771360063,201.69363937684017,0.8385404295942178,13.955236481107876,2.7894508085929863,18,D06_px-1055_py-0118,0.5422068463844241,2.7894508085929863,1.5545033211549018,2.1406341136601172,1.3107338096818362,2.2368651568428617
-310.6318729620425,-40.31964536671493,202.0388649313208,0.7892577337996319,28.80859202643228,2.6636902676994825,18,D06_px-1055_py-0118,0.5103402671175947,2.6636902676994825,2.502825822957352,2.1334160445809225,2.0034731542660285,2.37946645085854
-362.00070030668434,-36.93786673074092,203.6457453274411,0.8599505050256498,3.5311610228130235,2.636299293584432,18,D06_px-1055_py-0118,0.5560507697908924,2.636299293584432,2.2221836842151435,2.2494584438410508,2.5491918060604375,1.6891827289951193
277.8528227682491,-37.66473447449829,198.9540471009072,0.7416237613903943,45.82911847158465,-0.7417146820581865,8,D06_px-1055_py-0118,0.4795397653775967,0.7417146820581865,2.3577701042714416,2.1729648840707867,2.275695850450216,0.8723744898719583
292.39735497384834,-34.58031720492849,200.9336389619363,0.7610582295006668,38.15208406669706,-0.7246975489278327,8,D06_px-1055_py-0118,0.4921062455296971,0.7246975489278327,2.8405923012115344,2.7377396109221817,2.2560810535537934,2.0131453604145264
-287.5748669308483,13.187222970693536,198.2468422915502,0.7565330588621427,43.03475473949436,2.488788563977668,18,D06_px-1055_py-0118,0.48918023455315673,2.488788563977668,3.04570753037432,1.5713428692753508,2.1475201261897316,1.5639954444603545
-354.6204170976455,31.109659599418627,195.05644297703185,0.870390543375774,13.00933431381685,2.4471104898582805,17,D06_px-1055_py-0118,0.5628013808171164,2.4471104898582805,2.7109874848820255,1.9684421821540508,2.5347683360844986,2.492652920654635
-326.4393281331341,42.67118198774877,200.83031842731967,0.8171129394751356,22.173566323191608,2.404633061225125,17,D06_px-1055_py-0118,0.5283516625037576,2.404633061225125,0.9481544077857931,2.9206687454352513,2.099337831191498,1.2483419376701645
339.34134484137286,49.80010694118408,202.5219690541239,0.8333392637768302,14.454711486020583,-0.4612644833468678,9,D06_px-1055_py-0118,0.5388437316008794,0.4612644833468678,2.139799984399899,1.970265586966013,2.5484900869701317,2.2015264813316158
326.5014752096714,62.70389828167323,201.3433457171372,0.8207432673802253,20.279407888709784,-0.4172418552393638,9,D06_px-1055_py-0118,0.5306990611207958,0.4172418552393638,2.5292245204023853,1.2661282127976383,2.9264705190555835,2.1608900516704614
269.213116051566,72.46062201834661,190.5015019816301,0.7604241153078484,52.717739938307886,-0.3440534901755396,9,D06_px-1055_py-0118,0.49169622229813736,0.3440534901755396,1.7004168833632596,1.2642196587464631,2.2991913228149383,2.1953322611245047
309.7568787574054,139.67635256994745,197.32926326364952,0.8416182807464616,19.46795494753433,-0.1833587016346797,9,D06_px-1055_py-0118,0.544197009181591,0.1833587016346797,2.00265155032635,1.5610077601418113,2.018262818341447,2.0298775414425947
342.770479260898,143.50197174166684,200.2639816446728,0.8785500344378653,1.882310257411348,-0.2104969051603754,9,D06_px-1055_py-0118,0.5680773720045887,0.2104969051603754,1.400238716141657,1.361579063653466,2.2053783327992305,1.8340982692474612
-314.14994721955344,150.43524293746916,197.308929764766,0.8539542496103432,15.32919492456142,2.088016463390344,16,D06_px-1055_py-0118,0.552173543810957,2.088016463390344,2.0205174590154438,1.4413647706537582,2.497635028626928,2.7729257471892046
-269.66885655321494,153.8048102973018,196.7526546138605,0.7980379344248716,33.808868516152984,2.016282762301751,16,D06_px-1055_py-0118,0.516017613997503,2.016282762301751,2.402143928319248,2.2565075282477656,1.6056865767261315,1.5151615528438298
319.87455109476986,153.71103785167983,195.49266531889936,0.8677738139832184,13.27009759557592,-0.1590245235996666,10,D06_px-1055_py-0118,0.5611093829817042,0.1590245235996666,1.9784822740756043,1.4241443696209428,1.5642264332569251,1.9496432090553726
292.2045810495917,176.29003707087952,185.3496831615641,0.8747348561669498,26.577165620133087,-0.0641295327162693,10,D06_px-1055_py-0118,0.5656104476850679,0.0641295327162693,1.6339111841434693,1.4452318924653758,3.240996902948911,2.219990137733495
-239.3239900376129,210.67549258885475,196.05388148950283,0.8131453197805855,30.357136234340373,1.8127925579123905,15,D06_px-1055_py-0118,0.5257861683590378,1.8127925579123905,0.8994376969854467,1.70374814097424,2.0877433629838276,1.6372827987006358
182.63912379188105,249.88987397573115,200.77099810979547,0.7864339384116084,31.416272869325383,0.3326662132377869,11,D06_px-1055_py-0118,0.5085143787785958,0.3326662132377869,2.0650031930675863,2.0835555237197223,1.0221230903946363,1.7312170780527985
119.90900955909322,265.62022387796435,198.11912613284784,0.762982329596219,41.53611177568655,0.5397740913916903,12,D06_px-1055_py-0118,0.49335038380630014,0.5397740913916903,2.5154988443362556,2.024384913863089,2.3909093448410026,1.7409208901020072
227.220763312898,280.2222056155245,198.4719069581338,0.8684167751454166,8.428881233161633,0.2824893535746158,11,D06_px-1055_py-0118,0.5615251267333463,0.2824893535746158,2.136547291785181,1.694564810183374,2.652965057933657,1.7995952738119958
-191.42005815343657,284.4677164035504,200.2992583750388,0.8386828052190846,15.993459519373346,1.556126567553752,15,D06_px-1055_py-0118,0.5422989075848582,1.556126567553752,2.863508994629206,1.2878930374037352,2.762829207248642,1.6769534468518572
3.700633002687866,282.36249586391784,198.3364313970576,0.7467018079450096,45.40612266215385,0.9507115802198776,13,D06_px-1055_py-0118,0.4828232702761066,0.9507115802198776,1.283011502951307,2.9257339590455906,2.969492707500292,2.593441011475663
-17.47340444643118,305.976273000632,200.6703842056972,0.7817426540078409,32.88484750652259,1.0208618936160416,13,D06_px-1055_py-0118,0.5054809573330847,1.0208618936160416,1.6326379464174532,1.2973451262889046,1.3798821099029042,2.5049457846563037
37.787234188407936,311.6647671251602,189.05432335349565,0.823564689719236,37.463514520711726,0.8431624961514749,13,D06_px-1055_py-0118,0.532523415027612,0.8431624961514749,2.2447018052532126,2.3955144521582405,2.579300297438255,1.8999823504262958
-91.0507422990729,328.80511407834194,200.4861890472829,0.8357521762661269,16.687376541141305,1.2339615725308537,14,D06_px-1055_py-0118,0.5404039398213182,1.2339615725308537,1.9211830605140165,1.6939142056010237,2.5741055662240804,2.195600463960739
71.39915463528347,329.0746132292009,200.10845188212323,0.8301596363426353,19.08057879935734,0.7501589155126457,12,D06_px-1055_py-0118,0.5367877594581809,0.7501589155126457,1.845328365592362,1.6475342152659507,2.7736540774089673,1.8245041280909904
127.5285645289035,331.7624866255866,192.52342237011555,0.8760598433272875,14.91204321092755,0.5968330598716775,12,D06_px-1055_py-0118,0.5664671948189588,0.5968330598716775,2.092366576761155,1.7762823415312687,2.7580376147222223,2.3001646392538726
-77.43816999935514,343.5272340423785,197.8789221496946,0.8579477093553783,13.072754491058165,1.185531686132249,14,D06_px-1055_py-0118,0.5547557463358447,1.185531686132249,2.4403167970355204,1.3877960152267779,1.664042980397465,1.6820772703801756
49.79486978177332,343.22407525017627,186.52518400300573,0.8795611572784817,23.05046203183082,0.8197422470906247,12,D06_px-1055_py-0118,0.5687311719972536,0.8197422470906247,2.510534507173909,1.9015554865250759,1.8404432621125313,1.813718880338829
-37.6214118585713,-364.326401997908,201.8399220884941,0.8675735683831481,3.526366898392496,-2.280674080601977,3,D06_px-1055_py-0118,0.5609799025995013,2.280674080601977,2.5226704546153087,2.248771076364141,2.497676122667885,1.7675674333058362
-92.68753157272803,-360.61328807761055,201.89027787272136,0.8755482938586944,0.4739451843863662,-2.429357623995032,3,D06_px-1055_py-0118,0.5661364229034416,2.429357623995032,1.645855800717571,2.318816200808288,2.33679652246905,1.8808058006108936
-10.7600003811419,-356.3930715338785,196.7813883470854,0.8668423426808303,11.6108323593686,-2.207958075146593,3,D06_px-1055_py-0118,0.5605070863010183,2.207958075146593,1.9226680883634224,1.6578895090998134,2.1592541739773505,2.2329558023205474
63.91543733100154,-345.7271985643706,196.64802577427005,0.8602445691517484,14.153063207996752,-1.9949674155975807,4,D06_px-1055_py-0118,0.5562409139709695,1.9949674155975807,2.0893123207573927,2.19664166930855,1.7315937765306182,2.3732380961236075
-152.57211015207744,-335.71566059614065,198.5075481478949,0.8791113601256181,4.423435095930017,-2.604339368720917,2,D06_px-1055_py-0118,0.5684403296154678,2.604339368720917,1.8744616133436485,1.378063793746166,2.7902099479518494,1.5795481755279144
28.342471155000776,-336.34822408887777,200.0130712805272,0.8315918785842132,18.756537026036767,-2.093709197015844,4,D06_px-1055_py-0118,0.5377138585723766,2.093709197015844,1.81443452991933,2.7823992907914183,2.08817954700827,2.420724198878946
-95.26028794983254,-328.6271659711106,198.1480873061681,0.8430040566264768,17.7766679279502,-2.4599165371090623,3,D06_px-1055_py-0118,0.5450930627804166,2.4599165371090623,1.4536664730351163,1.4649067236422677,1.4784428793370348,2.849736499537061
-11.189585869448662,-329.5287811525379,198.62563092606223,0.8233791663746006,23.43850706028064,-2.2117191401634573,3,D06_px-1055_py-0118,0.5324034541717304,2.2117191401634573,2.3557326043054645,2.2350628523557536,2.4519405318202785,1.7007665618222283
-161.2115162442175,-319.9478968620552,199.17320597705427,0.8632432477788615,9.212338408061044,-2.644513100840768,2,D06_px-1055_py-0118,0.5581798831897992,2.644513100840768,2.5591667322889213,1.2191866628508707,2.277644147276895,2.243532146915589
19.62228890259028,-315.7248734052096,198.6081781609547,0.8027356496382001,29.77046819223858,-2.1157057321448893,4,D06_px-1055_py-0118,0.5190551936551274,2.1157057321448893,2.2107517693818934,2.5825443026109784,2.3524145522862048,1.7807028074972995
117.92510737504794,-312.6213780455984,199.02663517132785,0.8289872731089847,21.061389148888964,-1.817065710292761,5,D06_px-1055_py-0118,0.5360297001573999,1.817065710292761,2.121484338371345,1.6238084882097563,2.241992367088191,2.8101414323720473
-8.86072763810524,-311.24694868944977,197.3662438693597,0.7979706796224391,32.949441665477195,-2.2062366518999816,3,D06_px-1055_py-0118,0.5159741265125302,2.2062366518999816,2.1430300797101474,2.0684958983719506,1.5339128949253595,1.8607597641493543
-34.461383643717205,-296.31067142493924,194.79376604134723,0.7830991000215428,40.79507171262918,-2.293557234237153,3,D06_px-1055_py-0118,0.5063580460093409,2.293557234237153,1.3433847764647115,2.1508623883473152,2.440450039290562,0.7561355879311225
-18.126193937529425,-294.9242479390306,199.1449472147574,0.7672960301745876,38.973132259507054,-2.239159154148683,3,D06_px-1055_py-0118,0.49613965657633907,2.239159154148683,2.464001514269596,1.0869888765817004,1.8208173238002274,1.5961275839302693
184.19354560224843,-297.1592612404556,186.656693360722,0.8831590399443915,21.56350656579434,-1.6228900020797536,5,D06_px-1055_py-0118,0.5710575912670891,1.6228900020797536,1.7674486821886486,3.371997037875291,2.7096456372079007,2.261064008932436
-222.8291110158908,-247.3566094196113,199.20479444436896,0.8267492554619906,21.51526218467086,-2.911055709728972,1,D06_px-1055_py-0118,0.534582580319521,2.911055709728972,1.6913408248598558,1.2619487940661946,2.866953832584999,2.372158059798278
-248.79205725894803,-182.790529031846,181.8334612211018,0.8346036296413426,44.84539313036328,-3.114927358162112,1,D06_px-1055_py-0118,0.5396612805274174,3.114927358162112,0.6443819622316731,2.0954261205909614,1.8401648427329944,1.9792220460252985
-313.62545177527204,-159.12266374571595,200.098260509057,0.8517717590786467,11.843768480099584,3.0041355754340757,19,D06_px-1055_py-0118,0.5507623282431785,3.0041355754340757,2.156056240267074,1.5394096291377435,2.5469217369503463,2.0485823216789676
-317.82295758246573,-138.59038150828215,193.43602681095865,0.861504705178406,18.64236049282385,2.9458155975387976,19,D06_px-1055_py-0118,0.557055727851035,2.9458155975387976,1.6855144395403434,2.6557230939740335,1.5609082558022975,1.2079395622668279
-268.8418838891054,-134.75780537542445,202.36640611491123,0.7680685896295643,34.28786294689337,2.9992626417973667,19,D06_px-1055_py-0118,0.4966391996048488,2.9992626417973667,2.20503960602326,2.413221503413575,3.2413592966697236,2.4538815164000773
291.8880318890568,-133.93645649241063,202.04568891790788,0.8017117014520544,25.130386697580605,-1.037178982017141,7,D06_px-1055_py-0118,0.5183931006930268,1.037178982017141,2.3422200748996156,1.2422003168635425,2.102178394330335,2.450626199677912
306.49392076160314,-113.47735996715038,198.4529081938128,0.8194194030432509,24.932413346906912,-0.9615735498087454,7,D06_px-1055_py-0118,0.5298430400133352,0.9615735498087454,1.9337111503832136,2.0768068884283126,2.0349705840506944,2.538635543518315
248.41932435098445,-107.50116626432424,201.19879683257764,0.7185322438892474,48.36694463075327,-1.015388357291538,7,D06_px-1055_py-0118,0.46460860828528283,1.015388357291538,2.392974957845892,2.4532350952057973,2.1755585530070674,1.491765384257851
265.56939432151904,-99.91431102247796,194.66515634564217,0.7584134320319196,47.48351486213392,-0.9668252779065388,7,D06_px-1055_py-0118,0.4903960986551464,0.9668252779065388,2.2291219024188345,1.6577869799133276,0.956745697388725,1.8273867205822567
-297.1787667532972,-64.9278554523687,203.01087829807105,0.7722027887444032,32.25775891245701,2.749713902809694,18,D06_px-1055_py-0118,0.49931240531475934,2.749713902809694,2.281597628295601,2.2121622837067645,1.0937669566716695,2.103150265338231
-340.3133096298498,-19.295663070297888,198.78863279150207,0.8395154476102238,17.977495527210294,2.5912521797213937,18,D06_px-1055_py-0118,0.5428373007131229,2.5912521797213937,1.610144906053626,2.1906057739525666,1.636279963989225,1.5196775022191353
-316.9236731259054,0.3349969883189574,199.2507779820067,0.8020522763166641,29.04821691367244,2.5335560948060825,18,D06_px-1055_py-0118,0.5186133190829585,2.5335560948060825,1.5787993588773712,1.9689115972279922,1.5720390957332988,1.0851882101936559
-297.1555179132857,2.71967344965429,197.9176375820678,0.7732311762012062,39.09035299298012,2.52546102007475,18,D06_px-1055_py-0118,0.499977368744232,2.52546102007475,2.1375026852509738,2.177640378913755,1.802343689020375,2.0653914229285864
330.44079808434265,14.914984980245157,196.50676770009343,0.8303202802509106,24.36713739067284,-0.5618735140960982,8,D06_px-1055_py-0118,0.5368916330745538,0.5618735140960982,1.27681325204701,2.2214215948717015,1.6001865404996347,1.7297458001066373
-358.7441068696366,61.11217078607961,200.1618270727881,0.8685143635215732,5.777320928757547,2.3658825112934925,17,D06_px-1055_py-0118,0.5615882281460061,2.3658825112934925,2.6764278928798246,2.572996949561612,2.240729994663469,2.1458486698708095
-258.81767178377976,99.2192002125818,199.70406834528595,0.7340200451079183,46.677668653234775,2.16853720442907,17,D06_px-1055_py-0118,0.47462314254008087,2.16853720442907,2.324545105703037,2.4294839899886087,2.630244905447043,1.731027962258955
-269.7831687285216,110.02572043676598,192.2250536698656,0.7779473838813643,45.79965293602032,2.147374861017925,16,D06_px-1055_py-0118,0.5030269057765608,2.147374861017925,2.2464656459571852,1.4301876582627435,2.4736679405519766,2.600848095263778
259.1412382494248,135.6421188964192,195.1787431657196,0.7722730642863614,43.17211156684317,-0.1247646381830112,10,D06_px-1055_py-0118,0.49935784603370187,0.1247646381830112,1.8468067503126648,2.1395847114837236,1.799328292739104,1.7208105067493769
291.88659201585915,134.2935863311646,194.3329539096352,0.821374023168372,30.37025023144315,-0.1757679700884494,9,D06_px-1055_py-0118,0.531106912781443,0.1757679700884494,1.7015710407610791,2.34921310036381,2.1649215839274594,2.0052714747297946
-241.9090257098872,139.73683979642504,197.9972970775009,0.7421984384154818,46.985152127546485,2.0107954939621773,16,D06_px-1055_py-0118,0.47991135606835567,2.0107954939621773,1.7500978571802428,2.528440837198672,1.128214102855719,1.608993332139228
277.1733714886468,167.52661678881736,197.3673822377284,0.8176183941167829,27.07845132835609,-0.0633230071338063,10,D06_px-1055_py-0118,0.5286784934561669,0.0633230071338063,1.5664126759946955,2.817263541369382,1.333518073741734,2.0413398544789474
-247.9801085151961,176.1772859806261,193.6003166853956,0.7959370128686317,38.92003161642606,1.9169085993678907,16,D06_px-1055_py-0118,0.5146591415717178,1.9169085993678907,2.5508332230825568,2.1900676643340686,1.6504150331653733,1.4149606999308146
314.3327023319445,187.1420086655272,192.8358431165343,0.8894049306807208,9.494178534947991,-0.0699766885672605,10,D06_px-1055_py-0118,0.5750962334118043,0.0699766885672605,2.249039849791258,1.6148173203635385,2.188138363692259,2.2740186023681157
-225.9058390925304,194.95643941806543,197.9012465110937,0.775337658305231,38.54296788802759,1.8226208958759167,16,D06_px-1055_py-0118,0.5013394366640117,1.8226208958759167,1.8902287259338686,2.3800975846277264,1.713525749086269,2.4415829651498644
254.5338706805156,207.03869588880383,184.41669420330328,0.8578191880352796,33.699384763026444,0.0758809010050062,10,D06_px-1055_py-0118,0.5546726434379944,0.0758809010050062,1.575438803981645,2.4115009934721465,2.634769127055367,1.6429481340987575
-185.12344012503831,242.14824388688857,197.96092223909244,0.7858089960640677,35.56978132654609,1.616536387500363,15,D06_px-1055_py-0118,0.5081102861344331,1.616536387500363,1.6430634181831727,1.8431245399955825,1.2281663628451251,2.39467249045918
209.4568938267243,246.50233265526305,203.1005254929813,0.8027124721835065,23.31127016114169,0.2594878242678542,11,D06_px-1055_py-0118,0.5190402069303696,0.2594878242678542,2.3849777094882265,1.8715924291130945,2.316390858261477,2.438192404840459
208.57198089715115,255.29258005619008,197.19731256064225,0.8268894788705731,24.43497486156616,0.2788004471079265,11,D06_px-1055_py-0118,0.5346732498799541,0.2788004471079265,2.107359740514075,2.4229482694337645,1.9857203953250604,1.772888222870853
264.81927742201674,257.5206587953324,207.01485330251,0.859262598077934,1.3792063774462235,0.1644466122414327,10,D06_px-1055_py-0118,0.5556059637403273,0.1644466122414327,2.0907479444716457,1.5896662522293723,1.5663224342916942,2.6794595927822193
-74.65412080705697,277.1510482048432,192.46767131545863,0.769837639970383,47.591908281478766,1.2269344227790313,14,D06_px-1055_py-0118,0.49778308148882044,1.2269344227790313,1.929899198178254,2.664824017176114,2.2505783990203376,2.701691857164639
121.11610154751877,287.39050975703003,201.3140990364842,0.7888654713952573,29.950457978948805,0.5649705449037868,12,D06_px-1055_py-0118,0.5100866271573437,0.5649705449037868,2.0233170942064325,2.00440281583,2.237672121307349,2.0102798514329345
-39.626377683273056,291.46478837560346,197.47599612747672,0.7692394196540249,40.77609865539796,1.0989442617962757,13,D06_px-1055_py-0118,0.4973962675204915,1.0989442617962757,3.388817304785482,2.588693425317512,1.710820122076223,1.4827361085213047
73.11614763133872,289.0740897641334,192.92820382839164,0.7876920519866338,42.174179197760736,0.7160803169045052,12,D06_px-1055_py-0118,0.5093278849255065,0.7160803169045052,1.391371493578077,2.5707225592116663,2.094221318885658,1.6296466853909117
17.83730250211411,293.2291054433281,180.50469911108223,0.8135139707409772,52.88102939585304,0.903061060284493,13,D06_px-1055_py-0118,0.5260245409736383,0.903061060284493,1.5653522860933948,2.4877661327782143,1.6508378426781427,1.9641143963419003
-141.96987489274804,303.1706825992915,198.01343845242235,0.83248457551857,21.436457664721843,1.4017709494103698,14,D06_px-1055_py-0118,0.5382910834412942,1.4017709494103698,1.6049368271344782,2.575051150216271,2.5089699314312104,1.8247530959637595
117.75554572347424,305.83210668518336,200.22067308496509,0.8163548882187045,23.300481300668025,0.5962789505649385,12,D06_px-1055_py-0118,0.5278615005906986,0.5962789505649385,2.3132223776342147,1.001664246107636,1.9932674288524685,1.7461940961835059
-30.48677218762665,340.2050282245339,193.9726374905728,0.852717666751522,20.825307675253043,1.053191004163733,13,D06_px-1055_py-0118,0.5513739595947268,1.053191004163733,2.637538393234718,1.4675499838930441,2.2485589055957655,1.7537179593248304
-1.2916631108436587,-363.1259489532384,187.7672324124356,0.8987983251255689,14.034405967589237,-2.181332910023508,3,D06_px-1055_py-0118,0.5811700762451794,2.181332910023508,1.719761763614332,1.5619669787773571,2.030586522536684,2.1774544236576983
-61.90685228631773,-357.2769514409225,193.46596287250327,0.8834720441142093,10.719187568702182,-2.34934644820371,3,D06_px-1055_py-0118,0.5712599822286129,2.34934644820371,2.0369378683170964,1.640536697685404,1.3583694054181554,1.7762132659260637
112.17847302444108,-336.59018115722864,192.5714601077562,0.8750537619013135,15.199580637277734,-1.8560741140113808,4,D06_px-1055_py-0118,0.5658166546447095,1.8560741140113808,2.242770212704884,1.268312198250677,1.8895350532564132,1.1800135554014504
65.64108854087941,-319.05117153636985,191.81512604025488,0.8347005973585463,29.949459028516745,-1.9748687115044372,4,D06_px-1055_py-0118,0.5397239806171096,1.9748687115044372,1.9176008060889065,3.028565567172419,2.330448297393975,1.7627996120343976
-0.7802711788128118,-291.3533194445751,196.9317922107597,0.7658531031366864,42.42777964811143,-2.180453944860581,3,D06_px-1055_py-0118,0.49520664858868385,2.180453944860581,1.9986918218932908,3.313329697869934,1.6505929405016313,2.1967290913298854
192.1720415561264,-288.36723158023915,198.55153141753345,0.8483060874639679,15.379103770137933,-1.5899480033525637,5,D06_px-1055_py-0118,0.5485213976804049,1.5899480033525637,2.3924697790802085,1.6476212371335166,2.1548557285006193,1.5041350435087855
-72.87633678504388,-287.60893550963806,185.4530843895789,0.8049585854657508,48.089292436769824,-2.425939643951001,3,D06_px-1055_py-0118,0.5204925614697651,2.425939643951001,2.6785429111180363,2.241200713863262,1.7213201966659621,2.209964932411918
-142.5330231894264,-286.65792364059604,188.6839904976831,0.8342681980289116,34.7470952957961,-2.639199709650158,2,D06_px-1055_py-0118,0.5394443878048544,2.639199709650158,2.453567292293184,0.8600003679697028,1.1700942675484636,2.751555814128518
-169.85541312308266,-286.35218546175514,202.28165236160828,0.8191303407273205,19.415378356534006,-2.7131578730930883,2,D06_px-1055_py-0118,0.5296561300431086,2.7131578730930883,2.2730375466476653,2.700802164648068,1.7132382996116402,1.0380312766058828
16.327943765324317,-283.72319239275487,198.9140980236026,0.7484300448702936,44.18446037899446,-2.1202904129801534,4,D06_px-1055_py-0118,0.48394076188413415,2.1202904129801534,2.2335711490664236,1.630029900273554,2.7613958685873294,3.297126290395468
-215.33743550806312,-280.6433011002944,201.07331301080703,0.8522506957255596,10.196232393788534,-2.832256961425601,1,D06_px-1055_py-0118,0.5510720124513283,2.832256961425601,1.5309303256313331,1.7344205567664488,1.654126163372485,2.1993118704830725
-166.060859761562,-272.41926893936625,196.90785100630825,0.811290218686917,29.67478428791486,-2.7252084352349453,2,D06_px-1055_py-0118,0.5245866453805107,2.7252084352349453,1.9118748133078443,1.9697142455374617,2.7506510407995277,1.3865264802867312
250.4609059133451,-240.78366313508064,198.186739513978,0.8504983897836358,15.182783634126451,-1.3726808031532327,6,D06_px-1055_py-0118,0.5499389576275664,1.3726808031532327,1.4564968278449002,1.8417177099962245,2.3743588978464354,1.420589054932523
262.51220944134224,-236.4913039406992,196.7198542262636,0.8625075377692542,13.246902586651345,-1.3402791467198634,6,D06_px-1055_py-0118,0.5577041673029031,1.3402791467198634,2.010526292487393,2.101900894184533,2.415936505771655,1.397495718151528
212.66536390394427,-225.6459354617551,188.9776546138605,0.8175671635876528,39.35993867843888,-1.4219840017996044,6,D06_px-1055_py-0118,0.5286453673925235,1.4219840017996044,2.858378549102378,1.4531316733492798,1.7660824921250595,2.8828534729686526
-292.9022137323833,-194.86926241633205,194.0848744773304,0.8670302942357891,15.710626918900402,3.121672334219046,19,D06_px-1055_py-0118,0.5606286172568204,3.121672334219046,1.6811953686885936,1.9182861755102074,1.564752495960526,1.8475719969479747
-304.5797867340942,-195.00175980400184,194.0794947995369,0.8806373235078281,10.803701281700969,3.104090959890052,19,D06_px-1055_py-0118,0.5694270295573735,3.104090959890052,2.769581068227592,1.1294422331097822,2.3636047522206463,0.9036105605377445
203.93408750852208,-189.4433857700159,199.6556564450429,0.7362261075084454,46.20596080465606,-1.3555577100320415,6,D06_px-1055_py-0118,0.4760495998639047,1.3555577100320415,2.646725003281639,2.630032198488195,1.8135228007412443,1.5353230125436823
214.14878813930824,-180.0305034741248,202.5348842376849,0.7316366340494161,43.44957662507608,-1.306037636853563,6,D06_px-1055_py-0118,0.47308201017715645,1.306037636853563,1.8273082851309403,1.5546893158556974,0.9754645961937847,1.1067995705953937
224.399318953702,-173.70204229140867,198.0685644013554,0.7498185044618596,44.98911788626668,-1.2657118306885082,6,D06_px-1055_py-0118,0.48483855079198623,1.2657118306885082,1.9322814173106648,2.744770874918921,2.393297287954848,1.8900947333018758
-280.4307589334949,-161.48104119802238,199.4184547613532,0.8120468482548459,25.79758623479261,3.0570725443774043,19,D06_px-1055_py-0118,0.5250758880185865,3.0570725443774043,1.038361536531807,2.112707390496225,2.2441866449784094,2.568666969383073
287.4229108285903,-155.6214284892528,198.0319996791725,0.8205119102301054,25.209162965278665,-1.103224780870873,7,D06_px-1055_py-0118,0.5305494637652863,1.103224780870873,2.2336418236868045,1.7379809205999517,1.7149732035850942,2.257438232863772
257.00195014155304,-153.69115030303763,195.53832577310013,0.7831041094837909,39.74314197626961,-1.1459385649892184,7,D06_px-1055_py-0118,0.5063612851670867,1.1459385649892184,1.7183154435985935,1.569739681199659,2.1836395961839035,1.1761930352386107
303.3771844650477,-149.57410402281303,196.6215727517336,0.8411366579335045,20.689109635695218,-1.0650357443721463,7,D06_px-1055_py-0118,0.5438855880773198,1.0650357443721463,1.723835304299611,2.0118534681445883,1.6552473870907969,1.7994615489610883
-332.5204230695774,-133.50265088911144,192.83358735497723,0.8792492954994017,13.268715359812802,2.9164007993709182,19,D06_px-1055_py-0118,0.5685295197145788,2.9164007993709182,2.3965899677921465,2.36699869405613,2.771751750875884,2.473839735588445
330.7767798092863,-133.22974700216875,198.13220273592623,0.8635266908214417,10.71287337135152,-0.989878796925708,7,D06_px-1055_py-0118,0.5583631596936183,0.989878796925708,2.1086119732005892,1.8138656513802673,2.1574003147806726,1.6692279429188919
344.7730357493177,-132.31395750618844,199.04409804945715,0.8784926414049643,3.8151354037939313,-0.9734177492897184,7,D06_px-1055_py-0118,0.5680402612174693,0.9734177492897184,2.3875591856432186,2.1914784102519453,2.003756359130182,2.6058641934874194
-333.8318725997276,-115.0368169191982,198.3981744315799,0.8579832058387608,12.266323323770392,2.866464766109796,19,D06_px-1055_py-0118,0.5547786986415812,2.866464766109796,1.977982699931335,2.6151740518525504,2.5163160574598074,2.2759456627083754
-287.4196915990232,-56.09292795005348,195.8122941712305,0.7712471145321089,42.56043353913424,2.727350871751657,18,D06_px-1055_py-0118,0.49869445884189845,2.727350871751657,2.9157674706542984,2.5145701031758687,1.4370838618611885,2.1133927491925806
-294.98798627590395,-35.79266244864304,194.2930141003905,0.7824441128263309,41.68018010314353,2.6553588740840266,18,D06_px-1055_py-0118,0.5059345261300312,2.6553588740840266,2.2077112655580056,2.4338474979154556,1.7676981182275096,2.3958799287556936
273.51824610244125,-27.906049754224377,202.35031805769103,0.7234387249401139,45.67566987781152,-0.7086539991895957,8,D06_px-1055_py-0118,0.4677811775777648,0.7086539991895957,1.2635255414828694,2.04968413021792,2.4689680725875123,1.571359954775243
357.2733157225854,-24.18169733343986,197.7087877914306,0.8666424347880561,10.249869705017773,-0.674560487246612,8,D06_px-1055_py-0118,0.560377824283013,0.674560487246612,1.7501006998374236,1.7427606963984072,2.046232194170022,2.7670285420131404
326.4435131201479,-15.478276974431624,190.8546753787596,0.8388384052074809,30.07323969669062,-0.654358918184593,8,D06_px-1055_py-0118,0.5423995197629099,0.654358918184593,1.4754965084967662,0.9536040374562089,1.9818587023035028,1.8701045154920095
363.37610195941545,12.479473866112148,198.8697192206021,0.8712703343386817,6.770468737360488,-0.5726498911130918,8,D06_px-1055_py-0118,0.5633702605832435,0.5726498911130918,2.553786047057848,1.8662490982508335,1.424070059041583,2.168464235300687
341.4901284677309,16.590187805294274,200.7789175672284,0.8360663055913095,16.14679060599002,-0.5584359491736632,8,D06_px-1055_py-0118,0.5406070583171628,0.5584359491736632,1.9290635531415958,0.9410827683845622,2.100374998938542,3.1364551991196827
353.277921447752,19.59229404522428,198.0901304825864,0.8597651880841255,12.11116529289876,-0.5515776981346646,8,D06_px-1055_py-0118,0.5559309423968881,0.5515776981346646,2.0071982949295615,2.268536993773871,1.275200370667569,1.6228199833951895
-367.9048246790588,25.804140311501687,200.3381989245826,0.8746641793757116,3.227876523909174,2.464589708554126,17,D06_px-1055_py-0118,0.5655647475151806,2.464589708554126,2.275381170916634,2.0643708401742344,2.0018375479741697,2.137636214274363
373.0064435161652,30.64462123624716,198.5083611355996,0.8863771425082648,1.6592250557965826,-0.525007883146657,8,D06_px-1055_py-0118,0.57313844173168,0.525007883146657,1.5579389902317875,1.3431825981542966,2.042301762351673,2.1329646171930587
326.6970126974523,38.62465030789272,194.5761063756945,0.8325119813094188,26.53492243312525,-0.4892980696209946,9,D06_px-1055_py-0118,0.5383088042415137,0.4892980696209946,1.3428411123828488,2.423684105633135,1.9890193244728456,1.6263695641691553
305.7645187171712,63.18785143096586,189.29134326416727,0.8201974539789861,38.12186282281272,-0.4031929335716191,9,D06_px-1055_py-0118,0.530346133876556,0.4031929335716191,1.581670362332681,1.3089517240746253,1.835798780362381,2.5678266615795238
-304.7139671004281,71.48448097052385,199.9290678115899,0.7941051865210423,30.40714670360404,2.30418466485396,17,D06_px-1055_py-0118,0.5134746682273246,2.30418466485396,1.450086037969075,1.9030506909977736,1.5222353047136337,1.8223312051371896
-343.54498287239,81.89689683877732,198.7456526187715,0.8572226518746423,12.002047946657171,2.300593191305035,17,D06_px-1055_py-0118,0.5542869184580195,2.300593191305035,2.8318203516043856,2.5354537876138514,2.5509271261158215,2.7212388053632948
333.54996700633046,97.41824345570106,196.04375418406107,0.8559632409469452,16.564813030137202,-0.3228184343471633,9,D06_px-1055_py-0118,0.553472573432653,0.3228184343471633,1.828536561926836,2.5329273677068835,2.2054999224269167,2.030216085569728
362.4369379878707,95.58720698186964,198.86398262494248,0.8862415994089066,1.148968448471635,-0.3491164206063821,9,D06_px-1055_py-0118,0.5730507984960548,0.3491164206063821,2.449844234178915,1.6793045292138347,2.6534904634769845,1.637632454132853
-323.1810678108366,96.8749261939889,193.2342302651631,0.8485039575292073,23.354715536956803,2.243381722885451,17,D06_px-1055_py-0118,0.5486493420230757,2.243381722885451,1.958282785559292,1.8184843772629367,1.4676647769343711,1.628361080518713
253.67974897784697,97.41447150978595,201.6814952377713,0.7192795081660458,47.55045325323175,-0.2403369168699787,9,D06_px-1055_py-0118,0.4650917952523497,0.2403369168699787,2.4002638235695652,2.1033602616891196,2.2781362027003347,1.0581123370374828
-345.0508585136556,115.8532329390414,201.28129685794016,0.8658561452263938,5.0189814263040375,2.2106828769426525,17,D06_px-1055_py-0118,0.5598694032593776,2.2106828769426525,2.191161621962634,0.6993831615203365,2.3767398501415418,2.2776034239697553
274.56881212775704,136.25584717486197,197.60117715650875,0.7895206033942282,35.034448211838765,-0.1463332814494129,10,D06_px-1055_py-0118,0.5105102406679045,0.1463332814494129,2.0841723445655775,2.7578818958271953,2.5540562976324033,0.7267478311098936
332.5238697079859,144.37032180896642,191.697471404213,0.8878516266080835,11.882928318798747,-0.1973714855861564,9,D06_px-1055_py-0118,0.5740918547641244,0.1973714855861564,1.7520248385461064,1.3493156411699612,1.9287609648413515,2.536414898307064
327.9363861874215,173.4254474869054,183.0943058044578,0.9213592919497428,12.87762936329176,-0.1205280272094566,10,D06_px-1055_py-0118,0.595758175090978,0.1205280272094566,2.618316555810061,1.500307348098472,1.6142789989985407,1.3113870679398827
329.89115245908715,167.96093897785033,200.6218785475098,0.8758043620018295,2.3578596509194654,-0.1360463075934205,10,D06_px-1055_py-0118,0.5663019985816663,0.1360463075934205,1.5213428636932682,1.7994835994152587,2.4016493474795855,1.159171939360129
308.56494073990234,173.3569870088912,198.65355968797684,0.8585101911167071,11.690462927995044,-0.0951091639405946,10,D06_px-1055_py-0118,0.5551194514730036,0.0951091639405946,3.132074835576047,1.325414136109342,2.0279421247636558,1.6150720143780868
-210.89028252158388,200.06786459031804,197.28931083859777,0.7638100099887404,42.46792297831911,1.7755434719200731,15,D06_px-1055_py-0118,0.4938855684671762,1.7755434719200731,1.8710388419253983,1.7305613116555416,1.674781831846809,2.1373057363177876
-288.1913755509569,206.35794175204856,196.1362544698868,0.8655462036147572,13.069221135437315,1.9131997911098368,16,D06_px-1055_py-0118,0.5596689925720956,1.9131997911098368,2.007617366721158,1.7086440902165938,1.6139357045899614,2.2557881517887104
-189.2185614683329,214.10716106777213,181.2463103085385,0.7976126416638282,56.133840028468114,1.6875846708861366,15,D06_px-1055_py-0118,0.5157426163484725,1.6875846708861366,2.3714141752462656,1.7206784891403395,2.008336473133152,0.876550949592338
-177.1978575495054,234.21700086765705,192.1399137736836,0.7821655232760338,44.79117031379633,1.6114994171873724,15,D06_px-1055_py-0118,0.50575438793255,1.6114994171873724,1.6873314177124425,1.975699779850176,1.4936095647987906,1.6691201795400858
-212.1117397136484,239.14744732320383,195.64958784367417,0.8154558495162927,30.24761604484576,1.689374781279129,15,D06_px-1055_py-0118,0.5272801750846068,1.689374781279129,1.010667364372652,0.9758434177088824,2.685408830888664,1.8258338701529813
-251.4142206743525,248.9952187892295,197.167384513358,0.8621098233172576,12.699599078891936,1.7540489659774892,15,D06_px-1055_py-0118,0.5574470020057176,1.7540489659774892,2.0238118985654525,2.3348324367656534,2.714420796542612,2.289920688095334
263.3196807562409,247.844753561389,191.6386068822915,0.8867868674421334,12.37295080748413,0.1481540021686236,10,D06_px-1055_py-0118,0.5734033731010422,0.1481540021686236,1.0004552868464145,2.929111984968417,2.6540411821347325,1.9207902397497563
-43.58363323350056,271.4746642840303,198.7122852808746,0.7324731896634201,48.386076826257295,1.1230024502909504,13,D06_px-1055_py-0118,0.47362293362614716,1.1230024502909504,2.206440868781974,1.9332016217403034,2.2805922497277122,1.9532086474043653
93.62879400357627,279.5079371264452,193.14884615443825,0.7813787349388349,43.581506464443976,0.6405874656604517,12,D06_px-1055_py-0118,0.5052456443967241,0.6405874656604517,2.3956379758716047,1.4553394298334923,1.7753129803998975,1.9494845720863716
191.35003218442952,281.9119372239227,197.2540817792148,0.8431599515475454,19.068689549654835,0.3674897960639109,11,D06_px-1055_py-0118,0.5451938656642571,0.3674897960639109,1.7884090500271144,1.541518942902051,0.9717173900214109,1.9658097578233051
-167.98106194135707,286.6784051183647,198.75320377704043,0.8268982481903207,22.134533141715963,1.4938461566794818,15,D06_px-1055_py-0118,0.5346789201911728,1.4938461566794818,2.0593703453431838,1.8334881335370508,1.1101071151650255,1.9121932609526964
213.7728340112613,298.7366237539193,199.0674752470136,0.8758383627476072,4.772498894852163,0.342704428942756,11,D06_px-1055_py-0118,0.5663239837316867,0.342704428942756,2.0904686860631063,1.4850085794540924,2.9767877012173427,1.5047545668372062
-61.47335827411605,297.7363596144629,198.5682904270093,0.7829808452680882,35.502292432326726,1.1674248347818352,14,D06_px-1055_py-0118,0.5062815815543454,1.1674248347818352,1.933941257647419,1.8797810307239642,2.223586072914845,2.7974378111078924
-90.01624281923849,295.27366737644235,189.6667240459812,0.8135262613848699,39.54016965986756,1.2597235696915687,14,D06_px-1055_py-0118,0.5260324882007843,1.2597235696915687,0.9698326080036366,2.2006179704989526,1.2211433038333381,2.710797628780057
51.51622858479317,299.3628936132924,199.3410824044244,0.7806222852815007,35.069810037819025,0.7933997181304758,12,D06_px-1055_py-0118,0.5047565180902559,0.7933997181304758,2.199417522437212,1.9191450521223863,2.0965661845318158,1.3499176721696249
-175.2255271637257,318.36911229189093,199.48157001703072,0.8695046671228754,6.4684340400471,1.4669554065458337,14,D06_px-1055_py-0118,0.5622285662545514,1.4669554065458337,1.7502102841734273,1.77236115564387,1.7634727198714042,2.5716622993649065
-115.98808188721696,323.36858020082093,198.34607304887376,0.8445151609993751,16.97213855317443,1.3082094652525649,14,D06_px-1055_py-0118,0.5460701547698671,1.3082094652525649,2.2742203435559807,2.338087731953655,0.8193115408092462,1.6782176523601862
140.63177507823735,337.1169152969537,193.40261188318792,0.8872321558373573,9.414107296207304,0.5686051849327026,12,D06_px-1055_py-0118,0.5736913000846258,0.5686051849327026,2.4541300254273635,2.415412080308962,2.725236512949618,1.984168177773475
-58.51249169472252,-339.8764867376753,197.98827801772768,0.8473368270887399,16.5596247133264,-2.348262752110774,3,D06_px-1055_py-0118,0.5478946662875821,2.348262752110774,1.5692916348603143,2.116316121710285,2.209751943316983,1.6435461807023262
14.270728413190454,-331.5723810520823,198.86403619280787,0.8260369471147333,22.24535243406848,-2.134762847614102,4,D06_px-1055_py-0118,0.5341219961318192,2.134762847614102,2.1568117275602496,1.9143484443542902,2.155176943197934,2.5899620491303033
168.02025375854947,-308.143213338873,186.11768986331825,0.8864781541523966,21.221350984846424,-1.6785738692263612,5,D06_px-1055_py-0118,0.5732037566563751,1.6785738692263612,2.473115020824409,1.8665225143325817,2.673944041580586,1.7927595999561252
19.134328341894545,-298.5466824805446,195.0878777633525,0.7837696367276333,40.19617550792356,-2.113771820761554,4,D06_px-1055_py-0118,0.5067916203248576,2.113771820761554,2.356861096800378,0.35397250679318315,3.1749610068737217,1.2668140571643356
-9.916526280676496,-270.3710578161857,195.1757652478328,0.7333842525224233,52.92713729437787,-2.214436894963146,3,D06_px-1055_py-0118,0.474212034046597,2.214436894963146,2.276751767342314,2.978154821568741,1.7263689911422484,2.376828329279384
-158.09178342195295,-258.87048650088946,196.8117926209152,0.7862875766191527,37.06209876064719,-2.7260246912202906,2,D06_px-1055_py-0118,0.5084197400908024,2.7260246912202906,2.8160993674716996,2.3782230328715688,0.8192733614014918,0.5746835954147476
296.06791146141126,-200.76784269599955,196.8142698460236,0.8683689640073022,11.01194890594411,-1.2028655065304792,6,D06_px-1055_py-0118,0.561494211674866,1.2028655065304792,2.099342686373402,1.7638925726504828,1.7643050831564948,1.3237588093268293
-254.4108068789075,-176.21011882615403,198.25914925505344,0.7926578345452434,33.20527579227513,3.1403691554548936,19,D06_px-1055_py-0118,0.5125387990399726,3.1403691554548936,1.3045567488265695,1.498001193063574,2.754751737501903,2.4938665670768687
242.2601270019132,-177.9541289642982,202.1113185129995,0.7684833352507753,34.52987633178827,-1.2405243282470908,6,D06_px-1055_py-0118,0.49690737739019114,1.2405243282470908,1.5681752834113023,1.464295754717821,2.181756356057887,1.8803822001380515
-249.998796144158,-160.94367179206523,196.16803205660057,0.7779343969325968,40.26804978251852,3.106601759483634,19,D06_px-1055_py-0118,0.5030185083131985,3.106601759483634,1.6410027013264188,2.021156613907318,2.340629765444308,1.9388363604201513
-250.84841340864423,-142.76156915526454,199.54110468202683,0.7545844416710955,41.75823894554634,3.0520133437331967,19,D06_px-1055_py-0118,0.48792024332950223,3.0520133437331967,2.1032216679099216,2.143275025354452,1.8135486375451788,2.013044770507536
-276.1802020735828,-103.35416141956225,197.87934212514816,0.7694746092705586,40.151939773216895,2.8927061528822366,19,D06_px-1055_py-0118,0.4975483429789697,2.8927061528822366,0.9354119711493729,1.91006858060897,2.1316543763885543,1.8388287870733817
312.2399740036133,-90.24886755771368,179.60888779017273,0.8662067015728401,38.35038770308893,-0.8883483189714314,7,D06_px-1055_py-0118,0.5600960757540822,0.8883483189714314,2.2734249673153757,2.7006484593773106,2.3598673409671957,1.7470783393770646
-274.78877803425314,-86.65242914490145,198.2784006161449,0.756887839229023,42.90000852488117,2.840084998827008,19,D06_px-1055_py-0118,0.4894096383327436,2.840084998827008,2.4823207737012867,2.078925116997234,2.1947191510680177,1.9120204024748677
334.46485393765846,-74.75232235515408,194.6057499257151,0.8527659793005632,19.84668411215916,-0.8268641645184509,7,D06_px-1055_py-0118,0.5514051988694616,0.8268641645184509,2.6266970794492845,2.599626416994358,2.007595802665935,2.527556793722629
-319.5809110513245,-58.05748374784606,194.8015439866828,0.825595465931643,28.376587654428647,2.714320813990904,18,D06_px-1055_py-0118,0.5338365309215881,2.714320813990904,1.4407654848564821,2.366919029341038,2.5983066867353393,2.1793854419291465
339.0029027338843,-57.70066362902814,195.69416925928704,0.8516791978717074,18.56171364819801,-0.7755708579784051,8,D06_px-1055_py-0118,0.5507024774377303,0.7755708579784051,2.1650620432792924,1.058673874937343,2.187266347052744,1.8433404538437737
365.538026925125,-36.12486931733744,200.8226854487751,0.8714820522060653,3.658726718071705,-0.7054862377313074,8,D06_px-1055_py-0118,0.5635071590238504,0.7054862377313074,1.6053684413884457,2.0391684651653277,1.8913502096705042,1.9800516378637383
318.1385092577067,-27.946997339636603,184.8844546439992,0.8431773721397356,37.661218125919504,-0.6945999874632854,8,D06_px-1055_py-0118,0.5452051299563774,0.6945999874632854,1.8948773204614136,1.2110485342019834,2.132354139719701,1.8952839046566679
305.44842821825864,40.56907258200288,195.0292353016912,0.7986925920975281,36.08979336747973,-0.4749342907815566,9,D06_px-1055_py-0118,0.516440920804933,0.4749342907815566,2.120003368786056,1.5184348724934604,3.281004488870333,1.8342511991223913
-290.71744119338734,63.62518001680262,197.3440204176752,0.7754055445633318,39.30480818000359,2.319154515365595,17,D06_px-1055_py-0118,0.5013833324531932,2.319154515365595,1.8338124695232116,2.0034067405052816,1.9844634091889444,1.5218502587202107
336.5953140871784,76.60501220201039,194.17032811363143,0.8574536501100939,18.91300788579906,-0.3832032823380357,9,D06_px-1055_py-0118,0.5544362837364774,0.3832032823380357,2.1356048479673753,1.4448207864730314,1.9502086136711076,2.6355642491851325
-292.85591405504914,98.749050688188,197.8984161081134,0.7928916621946349,33.65226420667068,2.2093926337373366,17,D06_px-1055_py-0118,0.5126899938397693,2.2093926337373366,2.067399436964239,1.9263029089299166,2.4068672168652587,1.9295766515721011
350.16305913321,110.04814816738924,192.83165554819044,0.8910501160193929,8.878083644075502,-0.3024767031913755,9,D06_px-1055_py-0118,0.5761600232097881,0.3024767031913755,1.9003725905963202,2.272730684437947,1.4203034882001218,2.148376429603399
267.4152479566165,122.10004870146646,193.692005380797,0.7786139489777766,43.56161763682337,-0.1786560435272339,9,D06_px-1055_py-0118,0.503457912017978,0.1786560435272339,2.3239302362416407,0.5584431382766704,1.599682957207263,2.480736282067463
-297.9027767865741,128.8780039870857,192.61199824735635,0.8308791135170736,29.965530782959377,2.1263079763793318,16,D06_px-1055_py-0118,0.5372529790660017,2.1263079763793318,1.9271755990501742,1.9881813504291515,2.943228262072078,2.0526182143222185
228.6614277943175,153.98170624733166,200.28349271653133,0.7298646810029529,46.902447790609074,-0.0143265529675919,10,D06_px-1055_py-0118,0.47193625138085243,0.0143265529675919,1.523189494167991,1.4629071575475094,2.084866261423562,2.0050859296671795
-223.4350087210055,176.5378378580249,194.6746819499937,0.7601775404460088,47.02100417736875,1.8659329212157945,16,D06_px-1055_py-0118,0.4915367850503706,1.8659329212157945,1.653730082519724,2.7041144137237185,1.1635662097388042,1.4361129137953417
-243.6373897181288,192.21198106810044,186.9219867449665,0.823442171826219,40.637466972627465,1.8666609110658012,16,D06_px-1055_py-0118,0.5324441939929977,1.8666609110658012,1.6461026602728603,2.0574102397654928,1.3162418144919386,1.7206843619351733
304.5513585267573,201.2329285095247,196.3021470732573,0.8796052926139015,7.697365790148126,-0.0230828619655083,10,D06_px-1055_py-0118,0.5687597102527598,0.0230828619655083,1.7995085088058007,2.123358841491725,2.393178559704059,2.486377734497903
-197.82713978672115,207.0680081562327,194.58022814327228,0.7632491333839309,46.36365143530281,1.7263960521641146,15,D06_px-1055_py-0118,0.4935229012368654,1.7263960521641146,3.14392119690146,2.478159896730623,1.6464532584405493,1.7074546628272447
273.0233817758148,220.66375548357465,195.6608995279257,0.8619746427736342,15.06168379873867,0.0727553142839562,10,D06_px-1055_py-0118,0.5573595932014862,0.0727553142839562,1.7464722764854634,1.872621692344739,2.838194784367981,2.2991123020505744
202.30334584297933,235.5487870761157,196.54713140348224,0.798645004719248,33.92781448496277,0.2542016886879896,11,D06_px-1055_py-0118,0.5164101504313239,0.2542016886879896,2.299796357504285,2.2758150819047103,1.5679449294531231,2.42356243575081
-233.586337518202,239.1501856497263,194.46100399752768,0.8407941344155482,24.04187715621947,1.7374460533153044,15,D06_px-1055_py-0118,0.543664109672786,1.7374460533153044,2.0244430522795023,2.1504620544621904,1.7332988277085615,2.0114790929004833
280.01829028487373,247.93525360574668,201.45842314941984,0.8788059415926598,0.0865292637020047,0.117724595308593,10,D06_px-1055_py-0118,0.5682428435864842,0.117724595308593,2.2333236489462838,1.6816324168575414,1.8102146338226617,1.72297732463726
248.43106144659623,270.125723482138,190.94570671297328,0.8957796301102855,10.086930679991326,0.2202308660844065,11,D06_px-1055_py-0118,0.5792181642721034,0.2202308660844065,1.9070967881230563,2.3606064341417614,2.5518974056132335,2.7560479198454297
-56.10980356190864,280.7681509230168,196.14441536654863,0.7591479680845787,45.2575244043511,1.16106225855555,14,D06_px-1055_py-0118,0.49087105545223336,1.16106225855555,2.491533997987906,0.8966597912393568,1.8842775733667771,1.8718895676272802
144.93045303035674,283.8519041107025,191.74927747449613,0.824016377905116,33.36041872960908,0.4917372877637865,11,D06_px-1055_py-0118,0.5328154801662405,0.4917372877637865,1.8797729320866092,2.3866562057959544,1.982247135028675,1.9895688239819815
40.7137679870467,286.8996353525657,199.95449910557568,0.7555303415089046,40.94640300529869,0.8228486073545463,12,D06_px-1055_py-0118,0.48853186961483497,0.8228486073545463,1.411256439578094,1.0958417451108289,2.1894753226514645,2.7917555139733206
-179.10368319986634,287.7399205383672,193.6739291051944,0.8496355617852106,22.3127182276711,1.5205802245419573,15,D06_px-1055_py-0118,0.5493810462478793,1.5205802245419573,1.7064582275018987,2.048750251755312,1.877545543953079,1.4286078102150184
88.46029177392491,298.6801053363024,181.93251809736643,0.8387938326994263,43.436724558451374,0.6758768243779282,12,D06_px-1055_py-0118,0.5423706988281347,0.6758768243779282,1.966896804210266,3.025903479021858,2.0766382005964212,1.854633674096467
-108.34969324614524,303.9135289197735,195.5131113061436,0.8204484740189962,28.922889618340093,1.3062836796577617,14,D06_px-1055_py-0118,0.5305084454115396,1.3062836796577617,1.921815413653158,1.0505218784836692,2.4354170813372185,2.6204020319792054
187.36713044572963,306.99152987670107,195.0466186675954,0.8754660778300305,11.187554028849776,0.4158339596338639,11,D06_px-1055_py-0118,0.5660832613717481,0.4158339596338639,1.9909695867446167,1.901523007626554,2.0947693302965558,2.929606401400083
145.72403163591153,328.63420467017386,195.3309452499029,0.8745319199537654,11.084601064720516,0.5464455778031844,12,D06_px-1055_py-0118,0.5654792275312333,0.5464455778031844,2.1013316037648826,1.7678438089259578,1.895332926146411,1.7963494832015852
-10.598858736081043,349.7686813050733,195.0172161321851,0.8620265085709824,16.032413571463167,0.994110005842052,13,D06_px-1055_py-0118,0.5573931300345629,0.994110005842052,1.8507254435285416,2.022069471679184,2.886484603207184,1.7007175508608898
64.54795240843028,349.55319043058125,196.1859472654535,0.8668233752143639,12.537577486800217,0.7812152904495001,12,D06_px-1055_py-0118,0.5604948217878075,0.7812152904495001,2.3643783436061914,2.4595795611619025,1.4254418713922699,2.3853132157336834
-28.245006847708613,-351.96228241493145,197.43778515749423,0.8603791830777138,12.894879505855442,-2.2578543446650285,3,D06_px-1055_py-0118,0.5563279563957605,2.2578543446650285,2.1593617913692142,2.2635930167974045,1.7357347191913597,2.076782348315424
15.483475205544435,-351.2089199947956,197.1523056641645,0.8589280101125869,13.84142688462174,-2.13371816304122,4,D06_px-1055_py-0118,0.5553896165266136,2.13371816304122,1.8616818805688322,2.0838820910547753,3.07647023990199,1.6171475359968168
35.58776728107834,-352.5777808776129,198.8272977998642,0.8586942293620027,11.35977530018232,-2.077180625892354,4,D06_px-1055_py-0118,0.555238452051955,2.077180625892354,1.8025623420535706,1.4626283593796128,1.5082443820838887,2.5605677526559854
-42.58186941404303,-343.8596429442877,195.7429477000329,0.8552982042700951,17.25227695082259,-2.3009836424195256,3,D06_px-1055_py-0118,0.5530425554793631,2.3009836424195256,2.2090568210119095,1.740223285628236,1.8118430421072493,2.2261167028916047
93.21668888398764,-341.1981727465082,196.3095902678689,0.8640619446163411,13.328577975911116,-1.9110801856747592,4,D06_px-1055_py-0118,0.5587092590132279,1.9110801856747592,2.6172847304639966,1.8342202893969617,2.0787935079284523,0.8593665451418473
-28.721252108455943,-334.85187074589857,195.12729814998207,0.8417376756374695,22.73378875805963,-2.263339445782135,3,D06_px-1055_py-0118,0.5442742108585085,2.263339445782135,1.4125706404161753,2.0121106130158193,2.1169444762249494,1.8359500305634535
5.516202677762906,-304.6241682043185,194.3223694656868,0.7948682541746772,38.19064986459949,-2.159669613501769,3,D06_px-1055_py-0118,0.5139680737823263,2.159669613501769,1.6250686636698557,2.100769760700981,3.2302858452969336,1.5803017500410839
-99.51966294983252,-301.6713344184041,188.7993723251616,0.8301000470321964,35.85901606647138,-2.4964281240235007,2,D06_px-1055_py-0118,0.5367492285407068,2.4964281240235007,1.9795200192008173,1.9274505519261802,2.226370942580322,1.585365615849705
109.88154368666808,-298.51402965889343,193.39861049621345,0.8187805899217576,32.529941870910136,-1.8250725218021369,4,D06_px-1055_py-0118,0.5294299784174841,1.8250725218021369,1.7379624421800184,2.2355633716678067,2.214494630335139,1.2184965853203704
62.743788158925234,-284.0041892333615,195.85563490172032,0.7677295587200152,43.429110687239415,-1.9603428822137392,4,D06_px-1055_py-0118,0.4964199795484201,1.9603428822137392,1.6285805223498735,3.068859626003554,1.9412076243233205,2.0048862659328752
209.4138234642509,-284.9269460262545,195.81480126695865,0.8651736776205894,13.697228629331278,-1.5439611186999538,5,D06_px-1055_py-0118,0.5594281143301345,1.5439611186999538,1.349383357124072,1.8824692208647917,1.7925553096714706,2.6682796672808844
183.10614302669143,-267.20237349441726,195.51778600386623,0.822397412140247,28.314803656944434,-1.5770034112625808,5,D06_px-1055_py-0118,0.5317686441511914,1.5770034112625808,1.6161195145810252,1.8947488561334733,2.669939024159409,2.248718547099413
-194.20556527905543,-236.33423621479827,196.8106221711124,0.7905010382954725,35.8804042183325,-2.8656337240761607,1,D06_px-1055_py-0118,0.5111441975972634,2.8656337240761607,1.7495483048955367,1.4363558101429454,1.7089803427758417,1.4684580693946543
169.77437548093172,-230.6812513555414,196.89975314962624,0.7574059276746037,44.663778485706246,-1.5433148785713935,5,D06_px-1055_py-0118,0.489744638402284,1.5433148785713935,2.033433785585549,2.3777198173998952,2.0135443477377715,1.6698227301315516
193.83167487955407,-228.6134329897709,198.0111211596746,0.7772774463270299,37.86049282836575,-1.4745267862890716,6,D06_px-1055_py-0118,0.5025937188772889,1.4745267862890716,2.577064972103122,2.5938167317748295,1.2301217469797068,2.047568041239093
219.4233596981887,-190.8975228090158,196.83408263675915,0.7652199346341416,42.72945837312761,-1.3229685707127072,6,D06_px-1055_py-0118,0.49479723684790367,1.3229685707127072,2.149452756112173,3.26873985197936,1.9919371482258805,1.195550379444193
260.2853452072766,-192.37592941879743,197.91768312526503,0.8159117140055134,26.79925223778963,-1.2434656569970517,6,D06_px-1055_py-0118,0.5275749406538693,1.2434656569970517,2.213731597346408,1.7086413725523522,1.900723847948394,1.387570256632964
-306.52216417249724,-179.73158655903765,191.3148651043237,0.8790177576223714,15.734030558310792,3.064941013946072,19,D06_px-1055_py-0118,0.5683798054996256,3.064941013946072,2.163293908619419,2.5087340050555644,2.8368470120632865,1.3358400860596689
313.2048566941818,-170.18002145272297,190.8699347840513,0.8817101789374662,15.454686712099772,-1.1047032449018197,7,D06_px-1055_py-0118,0.5701207463283251,1.1047032449018197,1.864463019006024,2.3932998616898047,1.5641571934138667,1.582520418045367
274.2933083925506,-152.37064730595225,195.2959144177821,0.8070771974253595,33.266209516355445,-1.114037572987714,7,D06_px-1055_py-0118,0.5218624726497039,1.114037572987714,2.4106330639223903,1.19461914888524,2.7882258920744647,2.4295746131617877
-303.2585761954816,-139.71706608071602,198.89497974339417,0.8289779214383228,21.259258530184752,2.966345343112972,19,D06_px-1055_py-0118,0.5360236532934932,2.966345343112972,1.584309346799882,2.3079949439007934,1.4353287638254302,1.648944460837673
332.55411717292554,-141.25938919480762,166.97720343495826,0.9527349437228836,27.482018290301028,-1.0086563110472009,7,D06_px-1055_py-0118,0.6160459186520165,1.0086563110472009,2.686705315780859,2.2142268526611035,2.137861480158831,2.356674537549519
-350.29737056559986,-121.04637162553084,197.9359568526665,0.883000106696227,3.853186731590938,2.8673209324904763,19,D06_px-1055_py-0118,0.5709548237770176,2.8673209324904763,2.1045923769522297,2.0390344280176853,2.521416425332683,1.6782250652016217
-268.48852855275385,-118.54402191895537,198.83007334451065,0.7647160617865625,40.09529035950936,2.9503957543797417,19,D06_px-1055_py-0118,0.4944714286959976,2.9503957543797417,2.3084165636871457,1.3603193039132857,2.000371186467372,2.3715245677256673
296.0610304848982,-102.3154509934714,175.6260528374246,0.8590485118476127,46.75644527365864,-0.9397193848896944,7,D06_px-1055_py-0118,0.555467533897591,0.9397193848896944,2.0950909881512354,2.0619083846267605,1.467689329746754,1.4275242248662223
-322.1887932580694,-97.28816512963247,196.88965800089824,0.8379715762743801,21.327107404542858,2.827867215517569,19,D06_px-1055_py-0118,0.541839021347349,2.827867215517569,1.7908319518712315,1.6106099080658072,2.2006751980224566,2.058640499325578
336.18886839665686,-90.2757828156535,193.568263252604,0.8631196567039439,17.87866909844263,-0.8693179284026886,7,D06_px-1055_py-0118,0.5580999682273151,0.8693179284026886,2.226778653446085,0.5004552142753578,2.4176056744040775,1.8628480190695564
362.46161535451984,-69.37652435278402,196.9164253607485,0.8834370504653501,5.294090539965112,-0.7960960008976191,8,D06_px-1055_py-0118,0.5712373550596395,0.7960960008976191,2.376443736548767,1.5361206670930811,1.394983963958281,2.298524016545282
283.9685237260603,-20.6019904579056,199.73364849192143,0.7472954112698904,43.35275160515352,-0.6794029027284247,8,D06_px-1055_py-0118,0.48320709886138147,0.6794029027284247,1.802928145552142,2.0617255489140103,1.9435177294196877,2.1660984639020073
-351.76147352021457,-11.192015853371144,196.8921529131802,0.860128459075703,13.819504461491022,2.5664194517103898,18,D06_px-1055_py-0118,0.556165836281279,2.5664194517103898,1.4864990582112845,2.353893068418426,1.9191325165470043,2.1215908268309214
337.67793837357533,-6.831526496338081,193.2803651873372,0.8489128929524525,23.14915915370028,-0.6272076661769523,8,D06_px-1055_py-0118,0.5489137628886503,0.6272076661769523,1.6491447690238954,2.0787052757776783,2.701120420809208,2.0997804621598775
-360.2559512189153,1.2396796423789824,192.44561554534624,0.8828866213335024,12.543489928968654,2.531172027319881,18,D06_px-1055_py-0118,0.5708814432476333,2.531172027319881,2.2163855449042686,2.046278181641437,2.513921992808183,1.99759230660582
286.2080044276541,5.637614930239946,197.4271097163113,0.7557956862062055,44.35071137556747,-0.5872844643001442,8,D06_px-1055_py-0118,0.4887034435860482,0.5872844643001442,2.0016349183806486,1.8756734444788283,2.1154053796841983,2.155995753783979
-344.7194373639118,6.884245436907227,194.91280824045555,0.8549700716067197,18.62986464090613,2.5146452008635025,18,D06_px-1055_py-0118,0.5528303823147483,2.5146452008635025,1.111690361488983,2.0858618866756347,1.2255821234012165,2.101168669912213
-355.6954557973359,14.875250526864995,197.35693092965,0.8646402248169921,11.509655652731794,2.4928172892289124,18,D06_px-1055_py-0118,0.559083179545686,2.4928172892289124,2.4890423931800507,2.0103316906577797,1.3156106377175276,1.8596213925151792
-340.3763894728907,22.3436084648806,195.44936258553707,0.8482905160376663,20.075661522336247,2.4690633416458265,17,D06_px-1055_py-0118,0.5485113290735127,2.4690633416458265,1.1941976058764425,1.5919415399619474,1.2952379299689425,2.7516819025815336
319.1700355677956,27.07573366831245,194.8510921138605,0.8185192927092035,30.48332161004663,-0.522350461887481,8,D06_px-1055_py-0118,0.5292610215817873,0.522350461887481,1.874421315774991,1.6607437385336863,1.2728525770163475,2.2657640704944635
-342.8061510589037,40.89155280067652,197.00388195525025,0.850326446482668,17.034556208819026,2.4158893324131827,17,D06_px-1055_py-0118,0.5498277777348809,2.4158893324131827,1.735728106477798,1.197446183563089,2.1860465307538988,2.0435340952620207
-327.0028311435963,55.81458570692042,197.57251264710152,0.8290619733756841,23.189819251069764,2.3655569611419445,17,D06_px-1055_py-0118,0.5360780019382106,2.3655569611419445,1.6030975530517102,2.142242520555719,1.9230429340928243,1.460966769099707
322.0926985283518,54.51183328121933,200.59934313103952,0.8138164215291914,23.535539714777546,-0.4393255095181637,9,D06_px-1055_py-0118,0.5262201080354953,0.4393255095181637,2.1823842874824555,2.393389654348046,2.11535668812327,1.6507002498831005
321.2743903367289,123.97318612318486,198.5514806182036,0.8451891475817995,16.43573042493813,-0.2387049913487867,9,D06_px-1055_py-0118,0.5465059598025935,0.2387049913487867,2.641292773368293,2.0025409449160785,2.2239772587050055,1.594355802996929
-283.2716095875914,122.73381907020024,189.78244060700467,0.8132661303856257,39.44771528024063,2.1257564487884006,16,D06_px-1055_py-0118,0.5258642854477993,2.1257564487884006,2.1723499487164815,2.2563450145369837,2.0314178626128796,1.662863879002754
294.3114420240391,157.70849632615733,195.7518516395557,0.8369166309681694,23.37035814703404,-0.1150603965276928,10,D06_px-1055_py-0118,0.5411568854032712,0.1150603965276928,2.166316177353187,1.6349281441237995,1.0232529381537756,1.4801574946512495
-269.0255155965996,180.2976652242181,195.9955351335948,0.8210781852698127,28.021072868245938,1.9441766505070248,16,D06_px-1055_py-0118,0.5309156216661218,1.9441766505070248,1.549115027789227,1.992977219036233,2.611367148870853,1.4721702265042005
254.30003479171947,198.28202117866016,200.31147083902607,0.8080609104185915,25.71624618392383,0.0552706910971524,10,D06_px-1055_py-0118,0.5224985492191614,0.0552706910971524,1.9515017176384246,1.992842823082164,2.4267801272277914,2.685551277026435
-299.4823815382032,209.16302447698536,200.96967222126884,0.8683955796452513,4.5703762022227465,1.9249516250669791,16,D06_px-1055_py-0118,0.561511421555997,1.9249516250669791,1.6253571546935455,2.1041158647199794,1.6648110704694123,1.7673314303665526
-197.76913181141305,248.43209674072813,185.0614929280065,0.8398552579495773,38.42752788406955,1.6361562864470014,15,D06_px-1055_py-0118,0.5430570247550022,1.6361562864470014,2.160043396725743,2.373230575080692,2.361215670415749,1.221846072183685
-217.17949916496383,260.22927390154285,192.80742386877887,0.8518882847965353,22.87413986424224,1.6592843593869082,15,D06_px-1055_py-0118,0.5508376746901585,1.6592843593869082,1.6512785415840945,2.6070225855783375,1.5696969615229814,2.6854590150963333
-143.27323759050185,268.33719712897584,201.6985720526428,0.7754478263709859,33.19546178497984,1.4542384169856408,14,D06_px-1055_py-0118,0.5014106722030471,1.4542384169856408,1.6520946552151892,1.5127332001434768,2.02774203065325,2.728881151640336
69.96754677285533,271.67262063439483,195.12219928189432,0.7515738004279974,48.5782723878491,0.7117509643223826,12,D06_px-1055_py-0118,0.48597353898895534,0.7117509643223826,2.194149904575837,2.599082435804367,2.383039466224703,1.9230852852545326
-179.84881990019036,270.026244124197,190.78311007053952,0.8354011759556009,31.266590685365315,1.5513868128210526,15,D06_px-1055_py-0118,0.540176980255943,1.5513868128210526,1.4998835197877811,1.5660260465118854,3.241430575424906,1.510341857613151
115.47234947242784,282.1376640323891,194.12852729977203,0.7956610717775154,38.2431967293158,0.5753390003892035,12,D06_px-1055_py-0118,0.514480715888803,0.5753390003892035,1.655942239958855,2.6644911492333883,1.1268128888393913,1.2479143521497047
86.02647035362058,288.6616220912459,195.9191467842902,0.7850557261728253,38.66720597688516,0.6741789861969661,12,D06_px-1055_py-0118,0.5076232158897646,0.6741789861969661,0.5816235582592035,1.5262922188136585,2.453663746297351,2.3535096698771474
-136.41179651907456,325.6112610762396,196.4530585021409,0.8627622987481135,13.56716518816694,1.3605439527352745,14,D06_px-1055_py-0118,0.5578688977584113,1.3605439527352745,0.762264631872376,1.575797710429046,1.7491642587241567,2.121234891031169
-132.98586406383353,338.9943596417087,199.6250637152964,0.870155032522438,6.007511272634019,1.3376635178189686,14,D06_px-1055_py-0118,0.5626490976443915,1.3376635178189686,1.587249077187999,2.2253869883465143,2.4234226654231996,1.6712305652544412
35.6290699064586,350.6977326041514,191.3955463635837,0.8748835251665166,17.095066611159552,0.8625693721554756,13,D06_px-1055_py-0118,0.5657065782311517,0.8625693721554756,1.5571994724618432,1.99640993767088,2.9277590922789605,1.4176150444276197
81.2231081752606,347.67750831513536,194.3682823623214,0.8735909488878086,12.926206944216176,0.7343165902690235,12,D06_px-1055_py-0118,0.5648707882286008,0.7343165902690235,2.2365652166208436,2.2125101349214784,2.258015947800239,2.7610496542662606
6.5892903919077,350.71627008395456,196.7969965992885,0.858732998200013,14.453408462320056,0.9450309107728028,13,D06_px-1055_py-0118,0.555263520287968,0.9450309107728028,2.304721204420617,2.2486502976118343,1.4961217437158885,1.3244675573140494
72.60142987829077,359.822871612633,197.6327372476485,0.8790313695266447,5.824888487440717,0.7647199753754442,12,D06_px-1055_py-0118,0.5683886070641404,0.7647199753754442,2.864211583232971,1.9476853821165314,1.8322361036656662,2.453678922697539
56.52611566179976,-353.6754376773854,183.2077189770041,0.9040621362229904,19.393979540352632,-2.019291401557957,4,D06_px-1055_py-0118,0.5845736979602079,2.019291401557957,1.5652156304197642,2.354510516099929,2.6709143115014626,2.103918256208977
-103.9603841655538,-350.2283920254617,194.7682192856752,0.8838625965325287,8.52053092121264,-2.466327350627274,3,D06_px-1055_py-0118,0.5715125164984122,2.466327350627274,3.327848824662202,2.4492409498688668,0.3619589308919138,1.7533634913203806
-0.4204246568909953,-348.59727852815627,191.8245316217851,0.8682928315679482,18.76183884986932,-2.1789819049146533,3,D06_px-1055_py-0118,0.5614449838399366,2.1789819049146533,2.0820550717861606,1.8104946110498497,2.279683969744838,2.6986408503269033
-149.82371256497206,-324.08182152707474,193.5302000249504,0.8757158933444548,13.46410711247131,-2.610813002354472,2,D06_px-1055_py-0118,0.5662447940510007,2.610813002354472,2.1592492650347985,1.542735999393899,1.7277347532657672,1.958375488160041
-18.22041709764545,-320.18738938740023,194.46031864100985,0.8201261456725846,30.56536792289745,-2.234620033329349,3,D06_px-1055_py-0118,0.5303000253639901,2.234620033329349,2.2931937197937975,1.946123603177167,2.1277149590445834,1.257852352682898
-179.522064156469,-318.9160590706581,194.70705167268403,0.8848744603938893,8.237583197346737,-2.690479159847611,2,D06_px-1055_py-0118,0.5721667956409267,2.690479159847611,2.576753065142184,1.1447783191331986,3.6256874576216216,2.9432797237819006
95.58524662827354,-303.3156356029764,193.64685279925624,0.8180230694044198,32.395853708664504,-1.8724926034375915,4,D06_px-1055_py-0118,0.528940159684503,1.8724926034375915,2.1892413438885634,1.6058814354236954,1.9045421146478019,1.4911499651503441
-188.5612656114048,-302.3628300077202,195.1398029919649,0.8706756382948463,12.77755824107453,-2.7353863840158903,2,D06_px-1055_py-0118,0.562985725437286,2.7353863840158903,2.127853935058589,2.1484643259051324,2.3230850864864223,2.0139253624239144
-58.16689033667488,-297.0906656205292,193.92193718247992,0.7927014353974832,39.37181599715064,-2.371118491724308,3,D06_px-1055_py-0118,0.5125669916944449,2.371118491724308,1.276549521265637,2.0781011615970595,2.5708216772308052,2.673217329449593
215.8333862532168,-262.04358359065327,194.8705730130289,0.8473960890339471,21.24952588648216,-1.4887769164288622,5,D06_px-1055_py-0118,0.5479329855281189,1.4887769164288622,2.5613083594817,1.9223654593091841,2.8153458034209793,1.4002813131654204
108.37502075025073,-256.4086941145312,192.7984976054068,0.7536830607777864,51.23696122380767,-1.7778845058984063,5,D06_px-1055_py-0118,0.48733740334432846,1.7778845058984063,1.7237296352276625,1.6892803036638147,2.200149689386393,1.8082411189467917
-181.13031118616163,-248.12179069220664,195.77393379673987,0.795277312665305,36.00150726832999,-2.8083573071601675,2,D06_px-1055_py-0118,0.51423257422424,2.8083573071601675,1.3396573725722507,2.439592782553733,2.225837449861169,2.01387354168166
280.46728639880433,-238.9478672018924,195.8996909797181,0.8851933358921946,6.234070248533271,-1.3126123560048195,6,D06_px-1055_py-0118,0.5723729830496949,1.3126123560048195,1.1993929799049017,1.88310411519244,1.342058264918065,2.0221951180741033
-280.33185757935,-186.36589439327904,198.00396064051105,0.8352690534912454,20.54643680445736,3.1213254593348405,19,D06_px-1055_py-0118,0.5400915488298526,3.1213254593348405,1.4007447278825653,1.8243868363163251,2.9458874634946945,2.1132534390366855
282.698837348319,-139.36391375982058,196.87741236579848,0.8052890707384391,31.50966122937353,-1.0649926569601873,7,D06_px-1055_py-0118,0.5207062558500916,1.0649926569601873,2.574784878346371,2.3099867301871786,3.3080756566063654,1.450835523844554
352.85979160260115,-106.3033304690379,190.91227287733352,0.8978922619184132,9.331299487161232,-0.8995939400191304,7,D06_px-1055_py-0118,0.580584208638993,0.8995939400191304,2.6001333288874795,1.7594623113185317,1.994066333879369,2.53063205414049
286.7344512147341,-100.214902605576,195.2541659243129,0.7909461301511638,37.96799791795365,-0.9432126139924636,7,D06_px-1055_py-0118,0.5114319974968372,0.9432126139924636,2.7719862078997135,2.638424244848789,1.77220593376538,1.982826858071804
325.23908053496825,-94.18749988600204,187.5016228948973,0.8651857873707052,26.51204995228472,-0.888863014882283,7,D06_px-1055_py-0118,0.5594359445899395,0.888863014882283,2.376240279087037,2.5414499229080327,2.140795850640857,1.770863249491917
-350.3134544977908,-85.09763229747976,195.8134828031609,0.8746945589628576,10.272812559274712,2.7729158551150577,18,D06_px-1055_py-0118,0.5655843911955084,2.7729158551150577,1.412227914093549,2.488650213037298,2.027721703998858,2.4642715864109057
350.7425379123683,-63.2190027660724,195.0753884678444,0.870912683346722,12.792313578072992,-0.7853081529290149,8,D06_px-1055_py-0118,0.5631390006348703,0.7853081529290149,1.4561640371991464,2.177546913614864,1.8129045620741868,1.040697810775281
-355.102202305026,-26.47245301483097,196.567249117882,0.8667316783796536,11.981260069064431,2.6090243060826674,18,D06_px-1055_py-0118,0.5604355298922505,2.6090243060826674,1.3340167901052533,1.5987261028302568,2.421110828242076,2.245012027451496
302.8352654151677,-23.052153865410567,195.88247575694604,0.7892881474741301,37.54031588496855,-0.6829541160905769,8,D06_px-1055_py-0118,0.5103599328390729,0.6829541160905769,1.2971424135696,2.1072526162357343,2.1386420486707642,1.2063979676923533
352.04890810582776,-11.891310397658204,191.6707336282057,0.8738227809905523,17.044825227122942,-0.6407441335439052,8,D06_px-1055_py-0118,0.5650206926922176,0.6407441335439052,2.24402971946934,1.8674190922578715,1.2899946597971894,1.6398712997639862
-331.7643085003604,-2.065217441698818,196.7458390030008,0.8312081999079891,23.729056549575542,2.5408379949977147,18,D06_px-1055_py-0118,0.5374657689183558,2.5408379949977147,1.3015308316469811,2.63348267147696,2.1841276939061016,2.5866651766809277
-355.8070824050163,46.579658535621846,193.8037269708796,0.8775009823442935,12.38738080149227,2.404440711119886,17,D06_px-1055_py-0118,0.5673990466582202,2.404440711119886,1.7466426250255573,1.4735218224129984,1.9555900882123916,1.9338159712646525
-339.00682865151435,96.71112583341106,196.06101034862752,0.8630501327054138,14.068594550198496,2.2567170429180874,17,D06_px-1055_py-0118,0.5580550134622726,2.2567170429180874,2.2129222454375195,2.645248509474315,1.895481219120169,2.139974736930852
-356.51414682561307,96.27313702407235,192.3665971879808,0.895195355490208,8.037658449880325,2.2708638570043185,17,D06_px-1055_py-0118,0.5788403677008301,2.2708638570043185,1.2472809862408611,1.9165139047009605,1.8651063899383273,2.5724682196039463
301.7706479795482,104.20424423205829,193.8680491321329,0.8193874110663827,31.65844813632134,-0.2744895083606353,9,D06_px-1055_py-0118,0.5298223537491134,0.2744895083606353,2.3419712695950947,2.222240787230868,2.063844837328617,2.275820006189298
-280.8607321557076,111.19050346503585,195.30716513165987,0.7880487553874546,38.70281807494786,2.1576531743328,17,D06_px-1055_py-0118,0.5095585321539856,2.1576531743328,2.265626423926462,2.412603224730396,2.3948968228556278,2.31879673102239
321.3233713924798,111.01208788198583,196.36328187017816,0.8442998804747427,20.02948811758779,-0.2743335144761598,9,D06_px-1055_py-0118,0.5459309526870225,0.2743335144761598,-0.03289805755909625,3.0365709469517146,2.2828991254192594,1.454220770707698
280.944886218293,117.95912146174994,190.34402421441783,0.8052549579085445,40.94842267117946,-0.2094657071863112,9,D06_px-1055_py-0118,0.5206841982255983,0.2094657071863112,1.8587063944187385,2.2244727512603957,1.3934966464892296,2.1756960057011074
307.956077275145,124.62053511077475,193.73950790369696,0.8395354779978479,25.53158588563332,-0.2224539283125194,9,D06_px-1055_py-0118,0.5428502525195262,0.2224539283125194,2.4530209247371912,1.7096791568380199,2.012568477987296,2.718055129030516
265.03814915191606,171.2576534775818,197.4870109756896,0.80433087859043,30.913657005167806,-0.033306917315492,10,D06_px-1055_py-0118,0.5200866812601654,0.033306917315492,1.8524277590962925,1.372889098177142,1.726876696026221,1.9662624597590965
247.6267598981528,183.0652704986697,198.96135997100336,0.7884166664108662,33.41684832716072,0.0296247726045382,10,D06_px-1055_py-0118,0.5097964263195068,0.0296247726045382,1.7433614658530838,1.458121913293023,2.584070872680578,1.931530956894978
252.0421236506637,190.02393256073384,187.162678393844,0.8312686455356938,37.92933946498522,0.0390366254859494,10,D06_px-1055_py-0118,0.5375048535373186,0.0390366254859494,1.4233034999882754,1.7378929459823147,1.586333027077401,1.166115022569198
185.26166499897064,225.43215775018507,182.0142559927944,0.8059759754263541,52.77226505530649,0.275919778506557,11,D06_px-1055_py-0118,0.5211504138315753,0.275919778506557,2.5575180196336147,1.8907122906865599,2.0554857313933947,1.9136505292804467
216.2469051243984,239.30900427652423,194.5489202942532,0.8227424226804964,29.632349506610296,0.2289995322863636,11,D06_px-1055_py-0118,0.5319917306839285,0.2289995322863636,1.9860406490228466,2.75438755171442,2.0860434053245194,2.323246001430042
-271.6148664386309,244.95918429041737,197.9458699003754,0.8764890983561746,6.2825081842291866,1.800770125648786,15,D06_px-1055_py-0118,0.5667447545015852,1.800770125648786,2.4080048448841396,1.3700767763026134,2.2390665005617065,1.6041483589181165
-234.51948433223868,255.19580908411976,192.5202130464911,0.86365521091848,19.30532520762557,1.7070189066375585,15,D06_px-1055_py-0118,0.5584462618006281,1.7070189066375585,2.3179451504129873,1.9070106285306108,3.0932677645558764,2.1308681640381786
-104.77963516152884,285.62976728959416,189.56395861158688,0.8065487150195154,41.70517506029688,1.3154119381195004,14,D06_px-1055_py-0118,0.521520751763591,1.3154119381195004,2.6804014278060135,1.5685299836810611,2.0963953636463897,1.6088187165412002
136.26446077797428,311.6670927345841,178.63847683500126,0.8912240376060985,31.39609991702053,0.5516484660955884,12,D06_px-1055_py-0118,0.5762724822776132,0.5516484660955884,2.1240686461926392,1.9275490400641435,2.3145016840205708,1.8992647871199284
-163.44621518547564,312.92647026008245,189.1032916662021,0.8815532707899577,18.289793848334284,1.4451566855081022,14,D06_px-1055_py-0118,0.570019288284288,1.4451566855081022,1.43155206204278,2.532310709430588,2.4266651422805765,1.3469188911960686
-9.872566274316604,337.2485361322291,191.4864237872734,0.8530154255250731,24.50486176418042,0.9930822966263094,13,D06_px-1055_py-0118,0.5515664927629469,0.9930822966263094,2.3933986866644545,1.372850475972684,1.6339003369702156,3.0037321514941033
-51.71405789193263,341.7679228369868,188.32055025264447,0.8732044407237824,22.48048009761056,1.1139909688180023,13,D06_px-1055_py-0118,0.5646208690054813,1.1139909688180023,1.7220596334193337,1.8458556480081612,2.143186706947592,2.160215102404121
-127.41062460678307,-352.5568434735989,196.53777031839627,0.8920549084544857,2.59288160285206,-2.5245616861001645,2,D06_px-1055_py-0118,0.5768097299123811,2.5245616861001645,2.1825185384850707,2.2192114755028824,1.4624630984651033,1.4563150264973395
-125.79142868409828,-354.4295042578239,194.5746243108302,0.8985352046699587,3.2030603784510845,-2.5188202669014204,2,D06_px-1055_py-0118,0.5809999404861621,2.5188202669014204,2.9264113542298444,2.141427647208448,1.9218531241094108,1.616564964533142
79.02472857817962,-348.0305034741249,190.2304171530455,0.883957294214184,15.641397330201414,-1.9544990252026784,4,D06_px-1055_py-0118,0.5715737487652393,1.9544990252026784,2.443667150775183,1.714456824948555,1.7484256006464791,0.9788518643961148
-139.56239027517836,-339.501369210967,193.48513674328112,0.8894211440973817,8.457206555377581,-2.567797739290264,2,D06_px-1055_py-0118,0.5751067171347193,2.567797739290264,1.7154164952711946,2.1020378636938366,2.3084208612040844,1.4925706733544726
143.7862790417964,-324.9828287606308,194.4473500422952,0.871084205268243,13.705828663381112,-1.7612243330413389,5,D06_px-1055_py-0118,0.5632499080602866,1.7612243330413389,2.1995853869843343,2.7322739428519167,1.1230590706238943,1.8991452464975307
154.60926167895448,-313.887970713995,194.7919685753461,0.8625555928349339,16.193640566268243,-1.7200963992010083,5,D06_px-1055_py-0118,0.5577352400868684,1.7200963992010083,2.5288818131291135,1.3125311151417915,1.7529890066297593,1.0952501828407728
-74.4600307538263,-307.5776766171066,190.33132479630063,0.8241864569854872,35.39635650546904,-2.415291622300482,3,D06_px-1055_py-0118,0.532925454639205,2.415291622300482,1.518279375600097,2.5536875153808447,2.5481850862333184,2.024070642723423
-220.24586907753792,-303.5668830116288,193.09509276978253,0.9009012877896312,4.653491649314617,-2.8054291789471137,2,D06_px-1055_py-0118,0.582529868467359,2.8054291789471137,2.408984376766139,1.1296793727346397,2.2521127063195077,2.506045415768841
-120.40376161415932,-282.628803572261,192.1580332577135,0.8046037217710407,38.51825977413114,-2.5805048634098195,2,D06_px-1055_py-0118,0.5202631038097472,2.5805048634098195,2.4032929492018082,2.305266045804406,0.930893366903226,1.9134773600974082
88.79769096062493,-284.18285457130355,193.97469614991064,0.7842413620799765,41.63902932751216,-1.8749212888088225,4,D06_px-1055_py-0118,0.5070966416531403,1.8749212888088225,2.3173236879672974,2.4293240733712453,1.8955665567982283,1.7340745485216122
221.00696597679635,-277.67092741799706,191.0358346282905,0.8791230343401706,16.133377590347152,-1.505520795498867,5,D06_px-1055_py-0118,0.5684478782545472,1.505520795498867,2.5127610854752884,1.6768004587759628,2.2083547045659966,2.753076550235253
-233.85746952731293,-275.1755340432559,195.57078349584808,0.8761543784979932,10.1172416135164,-2.882181867119537,1,D06_px-1055_py-0118,0.5665283220049259,2.882181867119537,1.8002306681779858,1.2962637027962058,1.7925605285313106,2.0725696721525018
156.22103686600536,-274.9276533808004,194.2180046988584,0.8137078681206322,32.860396030330605,-1.6610473317810412,5,D06_px-1055_py-0118,0.5261499165465201,1.6610473317810412,1.9609994231770616,1.7267761857578354,1.625862900162784,2.002448936155715
133.9293894470459,-261.8075415285242,195.2080266874391,0.774892475775669,42.433187349874856,-1.7049257290403608,5,D06_px-1055_py-0118,0.5010515781339989,1.7049257290403608,3.0314915188564155,2.0267418228153087,1.8177109140930379,2.8227717781323856
248.73300623890225,-255.7104177355413,191.48555056838188,0.8805105469120736,14.924178131953283,-1.4062087142115742,6,D06_px-1055_py-0118,0.5693450548120262,1.4062087142115742,2.7076160331902597,1.1079850617980442,1.2478217761473975,1.3550280518702031
221.84748551496173,-237.45383782570417,184.8600121184974,0.8518655560888475,34.94923153104003,-1.4263430892852762,6,D06_px-1055_py-0118,0.5508229781287491,1.4263430892852762,2.052910819729873,2.089350179060906,1.279887278140041,0.8443372360126231
-210.3114433116417,-237.0130859319135,191.0393244461896,0.8229762076107128,34.7211185278411,-2.903552886184916,1,D06_px-1055_py-0118,0.5321428978611702,2.903552886184916,1.9426903242052802,1.5373833912320258,2.4623786335506357,1.2514084790902362
238.39699173504656,-217.8735976449664,196.74788436463933,0.8177839958199746,27.933379246044183,-1.3474272427939815,6,D06_px-1055_py-0118,0.5287855728217818,1.3474272427939815,1.1085900201879042,2.5070890811784565,2.678851604030199,1.3850083519599052
214.3159552734446,-210.0942443309692,196.7707089090813,0.781075351123073,38.56325934639989,-1.382430781344861,6,D06_px-1055_py-0118,0.5050494740319059,1.382430781344861,1.8715284738494236,2.5149271879175576,2.104562640356815,0.7926623333235066
-268.30283364410576,-167.65818180613957,190.40812019601924,0.8238542929655556,35.38387542930673,3.0931291079075067,19,D06_px-1055_py-0118,0.5327106747676886,3.0931291079075067,1.4553530436092543,2.1168850052180943,2.747754427633711,2.24218276747757
238.32110560439244,-169.60467827575852,195.4002152491355,0.7717346546227505,43.00588180951303,-1.2254912179283295,6,D06_px-1055_py-0118,0.4990097061045268,1.2254912179283295,2.0666712998685277,2.2637547463174896,1.9509087179621851,1.6363559461080333
252.27591151550945,-129.4665396415163,196.41373648061096,0.7536234879458172,46.294023712777175,-1.0811267154945532,7,D06_px-1055_py-0118,0.4872988830819628,1.0811267154945532,2.8657927832238324,2.0867082658912706,1.161789937260599,2.260346954206357
265.7470946902497,-118.79274864320205,190.0141115783809,0.7832733398306782,47.492524542446574,-1.0273477662088188,7,D06_px-1055_py-0118,0.5064707108422954,1.0273477662088188,1.6212764689870833,2.193088514986315,1.309233171998291,1.8133226445897628
-306.9145347447043,-55.15129048783373,195.96298830281265,0.8022703196304879,33.71370179454294,2.712411509920759,18,D06_px-1055_py-0118,0.5187543076070549,2.712411509920759,1.7365534928409618,2.7138061508311093,1.824634647674778,1.655661906986021
358.02447644259263,-52.85487682598115,191.88181601768585,0.8865603045963729,12.072418616051436,-0.753550072864682,8,D06_px-1055_py-0118,0.573256875780493,0.753550072864682,2.4323209468648024,2.125424144460238,1.922248516146982,2.2763672752865913
369.1625849826072,-43.24145108549566,189.73610423039224,0.9050561532554868,8.449296577566088,-0.7235820871071706,8,D06_px-1055_py-0118,0.5852164372026116,0.7235820871071706,2.4063941626506375,1.9773988857510776,1.4572382694847532,1.849087674676353
342.55266434257464,-25.303193193674183,196.93617928585127,0.8479759027095256,17.933462303384374,-0.6807122028501736,8,D06_px-1055_py-0118,0.5483078976175433,0.6807122028501736,2.2380695258825143,2.23011052319145,1.9447878122787468,1.815188981925159
-294.6738132740141,49.89395043741148,192.45761689273667,0.7900696078982763,42.18730124769149,2.366884663312254,17,D06_px-1055_py-0118,0.5108652313043545,2.366884663312254,2.6148343882002196,2.2117051750613426,1.3085144371077917,2.189030471576773
292.0493167176684,56.349563012812055,191.8066823003541,0.7893619254594835,43.306661595623154,-0.4163763822442499,9,D06_px-1055_py-0118,0.5104076382655011,0.4163763822442499,1.669178184291612,2.019632557674406,2.0262387151619885,1.4243353371177292
336.72530052298566,59.985716250327656,192.6736696831229,0.8567090463048778,21.453256722221965,-0.4306845685768143,9,D06_px-1055_py-0118,0.5539548170512903,0.4306845685768143,2.570323527727859,1.9318550542477817,2.360196811708368,1.4314014781129751
357.7824888003867,70.54715131949523,193.9544121660596,0.8850275313374253,9.36858018139992,-0.4122980507538466,9,D06_px-1055_py-0118,0.5722657725186521,0.4122980507538466,2.3924913921790902,1.8882791079537251,1.847473979125341,1.845990193677825
267.09192103321686,106.67547732853686,196.32706417917143,0.7609228815678158,44.5487656306662,-0.2269938480662858,9,D06_px-1055_py-0118,0.49201872849027267,0.2269938480662858,2.009983366268116,1.9254939888669078,1.5102732968480965,1.883093467305668
-298.6342579280954,113.08383523572756,194.42241121971136,0.8180762313948088,31.245301499487823,2.1726288035186205,17,D06_px-1055_py-0118,0.5289745346462091,2.1726288035186205,2.0513431159117808,1.7770414034864102,1.7286106531662184,2.685179276909903
-322.30183752456907,121.80615032519646,192.8878208422602,0.8597969286978406,20.071751525808565,2.1732799171539847,17,D06_px-1055_py-0118,0.5559514661277154,2.1732799171539847,2.2395914048953003,2.8258910760997495,1.144333371950448,2.0693499486036107
342.62241304646034,124.39525158372416,187.59028011586847,0.9011008251778632,13.44316412114432,-0.2587105605849304,9,D06_px-1055_py-0118,0.5826588909142092,0.2587105605849304,1.3481665906000146,2.0872978431012403,2.3865308547006805,1.9691188430303024
-311.0461982000672,128.66572732096975,191.39931084378983,0.8520859403031238,24.946637181245308,2.142391138016961,16,D06_px-1055_py-0118,0.5509654802975157,2.142391138016961,1.6058708655424592,1.970137090448737,2.344040924587377,2.367903722302443
-345.0535406419242,133.96009917966816,192.86897552090903,0.8950585929593374,7.286942918824536,2.164294385677244,17,D06_px-1055_py-0118,0.5787519359711845,2.164294385677244,1.9283811777171636,2.020588073516751,1.83802628992628,1.662266024277895
-285.1100435386742,137.59132431686783,185.88283677466453,0.8361396423822679,38.34440754075087,2.0849900733501405,16,D06_px-1055_py-0118,0.5406544784638203,2.0849900733501405,1.942501391460841,2.278861334433114,2.0034346065117097,2.7613064207785154
241.13185240962207,146.53780628065638,197.5809050598908,0.7482155027351495,46.05758368849428,-0.060911499594534,10,D06_px-1055_py-0118,0.48380203724974846,0.060911499594534,0.9968189578951057,1.8640406963888934,2.1477760246920043,2.6271114689583355
270.5967241515738,150.9337128140145,184.42651486937328,0.8293595817587596,42.56029637739317,-0.0981820547282749,10,D06_px-1055_py-0118,0.5362704378627646,0.0981820547282749,2.032313467286853,2.386528407740558,1.9187226731120963,1.5257178380274514
255.6012407451661,153.72594753258096,188.5578376925719,0.7992983350796811,45.19758251218093,-0.0655101054439966,10,D06_px-1055_py-0118,0.5168325989882158,0.0655101054439966,2.071508507098593,1.3605477602993847,2.557800293055883,2.0695018147586675
-260.9478942423495,168.17956970392865,194.06363381323257,0.8049174419390608,35.67876447007404,1.9621177057396813,16,D06_px-1055_py-0118,0.520465957741348,1.9621177057396813,1.9285050549352039,1.765104403286396,1.0404354453431415,1.7276279165054553
252.2612951308144,167.60879496888307,198.05491083792688,0.7823815812843818,36.39305982354364,-0.0205302265456041,10,D06_px-1055_py-0118,0.5058940927424889,0.0205302265456041,1.1676902372145064,1.6938268561505252,2.1489779134479203,1.7861070561373018
-326.4360030722951,171.9441622542355,196.7145135457449,0.8838208004391392,5.467291868349548,2.049809625775525,16,D06_px-1055_py-0118,0.5714854908152273,2.049809625775525,1.5758788619042403,0.9440436618347747,1.9138976739899793,1.901822113617546
266.6649234032941,185.68078344022427,195.41105281442665,0.8242388316859736,27.900578684260267,0.0012639364239649,10,D06_px-1055_py-0118,0.5329593205330592,0.0012639364239649,1.4637476101015694,2.0366117787810305,1.9145314036605137,1.068016253503516
305.21608157552794,213.1520198021,182.9216859971772,0.923507144336565,12.30432969105152,0.0026478137481343,10,D06_px-1055_py-0118,0.5971469933614598,0.0026478137481343,1.7046736696712355,1.2324755661931714,2.010038939201959,1.895003755705836
280.30075883745315,237.12625488687755,192.37798176452048,0.8923330106496252,9.11301139267198,0.0951707135241337,10,D06_px-1055_py-0118,0.5769895529821789,0.0951707135241337,1.7437007322463756,1.9677014115859084,2.14008775843455,2.6403126311571015
-156.49158200035444,248.65493669929648,194.34644130302985,0.7766369237773572,43.1732096247207,1.525539807839233,15,D06_px-1055_py-0118,0.5021795519517129,1.525539807839233,2.098623844863307,2.808352583596492,1.9324845174954335,1.874679302551207
233.53365258198767,261.287266413094,182.51636199293,0.8952876961436385,23.75516775442668,0.2344481249459405,11,D06_px-1055_py-0118,0.5789000758946424,0.2344481249459405,1.5547717108054104,1.7102701093545583,1.3417845663969397,2.668209734163365
-223.0560002254329,272.0461476712509,184.44694463927345,0.892039062266231,21.857267894187544,1.650586437761341,15,D06_px-1055_py-0118,0.5767994836422461,1.650586437761341,2.113101421240809,2.2767790757541992,1.490381905299102,1.5285455923897961
-233.5095308354002,278.49703118061035,196.56802958128296,0.8767937441361137,8.32341616924515,1.6615749453640412,15,D06_px-1055_py-0118,0.56694174086238,1.6615749453640412,1.726576365652601,2.6240638038734416,2.0314726313364435,2.4721192575632718
167.82345652167115,282.6708952062492,196.92446138241945,0.8261792472580918,25.06208987471291,0.4280379582202228,11,D06_px-1055_py-0118,0.5342140085253156,0.4280379582202228,2.0755950828550027,2.4218341245439916,1.6915190025144848,2.0789046218170695
92.37821136928538,307.00521371203,194.57719045151163,0.8196663223873305,30.534541003555944,0.6715334938924556,12,D06_px-1055_py-0118,0.5300027000060317,0.6715334938924556,1.6344684998459782,2.187173647919874,2.576001084964292,2.7117269219233493
-75.65158478860246,312.826718804671,193.03154508796047,0.8255704635119229,30.994458947836904,1.2010935006672407,14,D06_px-1055_py-0118,0.5338203641600701,1.2010935006672407,2.19451195604187,2.176835951157975,1.5786442571621033,2.484377555425416
159.17834124474166,323.6850720794272,193.55596925766,0.8806749034476098,11.612162395598377,0.5067754993683581,12,D06_px-1055_py-0118,0.5694513290424278,0.5067754993683581,1.9940481949814688,2.5886675141984026,2.650600288385985,1.8463716927829328
-53.30868735904373,324.62049098607446,183.06114742594343,0.8627669894517151,34.157741261316914,1.1265825226377189,13,D06_px-1055_py-0118,0.5578719308043056,1.1265825226377189,2.442489533290279,1.6102944210618182,1.759666282623169,1.413839049658185
44.31403668386705,331.7076440105744,197.2975950900509,0.834122258012905,21.97115143725091,0.8310094964468481,13,D06_px-1055_py-0118,0.5393500218410349,0.8310094964468481,1.721370033231329,1.4401377727028533,0.8484865847780869,1.880965577765883
-110.66196096296092,341.8121134029985,194.0055501183217,0.8775865099767087,12.040323332786556,1.2769184626447587,14,D06_px-1055_py-0118,0.5674543494989824,1.2769184626447587,1.8455061141092748,1.8195028168645933,2.3537686073915074,1.8374612328315838
-61.92521236277413,350.8869683481122,193.86986457279272,0.8738479234857762,13.609782416793225,1.1385000014036644,13,D06_px-1055_py-0118,0.5650369500276596,1.1385000014036644,2.4840563034620837,1.7748559111018962,1.790834887832027,1.5331803267208892
-82.00016846390886,358.1009379087214,199.92591633840783,0.8737538000784788,4.209943591353294,1.188922093496524,14,D06_px-1055_py-0118,0.5649760890911555,1.188922093496524,1.7100249201879105,2.408591443539793,2.33159748297747,1.6264232724489545
45.20019179075208,364.1067442361656,198.8166968698193,0.8758642337582047,5.1544890011020925,0.840308711656551,13,D06_px-1055_py-0118,0.5663407121309072,0.840308711656551,2.1111942617610335,1.8445024435610538,1.7526684880173682,1.6707939765223114
-43.76416799653804,-357.7560420995665,193.69084226667223,0.879945589631204,11.668770418335896,-2.2995007177171494,3,D06_px-1055_py-0118,0.5689797489844343,2.2995007177171494,2.765889405509813,2.4218919405194983,1.706005632211299,3.1608211787847234
105.33690278796684,-328.8092193055832,194.2674056593388,0.8573031183592976,18.816284842356765,-1.867747542871022,4,D06_px-1055_py-0118,0.554338948720777,1.867747542871022,1.5362163495624426,2.323104765083966,1.4013755097794864,1.0376136369511855
48.36144167386613,-309.7177884910925,195.3765262056069,0.806389330645853,33.35237253814165,-2.022879858496399,4,D06_px-1055_py-0118,0.5214176925722194,2.022879858496399,2.0796841838358633,1.7548892974868593,1.780552297332472,1.9053724027692898
-158.0129818586803,-289.3471178941876,191.1554802071801,0.8424026858353971,28.48211947080341,-2.6776212839353524,2,D06_px-1055_py-0118,0.5447042116903185,2.6776212839353524,2.187576462158969,2.1060686665826367,2.1881344945186507,2.871673704948601
-196.0989847033478,-281.29749010262424,194.21147905554784,0.8540413533198723,20.01413126950382,-2.7865684221844846,2,D06_px-1055_py-0118,0.5522298657555947,2.7865684221844846,2.2149888891490517,1.9830351995573885,2.499316308780477,2.05249373845616
-234.8641501293197,-249.9117332788029,192.10948153693744,0.8594985509885831,21.36637814004024,-2.932143697134501,1,D06_px-1055_py-0118,0.5557585327507926,2.932143697134501,1.9930888724026277,1.8047298360708335,2.879008646962176,1.696960554552583
206.44095048736315,-242.44574658617063,196.10695313706725,0.8123652103792052,30.514953617742435,-1.4724154436061296,6,D06_px-1055_py-0118,0.5252817434757178,1.4724154436061296,2.554023273186376,2.4028954327829437,1.5517587678072837,2.0658010076528655
-221.31658372021656,-225.9065881590551,191.6626839741804,0.8203780554728117,34.590790477781525,-2.9529110402016863,1,D06_px-1055_py-0118,0.530462912224938,2.9529110402016863,2.4474430748959426,1.6399237358546856,2.6458488629444563,1.8940792245585651
-227.51659235787287,-211.85082159789124,192.4086474122144,0.8098849963970456,36.621634939537614,-2.998814209926848,1,D06_px-1055_py-0118,0.5236780175799061,2.998814209926848,2.4646756264425758,1.5866015880377349,1.8204953940838982,2.738004693880349
-243.44203051458595,-179.5163226319203,193.43883270184696,0.7935222721131905,39.83025161650557,-3.113178194166204,1,D06_px-1055_py-0118,0.5130977511799899,3.113178194166204,1.061725349750378,2.631069631843089,1.8340891471052585,2.226841248978912
288.317000258507,-177.25249147586163,174.74163582773332,0.8995292917026416,34.69912589588381,-1.1581982868635308,6,D06_px-1055_py-0118,0.5816427249912378,1.1581982868635308,1.8938444538425618,1.6245433361646167,1.9819204900864609,3.06165358025328
-296.9995347447043,-114.2184815305512,196.52004097749688,0.8109616704856475,30.33670648810528,2.9017514387061456,19,D06_px-1055_py-0118,0.5243742035258206,2.9017514387061456,1.9307399754437977,2.6920190690870314,1.8062446104498655,1.8651644884573115
-339.99794124163145,-99.23825046661948,192.28681286671383,0.8749395085492649,15.684718633725764,2.8186028828171543,19,D06_px-1055_py-0118,0.5657427775273796,2.8186028828171543,1.5955583766690038,1.6890814621118868,1.6217763396302873,1.86424329533476
-294.97203104229123,-92.15049797956084,193.5631591220929,0.8039214755546221,36.68952645262874,2.837410700378965,19,D06_px-1055_py-0118,0.5198219580326247,2.837410700378965,1.9010367179160217,1.6042919433911937,2.2234690759917703,1.351422627004875
352.13431448028393,-91.44152841555908,191.6845328430761,0.8896382327506044,11.234437638270151,-0.8610459394233647,7,D06_px-1055_py-0118,0.5752470883677517,0.8610459394233647,2.5161922087018365,1.3832058065026902,2.393254359965873,3.1942909579564382
347.0721954090698,-81.34672760459264,173.0336753187235,0.9293678731027412,26.45462400429369,-0.837203712478082,7,D06_px-1055_py-0118,0.600936586742617,0.837203712478082,2.6128928370737317,2.4008096177277523,1.8004276986165364,2.8743470646764298
293.8037649671112,-62.24913518525384,191.3435227694801,0.7954048575988558,42.29431904750618,-0.815765101236692,8,D06_px-1055_py-0118,0.514315045782858,0.815765101236692,2.2177698376493726,2.000031399673718,2.2893905953541953,1.7896657972894767
-356.4418803364064,-55.69365254765295,189.9302683573777,0.8900219736013727,13.877458289448724,2.6896087921714016,18,D06_px-1055_py-0118,0.5754952182243224,2.6896087921714016,1.5295865934067685,1.9766352599265284,1.5782056429253815,1.9636951506202256
-335.68784611208486,-56.805766988092046,192.65929588239428,0.8544735480697543,22.23130989105283,2.70224702955172,18,D06_px-1055_py-0118,0.5525093262849705,2.70224702955172,2.1238691069083613,2.385218543423617,2.678807470000951,2.0726451085494872
344.695667188495,-46.07484303534936,181.3816113322068,0.8945851419682183,25.823960244023965,-0.7398600490669119,8,D06_px-1055_py-0118,0.5784457988312776,0.7398600490669119,1.5880358853359313,2.2758735372567656,2.3733801909591765,2.937087457816332
368.1045649608069,-27.90067279532344,175.8323427712017,0.9384110767564342,18.16268516952448,-0.6826303915487312,8,D06_px-1055_py-0118,0.606783993452218,0.6826303915487312,2.1175755573491735,1.990347203433838,2.165367319099105,1.3230952050324245
-325.3870988472684,7.31211287504327,189.49499435745025,0.840348439254771,31.63002458443333,2.512144860355392,18,D06_px-1055_py-0118,0.5433759196713919,2.512144860355392,1.1891797485719515,2.1829092673497112,1.8962256936215494,1.5169177208325328
-303.5893314926718,12.668403170114026,192.7517076441636,0.7975769610284575,39.67040193910856,2.492908567562339,18,D06_px-1055_py-0118,0.5157195449686099,2.492908567562339,2.075156266180171,1.3963680445624882,1.1703294497474266,2.318317178979232
334.5569041562357,27.923308714633865,195.3248030231157,0.8407006820096128,22.777157554757764,-0.5237089773262934,8,D06_px-1055_py-0118,0.5436036826110476,0.5237089773262934,1.9919837645871095,2.0901394614050393,2.1477132847559193,2.591883231717452
-308.10848940465394,59.057164221681504,194.79697136449025,0.8082660536869631,33.63730407481887,2.3452335638850905,17,D06_px-1055_py-0118,0.5226311964722635,2.3452335638850905,0.7189420254258816,1.7948340132393992,2.6045823500677407,1.542797308917273
374.3843108541413,64.73527748820777,194.784608077064,0.9029673360123586,1.1113445009023053,-0.4357612169913936,9,D06_px-1055_py-0118,0.5838657915210217,0.4357612169913936,1.295311460586663,2.207879583087578,0.9111756024287221,1.0828152165974405
284.4754860453164,68.68656193949225,194.903733096189,0.7732440605957198,43.29830612535426,-0.370064120913436,9,D06_px-1055_py-0118,0.4999856998952061,0.370064120913436,2.3343299958977486,2.052617227059068,2.8349868147882855,1.6995852302524033
-308.5726723285969,78.17343579708763,193.5288710568135,0.8187984435083611,32.333847324814485,2.286494519611032,17,D06_px-1055_py-0118,0.5294415226872023,2.286494519611032,2.2100732912382073,1.6222664018582929,1.7963174389920904,2.4969124980595323
351.8571865667711,89.89509522056656,194.3234537941884,0.8820575862976646,9.894234614485072,-0.3568429158240659,9,D06_px-1055_py-0118,0.5703453826637193,0.3568429158240659,1.7433672157047462,2.4197011195196847,2.698508399039657,2.2814951495276254
-334.6230466859168,111.32159000538378,192.76182102537308,0.8715930868946316,16.14202675374139,2.2134528489816025,17,D06_px-1055_py-0118,0.5635789549280216,2.2134528489816025,2.288291997276514,1.8780708576308298,3.249616734724088,2.6986058870157468
-323.2088378295951,157.59681365276134,190.9390357780128,0.8858215598058741,13.837221790872604,2.080934170195192,16,D06_px-1055_py-0118,0.5727791975803697,2.080934170195192,1.966223870972487,1.7310474253360104,1.6217309034958625,1.903666602366785
-297.19381592863664,177.94273411426911,188.74529467728544,0.8731399480908353,21.841875191244924,1.9951183562094008,16,D06_px-1055_py-0118,0.5645791675610533,1.9951183562094008,1.8635077501631176,2.6572811375481966,1.778127016325446,0.82789027723866
-307.6286847921877,187.80387925680952,193.1663238921131,0.8812788471326336,12.002013452749509,1.9865169132813023,16,D06_px-1055_py-0118,0.5698418437860151,1.9865169132813023,2.1247776486833256,1.3613133667842134,1.9818502442698889,2.425523560238517
-254.22953474470432,189.2438821058126,194.4459046138605,0.8142573152818395,32.36380921439144,1.8947172581792373,16,D06_px-1055_py-0118,0.5265051934085758,1.8947172581792373,2.2314030234328293,2.3912436647577464,2.3204418482200544,1.6876195978374615
-277.8709868740671,210.0653060571413,188.54609241405265,0.8764159454702616,20.99891699096645,1.8872948755840968,16,D06_px-1055_py-0118,0.5666974532693786,1.8872948755840968,2.340799735405697,2.2919144386751777,2.4128583252714213,0.7241864858756597
-216.29320402063385,212.77029893555795,190.67704714484552,0.8022454693143971,41.32558858412239,1.7574254584314666,15,D06_px-1055_py-0118,0.5187382391969416,1.7574254584314666,2.4526275115107095,2.161564887423655,2.550299971606221,2.7290565934687945
-139.8949201542019,247.21585526479384,194.5090852745625,0.7593599649331367,47.45788625570384,1.4787714053941403,14,D06_px-1055_py-0118,0.491008134284265,1.4787714053941403,1.6092232618868907,1.7038535388008753,2.868313257865191,1.5592205846164733
143.3327583045447,252.37135922771265,191.65556458591777,0.7775002971985515,46.71752594679123,0.4473015769953344,11,D06_px-1055_py-0118,0.5027378160060585,0.4473015769953344,2.1474603294646193,2.013594648322635,1.5518498951413089,2.3136086640786333
-104.6795292921416,274.02747316360967,193.90951802716472,0.7769789171397512,43.69436397346897,1.3287135785396686,14,D06_px-1055_py-0118,0.5024006875534844,1.3287135785396686,2.4161952536681186,2.774104890626164,1.8521997347310952,1.6335654021129171
-211.1890234422285,281.3762405557587,193.7129726081196,0.8679916571748435,15.94575141375509,1.6076745532055416,15,D06_px-1055_py-0118,0.5612502421052106,1.6076745532055416,2.070519397774616,1.7365582389580594,1.5270825587809287,3.0303805585483414
-119.6068830296648,285.15631218496816,190.49704225678045,0.8122096474453108,38.71692622318636,1.3609714047286374,14,D06_px-1055_py-0118,0.5251811552573988,1.3609714047286374,1.9313805006175313,3.271145641651457,2.0232652254011314,1.8821449854954293
-137.31863730880693,288.52570261863303,194.1624302548861,0.8190692324316885,31.32404590593376,1.4080253489091112,14,D06_px-1055_py-0118,0.5296166169378448,1.4080253489091112,1.6596315344965258,1.9249944654755295,1.791549139736236,1.9653641351338345
-15.744842891601731,312.10666007119875,192.36787991989684,0.812596403163963,35.88309235701115,1.014221060282272,13,D06_px-1055_py-0118,0.5254312345512894,1.014221060282272,1.9463311923821416,2.276166302363079,2.1830202084959973,2.4625698613822844
188.27474971070623,326.2021125135201,192.93700795071868,0.9033557055929284,3.941289577252462,0.4403516763245606,11,D06_px-1055_py-0118,0.5841169143507394,0.4403516763245606,2.065517915208062,2.211030832121663,1.2374547424330211,1.5016489998888611
34.69905885830616,329.0287052478633,193.6021666082161,0.837845134612504,26.28200131086345,0.8587461022772539,13,D06_px-1055_py-0118,0.5417572631728854,0.8587461022772539,1.6291514591386802,2.059627458732182,1.1951158435300253,1.5254566325123604
115.88666175782672,335.8990855112428,193.02030014998564,0.8746517113867669,14.64421361634254,0.6315993140864594,12,D06_px-1055_py-0118,0.5655566856153271,0.6315993140864594,1.6809119482966495,2.0840225931887284,2.168240575213074,2.200732259421922
9.988423835177311,363.1277341768184,198.59280500833785,0.8715158887341885,7.11051316584485,0.9363170891906576,13,D06_px-1055_py-0118,0.563529037989442,0.9363170891906576,1.4215414807503823,2.7621791091330405,1.623392244055972,2.6337948934345343
-21.26067627528388,-338.9593497225577,171.54361082583617,0.9101934159010824,36.07159832809111,-2.24041717686707,3,D06_px-1055_py-0118,0.588538231691954,2.24041717686707,2.972191065163897,2.327709200789432,2.102184415159307,2.3856303421899394
75.17572759411301,-327.89847405248014,192.3330097717084,0.8493762023020928,24.42952808445648,-1.9524054113995823,4,D06_px-1055_py-0118,0.5492133423632982,1.9524054113995823,1.6081460857636438,1.3982485853267699,1.9786232719921422,1.7768545954143775
7.623913350367344,-322.3590018508461,186.67351925908943,0.8431698423186816,34.97364630595047,-2.1541298852610025,3,D06_px-1055_py-0118,0.5452002611147766,2.1541298852610025,1.9780467456684268,2.1481756849263673,2.9169155673192773,2.5835720641261632
32.97068763693136,-324.45902607209285,195.4523945708189,0.8259516651563658,27.305468277587067,-2.076506062514214,4,D06_px-1055_py-0118,0.5340668521458312,2.076506062514214,1.490695613584504,1.8085557884338348,1.7135936774847675,2.531727252123492
80.14756230314087,-314.5242471782052,190.8820764835585,0.8353542641991728,31.1338262377339,-1.9282644212151552,4,D06_px-1055_py-0118,0.5401466467447448,1.9282644212151552,1.6042006978370205,2.7388100720210007,2.1249849695130107,2.554016295345463
-200.2185976542717,-310.5292935167301,192.8020074972157,0.8943513345794158,7.665653214787596,-2.750462535269848,2,D06_px-1055_py-0118,0.5782946171321371,2.750462535269848,1.4828480017887098,1.8639503377675757,1.4262063672346348,2.022280278396191
-173.6686448233319,-308.76813290490946,193.6835204108584,0.87147795116343,14.751139818103468,-2.690132277451497,2,D06_px-1055_py-0118,0.5635045072573812,2.690132277451497,1.7883809639337984,1.2075654158018505,2.1285863303754384,1.4257554060779696
-143.38657775545707,-305.5393221952628,193.53296375364545,0.8479189541041268,23.09702493551373,-2.616555127212106,2,D06_px-1055_py-0118,0.5482710742007472,2.616555127212106,1.9297257436917823,1.6390959695652678,1.616650552459247,1.4889778271662055
66.05516222499274,-302.7999588032784,190.624056129012,0.8129999814035702,38.30092445431853,-1.96299287608098,4,D06_px-1055_py-0118,0.5256921914197289,1.96299287608098,2.2496861275945594,1.4659849810856325,2.6875222683818514,2.2809748237687706
199.3158023339475,-301.4815480707525,190.4693981933148,0.8895082930745131,13.212641476580472,-1.5936223501543985,5,D06_px-1055_py-0118,0.5751630683497452,1.5936223501543985,2.1651978175799877,1.2218298635841027,2.806852699054909,3.099398824255493
218.192687477518,-296.7200808571505,194.87936757682343,0.887557930255648,6.952370037430228,-1.5437177955820671,5,D06_px-1055_py-0118,0.5739019483893946,1.5437177955820671,1.4941127966817582,1.4632478859408384,1.9753466338159429,2.414615458101502
-173.43885215084765,-291.96401209213974,191.3950394261472,0.8564716120779483,23.485611473587085,-2.713802874305204,2,D06_px-1055_py-0118,0.5538012902100509,2.713802874305204,2.4071019616330447,1.232683814563051,1.8113534354465866,1.7551841487182664
144.62930457549655,-286.0435257736777,191.56748418126105,0.8273230538030661,32.615389675857216,-1.709642427887513,5,D06_px-1055_py-0118,0.534953602846277,1.709642427887513,1.728294589504102,2.7166949176901527,2.2557778262818315,2.0174999086482437
-151.2549931531514,-272.96777202758955,191.742651072784,0.8135331517917885,36.51614377195466,-2.683771363655304,2,D06_px-1055_py-0118,0.5260369435921689,2.683771363655304,1.8037729848712614,2.283183049173315,1.5644652859455341,2.4034426157057807
-178.89551835126173,-274.7699375663188,187.19714231877856,0.8500610231068696,31.98490783543184,-2.7549056051108014,2,D06_px-1055_py-0118,0.5496561528895315,2.7549056051108014,2.5739281089579777,3.025790811770717,2.167151186858125,2.075084632709509
125.50814041453133,-274.52265929546144,190.8800033399752,0.7991518690923595,41.908147835218585,-1.7489614718172533,5,D06_px-1055_py-0118,0.5167378929272013,1.7489614718172533,1.8672321090705566,2.1633797090478404,1.21163641321029,1.9943612529961954
-228.99375746518257,-261.593754665488,189.8499546885989,0.8720689006241799,20.49927941476011,-2.8968206418337723,1,D06_px-1055_py-0118,0.5638866198332064,2.8968206418337723,1.3595816115819257,2.4537066102513947,2.4204849580366563,2.699931734930531
152.39736449294898,-257.9546750701902,191.34470590653527,0.7942071737428774,42.62603255624822,-1.6441550157799392,5,D06_px-1055_py-0118,0.5135406139682467,1.6441550157799392,1.7814270012981326,2.0401804440438522,2.2432043685087617,1.9220157635194388
-217.0993423737737,-253.5588903374628,189.6492244099801,0.8524913918962154,27.4710807784212,-2.8858634010135265,1,D06_px-1055_py-0118,0.5512276484910733,2.8858634010135265,2.9078443499702997,1.816003623574768,1.525897796413496,1.1834846239760186
162.674676873553,-251.6240888485444,194.2203672694621,0.7867830536945735,40.59363405017501,-1.6038658624966642,5,D06_px-1055_py-0118,0.5087401194703032,1.6038658624966642,2.246725318376921,1.8417773921312075,1.9066313994431516,1.4656751081709454
-281.88744836110254,-234.43423356036607,191.5076418027332,0.893863024045165,9.919171990369534,-3.0548228540903404,1,D06_px-1055_py-0118,0.5779788716946028,3.0548228540903404,2.4396272418502054,1.4169257523929306,3.171787034608661,1.5079651443645508
-289.96370829842334,-222.3942253322041,193.1110740353481,0.8881779818582717,9.520135897473494,-3.094296796087825,1,D06_px-1055_py-0118,0.5743028786393729,3.094296796087825,1.9195608974185518,2.1157267279737555,2.6128920408427967,1.8521092559513574
-263.142770038822,-221.7212355412464,192.3241497118997,0.8605958387173042,20.66177559985556,-3.0483962826915736,1,D06_px-1055_py-0118,0.5564680476387677,3.0483962826915736,2.7939732869120064,2.636960601088167,2.5543694572154454,1.8296905677620385
200.2337772459826,-216.81673372655075,191.6458516452924,0.7858939602914887,44.48125211730127,-1.4321192248808678,6,D06_px-1055_py-0118,0.5081652246730886,1.4321192248808678,2.373823677513285,0.6491979159223287,1.4745078964321725,1.578744334017872
224.0162863145248,-217.7773905359926,178.93003827102126,0.8485254278434676,44.98486900831068,-1.3782568930844277,6,D06_px-1055_py-0118,0.5486632248973834,1.3782568930844277,1.5372554981506892,2.7034003654930805,1.6670662496654491,1.8781700807088564
-274.35950757079127,-214.8936532202745,192.8728991790779,0.8654660510840606,18.13153127249768,-3.084124888248535,1,D06_px-1055_py-0118,0.5596171653144405,3.084124888248535,1.9280540660493322,2.229708233258155,2.728501182722664,2.57432919195645
-299.71632757338955,-207.43177924876923,193.641225330992,0.8855846502898983,9.654750707726578,3.140013105639456,19,D06_px-1055_py-0118,0.5726260100213656,3.140013105639456,2.192105710380752,1.9595907534377455,2.1193061948169944,1.8997434414837158
277.1303717002021,-185.36333411040377,191.6879326803886,0.8466022257700747,26.31759430907175,-1.196503831128923,6,D06_px-1055_py-0118,0.5474196672889816,1.196503831128923,2.2167801532633673,2.5731815941129206,2.0981912632190123,1.6449210952046727
257.7845299671258,-178.3548277020743,184.8982246340829,0.8338792846051429,40.50101527150082,-1.2122320455368358,6,D06_px-1055_py-0118,0.5391929133218407,1.2122320455368358,2.905256695770863,2.3662327887277153,1.9480918520160908,2.4019499308030894
-319.9692743975748,-174.34978812115685,193.56185855244524,0.8856386274937669,9.75996337662042,3.033528814076493,19,D06_px-1055_py-0118,0.5726609121065286,3.033528814076493,3.1002522762805973,2.3495996165127577,1.851661662307444,2.3675094028584818
265.5772550746717,-166.7662476150414,193.5255918059787,0.8113424547022039,34.57137328141732,-1.1676893096828986,6,D06_px-1055_py-0118,0.5246204215994226,1.1676893096828986,1.604487579473347,2.2620967541294528,2.636497471675564,2.5497588005626577
-308.1402971479815,-165.7886290457579,189.1729294204149,0.8769958052405273,19.81329762451702,3.0282196499666623,19,D06_px-1055_py-0118,0.5670723951639909,3.0282196499666623,2.805678217489051,1.3416532708225677,2.621405056503879,1.810254987294729
315.41778820927743,-156.45541219013683,187.76012051355733,0.8837261478423293,19.6206068365359,-1.0674428603182555,7,D06_px-1055_py-0118,0.5714242877006163,1.0674428603182555,2.7785046437399306,1.5932211998593628,3.158782108404102,1.8022409803350063
-265.65207860435345,-151.71904771874893,191.2941531518722,0.8047645986140873,39.71799426091218,3.053526114498204,19,D06_px-1055_py-0118,0.5203671280435779,3.053526114498204,1.9476049837145104,2.056691022261643,2.22326124059196,1.9507105536461107
-323.77301726814846,-121.11352880637853,192.17110623363885,0.8632596075577778,19.97953902097146,2.892567539906487,19,D06_px-1055_py-0118,0.5581904615517012,2.892567539906487,1.7100546650250354,1.1676885242798862,1.9211240125394276,2.8641510129655208
-313.1451136660304,-109.7884835547516,195.494536726676,0.8344779268666911,24.54079081495468,2.871821812564226,19,D06_px-1055_py-0118,0.539580000123253,2.871821812564226,2.725999625219785,2.0337350592799925,2.069894611283906,2.2846502026897197
277.1026296905858,-108.03678490414296,190.9646246619209,0.7915327122093619,43.90704189313704,-0.9787314802909916,7,D06_px-1055_py-0118,0.5118112860757733,0.9787314802909916,1.8574623291404826,2.441457365189842,2.494072031173796,1.8832262330786442
-349.8487612976885,-106.04870132902316,193.2883960876729,0.8879162067157532,9.337657116076343,2.8289364997838087,19,D06_px-1055_py-0118,0.574133612770397,2.8289364997838087,2.2551259839284494,2.490945526913034,1.8318508137309817,2.0035497401722098
-306.98222705239664,-90.2058161190396,190.2353691109019,0.8299166103461411,33.787529131187966,2.820415475426537,19,D06_px-1055_py-0118,0.5366306169346983,2.820415475426537,2.5632846211444082,1.4108381739475695,1.471357713104557,1.7035625422701035
-323.984629632981,-83.37221737383244,191.2416066340625,0.8494402109705758,26.060964329164108,2.7864822477776845,18,D06_px-1055_py-0118,0.5492547308724918,2.7864822477776845,2.251633769271762,2.2102379534217373,2.4362778157197997,2.3846917413877877
324.8959713059008,-58.37654583698176,192.3484673201312,0.8399398763995471,27.48467061237721,-0.7847602225281094,8,D06_px-1055_py-0118,0.5431117397112343,0.7847602225281094,2.1537828465826645,2.3176600372246536,2.1944384411595634,1.396483231850413
280.9071485648535,-47.552538721577,194.5794645282685,0.7606719365986674,47.02608934748434,-0.7746718248756533,8,D06_px-1055_py-0118,0.4918564654966996,0.7746718248756533,1.293787944911178,1.956857496526316,2.124676536894103,1.7797914250623676
-365.0985759287455,-43.21627276334241,190.9875993800553,0.8965379559652631,9.729990709057745,2.652433674244018,18,D06_px-1055_py-0118,0.5797085037427454,2.652433674244018,2.7902579047734637,2.140147533336645,1.6195522868274859,1.5357107291082146
-306.55385363015324,-42.27797444733509,190.64813320003185,0.812186247182941,38.5041266867903,2.671662279552956,18,D06_px-1055_py-0118,0.5251660244634427,2.671662279552956,1.5250360946116936,2.6508804710256113,2.530431518038916,2.0427280960803875
-332.68227901055224,-30.05887516346696,186.3593854699197,0.8614992710050329,29.50964185852837,2.624721547581612,18,D06_px-1055_py-0118,0.5570522140717307,2.624721547581612,2.2738883480656424,1.656410724174593,2.3122530012474605,2.1408640913809767
-294.664418303158,-17.365748541602496,193.5968121592727,0.7809032827156576,43.079041122112415,2.593479018916176,18,D06_px-1055_py-0118,0.5049382132444061,2.593479018916176,1.183351118251514,1.5762754912356167,2.1180589857075716,2.8820792366370083
-366.47200309913467,17.263515017204835,189.71456917082253,0.8987772670186627,10.914476001909122,2.487540597728033,18,D06_px-1055_py-0118,0.5811564599073935,2.487540597728033,2.7810207318648086,2.5298838871357687,1.9989424352748832,1.1348554606792884
363.39930971199726,25.89778006499605,192.4800918725477,0.888293883474858,10.476875425992546,-0.5358344588984818,8,D06_px-1055_py-0118,0.5743778215375354,0.5358344588984818,1.8333249277183359,2.977175373626275,1.7232269443080819,2.145288610575281
344.72196899814014,46.65728545235591,188.1326771810116,0.8768265751468045,21.49989831414468,-0.472449457538919,9,D06_px-1055_py-0118,0.56696296965248,0.472449457538919,1.890191673547157,1.5045440743817529,1.5561745055943192,1.2876188092683567
364.075432892836,54.30725103785116,193.77447904751745,0.890068315741201,7.752053832771423,-0.4589064736615594,9,D06_px-1055_py-0118,0.5755251834169407,0.4589064736615594,1.4745573028621712,1.9868192656121644,1.1390909827820033,1.878615625787631
-277.1017042899987,94.33247322319,192.7162935810794,0.7790025766559014,44.82836724980319,2.2064932974172424,17,D06_px-1055_py-0118,0.5037092017356076,2.2064932974172424,3.001171613203122,1.8535127668657077,2.2454123313343386,1.5208649097595426
281.04856853317415,100.79766879663768,192.91157097854503,0.7884053453984567,42.00160136990365,-0.2626208404104223,9,D06_px-1055_py-0118,0.509789106063715,0.2626208404104223,2.36682501337548,2.1653908546596865,2.7050950545438206,2.341889576307034
-346.175737574893,103.52493399260486,190.469635745936,0.8893899382850888,13.256402862882853,2.244025251810503,17,D06_px-1055_py-0118,0.5750865392107039,2.244025251810503,2.280440408001547,2.71461910412075,2.519132520932025,2.294135159854046
-315.97441128791417,107.87078334038046,194.39054041632969,0.8403521196002393,24.29141488459186,2.2056283859104786,17,D06_px-1055_py-0118,0.5433782994117592,2.2056283859104786,2.400658713583417,1.6101325906674309,1.5390084511043325,1.7911459365486382
335.6635772018287,112.50083532218676,192.2005190666592,0.8749242269422776,15.82481879399677,-0.2835863325392185,9,D06_px-1055_py-0118,0.5657328963199387,0.2835863325392185,2.8935836111073825,1.47986277535761,2.3567098885270767,2.084735288903847
-269.0336080205664,123.96753727822626,192.8986675448949,0.7844775305699867,43.0947799172439,2.1028239534454185,16,D06_px-1055_py-0118,0.5072493500589184,2.1028239534454185,1.8664494120811044,1.9532489269822686,2.247770832655423,2.0213084891440793
-304.0419232797362,138.9639224455153,194.099323934455,0.8417126497361259,24.285067688197216,2.1059076551227927,16,D06_px-1055_py-0118,0.5442580289135879,2.1059076551227927,1.8641600316874714,2.402604912350562,2.651485802548649,0.5500522456126886
-332.82105032544086,146.8127364158084,192.5095470663089,0.8874692679278496,10.739405612455812,2.1191715296878133,16,D06_px-1055_py-0118,0.5738446186299077,2.1191715296878133,1.6391405072557237,1.3246588672919635,1.970947520552904,1.775372717960344
238.94230912302268,162.9735183552894,194.5409944003821,0.768299102335535,45.10752089320499,-0.0083940740912736,10,D06_px-1055_py-0118,0.4967882509361202,0.0083940740912736,1.4312639731569872,2.510400517780886,2.8354889080252113,2.2756777021706514
319.3196757816115,169.36954877247916,192.887632684036,0.8833908120844322,11.660784256322472,-0.1193028755642963,10,D06_px-1055_py-0118,0.5712074569583498,0.1193028755642963,1.805719854013494,2.1554467844504197,2.6138176766884405,1.6751083282184043
-233.67749370798728,189.28301169544528,192.2214046138605,0.7937741508981602,41.49592245660188,1.8537933320448188,16,D06_px-1055_py-0118,0.513260617986228,1.8537933320448188,1.8609570847718437,2.6547979090158123,1.8741554851294744,2.0026930232673874
217.3798358573285,182.07602518634417,198.8320379211318,0.7475227611222438,44.52477239091968,0.0902679161203667,10,D06_px-1055_py-0118,0.4833541050665923,0.0902679161203667,1.57950074583522,0.9421845165535687,2.0226610618248317,1.879520012174443
232.0059950566202,190.36067209693687,178.97070481185327,0.828411348399552,50.91281977353651,0.0801363802959871,10,D06_px-1055_py-0118,0.5356573027041162,0.0801363802959871,1.7666038401376913,0.7702115018769213,1.774624803115894,2.267786827182515
-250.09735010119425,200.63216303207687,192.06113648467093,0.8261943925890146,32.233756126476635,1.8585222563566584,16,D06_px-1055_py-0118,0.5342238016155797,1.8585222563566584,1.9223676105684144,1.3243977394121065,2.2284306697330853,0.7296355326942949
238.2078828752377,205.30406872012009,184.60146266405684,0.8362669193905538,40.21714894590923,0.1043650584573848,10,D06_px-1055_py-0118,0.5407367767798518,0.1043650584573848,1.3065607930812573,1.0890923071324559,1.789322270452812,2.4853457795838447
287.5906753393292,211.86666361841748,192.1780432693227,0.8793928486398609,14.244388133128552,0.0279519708063203,10,D06_px-1055_py-0118,0.5686223423058695,0.0279519708063203,1.6929380309700066,2.1060305315084844,1.2804997982558386,2.0459091039087047
-284.0343320664561,219.921792710228,191.0303079797672,0.8850949465831267,13.961205440476364,1.875753716723868,16,D06_px-1055_py-0118,0.5723093637475063,1.875753716723868,2.9639419004095835,2.0982808342601453,2.7294777694255163,2.242304612840058
-206.5862702021024,224.3584095014196,189.376847529622,0.8082571634848309,41.48654121167312,1.7079983586928735,15,D06_px-1055_py-0118,0.5226254479975427,1.7079983586928735,2.3556298479241624,2.1848149115730218,2.4166331926431672,2.4355623737580974
-151.53424221198682,263.9869852620866,192.86497659230545,0.798160942039472,39.342847869764,1.4849155004011094,14,D06_px-1055_py-0118,0.5160971516899504,1.4849155004011094,1.9392374947765658,1.7374249182002823,1.6906233109642965,1.3977257463596104
108.18810286997456,266.8249004544362,193.4714046138605,0.7687930652700478,46.46640913613357,0.5786082853887878,12,D06_px-1055_py-0118,0.497107651260184,0.5786082853887878,2.13373023501363,1.1541875002598538,2.9563037580348817,1.4901861860941734
-239.0186841222977,268.9126331431568,190.38157058896425,0.8875247213332017,14.089242447264894,1.6904284576872888,15,D06_px-1055_py-0118,0.5738804752385769,1.6904284576872888,1.8001184151570688,1.7858063268023239,2.5268015754364317,2.1164805863373077
196.6123336926028,268.2696208334221,191.5092366089192,0.8458660923059844,26.82759872204639,0.3313558033498229,11,D06_px-1055_py-0118,0.5469436775930816,0.3313558033498229,2.157601319208024,1.884130486158592,2.1372948208832163,2.197214234509646
157.20480681908165,273.327779225154,192.25226881139136,0.8173614391816181,34.634125669698506,0.4418688736017285,11,D06_px-1055_py-0118,0.5285123443712312,0.4418688736017285,3.1842474524317654,2.5255604511838365,1.9800198355245224,2.2270445427329615
-93.25607248497624,274.2993893725728,189.50340180092093,0.7822582406203288,48.48315437586473,1.2915366096466454,14,D06_px-1055_py-0118,0.5058143396976421,1.2915366096466454,1.7667460852541297,1.7861270402037959,1.514240422794448,2.223470170328687
-41.94059903662431,280.81448071571685,192.08109184235747,0.7654156514017011,49.26949967568112,1.112074316504541,13,D06_px-1055_py-0118,0.4949237888513346,1.112074316504541,3.0486540269378137,1.652448338086037,2.517605200530043,1.8460645237048778
236.8876124945595,283.0140784248309,190.8789966384004,0.8986978596937801,9.074711213025978,0.2669084496833925,11,D06_px-1055_py-0118,0.5811051145056872,0.2669084496833925,1.3283268693456023,1.4099832738646403,1.3563597786667265,0.8829983036587655
-156.55523998263652,298.9104993601775,186.24023378195363,0.866800695684796,27.91134057984516,1.4462856540303686,14,D06_px-1055_py-0118,0.5604801570253577,1.4462856540303686,1.9930838141584766,2.2787480249680008,2.300057902764835,2.7534102020707065
-88.10950607245016,336.5624542275593,190.8636631052588,0.8697875572846103,19.726145125808955,1.219863062692394,14,D06_px-1055_py-0118,0.5624114852612614,1.219863062692394,2.047922006303607,2.4689196710199544,1.4630517188328989,1.725743887068989
99.26595712690886,342.3779758948911,188.7787201620056,0.8871453119207059,16.767346814449922,0.6816231071031554,12,D06_px-1055_py-0118,0.5736351461241089,0.6816231071031554,1.6369383834329185,1.8685136899666546,3.0060157666508585,1.1908767415084118
10.889075252210274,-366.1123138213705,184.64719912172848,0.9111279895478712,14.353605289010034,-2.1480421794493467,4,D06_px-1055_py-0118,0.5891425343729644,2.1480421794493467,1.7880102299650815,1.7738988439664636,1.3320358207288772,2.2735245766815595
-22.95383605474801,-364.3828463578636,190.3337507829752,0.894825625145942,11.428635710743436,-2.2406864662068315,3,D06_px-1055_py-0118,0.578601297148115,2.2406864662068315,2.1756223943984825,1.985958813248275,2.512568379389081,2.158481382165276
43.81231117932473,-353.2976087179178,191.6255872856488,0.8791514797276696,15.198429571289807,-2.05439610101534,4,D06_px-1055_py-0118,0.5684662712661489,2.05439610101534,2.0010405893949486,1.6840071818542484,2.0034361045294102,1.5834745375002113
-90.95409136283077,-335.5722863358307,185.6152320426803,0.8831807484241239,23.196614969442976,-2.442458381587284,3,D06_px-1055_py-0118,0.5710716281410669,2.442458381587284,1.907895820790052,2.1310436881577606,1.3684389504239125,1.8742440196678505
23.6566807661086,-329.01900454594,190.6188691925332,0.8440803816182175,28.7482524992389,-2.105998725959182,4,D06_px-1055_py-0118,0.5457890229975512,2.105998725959182,1.4267897356676076,1.6597168532832893,1.6394528706910112,2.0939593189180483
145.2289456236912,-303.84445187382886,191.6600861456104,0.8516478928794017,24.69623477509566,-1.7319059531958252,5,D06_px-1055_py-0118,0.5506822353831374,1.7319059531958252,1.7439022886220974,1.8197080128786907,2.2085209482428185,2.142030498553867
-114.39791773805749,-297.82660448598216,188.6853055994209,0.8325571586819861,35.27378983893527,-2.5445086014478617,2,D06_px-1055_py-0118,0.538338016286447,2.5445086014478617,1.9906051161473317,2.0407737395753385,2.069614456047722,1.7331693907348793
52.76510143518451,-295.03660753542044,189.0432843511016,0.8004371057130607,44.18328905780567,-2.000804264525731,4,D06_px-1055_py-0118,0.5175689370490756,2.000804264525731,2.228966251988619,1.8766201687186337,1.7650423780068432,1.7111437668559923
-101.55262710812114,-288.9188051866717,191.4936654046845,0.8047699078717165,39.428690008398576,-2.5157791686884146,2,D06_px-1055_py-0118,0.5203705610513784,2.5157791686884146,1.6585084360501314,1.1648565583242338,2.3190383206754994,1.8539128050586333
198.99079643461715,-287.2162616744783,187.54870671402205,0.8805375599570229,21.09718488431838,-1.571881132848529,5,D06_px-1055_py-0118,0.5693625216596536,1.571881132848529,3.054134724395,2.2890597565345803,1.3879477335473016,1.2675867632165223
-212.08192217792748,-284.6874893009543,189.5353196482029,0.8831505749304278,17.03126571974292,-2.818046109363952,1,D06_px-1055_py-0118,0.5710521177223871,2.818046109363952,2.0027889052964607,1.9220643506773762,2.457771638299656,1.829376411450593
241.8579056931579,-279.98201808736206,188.4890156891985,0.90602383858868,10.09177241555659,-1.4653052347448814,6,D06_px-1055_py-0118,0.5858421501608491,1.4653052347448814,2.258314622091755,3.0579632615729535,1.7551257531161157,2.1014874204588514
-205.20360805037512,-274.1590127766218,190.97175039532664,0.8617081199425399,22.35649406699048,-2.820305959309902,1,D06_px-1055_py-0118,0.5571872574396828,2.820305959309902,1.858552975144732,2.669619852100337,1.1684566038271569,1.9254880613447027
-202.74318582769803,-246.59802932459712,187.7052133207016,0.8354610413370208,35.83592275318682,-2.865884061342084,1,D06_px-1055_py-0118,0.5402156896830878,2.865884061342084,1.7779262698479341,1.9180130693459712,1.7993423476865782,1.1838994274747385
264.84463229920686,-248.0709748430332,188.98781475419548,0.8953055841985733,13.398969498924998,-1.3596867778894273,6,D06_px-1055_py-0118,0.5789116424518552,1.3596867778894273,1.7187576438703511,2.781465582207052,1.1457625885058975,1.4151003435350744
251.57902939200224,-230.31338509347745,191.8348089636164,0.857498236380049,22.46703988634136,-1.3482768638572646,6,D06_px-1055_py-0118,0.5544651135698059,1.3482768638572646,2.311506242066251,2.29628896069274,2.2811255684852374,0.9553544792987174
-277.51557724670914,-202.1253857370103,190.6548448704764,0.863784755894357,22.132114704775745,-3.119078928662343,1,D06_px-1055_py-0118,0.5585300266023672,3.119078928662343,1.2264361888962083,2.6209462703807245,2.1582231368463267,2.3358988410731207
-327.6812585868999,-188.3159000554225,189.58549838172783,0.9135272479301868,5.334901984875216,3.0562161350337145,19,D06_px-1055_py-0118,0.5906939137402851,3.0562161350337145,2.638357324899752,1.721975743312786,1.480633614592878,2.0726869532879952
332.8224538442186,-149.82888800273193,192.362234004342,0.8894946598351595,10.21229335004881,-1.0299803272738677,7,D06_px-1055_py-0118,0.5751542529897995,1.0299803272738677,2.07284849039643,0.8061195556897653,1.7810128826573342,2.097723215821124
-308.4131004360411,-148.6666818643539,194.25181195752089,0.8531733880642125,20.24687694145865,2.9837877508861714,19,D06_px-1055_py-0118,0.5516686325849172,2.9837877508861714,2.316536359372197,0.3897737221202877,2.9419447191669015,1.1855654911494793
-353.9150221533152,-138.1518295107594,193.16291558055423,0.9070075063741602,2.1214659034430383,2.906775651302344,19,D06_px-1055_py-0118,0.5864781974986182,2.906775651302344,1.707310103218386,1.856502706357631,2.2244938776289898,2.023774401216322
301.6527167172841,-141.81276116904135,189.276229175264,0.8527565350773193,27.95056904973165,-1.0464381216739276,7,D06_px-1055_py-0118,0.5513990921603265,1.0464381216739276,2.682701385252089,1.2722145668688878,2.480729419524775,0.5450286894802434
-343.1556593575229,-123.94373452511444,186.5544996817661,0.9042570072609654,13.907455840097953,2.881220076411943,19,D06_px-1055_py-0118,0.5846997031082283,2.881220076411943,2.5839305241820294,1.2097338180626074,2.652901484844324,2.073159620415778
288.7567152552957,-123.26211789418755,193.65473794719384,0.8115969518209154,34.3083809360723,-1.0104345977604157,7,D06_px-1055_py-0118,0.5247849814408809,1.0104345977604157,1.3844625902535221,2.0992374325448218,1.2522525432034664,2.067440979051584
344.6703455350913,-122.02427689338046,187.78879767277897,0.9020889914276062,12.7451748784992,-0.9472416663827266,7,D06_px-1055_py-0118,0.583297846994402,0.9472416663827266,2.0999018753987,1.26945374081211,2.155715552391054,2.7157455245828652
-331.11682353635695,-107.5022845047564,189.47014241258148,0.8737173026958045,20.51025675634139,2.8485426533784857,19,D06_px-1055_py-0118,0.5649524895960534,2.8485426533784857,1.8510763633617962,1.720457061938614,1.500261734223574,1.5460395141330758
288.36806386318426,-75.42832439070725,188.8413582101482,0.7982154072860964,45.09202230195888,-0.8628172582251115,7,D06_px-1055_py-0118,0.5161323693474033,0.8628172582251115,1.9402799772718085,2.8596624864277875,0.27427740552844293,1.427903370699474
-369.56190163443375,-68.97004486538322,193.21544010993267,0.9017573311079872,4.122875418185515,2.719117106105536,18,D06_px-1055_py-0118,0.5830833928194751,2.719117106105536,2.1904786985782856,1.9218496173918005,2.450619512671366,2.586446464926686
307.6578448806247,-65.45487451285916,185.152508499911,0.8348971102683493,39.813098215719606,-0.8166061885763546,8,D06_px-1055_py-0118,0.5398510474123859,0.8166061885763546,0.9347044854004372,2.726555333983997,2.196786056752301,2.3841451288406086
313.0790136423925,-18.213784560854176,191.63645837730127,0.8162595172883748,35.86273188556788,-0.6650903514872378,8,D06_px-1055_py-0118,0.5277998329959758,0.6650903514872378,2.3074681959395633,1.2074571667183456,1.9858441665222788,1.8549484921132655
-367.34376514043146,-8.689919545073682,183.863307988466,0.914732438806834,14.229921543253454,2.558264806968508,18,D06_px-1055_py-0118,0.5914731996535885,2.558264806968508,1.414271997104756,2.6025913822384448,2.162811021745946,1.326617278520862
359.9352727007385,5.408979666788039,189.92679614146,0.8889574507998054,14.27889374767392,-0.5919530174520273,8,D06_px-1055_py-0118,0.5748068893963117,0.5919530174520273,2.8343456989291385,1.5117032059026347,1.6231538633163638,2.1845565752605545
-316.8103405571218,31.812888710832286,187.095744111879,0.8357709127165727,36.648858574140206,2.434532412712268,17,D06_px-1055_py-0118,0.5404160549577506,2.434532412712268,2.453918207558768,1.6252892931534086,2.590523751413748,2.4919085679266195
292.04696309917483,21.58511831103992,182.88562181002348,0.8053901634969024,51.67489645217944,-0.5332039225522694,8,D06_px-1055_py-0118,0.5207716232239524,0.5332039225522694,1.755900613658837,1.5405437977620815,2.135942523686378,1.6976450132975422
338.33955655589864,42.13694756662212,193.9406121935332,0.8519065244003768,21.14730437163905,-0.4830770808596107,9,D06_px-1055_py-0118,0.5508494685616634,0.4830770808596107,0.7445595772902613,2.315269817407594,1.583841913972472,2.409861924034148
316.7323099154898,52.1269921381749,193.14656642615824,0.8239536194082616,31.322678748502994,-0.443864303440137,9,D06_px-1055_py-0118,0.5327749000278688,0.443864303440137,2.487506157202307,2.5697816279784895,2.0973673478339494,0.9356338759498614
-292.1654070405871,71.02831825375381,190.14115339264623,0.7991371246483838,42.9718446500375,2.2961296478620405,17,D06_px-1055_py-0118,0.5167283590535948,2.2961296478620405,1.7350632295049204,1.7213533409547788,1.4989714035507755,1.4391055986139996
310.74462018487304,79.24599634681402,194.9453482758324,0.8188597073119714,30.24154924022406,-0.3572820641472778,9,D06_px-1055_py-0118,0.5294811363451498,0.3572820641472778,1.6522379737704715,1.6326186910480676,1.4941532603418282,1.99465816207482
333.0818757282688,160.94004426797466,186.7220380598065,0.9105208882670116,11.206324948369968,-0.1568744823471254,10,D06_px-1055_py-0118,0.5887499779030394,0.1568744823471254,1.274915755612505,2.120928135640881,2.1388064476985083,2.12614988594296
-314.1700614027017,173.54104855574738,189.05755545911404,0.8897564402094407,15.36248283491352,2.0299450041714784,16,D06_px-1055_py-0118,0.5753235222416745,2.0299450041714784,2.2239011122801076,2.299530047689388,2.461286538539639,1.425120245226555
302.4553712114084,181.5771647197504,178.8343778475234,0.90842984104114,24.849019992787248,-0.0663073782605084,10,D06_px-1055_py-0118,0.5873978902970436,0.0663073782605084,2.034326623258758,2.886872857680372,2.560002409385067,2.296038475907877
280.3818135699024,189.60161806086865,193.31831472622008,0.8498776378333053,22.77066391282404,-0.012387737165222,10,D06_px-1055_py-0118,0.5495375745272446,0.012387737165222,1.9955161504283851,2.07386603550549,1.4239691378832053,2.2916762525399035
220.13559842151844,202.6721520415793,191.0432752076252,0.7943543684199282,43.01527953065829,0.1371385799376101,10,D06_px-1055_py-0118,0.5136357912057794,0.1371385799376101,0.8929691329097134,1.473003196457702,1.3099898650680295,1.9806852353388607
255.5833007531312,220.136287589218,193.95733534979124,0.846546281213473,22.910760921093413,0.1040436637765563,10,D06_px-1055_py-0118,0.547383493098046,0.1040436637765563,3.2215707298351766,2.3498992893724497,1.6144349725750735,1.1956067703760946
262.3787757184174,233.40674145401127,192.25914046291712,0.8708034378980029,17.203211153007203,0.1200483839791874,10,D06_px-1055_py-0118,0.5630683616672769,0.1200483839791874,2.1864959897139578,1.4174324923847008,2.096566300631779,1.6562834451774728
210.12490631907755,264.3898665547644,181.4331467819921,0.8800996103420771,30.85273170153289,0.2922828236226861,11,D06_px-1055_py-0118,0.5690793399892005,0.2922828236226861,1.9097987884024248,1.8968680547850036,2.2057582703042544,1.0550306821364543
-259.84617752309464,268.72534877916115,194.44501892678025,0.8958942599203369,4.442659914940975,1.7324181091915605,15,D06_px-1055_py-0118,0.5792922848101432,1.7324181091915605,2.481179527119523,1.0004285873552923,1.8416403263259267,1.3960221857085249
48.502391204268896,294.17217270942166,187.0194755534996,0.8031846003278456,46.325855947394246,0.8004093696027829,12,D06_px-1055_py-0118,0.5193454887071293,0.8004093696027829,1.9994636580574383,2.558972506566068,2.0988725105728783,2.598011960167709
-19.81189044558575,295.4481621740524,189.8756553957769,0.7921901318104022,45.27661459388878,1.0307736324608214,13,D06_px-1055_py-0118,0.51223637876785,1.0307736324608214,1.812934872003601,1.2776096809344955,2.161862880542824,1.7176433271496943
-177.67677790861595,300.0136112885717,184.5438208041896,0.8874239548807479,23.372114294205915,1.4985027721298052,15,D06_px-1055_py-0118,0.5738153188567519,1.4985027721298052,2.935597215379358,2.1813150987476186,2.1894118141321806,1.4647202636754968
-37.18126424517558,308.12319313314515,193.1827618240396,0.807045503580541,36.33085422547413,1.0839062807490576,13,D06_px-1055_py-0118,0.5218419791600135,1.0839062807490576,2.107105144391644,2.0907982400011034,2.3511790471284573,2.2031260073019627
-144.68468399843564,310.9503945436234,190.9209071014227,0.8625804042456305,22.13605213330589,1.399319691187983,14,D06_px-1055_py-0118,0.5577512833404473,1.399319691187983,2.3980726437734297,1.955134144088405,1.9977099552119109,2.443160531071455
148.52538122168224,312.79027706379566,186.13064831133948,0.8798143413524893,23.579972711844164,0.520498892112298,12,D06_px-1055_py-0118,0.5688948828136645,0.520498892112298,1.573171579350588,1.0951145471460992,2.4993533370861227,1.3498420936929745
171.2623925986124,325.62903296549075,190.49982946133696,0.8981458890806476,9.895743432401389,0.479630637323721,11,D06_px-1055_py-0118,0.5807482059597412,0.479630637323721,2.002126863958377,2.3729987523542135,2.3744593922081725,2.419599089389535
80.04532206940964,327.3552600142758,189.61209753127287,0.8573081674098254,25.9275944714924,0.7240011988834684,12,D06_px-1055_py-0118,0.5543422134766162,0.7240011988834684,2.2703885417601413,3.162003070140428,2.2552034757303283,1.4989461189712192
-157.96076324051376,337.3050214970784,195.00031947932143,0.89273652697904,4.779002548656706,1.4017863537274242,14,D06_px-1055_py-0118,0.5772504698190004,1.4017863537274242,1.7935056227731856,2.452896435606947,2.372097327947667,2.1453573854003443
-113.18317980522754,332.8898988961287,188.55291574232592,0.8809840371523844,19.35984268443701,1.291556955555698,14,D06_px-1055_py-0118,0.5696512173307695,1.291556955555698,2.125671281169358,2.5423204006043854,2.348753735468609,1.7361263383650463
53.38851616862642,359.19825715439384,171.87016092944543,0.9414405844835176,23.6575892482324,0.8162645743941274,12,D06_px-1055_py-0118,0.6087428970099081,0.8162645743941274,1.2443876880462827,2.5932926586963196,2.2076775868455307,1.8134714813862278
-18.565426052481545,367.1793058319522,193.4047142841555,0.8903973462609707,8.214661607843539,1.0143360613416277,13,D06_px-1055_py-0118,0.5757379371425718,1.0143360613416277,1.7855144931689872,2.5900095335016933,1.700087891032567,1.6949857223328548
33.69750538907493,-373.04546423383823,190.67123738978023,0.9064140464254208,6.400277258619155,-2.0876895250544774,4,D06_px-1055_py-0118,0.5860944616214856,2.0876895250544774,1.4764105317507703,2.249660193528051,2.115915352118367,2.157278043443526
27.8543424713167,-349.77062413187633,191.86027526389336,0.8714148258493468,17.60596878170054,-2.0983075428757343,4,D06_px-1055_py-0118,0.5634636899321003,2.0983075428757343,1.4960243748997926,1.3884532357896078,1.7101703969814035,2.5229224690789622
6.18018006429618,-338.1812361568772,192.1842512909929,0.8524519821206826,23.6322624194583,-2.159503135160173,3,D06_px-1055_py-0118,0.5512021658198101,2.159503135160173,1.9473847148523429,1.8339696623629498,1.834369067747388,1.8755571742768173
66.27056420756581,-337.42977214331444,189.43793546368587,0.867741644683496,22.646233827527453,-1.9838460564224865,4,D06_px-1055_py-0118,0.5610885820591281,1.9838460564224865,2.6739661513306796,2.05876604515376,1.656805267555133,2.2378819311490856
160.09127992806577,-330.56461139907435,190.5392321531405,0.8972102141389091,10.191159819565884,-1.7267697977323309,5,D06_px-1055_py-0118,0.5801431911727423,1.7267697977323309,2.0202624446525324,1.838872343107688,1.3966776099053937,1.413622942951263
-117.28856949373905,-325.7906507127204,183.5980938030497,0.8865307648882496,25.188408981934515,-2.5233421323673184,2,D06_px-1055_py-0118,0.5732377751725565,2.5233421323673184,1.7325138017703723,1.0501692740883053,1.7896109487420289,1.5633220086974793
127.90239040701512,-331.233496855752,185.6098065019252,0.8934888494544319,19.4724185258952,-1.8092748537992875,5,D06_px-1055_py-0118,0.5777369274571177,1.8092748537992875,1.7101105324747774,2.515164576708564,2.3741700364059284,2.0420131666540464
179.09726234534682,-313.2633585548246,189.1647785816151,0.892103643623464,14.318587711377347,-1.6584140853808749,5,D06_px-1055_py-0118,0.576841242456496,1.6584140853808749,2.0186832855641876,1.223194374491051,1.6941602687268578,1.7110684017710749
-60.53885085412678,-311.3620115112088,188.58128303331333,0.8299379726401477,36.23172914640122,-2.369812232088179,3,D06_px-1055_py-0118,0.5366444299622591,2.369812232088179,2.5025858821397278,1.4004147572425067,2.2927168817260375,1.9183703095838567
-209.8436845422752,-301.8336226175344,191.21128315637063,0.8959188235959029,9.608726911764848,-2.785293067299837,2,D06_px-1055_py-0118,0.5793081678762354,2.785293067299837,2.3010372483957724,1.9263588735889656,2.4655955790772364,3.1065178370103035
123.46356049339104,-288.0779115449812,184.7918808043367,0.8340866321152353,40.59641046534893,-1.7728793848201945,5,D06_px-1055_py-0118,0.5393269858550008,1.7728793848201945,1.85501951246445,1.5137385772187428,2.1190234426538552,2.1168354981251554
-228.5318927323772,-286.1338911742142,181.83293218340907,0.9184481785570384,16.110545442161026,-2.851716688683444,1,D06_px-1055_py-0118,0.5938758262424084,2.851716688683444,1.5331445653218987,1.6330091209275817,1.986233587723913,2.9937285043181214
162.74473701801568,-282.75922303043063,180.3055618359488,0.8661577186051587,37.29084793568899,-1.6555212545347744,5,D06_px-1055_py-0118,0.560064402981374,1.6555212545347744,1.8047904430400883,2.081469040596687,2.0725872488352897,1.1378019855682013
-250.7989296491629,-258.4085828623404,191.3357358240516,0.8855129641538716,13.32436815103057,-2.9482310240868164,1,D06_px-1055_py-0118,0.5725796572011882,2.9482310240868164,2.662281077725064,2.0752240018704446,2.06363688826665,2.8857650448731462
190.9981962614557,-256.4206976340917,189.082800917762,0.8325936804750267,34.67186772318723,-1.5375707799432208,5,D06_px-1055_py-0118,0.5383616315654841,1.5375707799432208,1.7949086340012101,1.3666081848778922,2.2456800928585388,2.6704614278670777
-287.8571234712179,-249.00525985660929,192.70561651365173,0.9090352608662146,2.0501045229421493,-3.03541646697384,1,D06_px-1055_py-0118,0.5877893595244142,3.03541646697384,2.192969592783781,2.147381782384846,1.7011848938366723,2.3086594921380152
271.6530083196657,-237.5388676675329,182.9242604615486,0.9084544660763604,18.1892461922696,-1.3254810335096925,6,D06_px-1055_py-0118,0.5874138130387717,1.3254810335096925,2.2392132355727323,2.20758334684794,2.234585207056261,2.873054027445492
265.1520870587951,-223.27632381612565,180.82719196244733,0.8945001526795581,26.74043590463356,-1.3068511200409776,6,D06_px-1055_py-0118,0.5783908440878274,1.3068511200409776,1.3028491669770519,1.415243166015345,1.7862985135340188,2.1786481189229217
262.1217432293829,-208.4095442781688,184.12906067982044,0.8686815129448109,30.54100931318044,-1.278717446658753,6,D06_px-1055_py-0118,0.561696308279593,1.278717446658753,1.7948277245796955,0.954591374080983,1.4931660338177224,2.130572092050599
-315.60632417030666,-208.72007667002404,189.98696359524683,0.9130681002538396,4.862660694365218,3.1189123267800687,19,D06_px-1055_py-0118,0.5903970252363671,3.1189123267800687,1.6521524622461023,1.4676329344794001,2.1332579950093207,1.495711849297207
270.02846877754985,-196.37081305909305,189.57523106278785,0.8528017487531813,27.48118229955969,-1.2357430507076517,6,D06_px-1055_py-0118,0.551428327679256,1.2357430507076517,1.8399471978026358,2.709199584558906,1.9157106937221364,3.1171111657374406
348.98706323679284,-152.67568531779278,192.6612700469976,0.9095421593736216,1.9180692663375112,-1.0193751703894849,7,D06_px-1055_py-0118,0.5881171240917961,1.0193751703894849,2.07270736214232,1.4319183320039823,2.2132351940582815,1.791441677135349
297.8321494121241,-125.54869200874812,180.2295666893597,0.8617478935347791,38.84111243345586,-1.0059173863960296,7,D06_px-1055_py-0118,0.557212975357694,1.0059173863960296,1.5780787678200694,1.8275004609350263,2.559289818085473,1.986692354229341
327.8519598049227,-125.02812764748649,190.0039634205157,0.8762073951509267,18.79500823086994,-0.9713104174693176,7,D06_px-1055_py-0118,0.5665626029902886,0.9713104174693176,2.8205368583144916,2.6290211935283625,2.141435556384012,2.2432541434898914
320.0242608147809,-104.75177454022348,173.07060394581845,0.9017364583003824,36.60973568580994,-0.9233124043088324,7,D06_px-1055_py-0118,0.583069896297677,0.9233124043088324,1.8641763066767103,1.9927108778291374,2.9272305066692965,2.465936527628469
-356.4526782997588,-71.18890669539006,190.0887477179567,0.893292478068479,12.399558563508606,2.731734520349794,18,D06_px-1055_py-0118,0.5776099521722776,2.731734520349794,0.8900347529610635,1.5852244612004633,1.232866544255525,1.640509593462649
312.0911171015655,-47.33882851965859,189.73044756789216,0.8244989410109896,36.18670874213672,-0.7575147605813678,8,D06_px-1055_py-0118,0.5331275092713176,0.7575147605813678,2.6389896412133984,2.0770538294488636,2.2849538595105043,1.1504195118986218
329.21618236427355,-38.406124105367695,190.3402640153286,0.847178945102326,28.16422343473448,-0.7231138751465594,8,D06_px-1055_py-0118,0.5477925785516387,0.7231138751465594,2.1280585943330292,2.413322254205212,2.851760017125611,1.6287239437138403
355.8702368288997,-37.4663057114464,183.38221679660165,0.9031553094270958,19.45300079713513,-0.7118739261968956,8,D06_px-1055_py-0118,0.5839873366115287,0.7118739261968956,2.09414825250549,2.350357781640679,2.512935633036548,1.698455612454018
-377.54382018988827,-8.9256686916257,192.3113204747169,0.9062381215211353,3.810323326087314,2.558250129889011,18,D06_px-1055_py-0118,0.5859807071927347,2.558250129889011,1.802390096981344,2.3615558917380977,1.7823877390319964,1.5534699481693752
295.9574565025605,14.549672769561626,191.67946442421788,0.7878057746296452,43.91318255928735,-0.5578577137876898,8,D06_px-1055_py-0118,0.509401418882193,0.5578577137876898,1.631793337339707,2.298616169713773,1.9738605843624542,1.1852191567301804
-330.5476223777919,32.985396438326774,193.0297584222143,0.8413201430190367,26.01781306576868,2.435152246997005,17,D06_px-1055_py-0118,0.5440042309788113,2.435152246997005,1.2819949394590173,1.751699381677888,1.7798034987414852,2.1467831776481088
-345.45663274332406,56.46896216102286,190.18793325430207,0.8745499869462007,19.09715699359748,2.3725843066833443,17,D06_px-1055_py-0118,0.5654909097908432,2.3725843066833443,2.268649818642494,2.6787338639515594,1.5277941476789643,1.9969022354504598
-360.23040391490423,70.96723704221465,188.95944216685868,0.9010853907400362,11.243430628371414,2.340098897460407,17,D06_px-1055_py-0118,0.5826489108851438,2.340098897460407,2.637505063011855,1.445282526153235,1.5334758617065507,2.149353253195442
367.5576680931649,78.17346828864568,185.30374934519327,0.9217854064339892,9.051993647231312,-0.3974185293828007,9,D06_px-1055_py-0118,0.5960337040727037,0.3974185293828007,1.4690426473058662,2.2965270852147057,2.4879648991279533,2.371318089409484
294.1161718775671,117.676559501299,193.6261400929578,0.8161327969000152,32.995977251998966,-0.2263849603640906,9,D06_px-1055_py-0118,0.5277178945947728,0.2263849603640906,0.9622445845527066,2.3679632334646357,2.464422145095007,0.9817939655432986
284.0032364211057,165.02264137008078,186.6447208161867,0.8524192272670473,32.05984918595334,-0.0806036623856999,10,D06_px-1055_py-0118,0.5511809862734619,0.0806036623856999,2.678441245517334,2.5688983345006644,2.71804202483961,2.3419983414150307
-288.0815991838451,193.70777470724445,191.9264165470347,0.8659792715653838,19.41291258184605,1.9426477020965032,16,D06_px-1055_py-0118,0.5599490177199504,1.9426477020965032,2.0095493569890395,3.4235955816106465,2.568933151682363,1.76101528415359
295.9848990649479,202.14358040724147,184.5549176901613,0.9008541472287702,18.425607621336496,-0.0077868098085174,10,D06_px-1055_py-0118,0.5824993870094124,0.0077868098085174,1.9552402504468738,2.367323381508301,1.779143324718153,2.116871949307858
-299.6305787007483,205.2467282596586,186.9326134050693,0.9010461932655288,14.523416972361872,1.9340258658736764,16,D06_px-1055_py-0118,0.5826235654893956,1.9340258658736764,1.6860299437595563,1.7740738612678577,1.7656416065397558,2.3016389900390295
244.6038832467652,231.39580571961625,190.37844222533784,0.8548891781525103,25.56644826243724,0.150677669711947,10,D06_px-1055_py-0118,0.5527780759701142,0.150677669711947,1.8643229671500028,1.6282320011962939,2.4334399567044698,2.1112702277883417
141.0344921320335,269.9828172309283,191.7255751421274,0.8014719097808066,40.03754241991516,0.482423376767949,11,D06_px-1055_py-0118,0.5182380495097232,0.482423376767949,2.03372672203569,1.735399042631557,2.157798897995659,2.325181539969825
49.18631720095539,280.40696914242307,189.46708732166616,0.7735973823453666,50.803772392509416,0.7901728870183237,12,D06_px-1055_py-0118,0.5002141605214012,0.7901728870183237,1.7676325520031664,1.6201164962212202,1.716558063746938,2.6361367719578053
-53.0002068274222,289.6678993387025,188.55719978865125,0.7929056231337139,46.959046922827554,1.144783930274739,13,D06_px-1055_py-0118,0.5126990210929386,1.144783930274739,1.6137540495359315,1.5633201917710045,1.6262287649225753,2.450349333604694
31.478606408377168,293.5681405551166,191.3113648524291,0.7869684902351353,44.66290013711233,0.8569973444711009,13,D06_px-1055_py-0118,0.508860024197987,0.8569973444711009,2.6560455439611474,2.3218353218214114,2.246732285728781,0.9928984118986024
-203.7552990759145,294.3539436769377,189.7105765883828,0.8868138680149743,15.414144607498995,1.569296691911294,15,D06_px-1055_py-0118,0.5734208318841062,1.569296691911294,1.1545800360966905,1.6614296146251364,1.4318778735155324,2.1376243535312587
116.61037605217686,298.682484325979,182.36412960394904,0.8519640387619005,38.70785835113031,0.5915998222049285,12,D06_px-1055_py-0118,0.5508866578008258,0.5915998222049285,1.694876672932617,1.7896228003098351,3.0794025442147284,1.5268686591877016
195.994012774722,309.8265820460396,178.344536711888,0.92831660106711,17.997491910442193,0.399776231637693,11,D06_px-1055_py-0118,0.6002568259642278,0.399776231637693,1.1173318939534076,3.2270852665555014,2.728959472429725,1.588292561293707
-2.586756966926574,316.5639932169237,195.04362683608272,0.8121616834221796,32.12187051106258,0.9719879687242208,13,D06_px-1055_py-0118,0.5251501413422626,0.9719879687242208,2.30061474909631,2.5411679637632703,1.7320714783131521,1.942428480333465
1.842704446093054,318.67350884123493,190.1210476126705,0.828215702082892,34.4793335466897,0.958034438230468,13,D06_px-1055_py-0118,0.5355307962547917,0.958034438230468,1.731832806102169,2.0434404067906984,2.119384315190137,0.8363287683735059
-148.16068859085817,325.34995170288204,189.4463130387689,0.8868148578244448,15.83199544738784,1.3911429126199817,14,D06_px-1055_py-0118,0.5734214719027059,1.3911429126199817,2.866481513719439,1.9732953448381805,1.7392954492876562,3.0593220004033506
136.14950214054147,323.1195829254845,190.71423248271296,0.8740198743285477,18.46496099498171,0.5650337301427467,12,D06_px-1055_py-0118,0.5651481347969346,0.5650337301427467,1.7262327557784225,1.66520086926551,2.2025951753967234,2.52999662832121
98.80887264090696,329.10543470254635,179.6211397911446,0.8934955395524059,29.02595295918519,0.6721446899917739,12,D06_px-1055_py-0118,0.5777412533271611,0.6721446899917739,1.9172935783279157,2.0650214058401266,2.4233078990907773,2.2584035507866167
156.2134328291231,333.09179351287673,188.87108614252293,0.9023043452067976,10.916410499852644,0.5252915778497457,12,D06_px-1055_py-0118,0.5834370964442214,0.5252915778497457,3.229664290246765,1.401134395300464,2.055196151578507,2.402061018567935
3.49916699640088,340.824721621331,189.9768928803253,0.8619649836453961,23.796972740189343,0.9535503916244232,13,D06_px-1055_py-0118,0.5573533475330891,0.9535503916244232,1.2573280125428454,2.874011648187463,3.2509492919185576,2.0352792440772327
71.57961206702969,339.6045416568385,181.24867358507657,0.8939660388909422,26.259593496193133,0.7560839594122118,12,D06_px-1055_py-0118,0.5780454819052597,0.7560839594122118,1.82405647745022,1.6887102282478046,2.019792712241885,1.6854719360606902
109.8660424426526,345.75045425423207,192.25072206690675,0.886810985584659,11.39526925618776,0.6561461067393511,12,D06_px-1055_py-0118,0.5734189680819614,0.6561461067393511,1.8554363201577315,1.5679515902967354,2.6937077231796076,0.5937146630945469
-38.85601318412936,355.39723528856393,189.44111713952788,0.8868528212119975,15.82625692989285,1.0727154889160158,13,D06_px-1055_py-0118,0.573446019328109,1.0727154889160158,2.013201370082723,1.1843998819287174,2.211558768040633,1.6727728693779942
0.2122001813480577,354.6219378509774,183.22299733285936,0.8991858371528889,21.190328796055667,0.9632184107851984,13,D06_px-1055_py-0118,0.5814206445742114,0.9632184107851984,2.1166393024909427,2.3241483196133546,1.8884719903460887,2.0100268798284304
28.174106095742147,-363.5191467845356,189.7696646269925,0.8956108959316861,12.032864393447936,-2.100426711028339,4,D06_px-1055_py-0118,0.5791090594232174,2.100426711028339,2.016166148110422,2.254119966809444,2.1327054936174368,2.6145588813378016
89.21314489319107,-362.0653551482266,182.0033873887395,0.926721639749676,12.53666836202342,-1.9361876617368257,4,D06_px-1055_py-0118,0.5992255114139567,1.9361876617368257,2.58980163815582,2.01277402569143,2.754256679234257,1.8373039538871296
-83.45531807204888,-358.7484833271735,185.65852283161112,0.9111902368421008,12.679104007242074,-2.4063397669355235,3,D06_px-1055_py-0118,0.5891827839636925,2.4063397669355235,2.4066263630619265,2.5141770669280614,2.2896454333543943,1.7186342702303108
122.68544532902288,-346.9201974996474,180.8006613638854,0.9235250104541516,15.81454461676134,-1.8378604619917172,4,D06_px-1055_py-0118,0.5971585457338106,1.8378604619917172,1.8986443205322425,1.395890186582443,2.278296280445078,2.5195067869344308
-44.28624690351328,-333.9987307974133,188.37425821187537,0.8604338006593985,26.774455032250216,-2.30960095794344,3,D06_px-1055_py-0118,0.5563632725542631,2.30960095794344,1.8206272562404946,1.8002484176605629,2.4661365029130096,1.9782669934843509
-111.55307133007015,-310.8495569185778,183.69872168703125,0.8629847439900701,33.105496131012785,-2.5223264240087326,2,D06_px-1055_py-0118,0.5580127326039093,2.5223264240087326,1.7802066920016542,1.5976979817484451,3.1586170090337697,1.587733082017286
-163.92558883076828,-278.2796090114399,187.1116533307969,0.8428107273101919,34.42826550556936,-2.710118279701064,2,D06_px-1055_py-0118,0.5449680545217841,2.710118279701064,1.734857807001212,1.7059803159082603,2.170870633649855,1.3659877109220413
138.81688340395053,-274.2563746201337,190.0827817228436,0.8103200983028762,39.8684577730001,-1.7092145010493418,5,D06_px-1055_py-0118,0.5239593578992159,1.7092145010493418,1.5418658524714428,2.9517224214279936,3.3157648041930785,2.0245021254372384
205.29333945180628,-272.0603869483657,179.27489405371358,0.8904506937905253,30.656133555426266,-1.5313452741568652,5,D06_px-1055_py-0118,0.5757724320753639,1.5313452741568652,1.7389877707078925,2.4564703220744075,2.236205185872096,2.149038142196744
262.13462833516166,-259.35610880762613,185.27764564685907,0.9127454399330418,12.692703314792825,-1.387049713278883,6,D06_px-1055_py-0118,0.5901883905315648,1.387049713278883,1.9803238029609567,2.510506144180047,2.5332734133068744,1.8460710761930264
-276.1412349965934,-247.0364545860432,179.6245952099982,0.929961205080961,15.20052698908006,-3.0187475151048675,1,D06_px-1055_py-0118,0.6013202398730036,3.0187475151048675,2.517217102633354,1.9695025150300063,1.0786103343350275,2.059663726356243
-251.97920307664992,-243.8888886407876,184.65965052004967,0.8899146623511718,22.29042619675539,-2.979488031378428,1,D06_px-1055_py-0118,0.5754258299247252,2.979488031378428,2.081172835890861,2.0854381170607352,1.945410229014282,1.6516708820421113
247.5351132943706,-217.76415567611545,177.9605225566848,0.8777707929265945,37.0877447073666,-1.3284824042126413,6,D06_px-1055_py-0118,0.5675735083058493,1.3284824042126413,1.5602265298618379,1.342520712796244,3.342069267033647,1.153425192785972
297.4254254938642,-210.8588475164539,189.16772668145487,0.8971299449353367,12.420310654985144,-1.2236849541795194,6,D06_px-1055_py-0118,0.5800912884734868,1.2236849541795194,2.885216699021363,1.2553837684286702,2.224497129406657,1.7576942183501438
-286.07310801500944,-184.6191419595077,188.837218967105,0.864401536340783,24.72025410499401,3.107717095134762,19,D06_px-1055_py-0118,0.5589288416969835,3.107717095134762,2.1904335480568715,1.598060180472068,2.221150313731253,2.154966349577612
-283.12834455693934,-170.9122299474886,190.9991150923584,0.8443641818383543,28.084145336512503,3.0777167962538425,19,D06_px-1055_py-0118,0.5459725304551916,3.0777167962538425,1.6800628608851862,2.1836256541987162,2.588999669024087,2.046719209410127
-338.9719957692032,-143.09232947547923,188.726972542591,0.902719862735644,10.988619209191256,2.9340555544867613,19,D06_px-1055_py-0118,0.5837057733511205,2.9340555544867613,1.4888647824732204,2.0460505671243574,2.5841928092433646,2.053249974324774
-273.11206560890184,-139.99403147443445,191.97325646571232,0.8045873771203366,38.78944264956675,3.00828052854688,19,D06_px-1055_py-0118,0.5202525352298663,3.00828052854688,2.101990510786201,1.4453108296664325,2.976344666983292,1.9890226851750112
-293.0655538427624,-133.05358555587907,189.0954216255761,0.8358456639006185,33.6436433801893,2.9607936277675604,19,D06_px-1055_py-0118,0.5404643896621186,2.9607936277675604,2.008566067274976,2.4663555213224067,2.272704770807643,3.1333249756100576
313.61347096346555,-132.01800622811552,180.957044999162,0.8850764248044329,29.8757737099694,-1.0054213409357922,7,D06_px-1055_py-0118,0.5722973874195196,1.0054213409357922,1.5574169253273062,1.3867991043590577,1.4577477846474323,2.528464896520957
300.013261266404,-83.11333854553823,182.9181983528153,0.8358010177798461,42.86928297609575,-0.8772340942438835,7,D06_px-1055_py-0118,0.5404355211287801,0.8772340942438835,2.001222905615685,1.5084973198166898,2.7676817031529843,1.8076032075777886
-343.3189063294038,-46.360033939890506,189.0549863326881,0.872392907052786,21.62174277061365,2.6688361241826786,18,D06_px-1055_py-0118,0.56409612494192,2.6688361241826786,2.2807938288793324,1.270021551074409,1.2891738434216742,2.4013022988114194
-366.1860965162661,-26.542533589603263,184.6839143263702,0.9121837357340206,13.882757686404318,2.606970308356372,18,D06_px-1055_py-0118,0.5898251881723183,2.606970308356372,2.952355294458022,2.043281362674738,2.205553142475812,1.900772764850984
288.54209536496666,-25.661508057032385,191.02898188205592,0.778184453998321,47.41603469805847,-0.6956812209343392,8,D06_px-1055_py-0118,0.5031801971814241,0.6956812209343392,1.7389788809186728,2.0703977132694034,1.5336902045512644,1.940218849563479
350.0552029822627,-25.69681527145708,185.3384187362546,0.8885640791527104,21.70189720034074,-0.6802559924635676,8,D06_px-1055_py-0118,0.574552532190981,0.6802559924635676,1.8786725041097476,1.326444235618135,1.770928681233224,1.6175425349054977
-345.9334264323617,-7.021341235917169,188.99092602443983,0.8719478594551184,21.87706573699029,2.554907134323255,18,D06_px-1055_py-0118,0.5638083536599329,2.554907134323255,2.7870539205557496,1.7330669844875137,2.6175763802605516,2.2149055283823706
372.0250108848682,4.987884031110944,188.7250626808609,0.9081350200981174,8.882153328494667,-0.5935729461296694,8,D06_px-1055_py-0118,0.5872072567531825,0.5935729461296694,1.7927787448576349,2.3729639428155247,1.8628525706396952,1.5832205370717691
375.5475893512226,26.05143558887291,184.04401595759865,0.9259245296904386,9.463146361616223,-0.5377212825050756,8,D06_px-1055_py-0118,0.5987100937713637,0.5377212825050756,2.1077426924404827,0.9686049870808098,3.1624743140113107,1.235876376289688
-329.0031042634209,47.14720028763063,186.911244186053,0.857553551135478,29.973351355777083,2.392278950623099,17,D06_px-1055_py-0118,0.5545008805263427,2.392278950623099,2.134521636050172,2.6168951991421574,2.0373890785826276,1.7660369642300688
-354.5395795957987,86.34018027588782,183.10479176850703,0.913370298231478,16.0033015376805,2.2957353252097805,17,D06_px-1055_py-0118,0.5905924288289146,2.2957353252097805,2.155192895726638,1.506582949601783,2.1997558474516463,2.314383374668075
-279.4414808524888,146.91860066868668,189.2887698833216,0.8257375706548425,36.46309002746148,2.0505720686118525,16,D06_px-1055_py-0118,0.5339284169548705,2.0505720686118525,2.482748872837418,1.5093274395665657,2.5907875934928226,2.0227252153646913
-259.90755394191194,149.70960112850003,191.1044761670891,0.7953896250842755,42.640058867323376,2.0120194063364014,16,D06_px-1055_py-0118,0.5143051963189542,2.0120194063364014,2.9239483171815843,1.2660093324576929,2.153951842705202,2.2757342549033326
-246.84234997448027,161.7345854859872,178.96924453030562,0.8200440638378339,53.29834126316672,1.954581189270045,16,D06_px-1055_py-0118,0.530246950603138,1.954581189270045,1.5568274501923074,1.8346341512151543,2.36877141929771,2.9274673499133907
-294.0682932868455,163.67642045053526,182.9569778864497,0.8742831657807404,30.462900733097623,2.0267220287264123,16,D06_px-1055_py-0118,0.5653183811236889,2.0267220287264123,0.9509446484519624,1.6091652158651664,1.303676881736752,1.3505630441064427
265.22523470774524,164.6557639501929,189.736774450556,0.8189515653823854,37.83967680337008,-0.0513954258982864,10,D06_px-1055_py-0118,0.5295405324969826,0.0513954258982864,2.5278252749865,1.3600020417246257,1.6802109356678738,1.5685172793051683
283.5434684248678,200.3184922484432,189.75230794191123,0.8716182785521306,20.809196889635245,0.0080838523413833,10,D06_px-1055_py-0118,0.5635952440521779,0.0080838523413833,2.1302790887084657,2.4318268182408107,2.191659721059811,0.9377826454223166
-263.5789876226297,220.6206240412964,187.91432048988835,0.8715067650135244,23.703751837606205,1.8377036294326352,16,D06_px-1055_py-0118,0.5635231385197993,1.8377036294326352,1.8497043578619556,2.4770712185489923,2.0795587811813663,2.714676835199948
-194.93833153614816,233.8721334427109,187.2689981967482,0.812992840368404,43.184325217731214,1.6586683304336085,15,D06_px-1055_py-0118,0.5256875739701454,1.6586683304336085,1.7509180876187578,2.1879774691258733,2.2685488828620812,1.06032481024736
308.7051998196349,231.6293519397549,196.97603691494407,0.9051474394237756,3.3096818358209816,0.0367297991963065,10,D06_px-1055_py-0118,0.5852754635580258,0.0367297991963065,1.7561799752226426,1.4094617774146991,2.6449513396732565,1.9122388080275574
293.7232263904948,236.10104923234,176.56846807464095,0.946230451907132,13.68590747991999,0.0700872633518182,10,D06_px-1055_py-0118,0.6118400630125231,0.0700872633518182,2.3279049896144084,3.0859749288656415,2.9768523328886394,1.9878724071335985
-216.9236532857377,248.46409453404613,189.23761535347552,0.8476379316573113,29.6810120076654,1.6815460422731243,15,D06_px-1055_py-0118,0.5480893628732149,1.6815460422731243,1.8718849193635152,2.50522735276924,2.1724214958717867,2.640964057107194
-183.8916414178656,251.124387220279,186.68828235375327,0.8255493858411794,40.35469061134546,1.595875843696243,15,D06_px-1055_py-0118,0.533806735172153,1.595875843696243,1.9472710672884928,1.5725355262444143,1.989461032965296,2.872656665813835
274.97006727128456,257.3977552375469,187.3559197337771,0.9175870334968736,7.359936436567636,0.1454227710344001,10,D06_px-1055_py-0118,0.5933190030638559,0.1454227710344001,1.4195096603864163,1.713221441742472,1.253130887953012,1.6879501782976334
92.56516318678318,256.69917738872806,191.58366793880305,0.7468961622963539,54.55994687718618,0.6177320856376539,12,D06_px-1055_py-0118,0.482948941330482,0.6177320856376539,1.251331595817324,2.134318555319144,1.569481777024612,1.391161572526079
-166.43322276911317,267.5296937000154,190.7400926382693,0.8209260050788972,35.77915749000164,1.5203360841269062,15,D06_px-1055_py-0118,0.5308172207560568,1.5203360841269062,2.124752595528737,2.1375176397131948,1.791983567200859,2.8207062525696474
-123.06372992933844,271.0274255928948,182.8625516448357,0.8135976780792442,49.42510002946699,1.3900449969386846,14,D06_px-1055_py-0118,0.5260786667978672,1.3900449969386846,2.1609960106586064,2.767822542633057,2.155834148782459,1.3442681061911046
110.18065020427537,275.10069247996205,175.4826716206632,0.8319308484583304,55.07108123124931,0.5828706149076394,12,D06_px-1055_py-0118,0.5379330391628144,0.5828706149076394,1.5778337684319566,1.7577033583216781,1.5953630913449632,2.0913487735162857
263.9994206640488,278.4031711231535,185.74857224391832,0.9306176071113974,4.683714568439655,0.2049678522044473,11,D06_px-1055_py-0118,0.6017446745959131,0.2049678522044473,2.327176345266598,2.2796921399956345,1.3543109082850937,2.1339113843821433
-189.91635182526164,284.4371340743164,177.91637735765215,0.8958640720613711,30.906809574313,1.552528794252591,15,D06_px-1055_py-0118,0.5792727651027668,1.552528794252591,1.7546002605635769,2.149220779367476,2.4263140706432043,1.7903733109086506
103.09703833716456,292.27782852672976,184.05573809007137,0.8304960258038667,42.77049229716516,0.6247062574403403,12,D06_px-1055_py-0118,0.5370052715333226,0.6247062574403403,1.9981285506673037,2.5469165364294843,2.3774654185534967,2.6112930750704026
108.30539910977556,311.24232888873496,180.611663182712,0.8702823110645053,35.45671441896826,0.6289446870970029,12,D06_px-1055_py-0118,0.5627313969521782,0.6289446870970029,2.1157721453259812,1.50646562889672,2.0617744068285084,1.8468608182507706
64.36344623554436,320.342086829399,176.922731816285,0.876234958265713,39.22306235494824,0.765535833821218,12,D06_px-1055_py-0118,0.5665804255174052,0.765535833821218,2.02507377918229,1.8140624170124444,2.3370208684379263,2.8509238814741735
-38.10988017259512,331.12548610068154,184.4215145643828,0.8655872368360857,31.12755373465125,1.0784045774178814,13,D06_px-1055_py-0118,0.5596955249761972,1.0784045774178814,1.4711696774531027,1.8610222622032495,1.6779282061043035,1.276263405220119
-16.707648985705926,329.6669666128547,183.438932000402,0.8634298791242964,33.35819874681823,1.0144538564209644,13,D06_px-1055_py-0118,0.5583005604877247,1.0144538564209644,2.6477405045906606,1.7365141382758678,1.4174227695335972,1.799218727688275
16.814119703217067,338.5777815246771,193.4516236572221,0.8503026390080346,22.42685590856138,0.9141965345289256,13,D06_px-1055_py-0118,0.5498123836342679,0.9141965345289256,1.8057660729274279,1.6386166029331115,1.4147419381017081,1.4962670949255819
89.18570250321969,343.8413459255041,176.96473201599574,0.9168582772490652,24.73501680414552,0.7100292002093332,12,D06_px-1055_py-0118,0.592847783534109,0.7100292002093332,2.7676841967197303,1.689933187820065,2.967192145124881,2.026495367565551
78.90467713997404,359.8815110873056,178.4390805549407,0.9304307744731368,16.995383603649145,0.747980239502629,12,D06_px-1055_py-0118,0.601623867140461,0.747980239502629,0.7292957179154347,1.6839773779282319,2.279891615264392,2.2989532025219246
-64.83142724696266,-373.0816857954221,192.5762676069349,0.906883510292238,3.123192768373656,-2.34983048665322,3,D06_px-1055_py-0118,0.5863980206554151,2.34983048665322,2.2579612895528367,1.576121802205708,2.449285957212274,1.5715185190783867
-46.11842407910689,-370.2843672927441,183.62156499878432,0.9227898469190544,11.43230237857955,-2.301686438363073,3,D06_px-1055_py-0118,0.5966831832016369,2.301686438363073,2.5706940324451644,1.4144349159998026,1.610881291218458,2.7816313002153343
67.18784374547165,-359.819196487776,189.5388813460218,0.8981117003066005,11.451100229215513,-1.993175070030296,4,D06_px-1055_py-0118,0.5807260992291607,1.993175070030296,2.4734876383910036,2.188995291502817,1.9487249907650261,2.114477582636535
-149.79925641860882,-346.5117448187829,186.3153643454041,0.9213709268643968,7.546539327778532,-2.5858188078926534,2,D06_px-1055_py-0118,0.5957656983184335,2.5858188078926534,2.355622702254415,2.8342215710036314,1.5336037371282538,2.0399682512816666
38.80323305516736,-324.0013834490304,185.94654893714463,0.8510220414607939,33.57118226176959,-2.058581014880782,4,D06_px-1055_py-0118,0.5502775549264625,2.058581014880782,1.819693373302146,1.8149961159042594,1.9589117057963232,2.6743430098778793
-195.02997936248903,-304.153670156278,189.27444673554533,0.8924507906865172,14.014044124374834,-2.7479553757998736,2,D06_px-1055_py-0118,0.577065710481706,2.7479553757998736,2.151684807890555,1.7398459285801253,1.491788245589428,2.7781118742980606
75.07458724441763,-299.3801404272101,186.47664936910525,0.8219247132378531,41.74087663841732,-1.9320756711491571,4,D06_px-1055_py-0118,0.5314629933177779,1.9320756711491571,1.7251529164213606,1.7116867321023603,2.1921447874470275,1.8900162945695536
-246.7367812005386,-275.28223239800434,188.9782203172411,0.9043638464824858,9.945767719294338,-2.9085456481007586,1,D06_px-1055_py-0118,0.5847687861903628,2.9085456481007586,2.567902766684067,2.0094565615193654,1.5839375008977365,2.268893056884768
-269.48206771103384,-274.5423553797848,191.644269803977,0.916876237713981,0.5962280440220411,-2.9538727084751293,1,D06_px-1055_py-0118,0.5928593969121858,2.9538727084751293,1.7700444732213245,2.534188449977552,1.7347098628914017,1.8668022520207654
177.2187324510629,-253.9817078412774,184.04944694190283,0.830144320256256,42.884800939821616,-1.5685536250559755,5,D06_px-1055_py-0118,0.5367778559560936,1.5685536250559755,2.3631275260820823,1.8821948725084487,2.1463202338606755,2.6040287845222476
-267.6994809812635,-237.4887461583964,190.45335545871453,0.8847146354735168,15.0120792456961,-3.02290383665155,1,D06_px-1055_py-0118,0.5720634515885824,3.02290383665155,1.362739698127227,1.666705139256138,1.1903683563164944,1.9368069049841896
279.5859492824012,-212.13188717460065,176.2288263628118,0.913032511126366,27.38154226668865,-1.256048190759431,6,D06_px-1055_py-0118,0.5903740130262315,1.256048190759431,2.5298593072778304,1.568580689058576,2.4366323154881453,2.0362442548975337
246.2172622270127,-187.357783545078,179.59898770118554,0.8418342193382229,46.01455073822473,-1.257448691307434,6,D06_px-1055_py-0118,0.5443366367758243,1.257448691307434,0.5583095127261748,3.046599882925751,1.8612996744528232,2.064326614937171
-317.0560367209889,-190.52656453450376,190.2127089616866,0.9014921358466096,9.06698923941076,3.075711716806806,19,D06_px-1055_py-0118,0.5829119154747068,3.075711716806806,1.9850478975350923,1.16981039143314,1.9173773263744573,1.8443567764367832
-260.6135351149376,-176.8624825739358,187.5146293454414,0.8292446666278561,38.022507826620426,3.130858459800324,19,D06_px-1055_py-0118,0.5361961328340147,3.130858459800324,1.8749775736578145,1.9638062539092385,1.71432464061909,2.1600365132793784
272.8776429919307,-174.51490312908686,172.13890056387208,0.885414878839442,43.68890764995911,-1.1759630318235086,6,D06_px-1055_py-0118,0.5725162344643272,1.1759630318235086,1.7569563802898172,1.8434138664426523,2.374060904308026,1.8743809375798495
-293.37069588214507,-162.28708629861094,189.8055278366093,0.8542505670049685,26.65149911334271,3.0398952557787347,19,D06_px-1055_py-0118,0.5523651449722109,3.0398952557787347,1.3640060995013603,1.5094038075516043,1.4837070523095468,1.288139759587177
274.26530886954424,-161.91966350669836,185.87301191186225,0.8391751742535479,37.42286465418016,-1.1402925275001647,7,D06_px-1055_py-0118,0.542617277280596,1.1402925275001647,1.8291432005813473,1.9982029508527792,1.4551045677988643,1.823901275124325
-279.43540644513405,-153.49997240615804,190.4970338342411,0.8274525423157959,34.15726684918309,3.0369355254564243,19,D06_px-1055_py-0118,0.5350373311385004,3.0369355254564243,2.018826252220811,2.0753371502935716,1.1451618750047803,1.1656346883006625
256.6026417258838,-134.49300024712872,189.0214046138605,0.7835209571072068,48.82765432252876,-1.089743835369699,7,D06_px-1055_py-0118,0.5066308221236107,1.089743835369699,2.0318698187880324,2.339882480362621,2.6742206550545156,1.2932288555874973
-269.72752149498245,-135.9955451218603,183.1309828479052,0.8202110513832871,47.14971772893523,3.0016119163430046,19,D06_px-1055_py-0118,0.5303549260652746,3.0016119163430046,2.490139272527215,2.656879517673258,1.5811214338953261,1.7746889587563093
-366.7039274119308,-104.28960320065268,190.61407184028087,0.9151226362465316,3.004651608916845,2.8116947578503,19,D06_px-1055_py-0118,0.591725504391415,2.8116947578503,2.148204400448205,1.7493202356459765,1.202975659120197,0.8566540338969967
-317.2578780880477,-102.70847925554897,189.62681001926592,0.8520543904263851,27.64909783223652,2.8477032997595604,19,D06_px-1055_py-0118,0.5509450798987198,2.8477032997595604,2.5574508715473687,2.554363490253481,1.8509154839269115,1.3545642272696456
-339.9547938839917,-86.36979258183216,188.5939173394505,0.8796886051818869,19.75975787840844,2.7834117210700566,18,D06_px-1055_py-0118,0.5688135808154152,2.7834117210700566,3.131422333175276,2.369862192195991,1.7438584278931892,2.356908998572661
-332.0499098001859,-16.02133005574982,188.8765311118632,0.8524817490206763,28.64835770824652,2.5828254963301216,18,D06_px-1055_py-0118,0.5512214133317994,2.5828254963301216,2.1934077893793127,2.117853291826163,1.5588276884391634,2.18275767924132
-319.3951839332187,-7.236839076043505,186.552657214776,0.8388904889212658,36.49404936727768,2.557267192321345,18,D06_px-1055_py-0118,0.542433197502471,2.557267192321345,1.669028000243806,1.8978911422989388,2.4559997215780474,2.090302190463962
307.1144325097038,2.2651826935538546,189.61687060882272,0.8111163855139699,40.31387120398614,-0.5996039695706231,8,D06_px-1055_py-0118,0.5244742434817182,0.5996039695706231,2.189564918674881,3.4254875258829203,2.4704490520638918,1.4233740324718251
-322.5849051150747,62.32819074778779,186.15309185665888,0.853853322489465,32.34178159028494,2.3437501856652903,17,D06_px-1055_py-0118,0.5521082835396633,2.3437501856652903,2.06045087899956,2.608521714742006,2.258060661285459,0.9547221127533861
313.7240918647378,110.43313961654208,190.3699024679377,0.848811667273575,27.58673413563253,-0.2685176799981472,9,D06_px-1055_py-0118,0.5488483095674028,0.2685176799981472,1.599717768579458,2.366280644385922,2.2995318578258583,1.7720294537298513
353.2203265339446,132.62851539893674,184.0185095595782,0.927073442950307,9.03702979835657,-0.2477847633241057,9,D06_px-1055_py-0118,0.5994529901343977,0.2477847633241057,2.63109818306817,1.7913381341373578,2.4456183824498896,1.386754833488145
-276.2239497355636,154.23271147814637,181.28234306602383,0.8482623345931823,41.508495536515056,2.02537330313418,16,D06_px-1055_py-0118,0.5484931067295435,2.02537330313418,2.180710633995563,1.1387442053663133,2.4413915870496905,1.5185926513511827
301.8640317769354,166.3529050048278,185.05836362462304,0.8803835825562223,25.062467912235093,-0.1033032697317182,10,D06_px-1055_py-0118,0.5692629586595215,0.1033032697317182,1.8648393907241656,2.3204424118808795,2.7601024769325453,2.3269956617098666
258.142142548955,173.405096062596,171.89149553368574,0.8660820015815676,50.30398670113607,-0.0154709894733346,10,D06_px-1055_py-0118,0.5600154437575489,0.0154709894733346,2.4411171419071263,2.741701207374812,1.9428016757901883,2.154176267478118
-320.3303160752871,200.0286428072049,188.3152674297449,0.9164124357996458,6.256035132713521,1.9764130551873544,16,D06_px-1055_py-0118,0.5925594989413266,1.9764130551873544,2.2603750846830115,1.3268056710475462,2.0348537115880507,2.3080132383610303
-227.61384217063733,205.69886132859045,184.7939325092049,0.8234309933939197,43.771617325927934,1.7997473430031814,15,D06_px-1055_py-0118,0.5324369659306281,1.7997473430031814,1.17484180391451,2.375987255090246,3.302762326574179,3.446331033052592
-264.1547286627299,206.12048898108785,187.66124595365773,0.8595647365037943,28.15820323066152,1.8719990302491425,16,D06_px-1055_py-0118,0.5558013288262261,1.8719990302491425,2.087838975733825,1.9000079566775558,1.2277836302126426,2.359340781122336
327.0875060716221,203.83465081329555,184.24956787916665,0.9366440162816704,4.671452081740085,-0.0496894813451045,10,D06_px-1055_py-0118,0.6056413982313102,0.0496894813451045,2.506767710159875,2.083337766213897,2.29027561686487,1.746579531380667
266.14258796333525,214.8164928251354,189.52253296364893,0.864851528551941,23.510364225564444,0.0721048551630886,10,D06_px-1055_py-0118,0.5592198102049988,0.0721048551630886,1.0542193997303166,1.3516418129454568,1.8466405678061548,1.2305142765555144
-276.66144138137474,229.526897853844,187.1197923153978,0.8955560145773506,16.292891533114926,1.8420638336983992,16,D06_px-1055_py-0118,0.5790735727072412,1.8420638336983992,1.7786937267131464,2.9989758203071446,1.3182562540254876,1.9526512958288835
-297.660107661371,232.8505383558124,184.6721858638605,0.9261553730165348,8.323776472245527,1.8707771113490208,16,D06_px-1055_py-0118,0.5988593588842124,1.8707771113490208,2.3431444657114753,2.0815310018451374,1.9496034673548808,2.5525508505467998
-259.5697714200678,250.7460613827412,187.03877323108003,0.8976954000914107,15.620306679484258,1.766503920003299,15,D06_px-1055_py-0118,0.5804569162311073,1.766503920003299,2.232625914006781,0.9813782632722299,2.0020982209721225,1.75820614255721
160.3423550190752,252.66715375935576,187.56786130677392,0.8035714600073759,45.42780886792679,0.398344497320937,11,D06_px-1055_py-0118,0.5195956352229425,0.398344497320937,1.9957577132656303,1.523428391451007,2.2977692515573382,1.7309569581868427
250.33815091620173,258.0461562767606,177.1820149205708,0.9220728856587976,22.37856172754413,0.1935792387974804,11,D06_px-1055_py-0118,0.596219590403742,0.1935792387974804,2.1914927208472905,2.8886222584651415,1.290784207102318,2.5456446120427465
262.4048229716204,266.54761894791784,186.2900932846901,0.9169861172270546,9.354146276470487,0.1862505479000705,11,D06_px-1055_py-0118,0.5929304458707849,0.1862505479000705,2.2804073566296528,2.0366057125989867,2.0389598535772944,1.3535374817840902
-161.1350211354274,286.4103309703639,179.08547290182958,0.873083084275041,36.89731728289036,1.4762837252599217,14,D06_px-1055_py-0118,0.5645423989698835,1.4762837252599217,1.848566734787684,1.8450712185536924,2.9742987005790873,2.3385582758624954
-218.52069658583275,290.2820580523604,187.3490957794136,0.9001662280092798,14.187412318909082,1.6090995000576176,15,D06_px-1055_py-0118,0.5820545730238212,1.6090995000576176,2.54874992327603,2.290161146841046,1.678229053984493,2.3228200017058502
230.2871876799396,296.79481652118176,181.8596954386369,0.9306424002925148,11.18391684300417,0.3039360902790153,11,D06_px-1055_py-0118,0.6017607060621025,0.3039360902790153,1.6427868309909504,2.1340399231476828,2.194221663905722,2.4839720030041326
-137.36920554787562,302.49983143363056,185.8146483229264,0.860263568548903,30.75596033707205,1.390086098551139,14,D06_px-1055_py-0118,0.556253199130815,1.390086098551139,2.0482089559761167,1.8669477771692295,1.8913031537917617,1.3153391218340227
-63.82681544645877,304.237293955108,187.6795581945335,0.8222771874873925,39.86941058571557,1.1706106007545474,14,D06_px-1055_py-0118,0.5316909059437285,1.1706106007545474,2.146724120173176,2.360003905828223,2.1793092053462093,1.6903413410524357
-209.6909363813293,308.0475520162405,191.5841161034104,0.9015948082393344,6.8165310273869295,1.5614785459434768,15,D06_px-1055_py-0118,0.5829783042525227,1.5614785459434768,2.0961171007469677,1.6331323353425142,2.4551231921031262,1.2212074499493317
-184.1971331325658,313.6979271508574,187.58081665748307,0.9001537935696765,13.819289843661975,1.494756453067121,15,D06_px-1055_py-0118,0.5820465328172362,1.494756453067121,2.5434967864568776,0.8607838067240805,2.1955232445410466,1.6478932231169172
-114.7513200603437,312.21644405545896,175.95314218052303,0.8877014775553321,36.88260372817359,1.3160291965927833,14,D06_px-1055_py-0118,0.5739947672039941,1.3160291965927833,2.4468470593343445,2.7728132685047875,1.8445283674062054,1.8839700639703343
-83.2050273824066,324.82139692130045,181.90128099997213,0.8753120845894784,31.759048527610105,1.2145811200458532,14,D06_px-1055_py-0118,0.565983688129508,1.2145811200458532,2.8843617375663513,1.6382839382571834,1.4819284147331273,2.0870358640849016
-128.70657532215256,327.0137872950438,186.2779789408211,0.8866925748224936,20.89031155045313,1.338777761380049,14,D06_px-1055_py-0118,0.5733424027505047,1.338777761380049,1.1882162961369191,2.7426900440542745,1.915801072604459,1.848373455943184
165.10830589588383,340.9897159204619,193.24722066356733,0.905434695103527,2.61367454593028,0.5128863141645456,12,D06_px-1055_py-0118,0.5854612053430693,0.5128863141645456,1.8691654202495294,0.9006732231045533,1.4594702250706257,2.3907286827216234
-91.51850325897132,349.8708224141102,179.70812157023963,0.9180823876243196,19.75240927077698,1.2196623483129407,14,D06_px-1055_py-0118,0.5936393029442277,1.2196623483129407,2.359938096910039,2.5155846270133937,1.6905761079326371,2.3256405459935516
-96.6045232592526,-372.820605643039,181.0725723014562,0.9445926068935956,6.684825234282755,-2.43131757158674,3,D06_px-1055_py-0118,0.6107810195265868,2.43131757158674,2.248443999948854,1.2545483666372288,1.8522182077889484,3.070561008017595
-102.8169231143824,-360.4379797841149,186.6902519658854,0.916953899286555,8.70912904200469,-2.455651323760072,3,D06_px-1055_py-0118,0.5929096134966992,2.455651323760072,2.1267976736093046,1.9130725897623515,2.019520238491098,0.9604893942898448
-113.40431211862524,-350.43934869836744,187.2722905747873,0.907000094118644,11.685410436765608,-2.490746509818782,2,D06_px-1055_py-0118,0.5864734046758202,2.490746509818782,2.593937222320954,1.394711500317006,2.0173750740792507,2.743602086501174
102.457265689135,-349.7419118204348,188.16674083945705,0.8995201712367846,13.118087409224644,-1.8927984566111864,4,D06_px-1055_py-0118,0.581636827626179,1.8927984566111864,2.0872266214891138,1.2742229647358787,1.836847559509616,1.9926411509736557
-34.40704495804976,-350.7452114030391,185.9771921762754,0.8888723689470445,20.57682719592549,-2.275559977144612,3,D06_px-1055_py-0118,0.5747518748001851,2.275559977144612,2.917040969770146,2.442938898135096,2.282526064706034,2.1862731643838846
-176.56523238161054,-341.76505482458515,185.1197028637193,0.9334969054201824,4.532531328389325,-2.654636826586141,2,D06_px-1055_py-0118,0.6036064515606347,2.654636826586141,2.115118336647886,2.3635988235160266,2.830515105553345,2.650133112317831
-8.497424028304119,-344.3050811860762,183.23294990693336,0.8848809044223226,26.350783254127577,-2.2024507759214376,3,D06_px-1055_py-0118,0.5721709624004668,2.2024507759214376,2.3405463239490634,2.7851662669007085,2.0869753720467283,1.8867892701532964
138.59666249905112,-336.4668422697259,185.81313588001035,0.9049128817973078,14.855697297993004,-1.787037970116244,5,D06_px-1055_py-0118,0.5851237967493018,1.787037970116244,1.4066987190701978,1.4846761104629316,1.33481760421284,3.037000836142737
-75.9017568249496,-324.18458275490826,185.0238579744534,0.8634439066118084,30.91455781088604,-2.4077644203198507,3,D06_px-1055_py-0118,0.5583096307716349,2.4077644203198507,2.5809691509722956,2.1848743935146393,2.2219705628786004,2.404020184698396
117.24261485416308,-320.31030807823663,187.07463727077413,0.8699251279464182,25.55341856953794,-1.8268939561719493,4,D06_px-1055_py-0118,0.5625004395347362,1.8268939561719493,1.6218282753304398,0.9548945768947339,1.9621346214017867,2.654699295617954
-5.478570967213989,-318.6826073292889,186.42494062076003,0.8380663852143859,36.94073211485687,-2.1949654736960382,3,D06_px-1055_py-0118,0.5419003255547018,2.1949654736960382,0.8417693909049639,1.385705942752966,2.923393635858059,2.9302259460562845
-88.30604270599066,-315.75891933034114,186.9413546606916,0.8507378349449504,32.15399880296087,-2.450471905285448,3,D06_px-1055_py-0118,0.550093784754818,2.450471905285448,2.535521316218497,2.6612558763200695,1.4582113374207109,2.612524810760684
199.1453092065116,-316.08638007129537,182.0945202869156,0.9273758242538584,12.12040028361497,-1.6155644520341768,5,D06_px-1055_py-0118,0.5996485122669245,1.6155644520341768,1.2930407217904027,2.4012111155852227,1.0654348601614834,1.1598496091019936
-203.93230239846287,-292.22638896480254,187.6573955022432,0.8898842211475695,17.539358980075406,-2.787062283538019,2,D06_px-1055_py-0118,0.5754061464027115,2.787062283538019,2.791626565273325,0.8170984548188027,2.1219725601173467,1.420469682730452
-190.3253846542884,-287.60028245114955,186.59283318528907,0.8766206608557335,23.9796084905567,-2.7623811488989207,2,D06_px-1055_py-0118,0.5668298238500277,2.7623811488989207,1.6028034749507865,2.828900038032271,2.1083201709401878,1.7889332869343888
-220.70647613664573,-277.6005977476674,189.81774161019752,0.8819285919447444,17.030337277390913,-2.849491478526901,1,D06_px-1055_py-0118,0.5702619738991209,2.849491478526901,2.918383193950105,1.8796398379235058,1.9994546486346194,1.70741582644406
191.03062654561828,-273.95881144257464,186.7710013880541,0.8603313614169316,29.26713224037792,-1.5688663684240125,5,D06_px-1055_py-0118,0.5562970345332402,1.5688663684240125,1.7533910660761813,1.147560046652185,1.6451017248736113,2.178637604534175
-209.70458843218668,-263.9989969560695,180.77311413632447,0.881063231974906,31.55742191352784,-2.8490551695567787,1,D06_px-1055_py-0118,0.5697024253267754,2.8490551695567787,1.7150350377952215,2.1110591134284715,1.939034073146181,2.934445683809078
211.34886636435303,-253.87946539880863,187.7902585879825,0.8522022423998504,30.39013928987339,-1.4835430545324844,6,D06_px-1055_py-0118,0.5510406821492911,1.4835430545324844,1.8880922930769009,1.1896110462759188,1.9731335095094047,1.758013480948796
-263.1814670156207,-255.6650461810401,186.19351616764536,0.90793770698188,13.073533503203464,-2.977659799405675,1,D06_px-1055_py-0118,0.5870796725381231,2.977659799405675,2.299783406049838,2.379137781446156,2.1590003895638232,2.279920605597949
200.8229081776701,-235.4544238302606,187.3033427163465,0.8210343726318993,40.78977058440353,-1.4715911857898845,6,D06_px-1055_py-0118,0.5308872920693649,1.4715911857898845,2.179292437066535,2.6473171795250803,2.6128178632861894,2.666309252713218
-298.18074634879986,-229.9955820580101,188.7140098470801,0.9140086089440624,6.568516214901024,-3.091559412785889,1,D06_px-1055_py-0118,0.5910051655632081,3.091559412785889,2.418717861114973,2.205883565622181,2.5484605870977886,1.6761890853907135
-237.8308640294548,-218.70811654465987,188.2537932778281,0.8399908819557079,33.60289641638127,-3.00503589287421,1,D06_px-1055_py-0118,0.5431447203055837,3.00503589287421,2.5629289986767736,1.832116844408531,1.7937590920078879,1.2265821886714472
-253.61502843642128,-213.6751486127833,189.0908505820448,0.8507144592051732,28.90200627810708,-3.048438056640788,1,D06_px-1055_py-0118,0.5500786698173633,3.048438056640788,1.6380356310758541,1.664690581468849,2.0633348855489624,2.2458528692366837
314.6570453189224,-185.7737704215824,187.2079723056244,0.9032922088265442,13.221294139127451,-1.1403108951545695,7,D06_px-1055_py-0118,0.5840758568414748,1.1403108951545695,2.5407441565774933,1.644943082898457,2.0860128161780143,2.8128770079163807
369.4095819987672,-61.141280720608464,187.65765653398336,0.9139657187807624,8.315706065002075,-0.7710033857609677,8,D06_px-1055_py-0118,0.5909774324458019,0.7710033857609677,2.582250054597952,2.133184047380561,2.2927620546397707,1.7367906007905107
-302.1536592317084,-51.44574990513145,183.46080269867585,0.82657177654815,44.813694753609184,2.7032593997727905,18,D06_px-1055_py-0118,0.5344678210559517,2.7032593997727905,1.7036104064450335,2.5221208846006027,2.2430360531777693,2.0090111109318434
-327.0965623944739,-47.029145543957085,180.46671951401413,0.8720396517145421,35.09641535987157,2.6774120684550016,18,D06_px-1055_py-0118,0.5638677072578611,2.6774120684550016,2.3075623281694893,2.052427171160386,0.5801592122430625,1.6808375945108576
304.3601412273795,-42.09487462399815,183.92429593988243,0.8265409003400921,44.13857580938617,-0.7444137844061864,8,D06_px-1055_py-0118,0.5344478562566307,0.7444137844061864,1.8319228740288411,2.541689973757011,3.0743159380832425,1.8928948749693313
-309.51448622456843,2.2176564871807174,183.7497888933365,0.8306724977310742,43.17144689815092,2.5274482921983306,18,D06_px-1055_py-0118,0.5371193796714034,2.5274482921983306,1.490769672070055,1.8494065091114962,2.238725170936891,2.041922977902354
346.2751072964229,11.68410830535558,188.2000794044165,0.8746769117142444,22.152111177454515,-0.5732500583374794,8,D06_px-1055_py-0118,0.5655729803455598,0.5732500583374794,2.0015802206728943,1.4414732877951875,2.102818004041469,1.833708574384761
-368.5498549964629,39.053844712254445,188.86190813107635,0.9058946348588742,9.537749237823787,2.4290408506976573,17,D06_px-1055_py-0118,0.5857586060115074,2.4290408506976573,2.0842311567895395,2.3691448247946596,1.2556575459486186,2.2243274287028605
327.1259838938695,47.9608237589729,191.52934626702097,0.8428489156047183,27.7764503406774,-0.4614039818417915,9,D06_px-1055_py-0118,0.544992747373808,0.4614039818417915,2.2942563333483594,2.135273090520312,1.810507984278096,1.8387823527570544
-311.69659145227945,49.93811274483068,186.4994410082744,0.8330714565760406,38.36502880968999,2.3757493488192067,17,D06_px-1055_py-0118,0.5386705653555149,2.3757493488192067,2.2030759725464026,1.7695856906591478,2.4804461643429176,1.3359503688896734
319.8509963174201,68.28815264689463,191.1359002718432,0.8384854246107676,29.764748199210544,-0.3966376437848872,9,D06_px-1055_py-0118,0.5421712797288886,0.3966376437848872,1.7202515181595905,1.382376731947729,1.9399335181786668,1.3314402642894485
-339.4171452563646,88.20282989557916,185.7560374018869,0.887034221175036,21.592984812735324,2.2803709853382306,17,D06_px-1055_py-0118,0.573563313972973,2.2803709853382306,2.0541841855983414,1.4744259144037082,1.5383931879688666,1.364120678731172
340.8184041113115,93.80357244111826,177.65217384462974,0.9126271151014692,25.2057216254168,-0.3383991686409791,9,D06_px-1055_py-0118,0.5901118807635063,0.3383991686409791,2.1480015707461195,1.599932125833675,2.050046281089181,1.2515788208826797
-286.2200102490271,104.7600867167635,187.4721250749556,0.8129881103360954,42.89015723515723,2.1837451357366016,17,D06_px-1055_py-0118,0.5256845154939994,2.1837451357366016,1.7051745306406882,1.9130920438011332,1.86141631229715,1.5485110649746088
-361.3174823246742,116.93323715521798,188.15692630202,0.9195110899035563,5.260990151424949,2.221620688199527,17,D06_px-1055_py-0118,0.5945631130908918,2.221620688199527,1.2463333646983248,1.2952284868245512,1.6362286267747221,1.37040343203816
370.9291336002067,125.7349036468233,186.49002994048087,0.9385619246553168,0.066554373896281,-0.2801620330540427,9,D06_px-1055_py-0118,0.6068815328917612,0.2801620330540427,2.531647341816212,2.554400725476972,2.853883596507413,1.6557692050980617
327.4878797422172,194.1387975987701,188.05239052935343,0.9209696906297926,4.838348514799691,-0.0718619709927419,10,D06_px-1055_py-0118,0.5955062558088754,0.0718619709927419,1.5181790617745028,2.006177223128836,1.8573786443300648,2.787644343322338
316.1473073605589,201.9811715794968,186.2013388243868,0.9186631640933368,8.828117377262572,-0.0384590954752002,10,D06_px-1055_py-0118,0.5940148375834728,0.0384590954752002,2.0063701052418645,2.582052586432549,2.2396967861400903,2.6579495792961234
-247.52410055203129,209.1742525264366,181.0935213031414,0.8606950801052895,37.8549789998267,1.8329903620048664,16,D06_px-1055_py-0118,0.5565322179018956,1.8329903620048664,2.0254290040094385,2.7033968169187688,1.56656047513057,1.9667471787793616
262.8325429990785,228.6501363617158,168.3553184759457,0.931477637884364,33.475701011247395,0.1089808824267132,10,D06_px-1055_py-0118,0.6023007772675868,0.1089808824267132,2.5710178221622084,2.004051244782217,2.829241679436228,1.3990301356602362
195.06077389727108,231.99053642680013,187.8096762187988,0.8093109061798609,43.454915983402486,0.2646802055668124,11,D06_px-1055_py-0118,0.5233068063237589,0.2646802055668124,3.387024323009376,1.9038911986259692,1.7251224785542267,1.8037734287902465
-220.3103680780377,233.29120177794363,186.2722925920026,0.8418093415438296,36.00380538464816,1.720605507329371,15,D06_px-1055_py-0118,0.5443205505980242,1.720605507329371,1.7591312420099243,2.5939734294488863,1.6090021181386636,2.0544559189432574
-276.2532340363978,244.3101046857652,180.00698091778838,0.9266982375133735,15.870812878114576,1.8105007323193123,15,D06_px-1055_py-0118,0.5992103793436402,1.8105007323193123,2.2686993268426745,1.8503507913984283,2.0197926633070358,2.4008224522324326
-149.70298618827388,255.7284726569936,186.5111683933881,0.801485443157298,47.52952769418118,1.4934304807041232,15,D06_px-1055_py-0118,0.5182468002975557,1.4934304807041232,1.8277157590219448,2.06163176921462,1.6304283592784383,2.2735004620861767
173.55584853055706,284.0184327799527,182.0058312158905,0.871403726047369,32.917704053714715,0.4152955187719699,11,D06_px-1055_py-0118,0.5634565127127159,0.4152955187719699,1.9053796709330086,2.0090785175251877,1.6619576501527675,2.024518470487268
205.74190697308703,280.7517494960909,181.4276339673291,0.8948913263469588,25.639750055365425,0.3313985894344889,11,D06_px-1055_py-0118,0.5786437800621759,0.3313985894344889,1.925734977641392,1.7250750526526566,2.1197563709182905,2.3945875415351656
-131.85902031095154,282.36420705029803,182.5140273624418,0.837415350061609,42.98471288517544,1.4007029179292392,14,D06_px-1055_py-0118,0.5414793610971581,1.4007029179292392,2.2632552744888645,1.8956408022042783,2.3989294139642974,3.082464466729025
-34.014118985448754,296.1991105754224,184.73179859525032,0.8093362260330872,47.90851386349982,1.0781512859551134,13,D06_px-1055_py-0118,0.5233231783402821,1.0781512859551134,2.296372380723295,1.6355385805907936,1.869699475904817,1.9151024642640673
-126.26499346030064,309.581322472785,186.0880712805272,0.8626669561466157,29.53678504651168,1.3510782765661045,14,D06_px-1055_py-0118,0.5578072484813345,1.3510782765661045,2.5332356591606486,2.155672771648981,2.2695580756507328,1.2628822052759925
215.13995905694856,310.1913635107712,185.98483436592664,0.9222152221293436,7.750645773415954,0.3574181506798557,11,D06_px-1055_py-0118,0.5963116262866839,0.3574181506798557,1.8837477077146907,2.5814718460442596,2.1547231641791216,2.077521014223308
-18.59400415670192,356.18723173954845,184.5405493376776,0.8985035647004153,19.32719062764164,1.0159723458355874,13,D06_px-1055_py-0118,0.5809794818326489,1.0159723458355874,1.9264322114354497,2.628100534715914,1.3288986687217132,1.4955940824844014
96.25405647931416,356.18301017635633,180.44647284816665,0.925752746173647,15.516661302469458,0.6998834795485745,12,D06_px-1055_py-0118,0.5985990171963851,0.6998834795485745,1.5323134971590515,1.9367190126546066,2.0493472609514995,1.2934687029707832
-107.4045536145027,362.1054593230138,189.71380703713987,0.9128919399963054,5.380241079606378,1.2521617539194887,14,D06_px-1055_py-0118,0.5902831186263517,1.2521617539194887,1.7372821515188388,1.6746809484463676,1.9273965059468485,2.3461792586874832
-16.3183461608893,-376.45486717164414,182.6207001340917,0.9301059218330356,10.129904995663368,-2.221096156422784,3,D06_px-1055_py-0118,0.6014138148647298,2.221096156422784,1.3984021865731961,2.1607031207972427,2.1335500867865624,1.8002944544088129
-119.5449652921425,-368.1111934835116,187.03009348976155,0.931505895128119,2.1643451625286048,-2.491783726241789,2,D06_px-1055_py-0118,0.6023190486239618,2.491783726241789,2.2365820227906816,2.2702310119078932,2.2960316471123012,2.1368789897364815
18.18216855199895,-353.6631618502315,184.3844815369374,0.8954285267489203,20.715743476567752,-2.12641010488176,4,D06_px-1055_py-0118,0.5789911380732439,2.12641010488176,2.0190522330613874,2.241984549670444,2.0413929488278812,2.7848295711727267
-53.19125509609525,-350.0279378063398,190.35464033860427,0.879711977232323,16.9889292412405,-2.3285849427335013,3,D06_px-1055_py-0118,0.5688286933673129,2.3285849427335013,2.3091713965284284,1.3808151141137048,2.2635029618049147,1.7687752661578608
-133.13134633890724,-326.0300164449122,188.10314374429527,0.882935490421077,19.3652321793,-2.565451806635496,2,D06_px-1055_py-0118,0.5709130423845674,2.565451806635496,2.2189148812556767,2.1898847015094813,1.6913144681161283,2.688510957684847
-171.53850533293962,-324.3857943647758,182.08125755503696,0.9187809304670942,15.570754574004638,-2.6642050751385105,2,D06_px-1055_py-0118,0.5940909862483095,2.6642050751385105,2.5257547456459672,2.6277558222034805,2.4366875707759696,2.324709559732892
-23.640045212525383,-313.03075707743903,185.099667730945,0.834055002607913,40.14790135834943,-2.253152658287535,3,D06_px-1055_py-0118,0.5393065339664422,2.253152658287535,2.2248145800787946,2.8834943537370656,1.903601843076773,2.0994664626516886
87.52978343711378,-303.3635951669148,187.1236773411332,0.8315138018906698,37.91256227688245,-1.8968740644500663,4,D06_px-1055_py-0118,0.5376633735673748,1.8968740644500663,2.018012702535162,1.5198852188913934,2.6421312738195137,1.6615145150862498
211.33224385740408,-303.25496639086856,177.34596533232985,0.9349241972001432,17.021036722739893,-1.5691470958489702,5,D06_px-1055_py-0118,0.6045293496673575,1.5691470958489702,2.342114274397793,2.6246743384574467,2.7972007735965114,2.2159864278149772
-242.63543587111235,-298.3658913610211,188.2129217881061,0.9254160526914952,2.739133370977868,-2.8605225770499425,1,D06_px-1055_py-0118,0.5983813085389218,2.8605225770499425,3.618833610575046,2.123194968752225,1.9382568595393574,2.9454755965233628
-181.3727823794225,-300.74407387937885,185.3369949059214,0.8888538900028089,21.599242075816164,-2.720457100668248,2,D06_px-1055_py-0118,0.5747399261692964,2.720457100668248,1.7705606287541524,1.795928484316955,2.1953341455960094,1.5415277547898327
134.19162092767132,-294.89129289842697,180.7852506372622,0.8614106126602865,38.09677805330341,-1.7507265351385968,5,D06_px-1055_py-0118,0.5569948868877166,1.7507265351385968,1.7243170767119125,2.318458685317145,1.892909441049203,1.5366454162843683
-123.519743791997,-292.91086018342673,183.90166506622512,0.8435270515489471,39.03026956128099,-2.5768458391654323,2,D06_px-1055_py-0118,0.5454312354165588,2.5768458391654323,2.889791343742467,2.350942208471445,1.2946056786783937,2.392976267250222
215.5909397078504,-290.33297555842114,185.6789776065612,0.9022233488666176,16.097325205704408,-1.5390505253153663,5,D06_px-1055_py-0118,0.5833847235727082,1.5390505253153663,3.0379122031367,1.4697177020403434,2.264106364856903,2.5754000238789496
290.72871094885875,-227.6633010310869,181.6472885667164,0.9229564319769415,14.636909797418127,-1.2713167668844862,6,D06_px-1055_py-0118,0.5967908984121432,1.2713167668844862,3.4094566481816875,1.4124665029725305,1.3861347422754493,1.8575521940705289
-289.0399628268961,-210.03376172980407,188.85539433988788,0.888064838881516,16.30798502579495,-3.1201768125625624,1,D06_px-1055_py-0118,0.574229719499453,3.1201768125625624,1.4954154337293248,1.9954998680806084,2.3602358183882854,1.3947999711234198
224.79213881970333,-199.30676610939707,189.6094025445382,0.8001192059235515,43.45951606910785,-1.3323568807645558,6,D06_px-1055_py-0118,0.5173633805412999,1.3323568807645558,1.8132325792889041,2.3572873283816174,1.672419154339849,2.5915535057588794
-325.1461061219068,-167.64053752741302,187.1760971704948,0.9039247933685568,13.029857269457407,3.0106510529318,19,D06_px-1055_py-0118,0.5844848909887755,3.0106510529318,0.914595288915329,2.7017775731316913,1.9591618374990658,0.9090607500154432
340.87956283291425,-169.07690295048232,187.21065742859952,0.9228765293369464,5.450623008370542,-1.0674235298974757,7,D06_px-1055_py-0118,0.5967392327357839,1.0674235298974757,3.3120411108994245,1.565884326206854,2.747461716253271,2.1711905325331515
-337.0602424013169,-158.55268633966318,186.42790113358208,0.9146258632370636,10.067991513605818,2.9743004884725925,19,D06_px-1055_py-0118,0.5914042870507522,2.9743004884725925,2.158180220156842,3.155843289679189,2.487310743503885,2.175245407201266
-303.2445880452373,-103.35941801718876,187.12464364625083,0.8387644677493568,35.67742346498949,2.863108921788677,19,D06_px-1055_py-0118,0.542351711220132,2.863108921788677,2.299060085833185,1.6106237884404975,2.5884310555715153,1.7368557515129148
341.18274588327444,-100.02051290399967,182.8852678042165,0.901344858807699,20.931913903499662,-0.8921476681901727,7,D06_px-1055_py-0118,0.5828166849813469,0.8921476681901727,1.4429787279500819,2.2249848958760947,2.5977398325652086,1.9520991909593155
370.8578575749637,-98.25516148526172,186.92695728640848,0.927561876433625,3.988142202065319,-0.8659694018421853,7,D06_px-1055_py-0118,0.5997688150717673,0.8659694018421853,1.4823430044721382,2.433689043884438,2.585003302847718,1.524640188396881
-361.490903620785,-88.01109483943246,187.57241325939364,0.911093855789286,9.593979796901976,2.7734336619401905,18,D06_px-1055_py-0118,0.5891204632158149,2.7734336619401905,1.1074442079420088,1.4943286931530786,1.449122276862426,2.6221111735761515
386.7262551769844,-31.36022650841981,188.10717240412268,0.9299415093227176,1.0207225192419287,-0.6878940188095232,8,D06_px-1055_py-0118,0.6013075044405933,0.6878940188095232,2.308002983945803,2.5508099346785493,1.8328128706221016,2.1065647016695817
-315.5310257729014,-27.367340053116585,180.6415128451337,0.8505663476088269,41.7610241962588,2.6211308310951646,18,D06_px-1055_py-0118,0.5499828996925922,2.6211308310951646,1.660461615507936,1.5370091841705142,2.177500586717895,2.5399379364298094
336.3004565394328,-28.12341074718006,189.00699438724808,0.8595857020440836,26.0895526950892,-0.690411253670237,8,D06_px-1055_py-0118,0.5558148853097084,0.690411253670237,1.726839708623042,1.8842798626272548,2.0978933763755943,1.9922763293334076
-308.62326770785427,-15.828692856327873,187.57375191320423,0.8196113401986164,40.812696845721234,2.5858562956386817,18,D06_px-1055_py-0118,0.5299671480897521,2.5858562956386817,1.7858682505587742,3.4965673736360605,1.571532678327612,2.1345833869763724
363.5973772895045,-11.2961099528314,177.63527144342677,0.9264944467735162,19.90077244810749,-0.6380371753551473,8,D06_px-1055_py-0118,0.5990786066461283,0.6380371753551473,1.4077082410167698,1.761083035755946,2.1773375988644155,2.1282150570210456
310.77646051595923,12.56757404894048,190.6214046138605,0.8147905577285307,37.77854495564276,-0.566562281402864,8,D06_px-1055_py-0118,0.526849992174592,0.566562281402864,1.6850320115709623,2.48921554554588,2.087747813406305,2.820954776342385
-354.1091559130097,19.21476758875061,184.9793571876025,0.8945448962580834,20.090138975917057,2.480404011662013,18,D06_px-1055_py-0118,0.5784197756381164,2.480404011662013,2.482741859642389,1.5194145713229907,1.5864186225605215,1.67855806471018
-346.87270467934485,40.35745726921111,185.89024992976465,0.8846113127839916,22.25199211942595,2.418787282464313,17,D06_px-1055_py-0118,0.5719966423237333,2.418787282464313,1.4229215021000865,2.8012352216934393,1.5334357328085328,0.8966660131884536
-362.6709571995093,54.11751895960247,186.75549912702257,0.906168340623788,12.846079208008293,2.3864867482604346,17,D06_px-1055_py-0118,0.5859355863148935,2.3864867482604346,2.351948587311232,1.232480866551009,1.6287406159847788,1.5263664802167631
355.59598490041617,58.86048666855013,184.57298889776416,0.903524922266011,17.389875951801685,-0.44294060788557,9,D06_px-1055_py-0118,0.5842263311843585,0.44294060788557,1.6294882203232588,2.13472220523603,2.4023597035058124,1.9342194474785477
381.8951084568386,90.11498432374889,189.72420114230795,0.9312278634840722,2.232358881448988,-0.375250530272851,9,D06_px-1055_py-0118,0.6021392711730562,0.375250530272851,2.0270940892391565,2.0672048167727497,1.902770596894627,1.6371631744870783
-319.947190320798,140.35128013415505,185.4607761480564,0.8859763592259738,22.440837937036747,2.121220948444543,16,D06_px-1055_py-0118,0.5728792921046552,2.121220948444543,2.329525695582555,2.162228220837913,1.2987048644204098,2.0749922202001736
-268.7558307359179,140.10977392349506,187.1027884688852,0.8111726656413509,43.94830334172735,2.0540495430945005,16,D06_px-1055_py-0118,0.5245106346553629,2.0540495430945005,2.6744288401744263,2.6026986534024052,1.120020294043906,2.3234755429340033
-329.9757054249645,171.180215556331,179.11927770227675,0.9328843545941676,14.865619409361557,2.0560655753957606,16,D06_px-1055_py-0118,0.6032103713718902,2.0560655753957606,1.7858331619260248,1.2600362438887918,1.6481848455504746,2.3913227635409253
341.38242305706206,178.78987916174967,189.11325937342872,0.9241172085931344,1.7834719348588806,-0.1245340137638295,10,D06_px-1055_py-0118,0.597541465714816,0.1245340137638295,2.703686711619712,1.5706468448671111,1.8900636925048375,1.2789785868129226
312.7809198007503,173.07379119672146,183.7445864320423,0.9016991665970892,19.41451165077564,-0.1015766249152575,10,D06_px-1055_py-0118,0.5830457831886063,0.1015766249152575,2.299288480543038,0.9722244340608781,1.9101395680957065,2.3688835739830503
-259.5799233818601,193.8215820012464,183.94988143505253,0.8527765400530217,36.04003056241811,1.8932440478332853,16,D06_px-1055_py-0118,0.5514120275351811,1.8932440478332853,1.5989290859546954,2.5256770439218497,1.3359704866968924,2.092027262493713
-165.08463167738262,248.1837544999168,174.34974082419114,0.8380483871621477,54.99823112665081,1.550783209526181,15,D06_px-1055_py-0118,0.5418886878723662,1.550783209526181,1.8552663808745542,1.2041178514277466,2.1649886243251553,1.1883759268688445
288.6701139708636,246.74294710117,183.49933714248945,0.9315358045876744,8.069841584909227,0.1002700345931714,10,D06_px-1055_py-0118,0.6023383883160867,0.1002700345931714,1.5170980158875278,2.8930453784894206,2.970892306561398,1.8961852258397474
-168.52392398809548,254.7971391705344,183.66215210702364,0.824370721056718,45.16230651338344,1.548167369186935,15,D06_px-1055_py-0118,0.5330446012389848,1.548167369186935,2.689109499997973,1.8442948572314986,1.9325608858719172,2.48167248585745
291.6944366033464,258.89337059806235,187.9710523357957,0.932773370750427,0.0489083715241918,0.1189143293503087,10,D06_px-1055_py-0118,0.6031386083443837,0.1189143293503087,2.3393031605899273,1.5407130911087563,1.9378083110727204,2.138656422095359
167.08111702696746,266.5444539440953,177.2520272431509,0.8566014335787734,45.03393888767113,0.4038943731014314,11,D06_px-1055_py-0118,0.5538852338149994,0.4038943731014314,2.2822140758343883,2.4107745174428024,1.4168448130246543,2.4723423278204684
-210.30240085349087,273.81396997192127,184.1950447812245,0.8835152544002426,25.315941794095806,1.6187692142528656,15,D06_px-1055_py-0118,0.5712879223398998,1.6187692142528656,2.2901461169577484,2.311740579390894,2.1290766410280555,2.133658621948436
-171.96830031102178,277.2494426909083,179.57898516337622,0.8681536968853838,37.759633668101344,1.519004373400945,15,D06_px-1055_py-0118,0.5613550182583218,1.519004373400945,3.0484639871499652,2.3383833320827763,2.286541468221624,1.9502069925775807
-232.23691746233183,284.7447905808221,179.63032702214375,0.925950375362751,16.795612695710588,1.6479958438172884,15,D06_px-1055_py-0118,0.5987268057866496,1.6479958438172884,2.2009819655967306,1.755711785749846,1.6381234860381897,2.0018807133802126
220.91943038039045,283.76660462287083,184.7437700422153,0.9019793573323308,17.698067965578502,0.3023081420184296,11,D06_px-1055_py-0118,0.5832269567248842,0.3023081420184296,2.3421706577536714,2.237885174428628,2.227446321958414,2.8424550277559164
172.7238692453206,296.9138962371508,188.67526995051884,0.8691897800145053,23.32604438440228,0.4369390773588909,11,D06_px-1055_py-0118,0.5620249577701292,0.4369390773588909,2.496301067402783,1.5240215518125093,2.4202973694630376,1.5076642529424227
-107.23268085625187,296.95806670911173,184.6950888243868,0.8379937511779274,39.54912597160296,1.3103491753621856,14,D06_px-1055_py-0118,0.5418533598146391,1.3103491753621856,1.7487110719373657,1.156519673544922,1.894941408018671,2.053272531364101
-48.89747544332338,309.9676668336759,188.03781403709365,0.8260195374715836,38.22330242768015,1.1202776918134734,13,D06_px-1055_py-0118,0.5341107389194348,1.1202776918134734,1.441690467690668,1.7913940507523596,2.1711309937429237,1.6472751264666243
197.3094331824818,325.89516187610184,170.70032974117655,0.9672649623187036,14.87871507568002,0.4194080910867978,11,D06_px-1055_py-0118,0.6254411431190813,0.4194080910867978,1.7206217724899664,1.1518610603320174,1.288820381037841,2.1459194205686045
-99.57949310472992,331.5471806323979,187.7825833454428,0.8753524533799606,22.56619824647146,1.2555927156158155,14,D06_px-1055_py-0118,0.566009790907391,1.2555927156158155,2.1925351715930876,1.6793657120421863,2.697696118904803,2.6797812455249463
13.695710769932072,351.8304080737067,175.25598912755265,0.9172796953568556,27.385464170092007,0.9249094152270616,13,D06_px-1055_py-0118,0.5931202758018281,0.9249094152270616,1.8963473269589421,1.9490127058256135,1.0370954180244887,1.5376244468763962
28.68266665459609,365.5639265835736,186.11145958637425,0.9078461229529,13.242351744561176,0.8855157856698265,13,D06_px-1055_py-0118,0.58702045358364,0.8855157856698265,3.000232737317774,0.8813947583096728,2.4423647064479113,1.7487945768806357
-50.82083411279279,373.013269151626,188.73947333423968,0.9137931568858068,6.613165377544931,1.0992270922934044,13,D06_px-1055_py-0118,0.5908658525653717,1.0992270922934044,2.048344455236413,1.7518919251937297,2.479245646415898,2.535294224676991
50.04436936488472,-369.55944666131086,186.84982927139475,0.914107278902898,9.582495211214052,-2.043178313917545,4,D06_px-1055_py-0118,0.591068966335747,2.043178313917545,2.372365236933096,2.7021926344414737,1.946573730385885,2.388007393178141
-67.86547814093078,-350.6578995653465,183.3165528618389,0.9024150426212814,19.83671720687687,-2.3689498926785744,3,D06_px-1055_py-0118,0.5835086742643143,2.3689498926785744,2.408589930793727,1.2272786564991183,2.0579088852531253,1.8213314827434681
-82.27381257820481,-346.17239372167,175.0326383149638,0.92295704950882,25.59778303622477,-2.411113895816058,3,D06_px-1055_py-0118,0.5967912977131196,2.411113895816058,2.227136589791246,1.5330068476257628,1.0408397238486216,2.147596183512751
-57.6848551494261,-339.64020389756024,184.2423152378065,0.8823208939423964,25.66319591756138,-2.3460115443685985,3,D06_px-1055_py-0118,0.5705156394606969,2.3460115443685985,2.258597839631604,1.5603857297108337,2.2412513246263637,2.052687912596001
-72.80237844947997,-334.53308026755946,187.7872512129921,0.8698830504572739,24.462911959832866,-2.3920585876642058,3,D06_px-1055_py-0118,0.5624732318988399,2.3920585876642058,1.675640990927476,2.6571434500159095,2.464151476435391,1.7516794966747038
4.189147297034267,-333.97492594948466,175.31245871461817,0.8914889339701985,36.59692898388954,-2.1652332175698445,3,D06_px-1055_py-0118,0.5764437663530475,2.1652332175698445,2.7868181722966776,1.5080740491815776,2.2435807138820265,1.5499629758815254
-97.45702038123288,-321.8974656413904,179.662287589367,0.882885594626698,32.67748899591436,-2.471760968084821,3,D06_px-1055_py-0118,0.570880779370927,2.471760968084821,2.1576172186030096,1.9069581150247437,2.208223924667279,1.4929571839755469
151.67483723597212,-322.67682803911504,187.17430316458515,0.8914158051216203,17.743264866892844,-1.7383725104657115,5,D06_px-1055_py-0118,0.5763964806635711,1.7383725104657115,2.1137832106267287,1.6649948889880224,2.0821325919702884,1.2659122554700744
-191.88775254698865,-314.90324235263574,186.75468543308068,0.908908066447812,11.783792162173256,-2.7250453942145763,2,D06_px-1055_py-0118,0.5877071146116518,2.7250453942145763,1.5486162380613369,1.8418857671895794,2.368258523919119,2.7464019727281817
46.69879858862907,-314.24893607600575,183.9947379471938,0.8429789053630954,39.0605773809566,-2.030251004943786,4,D06_px-1055_py-0118,0.5450767997754149,2.030251004943786,2.4223271801311315,2.1680246136767267,2.115346873117298,2.3016056870932506
-125.7903391205086,-306.9657365128062,181.94191083436672,0.869932531802778,33.51009256664315,-2.5666900894885494,2,D06_px-1055_py-0118,0.5625052269265736,2.5666900894885494,1.1544779588880607,2.0657785573200287,2.5581190133343155,1.7584061468186618
-9.171765643226658,-308.9174659577774,177.25123863585085,0.8478172128860184,47.73958174645327,-2.207457159027674,3,D06_px-1055_py-0118,0.5482052875277724,2.207457159027674,1.2638056793816501,1.9104803097207594,2.471683833834826,1.9035053314533725
-259.4306396136182,-289.32914036609765,180.67449450150093,0.9498925944596792,5.084124914852339,-2.9087440691655777,1,D06_px-1055_py-0118,0.6142080332311896,2.9087440691655777,1.4359922673036845,2.3098211896896315,1.960085869629563,1.2656367741194747
220.3975219928844,-267.36342995092514,184.92495071315128,0.883332519526622,24.2303397243997,-1.488370540314886,5,D06_px-1055_py-0118,0.5711697645313392,1.488370540314886,2.005478649879027,3.102552874557265,1.6297853123468755,1.7103786582563614
237.15706225422383,-227.96405251369453,176.19160825801913,0.8815816658863174,38.58312962618726,-1.3726155028506446,6,D06_px-1055_py-0118,0.570037648777243,1.3726155028506446,2.704299756601144,1.844902084899099,1.9243743952308328,3.307921372171273
218.246887963914,-209.6603873880316,187.35341555777293,0.8097657868243996,43.986510211216284,-1.3723141233243794,6,D06_px-1055_py-0118,0.523600935731301,1.3723141233243794,1.3964759077945412,2.704357341528217,1.9952132876548214,2.3326734298660616
-275.0466725455538,-191.8294208672881,184.488039819146,0.8683948034199491,30.08194654185928,-3.139564282055762,1,D06_px-1055_py-0118,0.5615109196426028,3.139564282055762,1.6994950765523238,1.5372854247713408,1.1721958829321555,2.098018390808689
297.19550799033834,-190.649468321538,187.6412764087323,0.8854278451782731,19.192657056760936,-1.1773526733259423,6,D06_px-1055_py-0118,0.5725246186011423,1.1773526733259423,2.208598006863228,2.7844497597661135,2.723242635634777,2.2832762753350546
-348.13024400613455,-164.5165200043868,187.8049333360176,0.927052199651052,2.7370476077344392,2.9760783636513826,19,D06_px-1055_py-0118,0.5994392540497805,2.9760783636513826,2.9744398704164876,2.105480933503632,2.0659048687034622,2.2684316529187862
291.2113273242611,-151.1453937562565,188.14985288972247,0.8478817945658259,31.246182524713102,-1.0857295132171556,7,D06_px-1055_py-0118,0.5482470465506016,1.0857295132171556,1.5585839111266904,2.009330613598652,2.1836029586737435,1.5667144207846033
-305.68007369041635,-128.04814071086736,187.5746697594152,0.8543856172068908,30.003845995072822,2.9313022331104706,19,D06_px-1055_py-0118,0.5524524694964719,2.9313022331104706,1.805790457462426,1.9142313937883841,2.224448170830993,2.0722671749710586
-290.9729854489297,-111.51894888010308,188.27175672653647,0.821909676525403,39.10863771034684,2.9006076232705444,19,D06_px-1055_py-0118,0.5314532704610738,2.9006076232705444,2.045497146994336,2.0276986990521646,1.7515384333836392,1.4459548110617666
-315.81050789906675,-77.91870626107792,187.92945830513565,0.8441818923845579,32.76371530467776,2.7765081353027026,18,D06_px-1055_py-0118,0.5458546606585976,2.7765081353027026,1.8296977389608506,2.5967374199019373,1.9292424686535303,2.4171997789949113
327.8883720259444,-75.16952129723607,184.4418938020916,0.8700740394168612,29.585439808502144,-0.8323387069572128,7,D06_px-1055_py-0118,0.5625967268643983,0.8323387069572128,1.4280190369107266,2.3360524453103695,2.516659355027065,1.25363076665318
321.6886631968506,-48.71892454737629,179.63585048778074,0.8666423525416139,38.166546288217205,-0.7572847673090198,8,D06_px-1055_py-0118,0.5603777711018156,0.7572847673090198,2.3692623038333034,1.8395543985187053,1.9795856767519813,2.441936657477759
319.7115196133088,10.69068279309765,184.1461156416643,0.845982060814012,37.895604656589,-0.5735534578089001,8,D06_px-1055_py-0118,0.5470186637437767,0.5735534578089001,2.132987680663975,1.9650588218742584,1.5876108410803664,2.8892724866320507
-312.6671917495352,18.24901737151296,184.18855437231463,0.835363205246525,41.10781943749072,2.4763136325195694,17,D06_px-1055_py-0118,0.5401524280963852,2.4763136325195694,2.6999579788894286,1.9100112367159472,1.782378964275989,1.695451606151415
-380.5722324991045,24.226825055438105,186.0923331997395,0.926810434351787,5.690311742104825,2.4710399646859464,17,D06_px-1055_py-0118,0.599282926703056,2.4710399646859464,1.823488897103472,1.5675186579824079,3.078267857921934,2.5311066305731167
343.0777226954118,26.46827044358168,185.23277649869,0.8791086815290206,25.236582798075176,-0.5299825658162752,8,D06_px-1055_py-0118,0.5684385976138103,0.5299825658162752,1.6037168953150331,1.750005317100599,2.335474673466121,2.034649942303669
-335.6984528733593,24.54995812920428,185.2506443799424,0.8682107223003062,28.963884476756107,2.4616120927683283,17,D06_px-1055_py-0118,0.5613918913407607,2.4616120927683283,2.1184617915751174,2.0183924751729103,2.0079414739368286,2.149378458243143
-375.764415602528,54.546713188682446,186.8398848892113,0.9228119450040712,6.091375534977431,2.390458041980194,17,D06_px-1055_py-0118,0.5966974719974601,2.390458041980194,2.370309225860706,1.8156107709398956,1.198049040047743,2.5741828961298934
-304.6537691944651,65.56017875653022,184.3111175325208,0.8325293625031278,41.7818225722271,2.322649923219149,17,D06_px-1055_py-0118,0.5383200430582656,2.322649923219149,2.237799722721741,1.9555367986833894,2.1533338381079075,1.743280292630967
-348.97550371585294,68.2320873317242,186.64165502213484,0.891486231332125,18.56510449297832,2.3415278466423826,17,D06_px-1055_py-0118,0.5764420188059824,2.3415278466423826,2.6075181642571237,2.4510670937750163,3.0433262208845626,2.7046867958950984
-324.21074855316755,75.0819838133106,185.54731404221985,0.8618100437424566,30.653285693403177,2.307040950661291,17,D06_px-1055_py-0118,0.5572531621714929,2.307040950661291,1.9516701832381331,1.6711171883179285,2.100590301904118,1.6845418051972403
-322.95317534060746,113.68733275758156,184.02075284477297,0.8798747248287289,26.869595587217702,2.196136146727877,17,D06_px-1055_py-0118,0.5689339272450002,2.196136146727877,2.259157161125078,2.9500873404006787,2.4017261107694026,1.9438614420112317
329.44562184511733,125.2096459161647,185.6555063972445,0.8897308198501409,20.7753028123156,-0.2437786538430425,9,D06_px-1055_py-0118,0.5753069559155572,0.2437786538430425,1.8758224497078588,1.3588226240545316,2.6044227066598373,2.01835516254437
-262.0681751607519,180.1574883465257,182.8704387891948,0.8465214019264663,39.65159423512432,1.9323630419875288,16,D06_px-1055_py-0118,0.5473674059551104,1.9323630419875288,2.3855564458243754,2.163112887865359,2.2534134863135056,2.105499618707602
275.75544365702365,179.41141342330698,186.82313247563155,0.852723516603138,31.6899232335453,-0.030170094068466,10,D06_px-1055_py-0118,0.5513777421548569,0.030170094068466,2.667694897573384,2.06018222329479,2.437725271253438,2.60901132894442
317.2529413899465,218.6758263362596,177.0262949169923,0.9555096047411196,8.941640325848368,-0.0034850902693636,10,D06_px-1055_py-0118,0.6178400363205129,0.0034850902693636,1.9610415880457228,1.5182667703027253,2.5790332002373546,2.0946224184866806
227.0301172077573,228.589045093928,185.28184604000649,0.8464600530166639,36.03163251809303,0.1818401773011617,11,D06_px-1055_py-0118,0.5473277372668288,0.1818401773011617,2.111676715196834,2.3343363425900945,2.1094376324385964,1.8871723688298716
283.64359063569736,228.64314382218487,185.6322384543961,0.9059581339042984,14.748005029931107,0.0714656937095807,10,D06_px-1055_py-0118,0.5857996649944172,0.0714656937095807,1.7730804509015354,2.257547375566766,2.381312661009795,1.502016225952259
304.76382075710944,227.7092303524871,179.04341186899956,0.9441182987695612,10.347286040486496,0.0347054861256277,10,D06_px-1055_py-0118,0.6104743281577859,0.0347054861256277,2.1641349463546526,1.9023881830740736,2.361230601343169,2.5063581960167767
-239.28938111914096,237.70818730859813,184.0042804844053,0.872554094235176,29.421747536631244,1.752529834835022,15,D06_px-1055_py-0118,0.5642003498436144,1.752529834835022,2.302085210287589,2.06246080823884,2.262884015678563,1.8980729530781435
180.72190121392728,255.6007739116995,187.6661142399544,0.8257911905536268,38.840243416101714,0.3483765742208667,11,D06_px-1055_py-0118,0.5339630880037516,0.3483765742208667,2.288856702514561,1.916788072569962,1.876983562884627,2.3622493342645203
-206.8116370510319,258.61533036128253,184.5573005334347,0.8619942479796063,32.11300008704643,1.6383676075925178,15,D06_px-1055_py-0118,0.5573722700820846,1.6383676075925178,2.6188937232271123,1.2918544453320702,1.7397102927282888,1.3773926580910492
150.2540547603199,265.29151254868566,183.4149289904887,0.8240626639946125,45.61631649449623,0.4484898036917849,11,D06_px-1055_py-0118,0.5328454091162728,0.4484898036917849,2.3425476872561326,0.8310873350433567,3.2303380406305333,1.700460392092486
-144.82410171348576,271.72820939684976,181.69189806803973,0.833683462410734,45.33060410547108,1.4534944106461234,14,D06_px-1055_py-0118,0.5390662931485786,1.4534944106461234,1.8027438564680107,1.887663283324645,1.039114648537356,0.9265286435751721
-196.0912982301816,306.52508127593694,185.80563697900573,0.9049149726498096,14.867035737477636,1.5329338074210883,15,D06_px-1055_py-0118,0.5851251487109977,1.5329338074210883,2.4193996417750236,1.7376606740554092,1.8910229538917125,2.215969695257647
89.08023759930923,315.93348918844305,180.66895941993133,0.8681831848612094,36.06324910896274,0.688992592904004,12,D06_px-1055_py-0118,0.5613740854157473,0.688992592904004,2.4716657421822017,2.827603835412661,1.9946803194655298,2.05021740537963
23.744198320107007,321.2724353830004,187.8248465765116,0.8396515707748883,34.352006368382376,0.8900441803765383,13,D06_px-1055_py-0118,0.5429253190235439,0.8900441803765383,1.585878329483915,1.632539928229278,2.590416415946839,2.0587554566365025
25.74305601437161,338.78118243584544,185.7874112145205,0.8713945976194376,27.04656400079949,0.887975275600955,13,D06_px-1055_py-0118,0.563450610199317,0.887975275600955,2.3190430227759644,2.291209688318884,1.1159869456142166,2.0603246385182907
120.2056006190858,349.4610039332236,184.88434877629703,0.914823927734828,12.52006532997308,0.6325201445858103,12,D06_px-1055_py-0118,0.591532357115025,0.6325201445858103,2.0359954327800076,1.9562137348919495,2.0632597630799427,2.080747584305516
117.72222201205244,362.91507606447686,187.70197695090343,0.9229080080724176,4.623610661963141,0.6501461915669101,12,D06_px-1055_py-0118,0.596759587134076,0.6501461915669101,2.7294279886047343,2.2338383584193036,2.010760111994702,2.6895008171428705
-20.758471666944683,371.8644101101626,180.0792077677485,0.9312377613833732,13.923474750431978,1.0195816086973042,13,D06_px-1055_py-0118,0.6021456712327032,1.0195816086973042,2.57815986868704,2.271710527741358,2.067866776782989,2.1201168377549418
9.435236056795894,-382.56381465762695,184.3366984046648,0.9330313431772148,6.043099997674631,-2.1531176883307697,3,D06_px-1055_py-0118,0.6033054153474169,2.1531176883307697,2.0181744169738374,1.9681498248343665,2.0282812959342187,1.382973935665983
54.59611110341493,-339.6657836145566,181.2508581269904,0.8896597559058804,27.796254416539227,-2.018404222015244,4,D06_px-1055_py-0118,0.5752610054094763,2.018404222015244,1.4944882891780962,0.4230871739423616,1.0014604342354492,2.944185216230836
80.8505840457925,-333.562020701963,184.1350115253076,0.8807751670274119,26.37517754397402,-1.9399765605890356,4,D06_px-1055_py-0118,0.5695161602628354,1.9399765605890356,1.5257657725908182,1.6253205176414236,1.4615033843355807,1.7982454858828296
-208.2136708138188,-328.3866820017862,185.0165155504401,0.9388893538583876,2.420006325512645,-2.7428567919537707,2,D06_px-1055_py-0118,0.6070932511934023,2.7428567919537707,2.0164858498793024,1.824704643729118,2.9830738112025585,1.4923226366172182
-141.16748285791186,-316.52341506399887,184.30748951952089,0.8850887285106335,24.580360747751342,-2.597293241469798,2,D06_px-1055_py-0118,0.5723053430928567,2.597293241469798,1.6084074918814923,1.014891470732537,2.3271530645557723,3.0376161694274173
10.275613038546854,-309.41953168729094,185.02337505721027,0.8273409386106988,42.27856805264008,-2.1445787363837234,4,D06_px-1055_py-0118,0.5349651673037586,2.1445787363837234,2.6506741978731765,1.3151325420803543,3.1322328249767506,2.249069641826864
-261.5930130055739,-268.15103093766584,180.6818393964692,0.9324207168401618,12.43136294373653,-2.950795057084964,1,D06_px-1055_py-0118,0.6029105795483929,2.950795057084964,1.6648949347837199,1.7914751729549203,1.0891724541052967,1.888117051464875
-227.5800088055272,-237.58727889597645,183.97721856734887,0.8603459198828197,33.54607748576484,-2.9416640686699806,1,D06_px-1055_py-0118,0.5563064481519505,2.9416640686699806,2.9458883518758987,2.6308458549039333,2.4541364362791414,1.1580735336258852
287.3021417086133,-200.03472799401143,187.8491204095152,0.8806867387157618,20.572073690607738,-1.215185715573346,6,D06_px-1055_py-0118,0.5694589818200332,1.215185715573346,1.6144975741937022,2.7371113830702347,1.3749119799625995,1.6951944628427202
302.4180495249586,-197.99751917829667,174.35912532012054,0.9323725413520738,23.060866486963505,-1.1866619373675755,6,D06_px-1055_py-0118,0.6028794288983499,1.1866619373675755,2.0122457460722893,2.2217392488603895,2.5444877292807426,1.9359482901171394
-312.97724854173964,-153.83210459126084,184.17123357623225,0.8884975504628134,23.576941358507668,2.99144738318948,19,D06_px-1055_py-0118,0.5745095142160928,2.99144738318948,1.518342762201152,2.544911463879981,2.224988094849171,2.445015102045031
261.97713192196227,-153.92836789418757,188.1630712805272,0.8096129002385506,42.85631742791992,-1.1382048309998214,7,D06_px-1055_py-0118,0.523502078060708,1.1382048309998214,2.165618852404325,2.620569780896389,2.5549874559130124,1.7056580087732904
-329.31127046347393,-149.89074626832445,184.431699654664,0.9057598746455324,16.769572955657566,2.9617534051730017,19,D06_px-1055_py-0118,0.5856714689961466,2.9617534051730017,1.614577710254279,1.826458952091485,1.89013526410896,2.515851579868474
272.0279579361823,-136.9322287264753,181.71136697270617,0.8281595052861931,46.9326208241456,-1.0733239499923124,7,D06_px-1055_py-0118,0.5354944589634225,1.0733239499923124,3.15021631163152,1.485644121274444,2.309036046845179,2.366236059341354
252.04395980330847,-148.6613634094884,177.4118372554363,0.8201788357328518,55.54372327128431,-1.1398824504649077,7,D06_px-1055_py-0118,0.5303340951719624,1.1398824504649077,2.693992798663731,2.8684961332027266,1.7550284416906055,1.634195190532969
356.14074659784256,-113.3490922278499,184.88971655857915,0.9202467834208248,10.355825456870775,-0.9151128366566168,7,D06_px-1055_py-0118,0.5950388183137117,0.9151128366566168,1.735484217268675,2.4953045118677677,1.8922884262101716,2.561447697013935
-353.2482394800804,-100.63124045686163,185.75789486455687,0.9095804489044744,13.14450394462608,2.8121357444028927,19,D06_px-1055_py-0118,0.588141882404026,2.8121357444028927,2.2552894093322866,1.2689543326354307,1.9797602232025289,2.6646318381558984
359.3957593729426,-90.85790220791304,184.6464046138605,0.9169412853948586,12.07438616543226,-0.8545986895812578,7,D06_px-1055_py-0118,0.5929014572549773,0.8545986895812578,2.651753400316176,2.6290936476005693,2.31073881151229,1.5725024435381316
-341.7162510952012,-64.1176689330313,182.5651263844116,0.8912931892011194,25.123187795278,2.7200907491165376,18,D06_px-1055_py-0118,0.5763171962436135,2.7200907491165376,2.892832042071359,2.309955968096836,1.8997532885101989,2.682016994387504
-354.54206621706345,-18.895557959869024,185.14368157062023,0.8946825504381501,19.77683241221837,2.587858419540426,18,D06_px-1055_py-0118,0.5785087839151553,2.587858419540426,1.8783970553241478,2.0278794415498,1.754580944095739,1.782756233337996
298.61297602758617,-14.891367148413616,185.420111939018,0.8088811186008702,47.039141469513424,-0.6568067077035488,8,D06_px-1055_py-0118,0.523028902290041,0.6568067077035488,1.98940486191364,2.5111001271222637,2.040749344578792,2.2879622572042075
378.5397988005384,-11.048537686516424,180.4966747982216,0.9380936448019744,10.403567052343137,-0.6361585030358243,8,D06_px-1055_py-0118,0.6065787394502702,0.6361585030358243,2.513243472285958,2.080999095700899,1.931040390299752,1.5029221742444983
381.9781581525874,7.25993371541895,182.7211491207588,0.9364467377298674,7.33377500671935,-0.5879756710832906,8,D06_px-1055_py-0118,0.6055138363658864,0.5879756710832906,2.5734755034482397,1.626682080267017,1.5279100600072983,2.2458963909042096
-339.67618485929563,10.240353457989633,182.51093860927688,0.8802510425720776,29.108446213062336,2.5044748511428123,18,D06_px-1055_py-0118,0.5691772572618469,2.5044748511428123,2.0016439845749985,1.3125722243045579,1.5336322925588346,2.4233594521581896
307.4482358180662,23.77106392399425,186.3097163021721,0.8219123994511705,41.98969871470388,-0.5298157597885119,8,D06_px-1055_py-0118,0.5314550311263216,0.5298157597885119,1.8897175539253124,1.8989323787029893,1.0345058663019564,1.907141393834785
373.313433093858,42.89409288935338,180.15046026576024,0.9353012005897292,12.14367402718682,-0.4925801978153731,9,D06_px-1055_py-0118,0.6047731230284613,0.4925801978153731,1.06505180007274,2.810720789716635,1.0754142203717547,1.943760238202498
371.5354257504233,57.21714336470103,171.38390132178782,0.9591305059285412,17.186321961592967,-0.4541781095501211,9,D06_px-1055_py-0118,0.6201813395476591,0.4541781095501211,2.052850048430792,1.883695363790579,1.4287984406092165,2.167052282179144
293.9367810447694,72.95156631633876,189.29991338579032,0.8049614235599206,42.53863650256716,-0.3637070558987073,9,D06_px-1055_py-0118,0.520494396603809,0.3637070558987073,2.3483679010535603,1.8325819193858113,1.6264969385084143,1.5056921488293962
-371.006862179528,83.30342918132241,179.10341190820063,0.9437178541495582,10.413766021987271,2.313742848075975,17,D06_px-1055_py-0118,0.6102153975124639,2.313742848075975,2.5446970370189614,1.7755676009072476,1.0906541505572802,1.7168866707036017
-296.3834127135823,102.01938497231534,183.84466423712013,0.836691294011218,41.21731870292342,2.2031019423977494,17,D06_px-1055_py-0118,0.5410111807520815,2.2031019423977494,2.5907102490380094,1.7170183430151063,1.2832783586046976,1.5780406261367341
-313.6152580720099,103.96300868809092,182.4786378869165,0.8664813983675711,33.82878704031879,2.214514764838168,17,D06_px-1055_py-0118,0.5602736968651537,2.214514764838168,2.5571535635407585,1.6645258428816678,2.872980983303542,1.2655094591550013
366.61651670026407,107.07059065264588,177.97340297418023,0.9488205992463096,10.184628923482478,-0.3228315835159772,9,D06_px-1055_py-0118,0.6135148726828525,0.3228315835159772,2.0831485335666073,2.262467134084618,2.5381302992552444,2.1519258719104553
275.444787289194,241.9381121300256,182.29598088504696,0.9177681357073108,15.614783770239114,0.1137470908099546,10,D06_px-1055_py-0118,0.5934361051795427,0.1137470908099546,2.207914127982616,2.5724252182123704,2.424000484262372,2.593098906901088
205.5708132406436,243.03612386405416,184.5080346504905,0.8425596520335723,38.41940532769553,0.2617400581900213,11,D06_px-1055_py-0118,0.5448057072703738,0.2617400581900213,1.8929918278445874,2.5417830480009904,2.635582942648261,1.4422211787697483
-227.7749998609833,248.99460018839432,182.89202635092744,0.8757869511458302,30.05031031532218,1.7047372781078551,15,D06_px-1055_py-0118,0.5662907405850437,1.7047372781078551,1.7945411679281174,1.7365229704278826,2.086289212503517,1.9056441717629968
-191.95070287764665,264.2604089875329,178.41967766697226,0.8718967839426085,38.32583189920263,1.592022072350331,15,D06_px-1055_py-0118,0.5637753278312572,1.592022072350331,1.7201198856897668,1.5739261998889584,1.4913186544343593,2.4753470710831067
132.1629686846509,272.77942531568897,184.6644773161925,0.8177616812862075,45.60974784333746,0.5126419282170026,12,D06_px-1055_py-0118,0.5287711440684917,0.5126419282170026,2.039764980269994,3.2002036957356026,2.8272838006045027,2.238209006749474
233.30161274417048,274.8906443435747,184.2589125604593,0.9045049124767054,17.52641804145344,0.2600738658055388,11,D06_px-1055_py-0118,0.5848600005733053,0.2600738658055388,3.008674830639264,1.6246988999375296,2.035261965821501,2.885355495325981
244.5750430211962,286.8340686370792,183.55277821086744,0.927843923623631,9.49856829681312,0.2577742191445465,11,D06_px-1055_py-0118,0.5999511890063177,0.2577742191445465,2.127202410058678,2.374093984944565,1.7787053639241608,1.1706116784969445
-148.9902807278719,286.8181460690871,184.2940901532637,0.8507003256428425,36.18043104879092,1.442910179292871,14,D06_px-1055_py-0118,0.55006953094464,1.442910179292871,1.9476605147364108,3.0300277850347976,2.607164526709374,1.7183048269248489
-9.078632659482256,304.2530634294751,182.080576569134,0.8268867488726728,46.75924246054177,0.9936470275494196,13,D06_px-1055_py-0118,0.5346714846418095,0.9936470275494196,2.131629914646056,0.5798381806817516,2.8674815549788986,2.5509077712611576
4.927186626557526,307.32319574549155,183.3271668312201,0.8283318982048614,44.49227950462148,0.9477855789901662,13,D06_px-1055_py-0118,0.5356059295824545,0.9477855789901662,2.0448469181750326,2.1330995008885836,2.0523707289581887,2.1987372394406
-68.9554438356134,319.2528821058125,184.0157227956787,0.856644585852334,34.693846209897686,1.1765390627832135,14,D06_px-1055_py-0118,0.5539131364149648,1.1765390627832135,2.4396656818880325,2.1506783295824494,2.1474932632818273,2.5228626380612225
-139.51392132014374,327.0643484264448,170.1179482023942,0.936288190879905,28.6613157363401,1.36701153366173,14,D06_px-1055_py-0118,0.6054113187239357,1.36701153366173,1.6881460351587505,1.289969705982057,2.4542230857641467,2.128007411930248
113.9754412567726,325.38151418999195,179.1189493803364,0.8964890414971756,28.75812859499661,0.6268903519700347,12,D06_px-1055_py-0118,0.5796768752624143,0.6268903519700347,1.5295870012637682,1.959552982424281,2.80278988246481,1.9632142696913883
-71.13528872838094,348.1946621291316,184.14173108101943,0.8977983393059191,20.22922787852741,1.1653411023939642,14,D06_px-1055_py-0118,0.5805234775379902,1.1653411023939642,2.5971954152232652,2.1931573533952564,2.028917843254588,2.0318005384874764
136.15374169159875,349.88060900006724,184.0432197678988,0.9246338847964958,9.988706662009974,0.5927044189152445,12,D06_px-1055_py-0118,0.5978755526174142,0.5927044189152445,2.3070557747359617,2.298953781405052,1.8166782401592125,2.1684790732006762
54.64588477193947,368.4868994336739,182.1479892011838,0.9258534957699402,12.646044138603145,0.8165917705400524,12,D06_px-1055_py-0118,0.5986641626788839,0.8165917705400524,1.385610533327891,1.8862554547603139,2.589672203259754,1.0870572949864914
62.094431950428,-377.39867639119865,185.22546097594417,0.9304693194854032,5.6211703556546695,-2.0147041662989,4,D06_px-1055_py-0118,0.6016487906489851,2.0147041662989,2.12015823277566,1.971218638682061,1.9825401049194173,2.185877633913183
43.54566786021608,-364.89270400127873,181.3328373200834,0.9214653246518132,15.74852847012437,-2.0589993095970693,4,D06_px-1055_py-0118,0.5958267366712837,2.0589993095970693,2.081992750457387,1.476708201681252,2.4233179339768984,2.577577295595515
-158.63895154097182,-358.9232713415696,179.49657309493878,0.9575851181237868,3.7452880862802544,-2.593945133294977,2,D06_px-1055_py-0118,0.6191820796211432,2.593945133294977,2.129716947167854,2.218928293278804,1.4051144871481749,2.4697995627116143
-135.32434782881646,-357.6503889222249,183.3246756418979,0.9353075519754476,6.7934008225333855,-2.539498187273624,2,D06_px-1055_py-0118,0.6047772298844923,2.539498187273624,2.2483296532718597,1.899187101264325,2.323586843708082,1.4843827839020212
148.49833920964136,-347.59566461189627,182.50483010655864,0.9319062199091672,9.584270496365832,-1.7740299570863027,5,D06_px-1055_py-0118,0.6025779017804718,1.7740299570863027,1.4252240753562755,1.0182065940092702,2.0698456943273693,1.5224553302860027
-129.98911260586755,-342.512690126833,183.19091680898248,0.915058330062126,15.204994907465789,-2.54050004128212,2,D06_px-1055_py-0118,0.5916839235060826,2.54050004128212,2.8543012954667075,1.2885890900318349,1.6505178513378906,1.9883545348214513
-187.74125521096755,-326.5941477081306,180.7008935176937,0.9350379387112072,11.324968036041753,-2.6994942018240464,2,D06_px-1055_py-0118,0.6046028958242755,2.6994942018240464,1.8736273002846748,1.9853466036513059,1.6170157918066976,2.0549025049030014
58.2350272077363,-309.05706783160934,181.5881129993424,0.8444835190233866,42.21620377630319,-1.9915315076808424,4,D06_px-1055_py-0118,0.5460496948189707,1.9915315076808424,1.2814092136196107,2.1385028538946584,2.3939707485929236,2.6736014633706437
26.290101072908364,-292.4537924564073,180.88179713564367,0.8122374186122292,52.68697418143449,-2.0881219523253702,4,D06_px-1055_py-0118,0.5251991123126628,2.0881219523253702,1.799427579225595,2.2726991563384593,2.0104875395595014,0.7382377738431019
-242.85380829748524,-289.161533331191,182.4529596649388,0.9315691479797252,9.810018818979133,-2.876350762009728,1,D06_px-1055_py-0118,0.6023599484160098,2.876350762009728,3.0646019643367097,1.860717722662598,2.6293488267527394,1.8388645383936408
110.7504526608372,-288.49472494708425,183.8551577624752,0.8295819078455875,43.34019659574778,-1.8112334429795875,5,D06_px-1055_py-0118,0.536414195661618,1.8112334429795875,1.2443065118365795,1.8989855322715246,1.8236118790934248,3.2012346881509597
-191.3860669495845,-270.819309584669,178.5232291906906,0.8790888461961633,35.76249114727648,-2.7929795524887493,2,D06_px-1055_py-0118,0.5684257719313556,2.7929795524887493,1.9599322749511858,1.3319001326996331,1.0062411710438866,2.449173282320707
-243.3277786675878,-264.47536600818586,183.73020595501723,0.9043282542014424,18.448598541923104,-2.9215528255828462,1,D06_px-1055_py-0118,0.584745771941104,2.9215528255828462,1.0530541825831758,2.517551936650743,2.4613722182105584,1.786452188827287
199.9626282546548,-256.1783505367853,175.1045492410769,0.8786524636838243,41.26670003042312,-1.515001353929326,5,D06_px-1055_py-0118,0.5681436035617908,1.515001353929326,1.1528992077885523,2.410776608299571,2.0137599923952028,2.0301503472913023
-238.7809140550492,-246.9317573926201,180.5145080621364,0.8909016125493672,28.525540989619344,-2.946394393184875,1,D06_px-1055_py-0118,0.5760639996964093,2.946394393184875,1.9653528559479791,2.7088331133793795,1.0839606211157478,2.062159733375597
257.0836708896039,-242.014263058372,174.4442648327731,0.9208580961790906,27.37165001214322,-1.3621935769554003,6,D06_px-1055_py-0118,0.5954340979580984,1.3621935769554003,2.1719811187711286,2.112886439076669,1.846328006500994,1.8834578286662795
314.11672599043834,-212.2837948665911,183.6524134309909,0.9303399988202928,8.307414931792437,-1.2012866978369992,6,D06_px-1055_py-0118,0.6015651708883545,1.2012866978369992,1.8914060969815847,2.9909904145693815,1.9149609654762227,2.8828964627639992
233.9052497802712,-204.8238563858624,184.06885809084383,0.8320342975088268,42.290480108173824,-1.3261889865696563,6,D06_px-1055_py-0118,0.5379999301336627,1.3261889865696563,1.9869937793945267,1.2002774938024259,3.0343243726440203,2.1977594541681515
-294.50844628979337,-198.5941023858589,181.95489111587085,0.9033731244306872,21.67713411594224,3.127898211525825,19,D06_px-1055_py-0118,0.5841281775084305,3.127898211525825,2.9189161496475915,1.3655471839552398,3.0562876974831705,2.686151555139507
322.42595605284174,-178.24117169314928,181.444387152794,0.9223881644855972,15.198686814904704,-1.1119796601292171,7,D06_px-1055_py-0118,0.596423452176386,1.1119796601292171,2.7190072829506873,2.5301920584608775,2.351015639791084,1.5978371253844104
292.1470120962543,-138.0742420771941,184.8259797772592,0.8491564972762147,35.86591442575377,-1.0484834314877318,7,D06_px-1055_py-0118,0.5490712793630994,1.0484834314877318,0.41803079131459686,2.443670915371152,2.1418911736906505,2.998825393178123
-353.36082664230264,-133.3025150966156,178.8796257803952,0.9410802220671652,11.899677268303437,2.89534785678727,19,D06_px-1055_py-0118,0.6085098838331667,2.89534785678727,2.552054555624115,2.140576558148049,2.7648226684092156,1.97038830766384
283.3816238674394,-130.22444131426184,178.7044281578506,0.8482686699256897,45.40487972477234,-1.0377363574988672,7,D06_px-1055_py-0118,0.5484972032054418,1.0377363574988672,2.281636979655781,2.4037106635389622,2.107259749667908,2.407809846099153
279.219977169208,-124.7691009841185,186.4504591872656,0.8174144043662774,43.09907913964389,-1.0272097974508632,7,D06_px-1055_py-0118,0.5285465920768024,1.0272097974508632,2.338290783132126,2.256351547872302,1.9742916093864276,1.6459870906963716
-353.88933016205294,-116.653664539032,178.63433423742842,0.9353177259000008,14.691154779630608,2.853029847927949,19,D06_px-1055_py-0118,0.6047838084242415,2.853029847927949,1.9008928786188384,0.5332926247440488,2.618117123268942,1.7097001095551945
342.9065392167952,-67.99858699246512,176.1537247759679,0.9113461074115572,28.13160891464844,-0.8027405612340308,8,D06_px-1055_py-0118,0.5892835711015888,0.8027405612340308,2.644582112231702,1.3470691422718895,2.4997146494821494,2.040772430659135
-373.2247645445561,-53.359719821541184,184.21325042557288,0.92620952540001,9.065424747719703,2.6766201844500266,18,D06_px-1055_py-0118,0.5988943742418886,2.6766201844500266,1.8923727027608028,1.5356587140267512,1.936958404608336,2.1031816208652336
-375.1229165840524,-32.67598867416425,181.23246398522247,0.9334222100119176,11.096133285441908,2.621501222253143,18,D06_px-1055_py-0118,0.6035581529213262,2.621501222253143,1.9890242900706516,1.7427477178426656,3.566801980077914,2.039794081116053
329.48513630792723,-0.1337132889244248,185.1806973770184,0.8578514223209387,32.52078829710348,-0.6073853567615074,8,D06_px-1055_py-0118,0.554693486380989,0.6073853567615074,2.0662501985934214,2.6546964865467215,2.493603372689086,2.6903630950815316
287.01654823701153,90.06028951321984,186.27391281826743,0.8096349620963849,45.58885269101074,-0.30292821603846,9,D06_px-1055_py-0118,0.5235163434317498,0.30292821603846,2.234409747746669,1.4946034156923877,2.815006722066741,2.072624002692384
298.94505257285994,141.92112568910392,185.1494368232213,0.8600879554639893,31.83377087997235,-0.1637434860409068,10,D06_px-1055_py-0118,0.5561396463269257,0.1637434860409068,1.2596801914394482,2.3854556521519696,1.3205377569527803,1.5724840459924103
-307.523892742528,142.95180951137746,180.3378355170161,0.8851084433680098,30.84248616639292,2.0994805854047978,16,D06_px-1055_py-0118,0.5723180908749167,2.0994805854047978,2.324228334551014,2.261645261186469,2.2365681725134943,1.9456107248341339
360.9733641205763,144.60162934516967,173.14448739506528,0.9701951856036116,9.268579958944429,-0.2259662861098246,9,D06_px-1055_py-0118,0.6273358485744652,0.2259662861098246,1.380885816887348,1.6861839969298749,2.922977176436305,3.1622501049747527
-356.88849159291266,152.2066317493824,184.1247407986338,0.9401578429600752,3.3884051586728674,2.131487606496656,16,D06_px-1055_py-0118,0.6079134662375736,2.131487606496656,1.9088681122745204,1.4167590856355452,2.19644754604316,2.784864083791317
-265.9335632875185,166.50566127456568,183.1307686599296,0.8391156331370274,41.54572388003828,1.9752106051259892,16,D06_px-1055_py-0118,0.5425787775256893,1.9752106051259892,1.383958784782376,2.451375559985616,2.297593889032571,2.269790716948202
-317.7785322026008,184.03928185160208,182.88457588809,0.9170184546198098,14.94065316666746,2.0096706783050804,16,D06_px-1055_py-0118,0.59295135548364,2.0096706783050804,2.8654314981296896,2.1984320821696297,1.5913798414609222,2.5458857941048825
-301.30711645605214,194.238633115728,182.7719003905773,0.9056601196538532,19.49697227241262,1.9620057385735252,16,D06_px-1055_py-0118,0.5856069666328251,1.9620057385735252,2.8037762477042714,2.1119992367172458,3.2783474923762363,2.8995545802870555
269.26915952281155,208.5203980293793,179.69605429538916,0.8889329310027776,30.52106357815086,0.0519517687542236,10,D06_px-1055_py-0118,0.574791034702428,0.0519517687542236,1.7542603842747206,0.9578122109992344,2.222336925873874,2.1799574656157574
-291.861067096506,215.9314563018604,181.6785917506292,0.9146992106086548,17.824263082689242,1.8976440507875565,16,D06_px-1055_py-0118,0.59145171403893,1.8976440507875565,1.3368826588819278,1.5192737958391107,2.023436470355307,1.725812121960657
-261.29790108133807,229.9190207196738,182.42774124752384,0.8921826772151877,25.021702195954106,1.8130081649868317,15,D06_px-1055_py-0118,0.5768923461993981,1.8130081649868317,2.7883481311528326,2.1880385884013798,2.074987040116925,1.5981870240415548
-244.29190135399864,258.69548107311016,185.04971786687253,0.8959823772124064,19.44683611789378,1.7205867162529445,15,D06_px-1055_py-0118,0.5793492621452349,1.7205867162529445,1.4042645643701537,1.3150124615586285,1.6713526130771776,1.8037214530903822
-229.33248705886987,263.9235693428392,182.43949718048043,0.894378030316336,24.208837552616217,1.6792015385050538,15,D06_px-1055_py-0118,0.5783118788058937,1.6792015385050538,2.0707968179928438,2.3692118203276378,1.6930260722956199,1.6368960903717762
-237.6956631493736,268.7720455299369,176.05117115082547,0.9241850072073804,23.43562812519798,1.687932729434651,15,D06_px-1055_py-0118,0.5975853048327908,1.687932729434651,1.3721371294104503,0.977036499266652,2.429499217223575,1.328535963829478
185.6523345562076,272.0252225313444,185.7472404801219,0.8561208605427615,32.22142533453808,0.3649448432097711,11,D06_px-1055_py-0118,0.5535744915047695,0.3649448432097711,1.5528379378842851,2.679914061510997,2.4090612460088394,3.0089442114229032
-249.4295180965356,275.1118166230156,182.823513381896,0.922566322272018,12.843854239267555,1.7002925870719603,15,D06_px-1055_py-0118,0.5965386504043125,1.7002925870719603,0.7540907083764417,1.4989146270450922,1.1477733513545763,0.9706374426718964
160.60511240846327,285.1388484249784,187.3344759851516,0.8487638537109284,32.19516300346885,0.4508560376722775,11,D06_px-1055_py-0118,0.5488173929412008,0.4508560376722775,2.1653357630960137,2.8984345612251103,2.15542194168946,2.153636483089043
184.22221877528264,300.5025341530693,168.90323015197345,0.9355274993272452,31.0045885551105,0.4138590044530638,11,D06_px-1055_py-0118,0.6049194495745395,0.4138590044530638,1.6022942930418336,1.1913618904604943,2.0873594961322706,2.003210864354796
66.36182539010554,308.61966111399727,184.0110049990314,0.8397563254140823,40.03153590888661,0.7520140056914494,12,D06_px-1055_py-0118,0.5429930541983273,0.7520140056914494,1.0128245547888228,1.262136094847909,1.9628749941643726,1.6495192209806608
239.5195546482244,310.4020482165529,186.23674817623544,0.9397082448922046,0.0010148166327894,0.306607470152794,11,D06_px-1055_py-0118,0.6076227525857124,0.306607470152794,1.4566502271877915,1.674630470326467,1.249149375307089,1.7227412017967672
-8.27493845318923,322.0002591742316,172.78037656550936,0.8808521295037497,44.18754031938517,0.9895096859046792,13,D06_px-1055_py-0118,0.5695659248062162,0.9895096859046792,1.6714945999921411,2.0109472441160285,2.1594543645565847,1.6844000633029652
-191.114446532112,331.18612722655337,180.23077720179745,0.9433890331652433,8.631791837250319,1.4871982489297897,14,D06_px-1055_py-0118,0.6100027792741081,1.4871982489297897,0.7335925123454015,2.218483437749386,1.433182486660791,2.267216508736251
167.18908955340706,329.9969351941228,180.98914325602487,0.9255754497360408,14.684978223873202,0.4948726516318452,11,D06_px-1055_py-0118,0.5984843759233863,0.4948726516318452,1.3476348047789959,2.0051061589044927,1.5247035198088636,2.0429997074585877
113.5052721690298,338.4650901406925,176.6337372205251,0.9201599825168988,24.021275274663594,0.6402496729986388,12,D06_px-1055_py-0118,0.5949826921655619,0.6402496729986388,1.5278954883359273,1.978715950779144,2.372636093950666,0.8362163263291345
-138.5599493175686,340.2734851208879,180.78202019174995,0.9228264851601276,16.122169417895464,1.3505160950984243,14,D06_px-1055_py-0118,0.5967068737768891,1.3505160950984243,1.4262750233394956,1.904061710491657,2.6120465869948717,2.572537320186082
-126.22580389131268,345.70211624147987,177.65812963209535,0.9320054653254882,17.67234880899531,1.3139053163386358,14,D06_px-1055_py-0118,0.6026420746483531,1.3139053163386358,1.3988001520216864,1.7971010541675185,1.6809121013515642,1.344178065913557
69.79140304982917,350.9855871010999,183.192658148262,0.9036853597441964,19.560070949737565,0.7675329518411801,12,D06_px-1055_py-0118,0.5843300713214094,0.7675329518411801,1.887776920484689,3.1265622433727405,1.9656546044774688,1.5865683066066198
-57.74180253394923,364.2655925892453,179.58778158289903,0.9278531269499428,16.108055395689803,1.1210244381236558,13,D06_px-1055_py-0118,0.5999571399495992,1.1210244381236558,1.7141424394225215,2.069679830160049,2.279183485216283,2.3008775333385216
65.54277462877796,378.4707548595763,187.7523419620878,0.926010682526523,3.258089318485702,0.7923396196696165,12,D06_px-1055_py-0118,0.5987658008737428,0.7923396196696165,2.6524893854862324,2.094274699472839,1.2142216060343034,1.364220590913295
-35.98645706201838,-387.520258118019,182.7297982939132,0.945238940511415,3.578229281126937,-2.270373713382186,3,D06_px-1055_py-0118,0.6111989439345963,2.270373713382186,2.264960932926204,2.330611995136221,2.000483331147047,1.5838487047197147
-73.25710401422559,-364.56836054742007,176.06145499169426,0.941256014620592,16.61289013559673,-2.376077045842333,3,D06_px-1055_py-0118,0.6086235526828101,2.376077045842333,1.8858703478303003,1.5786123575058877,1.646805820762801,2.1267546816082774
-32.01679967263841,-362.8629037555465,181.3610751697973,0.9171609644874374,17.390151664998996,-2.2657818228547404,3,D06_px-1055_py-0118,0.5930435034865006,2.2657818228547404,1.6183216602414219,2.5886200896460254,1.7848516639984287,2.9304420864237724
34.12529878680577,-355.9921832925229,182.53056038080464,0.9051281425823332,20.08842857334304,-2.0822081854114,4,D06_px-1055_py-0118,0.5852629860683611,2.0822081854114,2.281181737984734,0.9459271079203155,1.6809241673761333,1.8823970684819025
-94.05571982151488,-351.9550184062577,183.81613760581368,0.910703085351461,15.873859227299192,-2.438911483111266,3,D06_px-1055_py-0118,0.5888677879728861,2.438911483111266,2.222074895135888,1.2202455493725888,2.4424495371706696,1.6970784140045128
92.52158860331336,-344.1160406014362,181.84775623580688,0.9051973599582498,21.16807385469724,-1.915119958926156,4,D06_px-1055_py-0118,0.5853077425688067,1.915119958926156,2.0237088954701634,1.1388699994082576,2.332289856001833,2.957763473603375
14.999416375458605,-339.4525150428637,183.14961235316804,0.878467560668654,28.72461555535841,-2.1336175006257903,4,D06_px-1055_py-0118,0.5680240438158273,2.1336175006257903,2.49656483074182,3.0960525206105673,1.7253232054327476,1.8677537273755598
30.477744858842907,-339.733659365236,185.6475913639909,0.8737038512547507,26.4692092627584,-2.0883046659877293,4,D06_px-1055_py-0118,0.5649437917883202,2.0883046659877293,1.3025240999980972,1.880730406732014,2.227136135536709,1.3636706040952895
-142.87871603125407,-330.78809011640976,177.3025449647377,0.922819507392864,21.889711495430618,-2.5855052132264573,2,D06_px-1055_py-0118,0.5967023618976174,2.5855052132264573,2.1638340933308466,1.415818248030233,2.4228423982115146,1.7172250407651752
53.85000646835937,-326.01243671222795,183.1638618455868,0.8646791013502352,33.36882589108188,-2.0140761887166883,4,D06_px-1055_py-0118,0.5591083174182848,2.0140761887166883,1.6425765533465388,2.4253633308913614,1.6387634120341819,2.078675857541785
166.46609147838768,-321.48948580025404,184.5819721285376,0.9056485308103188,16.56851586476307,-1.6999927195787032,5,D06_px-1055_py-0118,0.5855994731953184,1.6999927195787032,1.800567669572349,1.861660520685158,1.8790032192974186,2.270128465971096
85.99775718871437,-320.7139552821517,181.7348489160372,0.8709452526888607,33.4923856232773,-1.9157940400091715,4,D06_px-1055_py-0118,0.5631600602280237,1.9157940400091715,2.4851531419643624,1.6775658204281287,1.8305410713142773,1.8951506167249788
-211.9357164615382,-310.5459287451723,178.3068746993306,0.9404647431282817,13.12769249253131,-2.7766339500307304,2,D06_px-1055_py-0118,0.6081119103035784,2.7766339500307304,1.0426721934183625,2.294237981281775,2.2751943442465494,2.15819298205128
110.18104227613968,-308.310513928758,182.2651260170125,0.8625690692721695,35.44652526499317,-1.8345501571061156,4,D06_px-1055_py-0118,0.5577439540573296,1.8345501571061156,2.652713688940617,1.4399354165902793,1.3598420584111448,1.9642808993982277
-168.96251729650373,-309.48942978077423,180.5071188995748,0.903680423351543,23.902383095811444,-2.6774962906174062,2,D06_px-1055_py-0118,0.584326879411039,2.6774962906174062,2.344261494204474,2.3497926110271257,2.556079999805381,2.6905862855127407
40.31148471776086,-309.9274005633256,175.9819467825352,0.8569337450656971,46.86991472136458,-2.0484344688702367,4,D06_px-1055_py-0118,0.5541001090398344,2.0484344688702367,2.6025464797503144,2.601039634995896,1.8286931025685738,2.521020018675158
-141.0831099777269,-299.1583029807388,180.599034440758,0.8721207913575576,34.86360552796316,-2.6184465955723777,2,D06_px-1055_py-0118,0.5639201727901162,2.6184465955723777,2.1084520363788286,2.083768790599793,1.8643758961402102,2.097090876161137
148.93915377988597,-296.35162609090884,181.4062406794343,0.8712868775792171,33.88823600439173,-1.7120697382750656,5,D06_px-1055_py-0118,0.5633809575728734,1.7120697382750656,1.8312826790000556,2.362653198105205,1.7214708532195369,2.0339533834046284
-163.38240106861178,-297.0977605677094,182.97676022654247,0.8778820263009582,29.197611750235296,-2.680563851059696,2,D06_px-1055_py-0118,0.567645432681822,2.680563851059696,1.638806093013841,1.680604471661045,2.1214513581634487,2.173286077017699
-228.6198937788073,-270.57524752773975,178.60034975260228,0.9110587482011064,24.24631144957169,-2.8793250824547645,1,D06_px-1055_py-0118,0.5890977623727796,2.8793250824547645,1.8687093933170706,2.4142212392129507,1.8515018437399922,2.3258912677071923
174.98925888200284,-272.59355188508283,182.51063071401228,0.856619000872822,37.0000033547754,-1.607086162900977,5,D06_px-1055_py-0118,0.5538965929656968,1.607086162900977,1.0667778719087013,1.7193636229539786,1.6493956736953794,1.5815966550564946
142.3191256026376,-255.0234403123236,183.6475613154381,0.8019525064104357,51.5186064137468,-1.6687633894830958,5,D06_px-1055_py-0118,0.518548807075772,1.6687633894830958,1.7552467327960002,1.0286905533560282,2.300275256359937,2.250494361004049
252.99451332315616,-266.90366831831574,181.7690012208351,0.920666067758466,15.343253744481274,-1.4191249284223495,6,D06_px-1055_py-0118,0.5953099308688462,1.4191249284223495,1.6203918311056902,1.533185997492306,1.7643685136538374,2.5825363235506655
247.18591418907792,-247.619283999687,177.3967693725586,0.9083495703410266,27.21633828108338,-1.3932535342511396,6,D06_px-1055_py-0118,0.587345986630113,1.3932535342511396,2.28458678628121,2.2536005363282223,2.7073048294578728,2.6708812234520236
206.73439017598656,-242.14197161290448,179.94752375379704,0.8550850161742465,41.39816992654141,-1.471095178571126,6,D06_px-1055_py-0118,0.5529047063774508,1.471095178571126,1.8868748322254025,2.1210085054392294,2.355682790188067,2.7366845541980234
258.06356049339087,-200.30330837037803,185.7033093757653,0.8522185550239778,33.55495747986805,-1.26702526420026,6,D06_px-1055_py-0118,0.5510512300205354,1.26702526420026,1.529760566318125,2.2713413114594054,1.9991718181723752,2.3153058287604074
-294.2725492224706,-151.43646639470464,180.41623398304355,0.8729100860916268,34.883917046359386,3.009882636974236,19,D06_px-1055_py-0118,0.5644305369818996,3.009882636974236,1.6853174781792621,1.8485251875544075,2.67091633300928,2.192341047847187
263.3349779258609,-151.41339469730644,181.104445549533,0.8285383045978982,47.71954258336109,-1.1288017750101549,7,D06_px-1055_py-0118,0.5357393935819139,1.1288017750101549,1.4621289584811694,2.3529868904041797,2.4454902815086914,2.5195504211709756
-317.7205845667684,-129.5920763758009,182.9497557407881,0.8838186591621763,27.172115792602824,2.9218946416083296,19,D06_px-1055_py-0118,0.5714841062486776,2.9218946416083296,2.0280284941284745,1.8145022617085784,3.012981388327037,2.477700427378447
325.82092624820336,-118.3048011093176,168.1879530772175,0.9295607869131012,34.480587173368406,-0.9552746236712863,7,D06_px-1055_py-0118,0.6010613263318457,0.9552746236712863,2.63301738343252,1.4342451179707814,1.5685538022951402,1.2948940434268685
284.960358143042,-114.0300656234078,183.4099221802701,0.8274032069641636,44.644032459762,-0.9876248266781904,7,D06_px-1055_py-0118,0.5350054305115542,0.9876248266781904,2.2959257773140065,2.2498985576277013,2.0298356837220712,1.8056514365158924
284.9093899864785,-93.97883832429504,183.8621976246132,0.8148026543490532,47.62787917589907,-0.925596489390804,7,D06_px-1055_py-0118,0.5268578139446987,0.925596489390804,2.195404248492566,2.475119405231315,1.3391745337446135,2.194486265060812
-341.45773424018466,-91.05638844285268,174.5012028059984,0.9211289209202924,27.17476739248997,2.7952182275815862,18,D06_px-1055_py-0118,0.5956092153688606,2.7952182275815862,1.4778163710278003,1.760517489181053,2.3693895307832387,1.449418937346103
-326.11226823434873,-65.00714134084643,184.1831084044037,0.8650648982081848,31.669570275871425,2.731373755092066,18,D06_px-1055_py-0118,0.5593577767052927,2.731373755092066,1.683050110708896,2.599769807737565,2.2314628246215484,1.8197131639976019
-341.01257698302715,-54.06686508086864,172.27643775707,0.916108126958534,32.71884562347822,2.691852316141434,18,D06_px-1055_py-0118,0.5923627304478314,2.691852316141434,1.6469305831835326,1.2930150469469155,2.470536635103338,1.111512363989221
-385.95197119517417,-38.9672072486784,184.29905058520544,0.9396139420034836,3.3254179502105785,2.635236016300392,18,D06_px-1055_py-0118,0.607561775595106,2.635236016300392,1.3951729715406573,2.231681441563035,2.0515801623819305,1.8608631878785493
-359.7526698939971,-42.24444633839915,180.5618970182607,0.9165708747464284,18.932957332547574,2.651504174366648,18,D06_px-1055_py-0118,0.5926619468122313,2.651504174366648,2.1283522881935633,1.8285320495889288,1.7666580549009576,1.9101192114269585
-350.2965231776429,-33.76160426157946,178.1575103698506,0.9090928712581758,25.703089986557643,2.630696417838564,18,D06_px-1055_py-0118,0.587826610857614,2.630696417838564,2.8333572161704383,1.4506860916480382,2.382155423077307,1.6009065065351487
-340.4765031529668,-19.603800761745315,172.9900862663514,0.9081384045670938,34.45723311343454,2.592127165266618,18,D06_px-1055_py-0118,0.5872094451774799,2.592127165266618,2.3320549857332633,2.571482659709414,2.3246219647294586,1.2780203931056902
348.855977034337,-14.831683288176166,174.5238010395307,0.9152716793891716,29.339931621264668,-0.649469148303589,8,D06_px-1055_py-0118,0.5918218768613569,0.649469148303589,2.417131290590083,2.455771870728353,0.9435840949490106,1.5648112034880965
315.104021535883,-8.429499623388123,180.7059070608425,0.8480370205758783,42.450000200315344,-0.6337246352799926,8,D06_px-1055_py-0118,0.5483474169113104,0.6337246352799926,1.2633799187935226,2.8397224021807306,2.16588041221661,1.5767425531145687
392.0801791141786,1.3097425976534045,179.57310537230683,0.9569811225542044,3.879834287658412,-0.60363904742355,8,D06_px-1055_py-0118,0.6187915313285918,0.60363904742355,1.9227954456580483,2.1385283693954866,1.301214898269262,0.8284011030885372
352.63104600494864,2.457139394104895,182.2718442251516,0.8989904526838631,22.790884450309647,-0.6000116268359168,8,D06_px-1055_py-0118,0.5812943074376296,0.6000116268359168,2.007210539538584,1.8983783775153542,2.802345515686049,2.7886122560109654
-373.2191594095836,8.438404894016177,182.08132418490607,0.9270566076684196,12.27152436528644,2.5120071884555872,18,D06_px-1055_py-0118,0.5994421043085293,2.5120071884555872,2.7279999510646906,2.3411276881410323,2.13414638866739,2.259513532132841
-308.3390824891513,118.62517429724817,182.75884450394523,0.8656836756262217,33.66069029596065,2.167345438055829,17,D06_px-1055_py-0118,0.5597578830574814,2.167345438055829,2.035186481262591,1.6602411849257601,1.9289927740458133,2.1734171271004956
-347.3453421211184,119.04153854467808,179.52265984398602,0.9258931827503092,16.997446608838686,2.204440182351326,17,D06_px-1055_py-0118,0.5986898245929777,2.204440182351326,1.480543275476283,2.0816603947694996,2.368653079978406,2.166136247876967
-343.75303912020155,142.87722578123012,182.45211264886444,0.9247248194546868,12.59464272088087,2.1406978266109515,16,D06_px-1055_py-0118,0.5979343516836305,2.1406978266109515,1.8273539660360054,2.4627680382006822,1.7642646061492524,2.355651397205241
-205.18618828801144,237.41351202707224,183.4048691807896,0.8384269946830506,41.34576277298055,1.6765295282632455,15,D06_px-1055_py-0118,0.5421334984774142,1.6765295282632455,1.5235825752786933,1.8336107539448085,2.540897692500902,1.977200786479496
214.83312107438005,230.8544816645548,179.63398045500776,0.8512004470937907,43.09160018528405,0.2143506718024247,11,D06_px-1055_py-0118,0.5503929134139373,0.2143506718024247,1.8947647670018282,1.1260449459304862,1.7464912642477526,2.2593243736941675
236.9922962773809,243.41395041603337,170.6220209466802,0.9129488967620458,36.58295149545796,0.1917849683870973,11,D06_px-1055_py-0118,0.590319947319689,0.1917849683870973,2.0327704425180246,2.270901582233103,1.3395990410084702,2.796563869951801
-266.590817871172,258.2154450041688,180.39081085337745,0.928730895557758,14.415605688244511,1.7651725841138686,15,D06_px-1055_py-0118,0.6005247120449948,1.7651725841138686,2.294030720628615,2.1884445275390525,1.923156091878354,2.5867222256348965
-233.92525093213783,300.8192159716271,187.26966073739607,0.9234339328150968,5.124143281811996,1.6247662313608957,15,D06_px-1055_py-0118,0.5970996542150415,1.6247662313608957,2.302875058071316,3.127214605406966,1.7220257538628543,2.356356117356737
-220.6798881630125,301.97443482887155,181.3146838722614,0.9299812001554822,12.36552341540414,1.5949097017836706,15,D06_px-1055_py-0118,0.6013331688456766,1.5949097017836706,1.155412268582087,1.663326392314464,1.9156475337069687,2.3477849066478402
177.59577819981902,310.94057769613966,181.14743590831284,0.9094427772258792,20.70463877743714,0.4448756928762257,11,D06_px-1055_py-0118,0.5880528628123007,0.4448756928762257,1.7841455142178775,1.4928514949055565,1.8702389518840739,2.5543192361234968
-98.10851467781468,315.83959142673723,171.928398942783,0.8961952668707664,40.37603093980738,1.264994997751537,14,D06_px-1055_py-0118,0.5794869182751166,1.264994997751537,2.824123705008413,2.535045812081906,2.3056200354980962,2.066067721219075
-171.61551513686118,329.1366443607145,181.83874530013503,0.9249568464994588,13.520456343436194,1.4444462344951012,14,D06_px-1055_py-0118,0.5980843821982983,1.4444462344951012,2.0503204153517656,1.867915454212398,2.0353292510562984,2.418013315253498
11.091606873792704,327.7294717011882,183.2611444982536,0.8606453984425448,34.546191440643724,0.9299859193268146,13,D06_px-1055_py-0118,0.5565000933474563,0.9299859193268146,2.1515688960743056,1.8329258897269523,1.7809607322550096,1.4085567476695064
-118.85348630409382,331.2600486618841,180.16301045327657,0.9036822261990844,24.4578758542101,1.308302641694759,14,D06_px-1055_py-0118,0.5843280451464592,1.308302641694759,2.2936722610967073,2.199987796382401,2.2773033208955575,2.2032753030801624
40.91284620767667,368.9850249629554,179.7011665186224,0.930702407299822,14.773371243506745,0.8533884434698701,13,D06_px-1055_py-0118,0.6017995070656614,0.8533884434698701,1.9517664562648798,2.9130673650745695,3.3314000062974016,1.3131373280803453
-33.68366315455135,-376.80819573849897,180.84548977686785,0.9366806580355465,10.401574362616202,-2.2669309509954645,3,D06_px-1055_py-0118,0.6056650910779685,2.2669309509954645,1.9271714115834304,2.019864087735174,1.690861342739097,2.7578723646630947
120.57279633637668,-364.70607059689024,183.1161922586481,0.9379982587335408,6.013942953606716,-1.8584849219808837,4,D06_px-1055_py-0118,0.6065170620671302,1.8584849219808837,1.2397936845631565,1.6741675981884372,1.0573116136619594,1.4956316591513192
71.49978046520626,-359.14684260168923,180.2207163826148,0.9227380168105506,17.087034007978275,-1.981262855466213,4,D06_px-1055_py-0118,0.596649669445248,1.981262855466213,1.1718422308251784,1.9174218937309528,1.3126094324534177,2.0555768403561614
-163.74437970594462,-343.7994434755829,180.62101701696128,0.9404020405794582,9.227841134909909,-2.6222670480218504,2,D06_px-1055_py-0118,0.608071366341644,2.6222670480218504,2.2983173715018665,2.1359243015870164,2.1883702038884913,2.586227521412277
180.05344046190717,-326.7727377288983,181.03338808493487,0.9295429375834516,13.013842433801472,-1.674161316082853,5,D06_px-1055_py-0118,0.6010497848147074,1.674161316082853,2.237722961749678,2.443594617410698,1.1359684263299896,2.2916587130271853
-156.80113668645188,-322.82517614661475,183.31072500221,0.904774065731748,18.95894092386402,-2.62993056516479,2,D06_px-1055_py-0118,0.5850340371879518,2.62993056516479,2.6096675909082068,2.334163624947881,1.90411674682293,1.7619670255286914
140.80208308702447,-322.5147612596124,176.44932424550555,0.9137451083757444,26.75431621716507,-1.7661415501741855,5,D06_px-1055_py-0118,0.5908347840203202,1.7661415501741855,2.2407956825690363,2.8736241990119322,1.32506142750157,1.6900999241275456
158.62633482051302,-324.21668311157885,177.43096983125182,0.9232918555590052,21.49336673828725,-1.7227569057589291,5,D06_px-1055_py-0118,0.5970077859422074,1.7227569057589291,2.6808384568764314,2.0823506765382813,1.8941210836186164,1.3886552815762983
97.30673591851016,-293.8284961056992,180.2233962489929,0.8403117614036215,45.53729558518887,-1.857974937550663,4,D06_px-1055_py-0118,0.5433522034839523,1.857974937550663,2.0132892000943405,2.1509962950043144,1.8477863161756438,2.024312813607543
-277.5749033008042,-262.3786084470217,175.02103139249357,0.9567502227047056,11.882405868952503,-2.9913103046146583,1,D06_px-1055_py-0118,0.6186422296672658,2.9913103046146583,2.2891494346377868,2.3615736628432793,2.475225847415168,1.2771746759838556
-296.31297605011105,-241.75335267256068,182.1493149889214,0.9384090754384676,7.476184128731859,-3.0642280639225854,1,D06_px-1055_py-0118,0.6067826993842578,3.0642280639225854,2.126052319009012,2.497450157415537,2.5845529235041376,1.4855299638731052
-317.115914920363,-217.42240020284493,180.8907898083398,0.944279650309624,7.128465578084274,3.1356257167829256,19,D06_px-1055_py-0118,0.6105786593344461,3.1356257167829256,1.3153594129705022,2.1747564240431503,2.804796054549236,1.75642496558332
-301.9573683526121,-214.76062695514315,184.2798889631192,0.9176893685290022,12.38082280209744,-3.1303501299244854,1,D06_px-1055_py-0118,0.5933851737016532,3.1303501299244854,1.9582491633436314,2.706517092840639,1.499868986559008,1.3754935128754036
318.7413666058536,-199.28017720129267,180.3517628052874,0.9349466141699764,11.950521141422657,-1.1657295901434708,6,D06_px-1055_py-0118,0.6045438446566147,1.1657295901434708,1.8918806752338966,1.4954240157955183,1.7488216733054012,1.6869828778428195
330.96744899847914,-195.59498290087544,176.35886731578458,0.9562212088947571,9.789971774538913,-1.1407399207313285,7,D06_px-1055_py-0118,0.6183001651710736,1.1407399207313285,1.9591146540899693,1.7690992511684895,1.921594158533909,1.4437812664541374
-289.69222334823564,-169.29120564164603,175.75243725163472,0.892497292964652,35.54670556931978,3.0634703707308857,19,D06_px-1055_py-0118,0.5770957792210145,3.0634703707308857,1.329867302128366,2.3824553721196917,2.0716979896917835,1.9503257441853687
261.9891763886959,-166.74430946891172,181.43705155468297,0.8386257492721213,44.22880925534196,-1.1737737440511866,6,D06_px-1055_py-0118,0.5422620147601612,1.1737737440511866,1.8032167643475008,1.8464826075479728,1.7884135130262946,1.494146686756958
252.9389135311577,-161.99223283671623,185.5159448437456,0.810925622854127,46.32263668015452,-1.1766049041475104,6,D06_px-1055_py-0118,0.524350894843357,1.1766049041475104,2.3819447076553066,1.9516675901908567,2.36830381664324,1.7573834414764078
-349.0741845988102,-148.75395407592998,180.89543546004643,0.937980565146035,9.77638483924676,2.9374477048962824,19,D06_px-1055_py-0118,0.6065056212540887,2.9374477048962824,1.8080116176691234,1.8817640108610665,1.3187547600326066,1.5606715653716638
291.44266786530073,-143.73945518714388,170.0999389956574,0.8928304116498749,44.44298632225127,-1.0651721684412865,7,D06_px-1055_py-0118,0.5773111763866274,1.0651721684412865,1.68930116313457,1.1374951554307204,1.857516872234368,2.931509037461783
-326.2196792126395,-118.19137441286269,180.5677752974405,0.8956684740397749,26.73412113758991,2.882208704945721,19,D06_px-1055_py-0118,0.579146289881411,2.882208704945721,2.715561419135459,1.6396008908722426,1.9897402751796405,1.4542948122795556
315.643576635441,-119.60135518232312,185.149976042432,0.8698655758699306,28.55818864656277,-0.9691760810976164,7,D06_px-1055_py-0118,0.5624619326930285,0.9691760810976164,2.8799050464523708,2.4422549877185817,1.5011661162655177,2.2378480930776607
-373.0000876099181,-79.19080904296344,179.48156065367755,0.944050573208114,9.628798360011103,2.7438145629445945,18,D06_px-1055_py-0118,0.6104305362763263,2.7438145629445945,1.7460085116967783,2.1878597030197335,1.6183237858259494,2.167542319159481
363.406368843709,9.382346005509834,158.1783868879634,0.9808922528132196,31.294256401385667,-0.5811674849967499,8,D06_px-1055_py-0118,0.6342526564856718,0.5811674849967499,2.7677258253054253,2.6841232395851495,2.1539231878186738,2.0898341569039847
357.56872063415443,17.838476118908794,177.89437000207377,0.91811065764562,22.727940244837896,-0.5571326125410523,8,D06_px-1055_py-0118,0.5936575825626642,0.5571326125410523,2.363523812499838,3.411735542541563,2.3115411268674433,2.714199468885913
-370.05314385741417,23.989572753294464,180.3729633668581,0.9283757423422524,14.588377918289098,2.469876335867254,17,D06_px-1055_py-0118,0.6002950671785502,2.469876335867254,1.689738028700683,1.2247088024669517,2.5859150840187466,1.1779747644466845
329.08393339255065,65.6853575960086,182.6319438295468,0.8737303912516661,31.157527000001323,-0.4099680193514636,9,D06_px-1055_py-0118,0.564960952759363,0.4099680193514636,1.9711746139399005,1.0555323147017708,2.2234254067854606,2.0118037768751433
344.8609595574289,64.20679269313102,166.74687456613478,0.9393653773515288,33.16589311997831,-0.4229054325466205,9,D06_px-1055_py-0118,0.6074010517333785,0.4229054325466205,2.2679541030329204,1.0765971479613048,2.3684647534584604,2.1081639839201527
299.2273013062226,79.97050551434496,181.0460639839744,0.8383809216282162,44.887436374126935,-0.3458263462755349,9,D06_px-1055_py-0118,0.5421037072772724,0.3458263462755349,2.021714604839267,2.250957365015555,1.5370792561400766,1.3053563390324836
296.08273798256835,111.1001548330852,183.6950409774969,0.8415020507104141,39.96772785308599,-0.2480041863554555,9,D06_px-1055_py-0118,0.5441218539248183,0.2480041863554555,1.2228090931169087,1.9294740019795258,1.7758518656479803,1.9187596258243471
279.3328898321904,135.52539866210387,179.14175045639178,0.8448273843068723,45.79535708937317,-0.1552619211489689,10,D06_px-1055_py-0118,0.546272040819664,0.1552619211489689,2.102579649479412,1.11435947997333,3.081036199215719,2.111152758622743
288.00360494982124,152.25902591909542,175.56103049338685,0.8785717510573106,40.57820586410622,-0.1206594216636111,10,D06_px-1055_py-0118,0.568091414141769,0.1206594216636111,1.3591958770337973,1.8977654458199469,0.9916796737776259,1.3368025999977844
236.3579978437501,164.82411115609185,185.8786671836929,0.7892052135609784,51.765248440617086,0.0019652993342904,10,D06_px-1055_py-0118,0.5103063071176154,0.0019652993342904,1.3056516377371699,2.443096189501712,1.8751461867068917,2.31072918848903
-309.6425483270473,212.28038635029475,179.45671870554133,0.9367012126516622,12.737162980773064,1.9336402720748775,16,D06_px-1055_py-0118,0.6056783818546436,1.9336402720748775,1.4780597437403835,2.198115741791542,2.3586995880531547,1.823551944558842
220.806301398249,252.0271235083748,180.6475677965982,0.8783647513524337,32.67935852478479,0.2443521422011505,11,D06_px-1055_py-0118,0.5679575665022008,0.2443521422011505,3.0171477187313798,2.1683842641314115,2.089198792337494,1.2670167285100684
202.26155221181747,271.0811429753777,180.78662200516484,0.8825827608135196,31.01154329655958,0.3227976142359193,11,D06_px-1055_py-0118,0.5706849646421112,0.3227976142359193,2.486669217538898,2.5380011518757417,2.5818922538488356,1.8428381791300872
85.66004954950611,285.035210058234,175.3106144694255,0.834570586387653,54.56917106528107,0.6718789237636277,12,D06_px-1055_py-0118,0.5396399144993226,0.6718789237636277,2.030065439366699,1.9438889662044532,2.0432372436961677,2.790873878213022
-257.6532594725425,282.06437236287945,173.65750378136576,0.9605172857601026,12.62754094274186,1.7040163472417702,15,D06_px-1055_py-0118,0.6210780423094618,1.7040163472417702,2.361805261501379,1.6900045719115109,2.7448815986748603,0.6036131201843917
157.5113462920287,312.8413959972912,175.38008445723176,0.91440602412613,28.2586264073679,0.4973840643153121,12,D06_px-1055_py-0118,0.5912621373501004,0.4973840643153121,1.5949422895201604,1.4897652444288902,1.4980120729990483,1.3804488079680008
-101.22101539276908,339.04127094469635,180.25695816921603,0.9060335984205642,23.432797832415304,1.2539434445438062,14,D06_px-1055_py-0118,0.585848460945017,1.2539434445438062,2.2263377259465233,1.460530623441245,2.719376789780479,1.9275108626414905
154.1883243905817,344.3387258993968,179.94316193603623,0.937770531790014,11.473637136833077,0.542809757987916,12,D06_px-1055_py-0118,0.6063698120317966,0.542809757987916,2.3395148527730827,1.7089057648414272,1.2778180966481614,2.350890528706729
-30.901397186744536,348.40481409963,171.52917122900732,0.9244438943549128,30.843522396411856,1.0522792571763944,13,D06_px-1055_py-0118,0.597752703301462,1.0522792571763944,1.1500562769651306,2.040446674335631,1.4230297387716764,2.4392385423887397
-142.52160761957603,354.58271321526473,179.65734750832723,0.9446303364669836,9.083592712194276,1.3459960004279243,14,D06_px-1055_py-0118,0.6108054157659095,1.3459960004279243,2.019078180531877,1.7161397472471056,2.5359467071842436,2.337492842817337
4.836973842638966,369.49335866468607,174.8430973262232,0.9415684526979567,18.554760447153228,0.950726715115416,13,D06_px-1055_py-0118,0.6088255776044948,0.950726715115416,2.3523084023839496,2.491605806533313,2.3852098602994474,1.5440375855218433
91.88883081870216,372.2896429834621,186.3733198239757,0.9287460660827892,4.419309770105485,0.7218325427230184,12,D06_px-1055_py-0118,0.6005345214259679,0.7218325427230184,2.728256488595128,2.571540973222655,2.2426469490329204,0.9090104290834253
62.24306920993364,-367.9368242041614,175.8448416595133,0.9435121994795368,16.052076901560497,-2.010194621320981,4,D06_px-1055_py-0118,0.610082419583027,2.010194621320981,1.4131955173293687,2.066231531948002,1.8078381378803474,1.8137921956063034
25.659933340401984,-363.4899750370447,179.21304595124653,0.923064589950609,18.62823368564688,-2.107299538826448,4,D06_px-1055_py-0118,0.5968608342098028,2.107299538826448,2.719200851252078,2.6376886988414077,2.317890507331938,2.5102298449966343
-17.502052826952806,-354.0276303967707,176.8207019893513,0.9162177215061472,25.214454045160835,-2.227172611248584,3,D06_px-1055_py-0118,0.5924335951455193,2.227172611248584,1.6116380486574642,1.8069517394775034,1.5021143502079273,2.388001803921425
-39.09445106269599,-338.79202723867843,177.0498564967057,0.8968564619707927,31.94165745344526,-2.2926613870817096,3,D06_px-1055_py-0118,0.5799144522345746,2.2926613870817096,1.752102945880709,1.9647665931472724,2.404405051647564,2.3496446883156725
-104.0843699791783,-339.2072784349565,181.6975347363785,0.9035217586738448,22.03754061273446,-2.4755014212879405,3,D06_px-1055_py-0118,0.5842242855807463,2.4755014212879405,1.7927135100341256,1.6366440875869166,2.0508790907331433,1.5923326923990004
-52.96370539124058,-316.7461062370212,163.28431222953347,0.9069880943557188,50.62395694607636,-2.343454946924389,3,D06_px-1055_py-0118,0.5864656455345988,2.343454946924389,1.9776644401633914,1.9323857874692254,2.5077521852250872,2.0398564064029308
26.78461635886108,-317.9427036327275,181.0088409466279,0.8532283224275745,40.36802087604735,-2.093730773538845,4,D06_px-1055_py-0118,0.5517041535769474,2.093730773538845,2.3537305636375274,1.483436189659777,1.7213513341192992,2.3101292713997665
228.25701511379413,-306.86451426508813,175.64890586240386,0.9556706776670492,11.258630768944954,-1.5382310973553066,5,D06_px-1055_py-0118,0.6179441873430801,1.5382310973553066,2.5422597358802843,1.130578262192568,1.503663088999902,1.9180401341845918
-198.226256356426,-299.72367467074434,179.45583684829273,0.9156820462094024,21.09177579601084,-2.7620979495852502,2,D06_px-1055_py-0118,0.5920872232794965,2.7620979495852502,1.549531342359497,2.3213248642032114,1.4598367151423677,1.7809769617591007
208.06513428602847,-284.89699969087786,168.03369775806854,0.9384084480011506,31.357809553297106,-1.5469913072154489,5,D06_px-1055_py-0118,0.6067822936783467,1.5469913072154489,2.3994670773344264,3.227924948548095,2.2020734430016238,1.748145216049302
-247.04594322147648,-281.88441199006024,171.63136204491732,0.9570796075313822,17.626156830305376,-2.8974031335342425,1,D06_px-1055_py-0118,0.6188552124905337,2.8974031335342425,1.349159927066924,2.217531737625678,2.6620240451422204,1.90050984830308
187.5104145453566,-280.93940998343703,178.82282449215666,0.8872759966438432,32.48420755130354,-1.589237532727765,5,D06_px-1055_py-0118,0.5737196478954035,1.589237532727765,1.9812987350375004,1.6107428249325217,2.230698643146647,1.9585544198220672
226.90537798833816,-277.2939643836758,178.56095241235317,0.9166899601107842,22.175465624898493,-1.4919847894148448,5,D06_px-1055_py-0118,0.5927389483467776,1.4919847894148448,1.5394499734385267,1.7810804202495247,2.4316442079189575,2.1867221115298294
279.4220125463884,-247.80304075920128,180.1304955229514,0.9324246295456076,13.35501064439154,-1.3324770033527429,6,D06_px-1055_py-0118,0.6029131095345518,1.3324770033527429,1.5898509299239467,1.9961489893101252,2.1719159956369096,1.9147633855759105
229.009265819736,-244.135264648656,173.44699257246822,0.8977813258155768,37.3925080304669,-1.4243358982232546,6,D06_px-1055_py-0118,0.5805124764811312,1.4243358982232546,1.664823371989108,1.6430049997899787,1.7732437668978562,2.1152578754033886
-310.4387060154225,-235.49651936748404,184.0135316856837,0.9424828088170438,2.5792106737121685,-3.099594426553,1,D06_px-1055_py-0118,0.6094168074728536,3.099594426553,1.9727598757218021,1.9008250682205787,2.7020285586695705,1.729540946965256
-289.78574686591645,-227.2985067830764,182.40132885628475,0.9196980289918916,14.681583559531362,-3.0834362380578444,1,D06_px-1055_py-0118,0.5946839893778005,3.0834362380578444,1.8215833350355985,1.4730660548537489,2.8222919236836366,1.886000184864236
278.0177775082601,-226.422710779563,179.79996192611344,0.9136927930559912,21.288486852001995,-1.290450377210374,6,D06_px-1055_py-0118,0.5908009565225157,1.290450377210374,1.0031926500646666,2.0921412731819844,2.079889394625036,1.3774941950809982
-305.9305028085766,-225.018441912817,182.2673127974932,0.9347817681286044,8.793462881810228,-3.1144019371943403,1,D06_px-1055_py-0118,0.6044372539078842,3.1144019371943403,1.0990758565348018,2.3672602967468928,1.7828958277677285,1.7946624888142777
-275.82834426851383,-224.37616551323515,183.54997604243192,0.8996098407548666,20.50739067854738,-3.065675809410048,1,D06_px-1055_py-0118,0.5816948086428362,3.065675809410048,1.5297452692408013,1.8754929790688255,1.5638070417311223,1.6670635894268058
303.32261111048985,-216.8413466454992,180.75288415216065,0.9299848917238804,13.303728525069005,-1.227626955407346,6,D06_px-1055_py-0118,0.6013355558428788,1.227626955407346,2.7846400717172832,2.1518447899476603,1.9412884039787794,2.196351671525542
-262.39392963254994,-208.3304251451004,181.47544738903,0.8760711301799743,32.16572941619404,-3.077524707390363,1,D06_px-1055_py-0118,0.566474492986805,3.077524707390363,1.865010460222369,2.05355660070033,2.0897147311155555,1.6121556002747375
-335.28180472962134,-176.72268350504723,180.9125810844488,0.937378593114372,9.998199183904603,3.0196947853213736,19,D06_px-1055_py-0118,0.6061163813970939,3.0196947853213736,1.5448392809919724,1.417703932380084,1.9763252441300851,2.102167012718562
-276.488217677455,-175.40028613890715,179.15269861725938,0.8711031753326886,37.44911114001314,3.0999335481425745,19,D06_px-1055_py-0118,0.5632621742533712,3.0999335481425745,2.1568770726367816,1.4101109507350489,2.727257154685004,1.6306076333606028
300.24998138432795,-154.68905337805847,183.4525874095594,0.8747108825939525,29.54403705562584,-1.082713758455143,7,D06_px-1055_py-0118,0.5655949461839443,1.082713758455143,2.242655886800374,1.694220325526865,1.407455347558432,1.9674866096433692
360.8715058644328,-135.25029048302005,180.7594756798504,0.945723142705698,6.736036214450394,-0.9655642788617796,7,D06_px-1055_py-0118,0.6115120328871487,0.9655642788617796,2.143496820781148,2.9649603931182043,2.209195000191874,1.7487000982969199
351.717767660794,-130.18274217826544,180.707086171707,0.932893749001374,12.195515414123577,-0.961477405115259,7,D06_px-1055_py-0118,0.6032164458695831,0.961477405115259,2.3468709832903247,1.7792461871041556,3.247869399706697,2.073287364601997
-342.5005347447043,-109.8391178941876,183.6354046138605,0.9049842183837888,18.353939959859304,2.8449487879812287,19,D06_px-1055_py-0118,0.58516992354799,2.8449487879812287,2.270131700363017,2.1104776904672944,2.46901803289214,2.792825965698883
-318.03413432320804,-96.31932548112113,175.43900208488262,0.8886382002868376,37.37672850783565,2.8286902813845374,19,D06_px-1055_py-0118,0.5746004595001091,2.8286902813845374,1.6579424263545024,2.32931990149883,2.053897859396314,1.784696822687144
-348.34293546169295,-73.52775920070022,175.23454940573464,0.9226773257580444,25.37047435323984,2.742638189502264,18,D06_px-1055_py-0118,0.5966104261326757,2.742638189502264,1.962027300578551,2.2497586719596616,2.1008960417674585,3.0123662649078176
-311.65623216167853,-70.92483929640156,179.14229944780885,0.8592205219340526,41.31828370971442,2.7583761306206176,18,D06_px-1055_py-0118,0.5555787569742887,2.7583761306206176,2.377995498930919,0.8105613079812499,1.8396663284092516,2.7538759469934235
323.93823614032465,-67.04107984621399,180.2875750026116,0.8730390461767876,35.04098414516977,-0.8110548687744201,8,D06_px-1055_py-0118,0.5645139235886948,0.8110548687744201,2.4698945200058353,1.847944645522033,2.081719910848305,1.9719532201071328
-314.04844547088686,-46.00467951977048,183.2020841608292,0.8446542360123834,39.73292466727554,2.6800676872425413,18,D06_px-1055_py-0118,0.5461600817686769,2.6800676872425413,1.611605334198217,1.0345860686713164,2.1299743858166447,1.6252693591256
342.10745783611173,-32.43614810086482,174.8761475921329,0.9065638644604118,31.963559071392865,-0.701509697132058,8,D06_px-1055_py-0118,0.5861913351429249,0.701509697132058,1.1632998596349973,2.0442996394061064,1.9392624579719282,2.278889971379006
-332.5364471556757,-5.475622213023756,175.278837558246,0.8894998182086772,37.33543671908871,2.5510778655741744,18,D06_px-1055_py-0118,0.575157588434745,2.5510778655741744,2.172903774104852,1.9467918978154635,2.421888617305912,1.5008180456061146
376.283207730212,2.2431831091570915,172.71387953024845,0.9559608739297378,16.22180492094293,-0.6010181801432029,8,D06_px-1055_py-0118,0.6181318305322119,0.6010181801432029,2.0389149390341177,2.65480710388942,1.9965561690132685,1.8752671516283648
362.57851695068194,33.97889655828609,176.4573690385409,0.9302057472892836,20.40127593118837,-0.5135378536500774,8,D06_px-1055_py-0118,0.6014783627909965,0.5135378536500774,1.5299444639725226,2.219574055709734,1.8627367905269674,1.3963185100650308
-362.5788434263764,38.740341912886414,176.46770686466436,0.9308027164948016,20.14729148635132,2.428170284236441,17,D06_px-1055_py-0118,0.6018643677812021,2.428170284236441,2.7864953656006604,1.862095070579338,1.9409214384850164,1.4688245662237502
-332.8692034777535,36.98027458934602,178.32369054954435,0.8844928279176325,34.235058701107164,2.423971309486623,17,D06_px-1055_py-0118,0.5719200290759213,2.423971309486623,1.9915828243963887,1.4993151757783247,2.080403198501375,1.8462780703377266
-377.3359966420605,44.45101585386842,174.01984940390716,0.9569661002644796,13.527505295216656,2.4173513428565205,17,D06_px-1055_py-0118,0.6187818177977354,2.4173513428565205,2.3588873905806147,1.6893734068370874,1.692064929648612,1.8738845607355914
-338.3972809704412,51.14197867902117,167.80180240921158,0.924539614344957,36.99694707164901,2.3846182302064456,17,D06_px-1055_py-0118,0.5978145966009454,2.3846182302064456,2.2124719359893974,1.520861187697729,2.4485381884537096,2.4961085634005533
315.8472402650271,80.83116159199388,182.11202353172737,0.8608962073761292,36.22726971595603,-0.3564382909311058,9,D06_px-1055_py-0118,0.5566622683793622,0.3564382909311058,2.135175288888673,2.6980627758697593,1.2475498238527924,2.2090872173904925
353.9675075088168,101.43237154243224,179.9718447547056,0.926046179166666,16.189288527061592,-0.3278996160747371,9,D06_px-1055_py-0118,0.598788753280842,0.3278996160747371,2.426171762850437,1.5886847408548828,1.8560156383781534,3.0432489183533153
331.1276949850253,105.55203751121796,176.2303573165632,0.9082996213134163,29.131141786249657,-0.2983969486033594,9,D06_px-1055_py-0118,0.5873136891954459,0.2983969486033594,1.9677526437170951,2.2171224832292613,1.1974079210762154,2.1159040163176837
-291.8120015722073,120.01536702740457,177.9717061820149,0.8560815486769904,44.09802843306346,2.1444237316216106,16,D06_px-1055_py-0118,0.5535490721427292,2.1444237316216106,1.9447469772236352,2.778537795618675,2.332574727186513,2.5545395286160053
292.8419664373288,130.88928872519782,183.67057719069263,0.8486157942720147,37.785580869830085,-0.1866547148340003,9,D06_px-1055_py-0118,0.5487216565418364,0.1866547148340003,2.0447355884855423,3.3689958023395814,1.2368511165764629,1.2213587801691999
-341.05739188756144,162.49355296535117,180.81050314635525,0.9361138413343226,10.695607906586758,2.089990126184287,16,D06_px-1055_py-0118,0.6052985829345302,2.089990126184287,2.2979497453293742,1.7754480454937471,2.704383793283241,1.8103420690731922
-282.8872665245754,169.64098324611987,181.9839232058288,0.8670069206270931,34.418838520842314,1.994431165941424,16,D06_px-1055_py-0118,0.5606135036973396,1.994431165941424,2.5239223577062253,1.5248505350614092,2.1536082082517156,2.42755094390455
332.6634126683575,187.62116030767848,174.8678846817146,0.9571241425278332,11.987117908325615,-0.0934536267285527,10,D06_px-1055_py-0118,0.6188840091700105,0.0934536267285527,1.500839435657199,1.713281168602614,1.8771996376771982,1.3448164974183865
307.11069778131105,193.37486387208924,167.19212014936102,0.95422345167094,26.505469589082225,-0.0450372894848182,10,D06_px-1055_py-0118,0.6170083996151877,0.0450372894848182,3.077669338794003,2.4153515226126885,2.715132937527665,3.095028283394627
-287.792875390895,200.6931693016641,180.5744161814712,0.9010822009938404,24.752293511621872,1.9256660077894925,16,D06_px-1055_py-0118,0.5826468483701301,1.9256660077894925,2.0924396750762346,1.8682972241466804,2.0597569503522712,1.2601023698837537
282.18782032775937,212.2783350043632,178.3500278022663,0.9102163017518142,24.97031548327169,0.0379657868975947,10,D06_px-1055_py-0118,0.5885530298632934,0.0379657868975947,1.532694704474742,1.2552123093926968,1.803826382560953,1.7778327992340586
245.06279083669105,223.0825332686032,181.9353581022326,0.8694355994437177,33.68627665151479,0.1315013044825925,10,D06_px-1055_py-0118,0.5621839065492092,0.1315013044825925,2.35473164860325,1.0674323488409547,2.257995168514534,1.5819582034327002
-278.6900735076486,261.92259010096114,175.1386543573067,0.9570483173134408,11.549661825765952,1.780220724609321,15,D06_px-1055_py-0118,0.6188349799891611,1.780220724609321,3.0871273320247887,1.732894535357897,1.7418130367062439,2.1046290390764133
59.89312075768802,297.47393473739135,180.53272837781583,0.8295906484274902,48.25841786715927,0.765134014893523,12,D06_px-1055_py-0118,0.5364198473907198,0.765134014893523,1.9969108193531206,1.6518612629256366,2.042620593969313,2.52150369856113
35.39301001232904,300.99687187563336,182.2469800614308,0.824268964600613,47.27597115463152,0.8467683028302376,13,D06_px-1055_py-0118,0.5329788047130014,0.8467683028302376,1.9076945483755963,1.6826977718058327,2.0892448123698264,2.38814132228965
-178.57126387587977,317.7426038548186,178.38949092845448,0.925396428952229,19.07835683338056,1.475826162041963,14,D06_px-1055_py-0118,0.5983686196745495,1.475826162041963,2.4180146348184004,1.2318740364877248,2.459180225330564,2.100987788289861
35.13305764051412,325.3090971114114,178.31490965305423,0.8730654407072976,38.102539845876265,0.8562347716361424,13,D06_px-1055_py-0118,0.5645309905000142,0.8562347716361424,1.2527703445020135,1.9462199520612842,1.1001825541988643,2.462665673877872
28.33934295185477,347.7819603728832,171.72327660530283,0.9227462602894028,31.16094707658374,0.8825104856843647,13,D06_px-1055_py-0118,0.5966549997436021,0.8825104856843647,2.458985874112109,2.335984679935253,1.637451807082233,1.4629421495718526
-47.42654065530648,354.26333648335213,174.2500340929887,0.9272789072826474,25.233481812197223,1.096899209326252,13,D06_px-1055_py-0118,0.5995858449899909,1.096899209326252,1.963578884349887,2.4667220480009533,1.672195803789159,1.5756121634366909
-70.62600792868264,360.59449785598224,181.2845410700723,0.9215463770243812,15.7963877906339,1.1572283535795993,13,D06_px-1055_py-0118,0.5958791457737803,1.1572283535795993,1.398885007875929,1.9404209712007998,2.761483476546963,1.7515542992963873
-35.55282045899004,364.11592972486005,175.26673794719383,0.935646882366452,20.232830129025047,1.0611497439096982,13,D06_px-1055_py-0118,0.604996643587989,1.0611497439096982,1.5431834929914265,1.0793328091475807,1.9239950189875905,1.9960970969763046
42.73766014193344,385.1804267271343,181.9303288782117,0.9453115986799504,4.912305106472843,0.853313871212866,13,D06_px-1055_py-0118,0.6112459252786498,0.853313871212866,1.268903138228046,2.563549398035398,1.5109320954021885,1.8595429937951031
-48.95829114183838,-357.3271588358457,178.02130225971516,0.9213247142337028,21.279794594916723,-2.31394054586932,3,D06_px-1055_py-0118,0.5957358168674416,2.31394054586932,1.9408443309034822,2.287148678112372,2.2088051959312454,1.743082150113454
72.53752004981624,-341.64919630703594,174.6304740517443,0.91510596031847,29.22665811249459,-1.9685667205402693,4,D06_px-1055_py-0118,0.5917147216049855,1.9685667205402693,1.9786202976058616,2.0604003764462884,1.6235356964382084,2.2555404563962673
36.53841310110054,-334.5852131322828,177.27979463653622,0.8897850033799658,34.05925580889152,-2.06900179199193,4,D06_px-1055_py-0118,0.5753419914127086,2.06900179199193,1.4309570742379905,1.8631993689217334,3.1978057920222844,1.6910569984561388
-13.04319422082148,-326.5767018695342,177.43198499393242,0.8749610848273482,38.85046183206276,-2.217693787728956,3,D06_px-1055_py-0118,0.5657567289187297,2.217693787728956,1.1184228461489283,1.4222961192888928,1.9270012123907294,1.926012070794059
-226.2784907886604,-315.139645366715,178.7814046138605,0.9540850053559482,6.523593222374529,-2.8004977081629256,2,D06_px-1055_py-0118,0.6169188791374671,2.8004977081629256,1.1934539974425427,1.872172882603104,2.1405524746104065,2.374301640002401
184.33187563046937,-313.30265286408104,178.28022814327227,0.9244007309820156,19.65126359995901,-1.645965961091952,5,D06_px-1055_py-0118,0.5977247935245783,1.645965961091952,2.8330125273522473,1.9807720830591578,1.9848045792731264,2.3160770998031053
78.83799561966812,-310.4058223476288,175.8798054235771,0.8692784247125869,43.12168924370343,-1.9290514310070068,4,D06_px-1055_py-0118,0.5620822761301023,1.9290514310070068,1.4120981166035302,2.5817812545529764,3.0736694926186656,2.0676542893602745
219.7187857631833,-257.42099246132875,178.8285612125523,0.8882341582627453,32.14148714320453,-1.471230966178178,6,D06_px-1055_py-0118,0.5743392027449686,1.471230966178178,1.3905004504976337,1.8436211228691577,2.423986735342371,2.389460485040255
-245.58097948505056,-229.3238156305391,180.5323233888272,0.880044618996934,32.28558476382881,-2.997393128885117,1,D06_px-1055_py-0118,0.5690437821523018,2.997393128885117,2.050772360016536,2.140804470918975,2.2784889574194214,0.952605824791265
-298.1184347023135,-207.36534595692603,175.81657205769264,0.9306033303739591,21.316436990205773,-3.140818544989562,1,D06_px-1055_py-0118,0.6017354431450375,3.140818544989562,1.494136987598804,1.7902965465426603,2.127914813009837,2.164321022043718
290.25923574709884,-209.2094129761548,179.07222428599164,0.9146321598105231,22.12235712007424,-1.2315078428402082,6,D06_px-1055_py-0118,0.5914083584647449,1.2315078428402082,2.1504268794006958,2.1968704249475888,1.9771680535890135,2.6841478478141196
-295.863176720013,-182.11501912875545,182.9305404163296,0.8899507965409922,25.024357105180968,3.0863793279651777,19,D06_px-1055_py-0118,0.5754491945764674,3.0863793279651777,1.940866953729446,2.4918664958154215,2.3201976526194104,1.4869973452175058
286.5560090619423,-163.65678556790365,181.63605718183635,0.868165089351932,34.57269629784906,-1.125890151722905,7,D06_px-1055_py-0118,0.5613623847169226,1.125890151722905,2.3788236752560934,1.3719176512483773,1.7464831156406646,2.2182256185833653
-281.4859633161329,-142.5275690220071,182.82688891284323,0.8427108635468905,40.89874633710053,3.003319762407709,19,D06_px-1055_py-0118,0.5449034818258749,3.003319762407709,1.7749592144851367,1.543434980252572,1.784779641695931,2.6645487858457213
-304.41161615791475,-141.98383064380357,174.48653518221687,0.8965559583822355,36.15423245706779,2.9710381518767504,19,D06_px-1055_py-0118,0.5797201442473525,2.9710381518767504,1.6890726940219558,2.4842640700407683,2.303458608738647,2.378363254497021
305.38090181557,-114.88075018118305,179.5788300952638,0.868188249261329,37.748534576923134,-0.9667916721065226,7,D06_px-1055_py-0118,0.5613773600967534,0.9667916721065226,1.3749228437606402,1.567930852196497,1.8353665519112061,1.9894260964380832
-363.6243032370815,-112.1348084644868,178.28464572057985,0.9462397746700368,10.74704856312752,2.833741016545836,19,D06_px-1055_py-0118,0.6118460911844465,2.833741016545836,2.358593039014891,1.6879864599904146,1.4070979395715133,1.2951859198752602
307.2641052860294,-104.1350548899616,177.12958747978445,0.8721632656058556,40.24368638237138,-0.9337411781439242,7,D06_px-1055_py-0118,0.5639476369736063,0.9337411781439242,2.15049331558056,1.8274531751026881,1.7049486329426977,2.1759897416150586
-364.734496841988,-67.96430045893797,179.65223215650104,0.9305313108762844,14.924388683416282,2.7188393699779585,18,D06_px-1055_py-0118,0.6016888747705926,2.7188393699779585,2.1216793911667113,2.620678566132236,2.443052886765239,2.524919889758783
378.34682889165936,-51.35456303525337,177.03723533486362,0.9511729794883866,10.790220373210218,-0.7418891415001032,8,D06_px-1055_py-0118,0.615035940275468,0.7418891415001032,1.3001844651846008,2.272661547165659,2.184816662537512,2.078384264059599
-319.9148793346423,5.773143994165278,177.48536050634843,0.8643414753848566,42.22823311794639,2.516569205052672,18,D06_px-1055_py-0118,0.5588900058098225,2.516569205052672,1.7595131153435324,1.4047963075233318,2.1408177592702256,1.1860041874131237
339.08250060307216,15.24854915256268,174.7413590038263,0.9009378247825256,34.200219228400954,-0.5620397826103514,8,D06_px-1055_py-0118,0.5825534935747414,0.5620397826103514,1.9258689744502178,2.472979333589681,1.8043915917334803,2.61225346861287
319.664283307798,19.28426707930262,168.8891273605306,0.8891760781231655,47.58806012946809,-0.5467259305394916,8,D06_px-1055_py-0118,0.5749482555455742,0.5467259305394916,2.1850578293568876,1.9873869065901557,0.8562254493448231,2.4848375892094565
330.45485009077504,26.34100799994686,173.93671219612088,0.8916701254176554,38.72458134704743,-0.5274363496866719,8,D06_px-1055_py-0118,0.5765609261700941,0.5274363496866719,2.5791085334061403,2.2675765046201386,1.962242866914632,1.0927725514875937
-347.2439571273757,34.70522867620966,173.8425688737883,0.9168879465829968,29.85641675582019,2.434999120662441,17,D06_px-1055_py-0118,0.5928669679591142,2.434999120662441,2.2939241035094513,2.1104693302889084,2.43833806219956,1.6287483605403783
400.826133900972,38.14127570160788,177.62478190715947,0.9745102814611885,0.6545763384633574,-0.5121085304378137,8,D06_px-1055_py-0118,0.6301260235430299,0.5121085304378137,1.5144679201135038,2.330948845145587,1.943345131393449,1.712533652665921
304.33139167101393,53.21902766855732,170.1344070225886,0.8679241512259931,52.4457082498584,-0.4338581010883054,9,D06_px-1055_py-0118,0.5612065922269858,0.4338581010883054,1.50376527040895,1.891707774049227,2.349147572465353,2.243130176150302
321.63026163538615,52.22905103492263,181.9194438295468,0.8611417435881582,36.44296489267055,-0.4459962749220197,9,D06_px-1055_py-0118,0.5568210340279808,0.4459962749220197,2.0207190333646436,2.116500776212485,1.371715500615652,2.1621395022883623
-314.6830294079358,77.43315446503209,179.18975205589214,0.8659134274401347,39.092868072695126,2.293339381216611,17,D06_px-1055_py-0118,0.5599064423899552,2.293339381216611,1.8623444213134306,2.583033409372847,2.0541639471699615,1.9984977906533978
354.3720172490407,82.92692432629723,180.24955160369632,0.9196933286883594,18.23385204567859,-0.3771050875344078,9,D06_px-1055_py-0118,0.5946809501245156,0.3771050875344078,2.118631682584411,2.4383302678677348,2.1491232776727163,1.8451065297676061
290.39578448320947,103.14137505310276,179.8078931068078,0.8392810328689423,46.46960198192585,-0.2657017670818299,9,D06_px-1055_py-0118,0.5426857262950858,0.2657017670818299,2.515813150745709,1.6752259331232464,2.3418765609813486,1.8208971955402866
318.8982155890741,104.21529866121982,181.0575194336202,0.8778711337052806,32.20586153560032,-0.2911222648452652,9,D06_px-1055_py-0118,0.5676383894436633,0.2911222648452652,1.9896429509743607,3.1042338594576755,2.993764944685528,1.6889558779969214
-298.89482520113586,137.4734215248996,181.50667432340407,0.8670153749564921,35.1535512739714,2.103524633534879,16,D06_px-1055_py-0118,0.560618970333318,2.103524633534879,1.5396310346448372,1.2254516965066418,1.463424963172326,1.48594373549497
-338.31564194148336,136.4666717384244,178.58526973716195,0.9252895902504686,18.795000291879603,2.151204212058752,17,D06_px-1055_py-0118,0.5982995369284959,2.151204212058752,1.820597675827352,1.6661667939248628,2.790363689968941,1.9697934946204192
277.22770262746803,195.09291929205355,180.3400907000086,0.8849110682839517,30.90761362167092,0.0062441208625777,10,D06_px-1055_py-0118,0.5721904665909764,0.0062441208625777,2.876712706415921,1.2495844543054826,1.9929413365388298,1.8293311657227997
262.2154725386169,196.4941057037732,180.78294867795373,0.8669952971480238,36.27856507192996,0.0361126306828054,10,D06_px-1055_py-0118,0.5606059878642233,0.0361126306828054,1.7814563596042976,1.2207699196977986,1.8984781862183258,2.491061851053634
-274.0962826178676,203.22635465028264,179.76239455972285,0.8896850539333642,30.151198590180343,1.8966120021583155,16,D06_px-1055_py-0118,0.5752773633133026,1.8966120021583155,1.8823845790546838,2.77849674484073,2.261535016177182,1.9875263953556757
-214.8795646848241,242.6617443812616,175.32847048212398,0.8767307674780391,41.55073713853278,1.6885688259293756,15,D06_px-1055_py-0118,0.566901019659245,1.6885688259293756,1.6953645107479038,0.9272746323318135,1.4852347903660799,1.6003680273682228
-251.11621038803167,248.42966247684777,180.27765835413567,0.9051657257183044,23.72237957616045,1.7545928869069058,15,D06_px-1055_py-0118,0.5852872876200967,1.7545928869069058,2.14218388781455,1.484940146062935,3.703283359970904,2.015946608215385
288.61419432683306,263.5345411621291,171.37151876911167,0.977331838258548,9.205504056238624,0.1330279149426059,10,D06_px-1055_py-0118,0.6319504643916735,0.1330279149426059,1.5679962759888282,1.3639835063128238,2.6018398746781894,2.016146807861518
273.28873628333315,267.1513244734137,178.82109308738077,0.9468689678192724,9.5623948470556,0.1670627968713192,11,D06_px-1055_py-0118,0.6122529324304659,0.1670627968713192,3.23808814531928,1.2312748830601183,1.2661045237783517,1.8377793571259844
-156.73937086997742,270.34734678170463,179.6394672504228,0.8466756160766842,44.48057871274193,1.4892287152938422,15,D06_px-1055_py-0118,0.5474671220392805,1.4892287152938422,2.4445480542758844,2.208967552545024,2.496264347702051,1.9593403522447386
142.57410899312828,276.24210987998504,180.7788348539644,0.8409344194288877,44.51633040251147,0.4873564184996116,11,D06_px-1055_py-0118,0.5437548190673404,0.4873564184996116,2.2445786787166493,1.288895160101013,2.6539164617654394,2.8214089437051646
-202.212992894484,282.29715523356583,178.51545747729662,0.9016287892683535,27.87041982021077,1.5854070834910998,15,D06_px-1055_py-0118,0.5830002766535318,1.5854070834910998,1.340691805348551,2.5135223416947134,2.0753801299496466,1.3558352223486865
248.24285873900493,295.02832070230363,174.69408631812115,0.9620586379995624,10.145109452620488,0.2643247444033144,11,D06_px-1055_py-0118,0.6220746928076728,0.2643247444033144,2.3820485375060647,2.553289715164612,2.616998376008369,2.4464091399954806
-54.50472905560174,292.3151417211971,174.02043305937332,0.8377845140921949,55.56678647713829,1.1481587121428285,13,D06_px-1055_py-0118,0.5417180654669873,1.1481587121428285,1.628014309350993,2.4237336114051993,2.670917497891463,1.4539727313877668
-127.71639500860216,298.1590469338462,173.34794582086894,0.882666030496155,42.69543314438988,1.3685214044852114,14,D06_px-1055_py-0118,0.5707388074747616,1.3685214044852114,0.7579499045055085,1.4371033723263982,2.493714342581108,1.911921135989083
-73.79546257975588,302.8268511779774,177.74408502623163,0.8506508250642562,46.12806312729299,1.2028465874798258,14,D06_px-1055_py-0118,0.5500375234806438,1.2028465874798258,1.3137133770199823,2.4390655399056183,2.4136556681554002,1.7738299218109317
209.30734559717604,304.199890652821,175.80157555403144,0.9386129253467452,18.13278066898789,0.3611502449392572,11,D06_px-1055_py-0118,0.6069145103405362,0.3611502449392572,1.9065240481056351,1.4728915653682697,1.2693627537516874,2.025156953105089
-38.08845977226768,311.73502102532734,177.2368401155143,0.8558106576470706,45.30365609654177,1.085396350378943,13,D06_px-1055_py-0118,0.55337391186916,1.085396350378943,1.6833591236883594,2.1762453763586644,2.6835001297305907,1.821141995389041
-196.2851926932127,315.5155711127598,177.62026035558506,0.9367121923315892,15.832462512331062,1.520334752921594,15,D06_px-1055_py-0118,0.6056854814021638,1.520334752921594,2.0691792423586834,1.6573976745031065,1.4501903349125214,2.093920200327358
226.7430244538385,316.1972051173486,176.63366933760062,0.96114185709349,7.158839849481296,0.3417104338639677,11,D06_px-1055_py-0118,0.6214818950529509,0.3417104338639677,1.713038562652144,2.382866984582555,2.1644199760826686,1.8197516934377784
210.6249884673409,323.0125642471759,176.61203614878312,0.9569802251681628,9.021055588671231,0.3859917070679821,11,D06_px-1055_py-0118,0.6187909510717092,0.3859917070679821,1.733685575445805,1.9209036735615035,2.2403008459221736,1.89175978908972
219.11169141333383,330.8588312429606,182.6663410352956,0.954609906139078,0.4276777628484751,0.3788772155384782,11,D06_px-1055_py-0118,0.617258284118123,0.3788772155384782,2.6690914399007006,2.076787415495395,2.2567099470952723,2.73155999047926
-81.34542688851253,340.2848394959589,175.5827894341002,0.9133172173434612,28.33238571240139,1.1984642560730951,14,D06_px-1055_py-0118,0.5905581063086411,1.1984642560730951,2.091456637183599,2.2892589560008902,1.92703889278902,1.624961854776847
-110.68282077090517,352.83628821934946,180.2197670592753,0.9274350774169382,15.221585715212823,1.2677895665312309,14,D06_px-1055_py-0118,0.5996868258288686,1.2677895665312309,1.6948080158947934,2.4741598653856185,0.5722251599604411,2.0010083075704252
-79.58590746407874,377.4895458764468,179.49421086929055,0.9495483033339346,7.261322871115453,1.171603257851224,14,D06_px-1055_py-0118,0.6139854118775376,1.171603257851224,1.9160410223866204,1.9403983843445127,2.1190447708653037,1.5975515775806577
23.65404436780138,379.45207529272415,185.43464979539343,0.9270551998558916,6.685005361114008,0.9015599839256866,13,D06_px-1055_py-0118,0.5994411940058604,0.9015599839256866,2.165321154629183,2.443587750573193,2.028889787761757,1.5768788381292418
-74.70669880959568,-377.0921439119408,175.81185456794682,0.9576564320475036,10.117002075254334,-2.3733559378615685,3,D06_px-1055_py-0118,0.6192281917659095,2.3733559378615685,2.521034286387561,1.6147399857660956,2.090219025552717,1.7432589080053442
-58.6592205118023,-377.46795892930766,173.41156173031152,0.9611464646172064,12.784149618244498,-2.3319445604860896,3,D06_px-1055_py-0118,0.6214848743140763,2.3319445604860896,1.3270570945020466,2.260610028082546,2.347003595181201,1.6574441600882184
-28.87756883015798,-368.9692974429153,173.32798166618886,0.9464385614600156,19.14200499941205,-2.2558821447389987,3,D06_px-1055_py-0118,0.6119746282885542,2.2558821447389987,2.0662025002657556,2.4721263297007683,2.8235064028461228,2.8535571272499713
-113.45429617611585,-362.5916506973685,178.4082833414947,0.945168582567304,10.98817956060509,-2.481023512420353,2,D06_px-1055_py-0118,0.6111534499337727,2.481023512420353,1.4987921826315853,1.1978192812081825,1.8480920450951646,1.7748777766403223
101.49561018283188,-359.8524319038494,178.45183939646918,0.9374322184736442,14.133521457076938,-1.902869182270656,4,D06_px-1055_py-0118,0.6061510559767695,1.902869182270656,1.825565077148485,1.852644935169527,2.204773769416179,1.92371533329736
-125.26407433954782,-355.27934625514524,178.3341117961809,0.941331361416951,12.721568523585349,-2.516746472442269,2,D06_px-1055_py-0118,0.6086722725147908,2.516746472442269,2.405006148836141,2.250398420871822,1.1478528584165677,1.7449106001188917
41.14676793728799,-347.4007577409308,176.00540844527814,0.9120936372302884,28.096330552538063,-2.0598833039283133,4,D06_px-1055_py-0118,0.5897669297701609,2.0598833039283133,2.6090973821453014,2.8702872473530467,1.5932719265446482,2.203226827002087
70.43257636640672,-326.6488956719653,178.77873794719383,0.8821271761124921,34.328599786501854,-1.9654055833787232,4,D06_px-1055_py-0118,0.5703903799860981,1.9654055833787232,1.3266082899948848,1.5291050034539415,2.262976076704099,1.7554815178256638
232.1518789175348,-291.40176685054433,173.42406116035005,0.9493326221097254,17.779973969006846,-1.5050669556902752,5,D06_px-1055_py-0118,0.6138459506991907,1.5050669556902752,2.1111134304159327,1.8596337730001713,1.9309964643784867,2.2008841880382133
142.45361452679091,-277.7274185103932,162.6990119699352,0.8948811660037918,55.5799284052402,-1.7038410017062993,5,D06_px-1055_py-0118,0.578637210304258,1.7038410017062993,1.3673623597086633,2.202245054296437,2.2584673621396414,2.1168074822129785
190.2980417717119,-266.57471945234,178.20304067396066,0.8738683535848493,38.010694385794125,-1.557805805170545,5,D06_px-1055_py-0118,0.5650501602906342,1.557805805170545,1.9753047206330878,0.6306666284758959,1.8981576120259853,2.0368689742081463
-226.24002895056665,-251.20874025274247,178.0376963657351,0.8898650221123567,32.827504520038644,-2.910925512815848,1,D06_px-1055_py-0118,0.5753937321553253,2.910925512815848,0.9287002657396224,2.5788780242250837,2.943255467264653,2.2919028392662333
-242.57589631414697,-216.05677750182696,170.83732640157,0.8905397218562805,44.03919220957607,-3.0209318417521365,1,D06_px-1055_py-0118,0.5758299983238943,3.0209318417521365,2.615710285900483,3.0349428576840287,1.7814541370690784,2.034086404821057
-282.99821969547787,-212.138022723067,174.67194376060218,0.9210545659107344,26.920772854422864,-3.1053213403978006,1,D06_px-1055_py-0118,0.5955611368340369,3.1053213403978006,2.3540432768249677,2.4716398144978844,1.7800642299246683,1.4122755339187663
-308.5116543901992,-190.2433512767577,179.4784208620141,0.919778619654912,19.473056465610057,3.0871845507290057,19,D06_px-1055_py-0118,0.5947360999352671,3.0871845507290057,2.8905367526783197,2.022526052023556,2.6025847960222266,1.227799412691664
285.3099081275986,-195.34959401728625,175.2912666584307,0.9084219104128956,30.61321869105069,-1.2073580540830458,6,D06_px-1055_py-0118,0.5873927622903566,1.2073580540830458,2.486886283549767,1.3699921476166526,2.0384891728353765,2.4210649243632614
-317.78285730339775,-173.99087427390856,178.8917006329146,0.9211487347514103,19.909092288525244,3.035546444873861,19,D06_px-1055_py-0118,0.5956220271481214,3.035546444873861,1.9875373255235547,1.5738169693267212,2.3763751368580035,2.567414707520603
301.4241253659288,-164.6790170951709,174.3994931203141,0.9076541214069882,32.34209141577702,-1.107005763836034,7,D06_px-1055_py-0118,0.5868963038717887,1.107005763836034,1.938835606680146,1.7544036488970158,2.1375134159653952,2.0927431004889634
-281.38028816936185,-160.28160270657585,180.979594012312,0.86063641810316,38.04867933210676,3.052399519716929,19,D06_px-1055_py-0118,0.5564942865892781,3.052399519716929,2.420048332865084,2.449822444236976,2.556369789875251,2.2794750174951464
-366.1930996441559,-130.73171570040324,176.82515232866854,0.960315095102176,7.189459651287223,2.8775122467386764,19,D06_px-1055_py-0118,0.6209473042375292,2.8775122467386764,1.1138163012005289,1.8888039934423868,1.1001552115799937,1.9782622087929473
-312.0232502017344,-110.39236538887324,179.4682919506355,0.8755377986587852,35.48032463673411,2.874665062468094,19,D06_px-1055_py-0118,0.5661296366245169,2.874665062468094,1.7828860050481976,1.944227635400385,2.0458792176831633,2.0584927041005288
349.55081829306243,-101.83086173655204,167.87871167461583,0.9537975636570074,25.492419420153112,-0.8904533779296295,7,D06_px-1055_py-0118,0.6167330170709506,0.8904533779296295,3.034701451786218,2.9762018027821733,2.312275603142674,2.6362814250315694
385.03394349358393,-64.20844541054774,181.07255242730184,0.9509692644318914,3.9305180868702223,-0.7722194861453997,8,D06_px-1055_py-0118,0.6149042165154142,0.7722194861453997,2.7495026062073387,2.176503601682777,1.709736445761985,1.641480009986601
359.3369445452364,-64.50569777584431,179.31312059019186,0.9237012231155632,18.21205593767479,-0.7846008345705593,8,D06_px-1055_py-0118,0.5972724862285858,0.7846008345705593,2.117738384848942,2.075502389151572,1.616199973886738,2.158652971313944
333.5788928171332,-57.77199421927592,170.55299471986757,0.9114546698628686,37.23394500417953,-0.7784668894216331,8,D06_px-1055_py-0118,0.5893537684376788,0.7784668894216331,2.6045816419952788,1.8947538557704229,2.0367859660007364,1.9291311255256787
363.8904430936864,-50.530547829407446,180.9264847366017,0.922414735804894,16.0457504083235,-0.7449591568318963,8,D06_px-1055_py-0118,0.5964406334007274,0.7449591568318963,2.4603770860113725,2.588108846784896,1.7658293131364402,1.6665458168090166
-344.4261088187784,-42.002210486780136,178.255548132379,0.9019575829254224,28.169878748486724,2.6559623372597345,18,D06_px-1055_py-0118,0.5832128772218751,2.6559623372597345,2.7291960731661566,2.1420785358435075,1.73181399577128,2.4148644743641876
334.7630542520595,-20.62017614661473,178.7756117336016,0.8839547185372515,33.707060451204995,-0.6684981393946868,8,D06_px-1055_py-0118,0.5715720833122478,0.6684981393946868,2.446276524287219,2.718400457613391,1.9793213213849752,1.728991986032232
332.889895450574,-6.811705477982391,168.5322469338838,0.9091699090544542,41.340503135016775,-0.6274390144024174,8,D06_px-1055_py-0118,0.5878764241034615,0.6274390144024174,1.840356465498751,1.9965821334108937,1.7024473694094986,1.7662947337777426
387.9274647529094,14.583552791569812,172.23396427223778,0.9718632624393774,10.135368328743311,-0.5694037225336216,8,D06_px-1055_py-0118,0.6284144401947704,0.5694037225336216,2.758441581990354,2.4753234132616018,2.4757159205314694,2.165390700638749
334.39953019325543,44.80872577919093,154.40544503291096,0.957340362021556,47.43765727583667,-0.4737754182463062,9,D06_px-1055_py-0118,0.6190238183976646,0.4737754182463062,1.9919549182317136,2.248107489244237,1.687757773871227,1.5478191336970277
384.9952691768642,54.83862185625806,176.0267522074434,0.9625018472638112,7.618704916134391,-0.46549156656993,9,D06_px-1055_py-0118,0.6223612754087919,0.46549156656993,2.686592730176533,0.7418425546871423,1.502839006362561,2.424890722906632
-374.76026222738335,66.1115426138955,177.6957695099344,0.9478396534134303,11.0777352679292,2.359999462415649,17,D06_px-1055_py-0118,0.6128805853810741,2.359999462415649,2.6108314826665833,1.63309187805271,1.5963045110813083,2.898758045558385
374.7195980324942,76.17815148363653,157.87236047065576,1.004914535837007,21.19399599764415,-0.4064189220855418,9,D06_px-1055_py-0118,0.6497856538959277,0.4064189220855418,1.8148552963810332,2.356921150604326,3.0792227232388028,1.9473313136686363
332.69894043260064,84.03901291747519,180.3104511071623,0.89095586878846,28.83085693810017,-0.3595574000992153,9,D06_px-1055_py-0118,0.576099082207946,0.3595574000992153,3.020049817557303,1.0469658899525371,2.0304452920622933,1.6598950285243694
-329.75362965356675,88.02371805804385,178.9718760154947,0.8919572463674889,30.60685412995781,2.273757587097422,17,D06_px-1055_py-0118,0.5767465808377116,2.273757587097422,2.20486741170937,1.4999836889892617,2.6129383424574684,2.2767503943872085
-330.94098977115937,102.53780274073304,178.8133358307917,0.8997129846977029,28.08625434494712,2.2341560592961804,17,D06_px-1055_py-0118,0.5817615023286683,2.2341560592961804,1.7486082385638042,2.454931329990365,2.4024881698684313,1.8466235526840027
-353.51127514051336,134.9706935144272,173.6085990259676,0.9561623540562646,14.584785722400682,2.1698939571193563,17,D06_px-1055_py-0118,0.6182621091689451,2.1698939571193563,0.7666970684255634,2.1133174839804694,2.044788455569705,2.447482951765456
334.27606525529563,137.3226821058124,171.4560046138605,0.9402753604644372,24.826387720235743,-0.2171923104140716,9,D06_px-1055_py-0118,0.607989453981499,0.2171923104140716,1.6061481023669426,1.0407557815475275,2.1453380553672217,1.7445659378935727
304.5716837181803,149.97503465065708,172.94446134420906,0.9060615616337336,35.27694288637019,-0.1494199814347109,10,D06_px-1055_py-0118,0.5858665421788993,0.1494199814347109,1.6422952371428896,2.9487736330784515,1.8966225335414513,1.5679592208535804
-316.9993832295528,156.41113126406165,177.0210679135238,0.9143421711352632,25.59368272068332,2.0762502160806666,16,D06_px-1055_py-0118,0.5912208495032796,2.0762502160806666,1.7501236514385585,1.6985144160450898,1.7346545243593268,2.275066078718249
317.6758195274005,159.0890238146543,179.20473298539966,0.9108642048939816,23.33352913876047,-0.1426997446748988,10,D06_px-1055_py-0118,0.5889719691381082,0.1426997446748988,1.3887554979104788,1.6523819496452374,1.9038433930823127,1.6783426972027173
322.367476252939,189.46120889292948,177.96845881653135,0.9387618418199902,14.40449022237891,-0.0756397717379103,10,D06_px-1055_py-0118,0.6070108009050496,0.0756397717379103,1.6886832726046221,1.5052004369878869,1.8484537233582055,2.5205334271728805
-283.6120922159687,232.7671062437436,178.48433564834326,0.9283155036753166,17.7646126034644,1.8473630193548365,16,D06_px-1055_py-0118,0.6002561163820508,1.8473630193548365,1.524209320732862,2.2477715652494945,1.5588753561802071,2.8811159059792653
253.41940602978323,238.9736110351974,177.00363696010197,0.9072636626084712,28.25544090559822,0.1490891080637036,10,D06_px-1055_py-0118,0.586643830137291,0.1490891080637036,2.0617737026725687,1.6180558909734404,2.4462931627070095,1.8611457330982142
224.59015764319963,241.6143002497124,178.8872023198042,0.8754958888291626,36.40147796989714,0.2149188867695191,11,D06_px-1055_py-0118,0.5661025373985878,0.2149188867695191,1.6601384979749123,2.4408161385915434,1.878880491935677,1.6029370564090284
185.95337551493773,262.6585538980988,174.3584099075333,0.8759474904103807,43.32347439909688,0.3477643795684861,11,D06_px-1055_py-0118,0.5663945465379598,0.3477643795684861,2.390386641106183,1.9442184357932155,2.4976073153613987,1.8072801475301032
187.96178104476937,281.87606506320594,170.63619158127904,0.9115800273701988,37.05307305468301,0.3757051391309489,11,D06_px-1055_py-0118,0.5894348255892738,0.3757051391309489,2.0938965650103083,2.2542035942404706,2.2668784516981453,1.9812701979648522
125.28770102765344,286.00518562884764,178.22817968161118,0.8501839344226163,45.53773797481563,0.5509356269289986,12,D06_px-1055_py-0118,0.5497356283143816,0.5509356269289986,1.649260236623551,1.3286997655692456,1.3052877617902094,2.650536596012233
-141.94832469904222,288.5362915426465,176.09263749057283,0.8706811981797026,42.33786879112404,1.4210117713591297,14,D06_px-1055_py-0118,0.5629893205026254,1.4210117713591297,1.9363450152155297,2.3840020737639183,1.9893470990786155,2.5617289253896476
-192.3861959824894,300.17731207323914,178.32042741516344,0.9149603910082406,23.229977179868285,1.5337742415146551,15,D06_px-1055_py-0118,0.5916205953424414,1.5337742415146551,2.11772548047506,2.1090562998724245,1.8500808755438194,2.661794450112683
-103.80833784315506,302.8985092922192,175.52425318957265,0.8701712649650375,43.384789871611645,1.293988356898759,14,D06_px-1055_py-0118,0.5626595936696283,1.293988356898759,1.659476147792895,3.513318860542072,2.317571581739961,1.8339128825581428
98.84322057073658,305.80519998660714,176.94047049047256,0.8680374194319052,41.88011516839731,0.6511931288477201,12,D06_px-1055_py-0118,0.5612798323410646,0.6511931288477201,1.9291478635674362,1.8468914935594223,2.5805411787346864,2.4727675907276225
-22.19978136190198,309.3866228303869,176.73951897440176,0.851058380168299,47.52672645514093,1.035448201343486,13,D06_px-1055_py-0118,0.5503010518209505,1.035448201343486,1.4447722700387866,1.8832467624644587,1.8122432038190903,2.226702359119364
-149.22683172846305,311.47283570210027,180.77592897580945,0.8928562107840693,27.41235801234632,1.4106055560627886,14,D06_px-1055_py-0118,0.5773278583099997,1.4106055560627886,1.59275309388115,1.773620618436428,2.1435150659895603,1.5912420975177024
-155.1234352682645,321.4722538335611,171.55753026831076,0.9340927137795084,27.09279311873109,1.4133996326687366,14,D06_px-1055_py-0118,0.6039917059385495,1.4133996326687366,1.7008653534004514,2.4050105617590667,2.348366049221453,1.5214914125913188
149.67854484007077,322.0445776075425,180.09130080763214,0.908259444835274,22.869154004811094,0.5287434311787654,12,D06_px-1055_py-0118,0.5872877107682364,0.5287434311787654,1.128441218152449,2.425838193009259,1.1735968603411888,2.6815554754720488
-21.76229282603904,338.86195405576035,180.5034692645383,0.8852859649908765,30.519032892415453,1.027950426334617,13,D06_px-1055_py-0118,0.5724328777544786,1.027950426334617,2.439388799542332,1.9133673430387277,1.1958669904473558,2.9900812386576376
-11.648126977714025,384.2187073485309,182.95606480803525,0.9387566357703376,5.964390217763594,0.9941239095967646,13,D06_px-1055_py-0118,0.6070074346323397,0.9941239095967646,1.753977262771439,1.6810063274081717,1.9097348607568572,1.9807265279305102
-147.68248867424364,-354.06866260963466,175.42601165993096,0.957725338287096,10.757662900535593,-2.5729372336788074,2,D06_px-1055_py-0118,0.6192727470831573,2.5729372336788074,2.5378321507052988,1.6956771965671111,2.1740706171334097,2.1209561843129916
-193.8553242183885,-340.3880535667022,177.97359759631664,0.9607523999988152,4.991905871430902,-2.6954765192461965,2,D06_px-1055_py-0118,0.6212300690280473,2.6954765192461965,3.159381353405293,1.9505608667636274,2.4656340592332615,2.477253036423904
104.85816589970104,-342.80933230543536,176.60277543987104,0.9222606547198324,23.26488428518172,-1.8809342776151272,4,D06_px-1055_py-0118,0.5963410033575354,1.8809342776151272,1.68042876327228,2.864139380769864,2.0789965050769457,1.3532357647805482
-153.3957819204838,-340.0091151829359,172.5575998239825,0.9522575218751728,18.051414174067418,-2.6015873503623754,2,D06_px-1055_py-0118,0.6157372139249617,2.6015873503623754,1.4677531578257264,2.006977782850849,1.5430172783625804,1.0655972380713845
13.568848941096295,-317.12536562832656,176.2214046138605,0.8639172317894501,44.31021740087528,-2.1350149217897645,4,D06_px-1055_py-0118,0.5586156865595563,2.1350149217897645,2.139166001513801,2.0777547034319888,2.3169730036135223,1.860507501497596
149.93639430934982,-310.26265843472805,178.16650596521183,0.8988423597300105,29.44015786419192,-1.7276126836079548,5,D06_px-1055_py-0118,0.5811985493672417,1.7276126836079548,2.4449398066662615,1.7588786705035462,1.895854844692824,1.7527845588221873
-244.17860961871443,-303.62343178907594,165.25898560738102,0.9926440689504432,13.23618698306467,-2.8550818264473707,1,D06_px-1055_py-0118,0.6418514733610096,2.8550818264473707,1.8775404508331324,1.7430333872060648,2.3667888229733993,2.7474284058609406
-213.50387939345487,-295.64933383006684,178.8413951843461,0.9244413833016956,18.70357831822679,-2.803215017706,2,D06_px-1055_py-0118,0.5977510796346739,2.803215017706,1.9175052673364847,2.5923290361673867,2.042517203000079,2.278930098689682
-169.0944995068488,-289.16388104545865,175.87984911423806,0.8913335427502268,35.74766415930236,-2.7069219064139447,2,D06_px-1055_py-0118,0.5763432891663036,2.7069219064139447,2.193757556167557,1.5773813134239885,1.6958526109672643,3.3599663573297747
-197.03112509341867,-280.7236589297634,176.65817812566044,0.9006816966547289,31.20490668131293,-2.7897548249852497,2,D06_px-1055_py-0118,0.5823878791099621,2.7897548249852497,2.09154477448541,2.650919634318638,2.579921815080451,0.849471943499103
-239.414091874908,-256.74038627328406,178.3622372090775,0.9073330826188007,26.02385836318024,-2.9282670379307136,1,D06_px-1055_py-0118,0.586688717662744,2.9282670379307136,2.6242531536847187,1.891714399158904,1.151369686625968,2.013060838224562
-264.28661418395666,-231.42743331474824,174.75469900638387,0.9175576547779214,28.10559656882793,-3.0293637553439705,1,D06_px-1055_py-0118,0.5933000065527854,3.0293637553439705,1.1212567526381538,2.0357522261744876,2.3970570108056664,1.2542018022509942
-344.99324985143664,-198.588702459048,176.76779213438596,0.9714507290777832,2.2826296280006204,3.0569212526683245,19,D06_px-1055_py-0118,0.6281476928739208,3.0569212526683245,2.2222456775958914,1.7207175197591644,2.3216999240304705,1.6363903345083712
-269.0644830383961,-197.12374664289493,180.74777483102696,0.8758495972535729,33.3774407726936,-3.1162832089858146,1,D06_px-1055_py-0118,0.5663312480517306,3.1162832089858146,2.676085141550533,2.4770600344499014,1.353968778329918,2.5468102599919833
264.4519464792179,-190.3088703281236,177.76069529536258,0.8725011802679372,39.15119395110793,-1.2307621432005376,6,D06_px-1055_py-0118,0.5641661352556306,1.2307621432005376,1.7762754041675275,1.720140622316975,1.9021867014897074,1.9824920767005985
301.1315734836129,-184.47402671553675,170.6660302624891,0.931467589441576,29.60674976314129,-1.156614252724545,7,D06_px-1055_py-0118,0.6022942798653355,1.156614252724545,1.7689236021502914,2.4050866432387608,3.1718630115569626,2.123296768412869
-342.8007680143028,-166.93570935371588,174.82784183502048,0.956444970476684,12.349014900690122,2.98778726129197,19,D06_px-1055_py-0118,0.6184448511723643,2.98778726129197,1.9563540876200414,1.8992793827041559,2.3056013359315104,2.2504989784827076
340.4251617800141,-159.5287135867964,177.33936839261722,0.943024938811165,13.708709717316708,-1.045206311992265,7,D06_px-1055_py-0118,0.6097673529970391,1.045206311992265,1.91253880176304,1.976297096358218,1.507004861478833,2.2955971177841104
278.7851724907621,-150.92720990589814,178.31948073263925,0.857446418952917,43.13853252741734,-1.103176441292014,7,D06_px-1055_py-0118,0.5544316080132919,1.103176441292014,1.3917250926326037,1.9565705348977875,2.0549465876129798,2.5589298370661866
-335.9456588750595,-134.355173551456,176.19028048350532,0.927826103152257,21.78537389943955,2.9150602463005164,19,D06_px-1055_py-0118,0.5999396661491676,2.9150602463005164,1.7802578786855316,1.7793962945969077,1.4448039811122348,1.949052057647276
-299.75324442212366,-117.57044295622232,182.84175200840144,0.8527452470825396,37.734342644464505,2.9083982053735915,19,D06_px-1055_py-0118,0.5513917932539941,2.9083982053735915,0.8625101655544172,1.0304326455292379,2.2198142310816453,1.8248462850571068
-329.4929377236038,-102.75009679364966,177.9768866163429,0.9001376901436112,29.278188017885668,2.83689941486355,19,D06_px-1055_py-0118,0.5820361202151066,2.83689941486355,2.370417695869013,2.1812836441237105,1.8650793185204178,1.7177460700348257
365.7536023438603,-81.49336831834769,177.06667098644277,0.9422009846663344,14.51479410002122,-0.8262080259402147,8,D06_px-1055_py-0118,0.6092345777572691,0.8262080259402147,0.9571066545292974,2.81131256271941,2.1637894696785716,1.9565784312079377
-369.8266858120279,-59.57453989747163,176.3470203774073,0.9439743551124052,15.004814866141883,2.6943287790509345,18,D06_px-1055_py-0118,0.6103812530553232,2.6943287790509345,1.6494567828895152,2.7066897113138,2.359379561231857,1.3250375429961123
-323.8014057246513,-18.832929471940098,179.61149163618362,0.8651774178581293,38.68153579586101,2.5927096464472226,18,D06_px-1055_py-0118,0.559430532797187,2.5927096464472226,1.775189824648088,2.22742086426545,2.47501580743309,3.595511711116677
-325.3083718067558,20.387369231181783,177.9179010258487,0.8722719480398604,38.98222126371951,2.472024076126736,17,D06_px-1055_py-0118,0.5640179118914509,2.472024076126736,1.6720369421936938,2.0951593075033337,2.2954172280588003,3.033989957029012
371.5621472124823,17.958692503365928,176.93623641814187,0.9390750919846652,16.023495526686588,-0.5586841714717323,8,D06_px-1055_py-0118,0.6072133509287855,0.5586841714717323,1.5809750341812596,2.0765780400314364,1.9104885867759696,1.3479860326594872
383.7776347955255,31.95460624374348,175.57844484374556,0.9591182008323288,9.887071940588951,-0.5239078147121272,8,D06_px-1055_py-0118,0.6201733829755293,0.5239078147121272,1.8422655580439373,1.4259114977870406,2.7899518150192453,1.5131259864859683
358.09940947840335,45.60772938336894,177.8123740693718,0.9223258709431889,21.236969910319203,-0.4803010056638754,9,D06_px-1055_py-0118,0.5963831726812211,0.4803010056638754,2.6300717156892297,2.032333127198954,2.0643103387251083,2.7144134430111313
-331.1884747161193,69.90538329685583,177.7635675485913,0.8912214197180917,32.78916346894391,2.326592203114194,17,D06_px-1055_py-0118,0.5762707895306086,2.326592203114194,2.6084795656055397,1.9280830224182546,1.3955006626444182,2.308071822403019
361.7718491838671,68.02453389152691,179.72475282814622,0.9265725935162262,16.390886793734012,-0.421118101006514,9,D06_px-1055_py-0118,0.599129136945473,0.421118101006514,1.5798255081484782,2.130187963202151,3.0912959839550926,1.8513433756439581
316.1499062490845,69.20283034597813,173.8955764565106,0.880017958604983,42.71123329837525,-0.3914858829008116,9,D06_px-1055_py-0118,0.5690265433328806,0.3914858829008116,1.4663430570333333,1.7217106454264846,2.0645272014628713,2.0580559343441154
-342.7793395685697,80.23365011596778,169.81756456308298,0.932359803680192,30.68671562170846,2.304684635752807,17,D06_px-1055_py-0118,0.6028711926193852,2.304684635752807,1.3364494997965142,2.145444793076156,3.3999219496654054,1.6380744610439912
385.3797830504641,94.69711483803428,173.09619195649404,0.9797657633985326,4.9997923083925,-0.3660292409077951,9,D06_px-1055_py-0118,0.6335242595575493,0.3660292409077951,1.9385067765792166,3.231018318201812,2.948626615669194,1.8417795497875018
305.56124197988765,94.5596751547855,174.74325822102216,0.8718524949590031,44.05441022739444,-0.3068645224043294,9,D06_px-1055_py-0118,0.5637466902256238,0.3068645224043294,2.797827823346651,2.1091765033674594,1.967858537676086,2.5147705941899576
-369.82998827213993,99.40316206101969,176.10186374040026,0.9550812220811804,10.728012427614884,2.2720380909203586,17,D06_px-1055_py-0118,0.6175630407185193,2.2720380909203586,3.242276476136588,2.7278208976741913,1.9967315169020317,0.7429540409373223
356.1107417165912,119.10838500207362,178.42677586188577,0.939547686788416,13.304148638380752,-0.2842062628223868,9,D06_px-1055_py-0118,0.6075189344511964,0.2842062628223868,0.6903483713903555,1.573050796353818,1.92534543502124,2.451543043205214
305.31461654680874,132.01948727186416,174.45701346994906,0.8918766228710965,37.82514979228404,-0.1988537584386293,9,D06_px-1055_py-0118,0.5766944490499282,0.1988537584386293,2.13478507529536,1.2638105292378636,2.017295834714111,2.7615586993637935
294.42593634737284,138.67144027854613,174.7210477259233,0.8804352311160085,41.27712109109802,-0.166808719894205,9,D06_px-1055_py-0118,0.5692963550250796,0.166808719894205,1.8930002854173364,1.9468073808553625,1.5072465520934641,1.9522917852926935
351.56752108161385,156.83099464458064,177.13677900464472,0.9547818156486604,9.0658172578199,-0.1873813507248311,9,D06_px-1055_py-0118,0.6173694421610324,0.1873813507248311,2.4661686620014702,2.65678690684189,2.350080259159948,2.537608771693773
-304.86651504431444,183.67914929235053,172.21073356932942,0.930906852454575,27.235287094101807,1.9923644550944488,16,D06_px-1055_py-0118,0.6019317029129992,1.9923644550944488,2.367312805015281,1.509126829624223,2.346327881747391,1.5721266113301957
-283.5070405995053,188.63219514250247,176.78814934453965,0.896842843584922,32.365843498882896,1.9475206897749329,16,D06_px-1055_py-0118,0.5799056464790079,1.9475206897749329,2.6179419511648536,2.8953348205843956,2.013885807638536,2.0825096129138
-268.54371983630256,189.99274312918584,176.91470846730334,0.8795751191606915,38.12128745612421,1.918876126792648,16,D06_px-1055_py-0118,0.5687401998602587,1.918876126792648,0.9976935765557429,2.4379926381712913,2.095191424050361,1.923997547082322
-265.40122675991347,239.300030394786,178.11418027925973,0.9166255754284438,22.93432432459264,1.800885057338757,15,D06_px-1055_py-0118,0.5926973167040623,1.800885057338757,1.8560728067415013,3.084142373174233,2.2385811142728933,2.255705004786811
300.237939363466,249.9020190448228,177.36927573008606,0.9610452188085388,5.91698231006643,0.0871761096112702,10,D06_px-1055_py-0118,0.6214194079767478,0.0871761096112702,1.9482185284827964,2.152318579412174,1.8501551280018371,1.6391256043800428
-252.3128192567613,260.9642593513214,167.53925539877716,0.9533400880809596,26.26570142203343,1.7323612524365286,15,D06_px-1055_py-0118,0.6164372097602562,1.7323612524365286,1.6928553485959088,2.5497975330238445,1.2342136652914046,2.1006898283485373
243.39505768016184,275.6560384115624,169.3020962565118,0.9545222607056344,22.73301805688601,0.2404925480493204,11,D06_px-1055_py-0118,0.6172016118905352,0.2404925480493204,1.5698334748360285,2.664052074479732,2.8526545192240134,2.590067261987274
-208.93809969938712,299.00816911487584,176.11868558062787,0.9319249319106132,20.28636028778272,1.5737171415035842,15,D06_px-1055_py-0118,0.6025900011079883,1.5737171415035842,1.8099529789660063,1.8959998972691654,2.0422617381347705,2.0475305288045567
-94.08900888672554,300.26961466946887,160.4617652021888,0.9055607884557578,55.67920075780273,1.2674744129767808,14,D06_px-1055_py-0118,0.5855427382977728,1.2674744129767808,2.5241162573760194,1.422900515056312,1.1119644222875404,2.2417311819633925
24.24901517605637,308.0969391581104,177.10856784682406,0.8482104859635415,47.83583448318137,0.88527291354063,13,D06_px-1055_py-0118,0.5484595809972416,0.88527291354063,2.416218629505985,0.9939587701514523,2.1901345760815825,2.406511848029338
-152.81927072728465,336.3262626175163,176.3890692845192,0.9372350023373676,17.698773959397727,1.390305538366603,14,D06_px-1055_py-0118,0.6060235344697166,1.390305538366603,2.409482974860878,1.8877251952468836,1.3716462695051517,0.7704097324340897
182.6009654150912,333.4734850673551,160.12222489723112,0.9958728222366412,21.177387632768784,0.4628390897741558,11,D06_px-1055_py-0118,0.643939210666544,0.4628390897741558,1.9254334580765613,1.9880233537839738,2.702549402809123,2.224014365874929
-178.73166584033447,347.1158333407713,178.5393273497693,0.9577090530254128,5.353977277829017,1.4393171512477458,14,D06_px-1055_py-0118,0.619262216904685,1.4393171512477458,2.568179107199803,2.013615466190608,1.9635804035509896,2.3659278403605892
156.15326511471162,362.3491566281462,179.8218902678959,0.9592981001511376,2.417085864843216,0.556919827126047,12,D06_px-1055_py-0118,0.6202897072920148,0.556919827126047,3.1195575973900125,2.4950497592370473,1.579338933935488,2.2508082834372583
21.382771324753616,364.5652482207103,176.9955039322636,0.9300929245188656,19.54569789849279,0.9052311180971352,13,D06_px-1055_py-0118,0.6014054106990165,0.9052311180971352,1.3305647371558278,2.0070354145904963,0.9406104153306858,2.335498866312093
-4.705650556444162,-382.4433632670061,175.080738299741,0.9572257035129282,11.573656459714414,-2.190079414038055,3,D06_px-1055_py-0118,0.6189496793028993,2.190079414038055,3.1158851507153806,1.417053621631867,1.847286540370371,1.1053403417686132
102.96691980075016,-326.7871178941876,177.81813188658776,0.8970060517475122,30.657203978406017,-1.872534366101645,4,D06_px-1055_py-0118,0.5800111781624177,1.872534366101645,2.0392195366088757,1.7451512856775517,2.2981917189766765,2.4526479473706484
-133.0579570988092,-324.401519476779,169.78797236855883,0.9305146698910324,31.4425013129208,-2.567013829543117,2,D06_px-1055_py-0118,0.6016781145784591,2.567013829543117,2.8415822665063093,2.132164034674763,2.432455802163415,2.5964758973189492
126.54444665206309,-316.7710276227633,173.736805650762,0.9061501317088972,33.96060810298593,-1.797715778146408,5,D06_px-1055_py-0118,0.585923812287106,1.797715778146408,1.6224167194420769,2.8111785894930508,2.665440697185306,1.5199007347923201
97.51695370236716,-310.61820870557926,176.82941106200667,0.8747176966913655,39.87083185664534,-1.8735753250222176,4,D06_px-1055_py-0118,0.5655993522330016,1.8735753250222176,2.518864970895269,2.002321764153686,1.894839030558825,0.9128162322832358
-177.77070092929546,-301.59797248267034,169.2658432149649,0.931254353055212,32.03480317327569,-2.710386573588893,2,D06_px-1055_py-0118,0.6021563995383954,2.710386573588893,2.2782399299315825,1.8431872716679405,2.6170150856699426,1.5014862418191548
177.01555329258204,-291.91159225980124,172.05232123737164,0.9112686841508396,34.853826298901595,-1.6326628491708717,5,D06_px-1055_py-0118,0.5892335086113988,1.6326628491708717,2.1405822796664538,1.6085236180897935,2.0145966140253924,0.8616439477922011
240.6623377914323,-255.3201796550285,171.10215362831516,0.9271405722784736,30.532418505222324,-1.4219222381419834,6,D06_px-1055_py-0118,0.5994963964867219,1.4219222381419834,1.8471133656451328,2.0302321059726394,2.465012858275225,2.5711102256606315
301.8009568734148,-244.0733097857581,179.0814688155012,0.9535140065443444,6.253904828183124,-1.287016659159062,6,D06_px-1055_py-0118,0.6165496668085174,1.287016659159062,2.349753259214027,2.1592887478987874,2.1407154802644413,2.0239214976560596
242.7732097142265,-236.77997317450047,178.01605911190484,0.8914453408254963,32.308870886094894,-1.3798808027952434,6,D06_px-1055_py-0118,0.5764155786823297,1.3798808027952434,2.5628870736598675,1.600366719538949,1.3973881233597447,1.5279839394230355
-329.3869989893205,-225.56576001156384,177.52651722277056,0.9708007727387076,1.2366686195013583,3.1350679234888643,19,D06_px-1055_py-0118,0.6277274259858135,3.1350679234888643,2.0404941680401536,2.5323746767763913,1.4858786880118964,1.8109189223131876
-265.3692365795667,-218.13152156391232,178.05512021019078,0.8976204928945568,30.057559166908447,-3.06056429887992,1,D06_px-1055_py-0118,0.580408480647629,3.06056429887992,1.6714879714401472,2.603892736171081,1.7309088045968033,2.638036632501199
318.7650964549565,-161.9559563850735,157.84020495298725,0.9741972464505996,34.70560745299849,-1.0770647072902573,7,D06_px-1055_py-0118,0.6299236126396207,1.0770647072902573,2.5804323750596385,2.292914801120203,2.6977694281363567,1.9444578162239896
-324.6566530070899,-156.91227843464958,166.9853156991431,0.9517636913944764,27.86101230037661,2.984825974239252,19,D06_px-1055_py-0118,0.6154178992465789,2.984825974239252,2.1172811582839977,2.8679099112335957,1.325979176103274,1.5330554402101155
314.0989217196756,-147.36149784141708,168.37443891465205,0.929464510037806,34.205132710182454,-1.0456491729363857,7,D06_px-1055_py-0118,0.6009990729459728,1.0456491729363857,1.7319904608906662,1.9248618935658368,1.42913514613967,2.5691715848429495
346.1288387492716,-148.23517923044164,174.21045171134134,0.9521978174413752,15.226110557005311,-1.0116131720365955,7,D06_px-1055_py-0118,0.6156986085678172,1.0116131720365955,2.3047286897579466,1.94236757447424,1.8445864060572723,2.0969462323474737
340.8574916870137,-129.93136899550913,174.113475098442,0.9374060269156368,21.4740694175008,-0.9711657251878574,7,D06_px-1055_py-0118,0.606134120309069,0.9711657251878574,2.243706190687173,1.112191179954725,2.180940214017344,3.1870033822284283
345.85655165392694,-118.29493654260502,169.81421898511798,0.9502543729703112,23.6040249512738,-0.9365407540589334,7,D06_px-1055_py-0118,0.6144419620656458,0.9365407540589334,1.4313880899637648,1.7422850470189581,2.5200863648436584,1.6497879581689956
-345.79672801289104,-103.94483776389436,176.23660548248156,0.926724634650988,22.139457664989607,2.8266158848307223,19,D06_px-1055_py-0118,0.5992274479407339,2.8266158848307223,2.707360702257537,2.2522897197370897,2.1585072105461958,1.6492395875152526
363.7916967093016,-98.73386369042892,175.48846692840056,0.9492641689697604,14.263068674486874,-0.8719978216626174,7,D06_px-1055_py-0118,0.6138016883597308,0.8719978216626174,1.7377284068141194,1.6887053221543922,2.485563028678185,2.2303904471231277
-368.090961029773,-95.25033762681792,172.1419468846193,0.9623986178971334,14.461281463454212,2.7878272919037697,18,D06_px-1055_py-0118,0.622294526487231,2.7878272919037697,1.319832650448853,1.9725822184582829,2.459723691743798,1.6667852063305542
311.1033697645794,-75.94459800028841,176.56954784993476,0.8673138452070003,42.68711522202284,-0.8464105312286954,7,D06_px-1055_py-0118,0.5608119635481424,0.8464105312286954,2.3705066102355663,0.9374935276616365,1.3401241533304762,2.2389841778192747
-348.3226229799984,-6.165745345168016,176.68463990797815,0.9082124394620148,28.42467296695355,2.5523125219092737,18,D06_px-1055_py-0118,0.5872573167236579,2.5523125219092737,2.178313866179667,1.7635479978742115,2.598659979545339,2.3372845897472936
-385.5537706006925,-3.3471178941875643,177.35329293127413,0.9549479753799168,8.619018704113046,2.5432942294705327,18,D06_px-1055_py-0118,0.6174768823519893,2.5432942294705327,2.6962506522435343,2.060494032022875,1.6791385537022836,1.614835732923543
327.2995829023545,8.15199975287127,173.0514046138605,0.8880759823137643,41.35355877106514,-0.5820778359390744,8,D06_px-1055_py-0118,0.5742369249305139,0.5820778359390744,1.2731800787332215,1.6159780901391445,1.2778962825307472,2.022964517263324
-355.34877563072183,7.4719868589273535,177.75947567985034,0.9149761281286628,24.143876769058465,2.5135890281472646,18,D06_px-1055_py-0118,0.591630771088457,2.5135890281472646,2.0770090689390077,1.8392010805675874,2.433689484493166,2.683254130764068
-313.6480746362613,43.83762261704401,176.50684225909674,0.8619978774203603,44.47957542469817,2.3957457956017327,17,D06_px-1055_py-0118,0.5573746169070627,2.3957457956017327,1.220379108613816,1.988017486560148,2.6727608243649708,2.038333866508315
-315.68697171949424,62.822125803291485,171.66728696680167,0.8836735821603947,45.00996575476182,2.3381780100463145,17,D06_px-1055_py-0118,0.5713902983166536,2.3381780100463145,2.6504765427321964,0.9160406662422302,2.061422660396363,2.6360200264018063
395.44046636583096,69.61319897854501,171.73972844594758,0.9887932222799704,3.2184914841421346,-0.4327252926295545,9,D06_px-1055_py-0118,0.6393614855733993,0.4327252926295545,2.2886395827221513,2.060085444911958,1.8406422220112257,2.3884201937140905
-373.23823567602994,120.87579097516576,179.15534142298227,0.958366601082974,3.992031886178438,2.221415433137978,17,D06_px-1055_py-0118,0.61968739265776,2.221415433137978,1.7190464308617293,1.4873866790364252,2.7053508184218322,1.41441633477727
371.28228596981546,132.45606139129256,166.8103918311663,0.993707874172145,9.898644023281236,-0.2643014088112921,9,D06_px-1055_py-0118,0.6425393381962273,0.2643014088112921,1.6052557068315227,1.406755693062228,2.1469413148606,2.1748704458588484
331.44619252802295,149.41906392399434,176.95813188658778,0.9280590982787807,20.41288883351245,-0.1834527000240162,9,D06_px-1055_py-0118,0.600090322633121,0.1834527000240162,1.0949510866368755,1.3257899867231466,2.28463128264308,1.4053910402811176
-333.2321116148282,150.29950899888271,179.0130521586058,0.9251361360604908,18.14454254658329,2.1108984144135285,16,D06_px-1055_py-0118,0.5982003122406027,2.1108984144135285,2.5050713103674545,1.923313368107662,2.505258951581694,1.470501966176259
271.6225100439101,167.32847858969683,177.84551512034858,0.8618853418667596,42.45884882278284,-0.0548542674554265,10,D06_px-1055_py-0118,0.557301850531739,0.0548542674554265,2.132899669823848,2.142586983803395,2.30263092802032,1.9571169429102127
338.2698624184163,166.3179473082833,167.11227626794422,0.972219370089326,19.06546787670686,-0.1500161876625126,10,D06_px-1055_py-0118,0.6286447022060434,0.1500161876625126,2.1805070849487853,2.2190190341243787,2.639981192124411,2.6211343159548353
346.98698451736846,188.7367128166101,174.708382367523,0.9732992505485524,5.092591723230328,-0.1088083481800196,10,D06_px-1055_py-0118,0.6293429614164581,0.1088083481800196,1.7442563183274364,2.3161223966575766,2.673768533486749,1.394813528139708
-319.90282905908566,193.0337349486218,173.61061866068323,0.9501672549528162,17.111511921921135,1.9916873616570463,16,D06_px-1055_py-0118,0.6143856308693646,1.9916873616570463,1.9381109338736784,2.4151391785093246,1.9978528487234586,1.6076429030275365
-305.9499414432689,198.6796763641856,175.2300170540519,0.9343768973851792,20.80252865546408,1.9586695010984467,16,D06_px-1055_py-0118,0.6041754612962958,1.9586695010984467,2.1818473269707743,1.8815199476459916,1.7524826789612344,1.9483787487711628
-238.1282025647735,221.70045996048384,176.66041845469096,0.8748697404344838,40.08424015599888,1.7849255614693282,15,D06_px-1055_py-0118,0.5656976649148464,1.7849255614693282,2.1758491977301686,2.141156181464088,2.545808145568149,2.005043625133903
277.5699471069527,222.3277900490002,179.2913677911356,0.9111044250770928,23.1016456270512,0.0683582771540813,10,D06_px-1055_py-0118,0.5891272974005578,0.0683582771540813,2.7280131008687505,2.461158159744142,2.808434296635814,2.5113499171885634
-283.7405042604288,219.2114389261867,166.91386072036252,0.9492936487985968,28.9771479279338,1.8768185006046736,16,D06_px-1055_py-0118,0.6138207502492489,1.8768185006046736,2.0215456270462093,2.408152656777329,2.8086267450421674,1.4019775974170898
312.7938779969237,237.1682646269124,174.4435663345248,0.9711041346885662,6.559638813536253,0.0417650851187488,10,D06_px-1055_py-0118,0.6279235822119664,0.0417650851187488,0.9060260430494982,1.466427311838912,2.1713388813388916,1.4225838280938146
-236.2571768520523,254.25141646905269,171.0809807675543,0.9219781164284064,32.512163447562784,1.7125465405500115,15,D06_px-1055_py-0118,0.5961583118729387,1.7125465405500115,2.240963830605678,0.880574553153286,2.49243325818144,1.8638496010176822
266.3942065140369,252.7326023855328,174.65567034812622,0.9390802996400666,19.88325708134284,0.1521081976116287,10,D06_px-1055_py-0118,0.6072167182397851,0.1521081976116287,1.926719891270111,3.070183175751885,1.8521822409009263,1.4767756357786328
153.598654703737,279.81012773787825,177.16590615548435,0.8640402114041529,42.81665351610184,0.4617886379333914,11,D06_px-1055_py-0118,0.5586952061470494,0.4617886379333914,1.8040605202518165,1.5404695513942257,1.5943595744262087,2.1828648027322823
-216.1063070923689,287.3002684342999,167.40204179295114,0.9491616888819098,28.191681863237307,1.6087222950345046,15,D06_px-1055_py-0118,0.6137354239277611,1.6087222950345046,2.277892404467254,1.3124945334530773,1.5138381869010613,2.163261286659617
-245.5888217524001,292.2522483348754,170.4484304173915,0.9688963891451584,14.609699055961984,1.6626710510548333,15,D06_px-1055_py-0118,0.626496036554699,1.6626710510548333,1.971396409807049,1.887987840058985,2.482395711733936,2.27559991062287
-169.67090187589125,304.0887302557404,174.08108745864666,0.9151829545593052,30.09914323361141,1.4727546791558743,14,D06_px-1055_py-0118,0.5917645066875404,1.4727546791558743,2.1456978403019717,1.25938403738547,1.8464157018332121,1.480286538817698
258.28833705016746,312.91062569555606,174.66437897283487,0.985836550419774,0.6820474942865076,0.2737561585199581,11,D06_px-1055_py-0118,0.6374496782609167,0.2737561585199581,2.2881401151940644,1.6207323840242045,2.97490883027005,0.7697970139535811
157.89861548417628,330.9063153143018,173.59884947445144,0.9412479119666812,20.798774151967564,0.5185993022750485,12,D06_px-1055_py-0118,0.6086183134429722,0.5185993022750485,2.309217691525623,1.8979365263176513,1.5054473729235813,1.24320354031594
126.3456650887678,344.60583797592074,175.27011402268647,0.937187664635615,19.607918188871395,0.6123970918201974,12,D06_px-1055_py-0118,0.6059929255389167,0.6123970918201974,1.4178879053950308,1.4185755317610602,1.9837618261271577,2.1863241279028367
-60.60701976084077,351.55975163093933,176.7082649181482,0.9196262376694988,24.102611417709284,1.1345334143131192,13,D06_px-1055_py-0118,0.5946375685432903,1.1345334143131192,2.8995980556352094,1.38368543620151,2.397996090477253,1.5690738761005032
131.12470473749627,359.3248076721555,176.07334636143332,0.9545987217480922,10.985136789715057,0.6139127920442257,12,D06_px-1055_py-0118,0.6172510522028197,0.6139127920442257,2.151360725637404,1.4550547558244515,2.1341259301263147,1.8787719029988028
-129.29667102463063,-379.6817403619592,179.33015231183472,0.968270506896978,0.7883329412505873,-2.505997978911517,2,D06_px-1055_py-0118,0.6260913361633796,2.505997978911517,2.139373970027719,1.9764920830137682,2.710486456842718,1.9646982464223275
-21.88406123321809,-381.38181081495645,173.9011983316289,0.9598351672313128,12.497929158735133,-2.2350939834978383,3,D06_px-1055_py-0118,0.6206369790961658,2.2350939834978383,2.493154652743528,2.303121690946944,1.8147189044749459,1.7605457085073306
26.330804554326225,-379.4735161044784,173.75011453183217,0.9582418000146068,13.44844052567737,-2.1084991708820997,4,D06_px-1055_py-0118,0.6196066953039812,2.1084991708820997,2.067962606858327,2.1025562678574916,1.7378102334351109,1.9903905120244252
-85.99786807803761,-370.891562338632,175.6497996755889,0.9535452266255354,12.169277806572213,-2.405617625978167,3,D06_px-1055_py-0118,0.6165698539589148,2.405617625978167,2.5079255609443365,2.184050396062258,1.4160749358893452,2.2177679963615513
6.74087066070106,-348.14711789418755,175.3545127219686,0.9116449082953134,29.325685702678754,-2.158416145056118,3,D06_px-1055_py-0118,0.5894767781064755,2.158416145056118,1.3104739540110093,2.656167485033781,2.160699165621536,1.0838201678192798
136.47576809034726,-346.4970856776927,166.38168167571618,0.9686128706051672,21.91332898918796,-1.8025627078555853,5,D06_px-1055_py-0118,0.6263127112336593,1.8025627078555853,2.3358924301664867,1.446926187398867,2.0687261823222545,2.803317366073059
23.75718939322671,-347.07539375625646,175.35554254489497,0.9111901491710972,29.49193959462445,-2.1094328122502666,4,D06_px-1055_py-0118,0.589182727274931,2.1094328122502666,1.8501817179540025,1.7910257270661312,1.4690891692386736,1.4579366760778192
-119.6401757703454,-337.206733278803,177.90858410104,0.9177868573742258,22.82854884699753,-2.5187183943518114,2,D06_px-1055_py-0118,0.5934482107568277,2.5187183943518114,1.7662394092644471,2.4525909550329583,1.5214930049282733,0.8517381088051761
169.49353319584762,-333.12588647168224,176.3729969705484,0.9428521410302289,15.425518680159769,-1.7071152472358602,5,D06_px-1055_py-0118,0.6096556205908761,1.7071152472358602,1.6938409158952092,2.5296917894750734,2.2032600304260983,1.6712542026695574
-54.71526783367468,-332.9419196269433,173.26005839593313,0.902179647350993,36.14760583376898,-2.34065871070486,3,D06_px-1055_py-0118,0.5833564658284984,2.34065871070486,1.5437553386153011,1.2943179503144084,2.2694206977042715,1.4069110967747092
117.996753110909,-329.63160856411724,173.60837310575403,0.919112995965842,29.409693783502405,-1.834022499040016,4,D06_px-1055_py-0118,0.5943057024152524,1.834022499040016,2.0804203444448266,2.6353168155531312,1.7121405143156343,1.2869196498657103
-29.066450200450703,-328.26389464451785,177.12761333248665,0.8798657586704496,37.68965848627403,-2.266091515390706,3,D06_px-1055_py-0118,0.5689281296564366,2.266091515390706,1.8431214913494092,1.4528379381040128,1.4496100485973564,1.8498162528879951
113.95148362374512,-315.708003901751,175.79028629943588,0.8925556143335047,35.46610783852668,-1.8313888321258989,4,D06_px-1055_py-0118,0.5771334902774722,1.8313888321258989,2.5810800091783097,2.1592574616542985,1.7028825046902618,2.0312695200620112
-195.41568241111588,-317.0051133035219,175.30939237208543,0.9439830376708178,16.770195855675126,-2.7301983751541665,2,D06_px-1055_py-0118,0.6103868672659793,2.7301983751541665,2.8918119506915563,1.9829330484868704,2.5773590184976696,2.8478048004881877
-227.9493879941802,-302.3421388585481,173.08303983398628,0.9578927965943296,14.758066200684029,-2.8237970831867294,1,D06_px-1055_py-0118,0.6193810269435689,2.8237970831867294,3.124754836057458,1.487457481059094,2.145347500099784,1.4119949533349376
-183.7873579637017,-292.4927643321822,177.01612756900562,0.9031928805917302,29.721602606237298,-2.7387793832670515,2,D06_px-1055_py-0118,0.5840116304225036,2.7387793832670515,2.457660543350466,1.7881766046144691,1.6222132721041032,2.273730221602765
-213.33168380403865,-278.1007358391948,174.45874180633518,0.917286695017434,28.69414169088816,-2.832132823457637,1,D06_px-1055_py-0118,0.5931248018374897,2.832132823457637,2.4612800875261414,2.7595471910941645,2.5087612521873153,2.08668040465028
248.54006074236227,-275.50452020569,173.63802541738278,0.9468042855866812,18.46076397958882,-1.443786871922186,6,D06_px-1055_py-0118,0.6122111083894147,1.443786871922186,2.0360622760041047,2.93685309269084,2.4107399404006324,2.8319063074764643
267.4049133156968,-267.28124963071446,168.29612473882796,0.9703307075479431,17.788720188680315,-1.3921464124876055,6,D06_px-1055_py-0118,0.6274234781310836,1.3921464124876055,2.3933333067619182,2.3314358286824968,2.2293218074327905,1.4729831996027105
-290.21068153369515,-256.64142982079306,174.7105789257871,0.9642436529573146,9.154786075478455,-3.024483432647743,1,D06_px-1055_py-0118,0.6234875406892221,3.024483432647743,1.8799522922580039,2.985295780127739,1.9589555775678171,2.370708923568758
213.6419142742729,-246.3467962473558,172.2908803295247,0.8882561256142252,42.4984918246376,-1.4633575667401568,6,D06_px-1055_py-0118,0.5743534070074573,1.4633575667401568,2.0412570261130725,2.0706667614752066,2.429076827118599,0.5748386032746995
-287.37936179484035,-238.64560215380664,176.83353053690752,0.9413353385257408,15.268849194386974,-3.055555651776461,1,D06_px-1055_py-0118,0.6086748441446593,3.055555651776461,2.256391300057724,2.285502606179966,1.8842437130023428,2.1861198705220692
-284.297938339113,-191.6808210226544,172.74703141661178,0.9114270756832114,33.66244862618157,3.1278302850627733,19,D06_px-1055_py-0118,0.589335925823772,3.1278302850627733,1.9046224474632167,1.1377036136448622,1.2842954490537792,1.6798634735619067
-302.27111781680463,-160.899886964198,171.53723533486362,0.9141882851147144,34.63510402016999,3.023768107560165,19,D06_px-1055_py-0118,0.5911213455903379,3.023768107560165,2.332615488559921,1.8568311399343875,2.1406933934287387,2.2975534498347554
-320.5735003524754,-141.12986927250202,168.62676035027425,0.9333013181215436,32.325339797996094,2.9493225964560152,19,D06_px-1055_py-0118,0.6034799832728277,2.9493225964560152,1.592644524633566,1.7030079914062433,1.5068384627166158,2.932929399306529
364.8840613676066,-111.76882415768652,175.82561627692746,0.9541716411260204,11.597114840282984,-0.90421819135765,7,D06_px-1055_py-0118,0.6169748985087664,0.90421819135765,1.3281703937367746,2.117666159801596,2.3025373601017076,2.2540063680541422
-354.9135466024118,-93.09151842119682,176.20460619488816,0.9344945238308618,19.11548782944908,2.7911282597615905,18,D06_px-1055_py-0118,0.6042515194825372,2.7911282597615905,1.9287844874309032,2.253016679309777,2.8831114007004657,2.511171648161023
-321.5587216080693,-75.15990328231535,176.4764098825644,0.8826816289115968,37.76417596210655,2.764227055671205,18,D06_px-1055_py-0118,0.5707488935330443,2.764227055671205,2.3877096221184524,2.461213997030829,2.4528904921043417,2.3724905180539113
-388.4407312518367,-69.73479953663522,175.53189654826926,0.97070307842181,4.813614323887123,2.7122458722085767,18,D06_px-1055_py-0118,0.6276642560710363,2.7122458722085767,3.4135729745324426,2.354554435588562,2.044774530598748,2.182741851276047
-354.95274229187413,-62.93108015833853,174.3143291421624,0.9311951435482276,23.599187174972315,2.710083993889425,18,D06_px-1055_py-0118,0.6021181142048266,2.710083993889425,1.3952681332980537,1.9744413865573431,2.0434583582734427,1.8886822098787102
-393.5154559042817,-21.623465767392663,177.31514614732026,0.9653412635671864,4.092607927791562,2.589507386187805,18,D06_px-1055_py-0118,0.6241972643546924,2.589507386187805,1.7288839052720388,1.2837502857405092,1.8763256016350396,1.962157789266502
-378.8738426588344,-20.31956262344098,175.6469092598073,0.9519218080535012,12.866401681415084,2.5881932635721885,18,D06_px-1055_py-0118,0.6155201387236809,2.5881932635721885,1.984612738692653,1.6536605197437648,2.013301680895725,2.4888602913282845
344.0364943539472,2.906253291050164,173.0631363384879,0.9121890600550864,32.868384181538374,-0.5985322182170122,8,D06_px-1055_py-0118,0.5898286309202555,0.5985322182170122,1.8845553092846052,1.424965565155782,2.556039436981474,1.9077279370169733
350.8600229834148,33.073273167264965,158.9754781706575,0.964105910994112,36.81371737334968,-0.5129938070937777,8,D06_px-1055_py-0118,0.6233984756509161,0.5129938070937777,2.057618229198352,2.372004227724783,2.2984249936271435,1.6252439250945527
-362.2031009878985,60.45687484628423,178.15243909661913,0.9296169350410106,17.80034461532165,2.369223519424509,17,D06_px-1055_py-0118,0.6010976321535922,2.369223519424509,2.814548718756411,1.8159891886975952,2.8057359041119803,2.066404151002657
-354.1760026346126,74.86127004814551,176.14669950245815,0.928190328219856,21.71514122589241,2.326311618757749,17,D06_px-1055_py-0118,0.6001751769466286,2.326311618757749,3.136553110938345,1.0861605443591855,1.61035566143357,2.6234406686779708
-344.1145347447043,103.39282942802488,170.44528521087545,0.940352967490106,26.5099909326309,2.2427338924200786,17,D06_px-1055_py-0118,0.6080396352955538,2.2427338924200786,1.690879966160051,1.173304594651798,1.8709425675571159,2.039166444535418
310.9118088946012,106.5916147773478,163.60466433310657,0.9172608398521324,46.55601434587823,-0.276701516638059,9,D06_px-1055_py-0118,0.5931080836839622,0.276701516638059,2.591395321961831,2.1299349273539425,2.2260039992316187,1.1764416534959703
-334.2274270672538,119.1212548725918,177.45365956316036,0.914982959637207,24.642787573282305,2.1922412578098176,17,D06_px-1055_py-0118,0.5916351883956887,2.1922412578098176,2.1953020233925526,2.289300790609494,1.5691868412739503,1.602664801871845
292.563508398593,121.07083279918687,176.55769120862166,0.861743917796334,44.48176195934093,-0.214609997987842,9,D06_px-1055_py-0118,0.5572104046139011,0.214609997987842,1.3870397052155927,2.673441649005879,2.1727401735609373,1.9728238375107732
-291.8080033559916,148.03715604366917,175.78798673180597,0.8800983731647273,39.71421392419524,2.065134525347009,16,D06_px-1055_py-0118,0.5690785400205817,2.065134525347009,2.796446422860349,1.3550996477119095,2.2153967738675098,2.0287461707774783
-357.5675596557364,149.09736609157764,164.9358174252484,0.9909223449945102,14.6213643094012,2.1395578010678524,16,D06_px-1055_py-0118,0.6407381930902626,2.1395578010678524,2.410023610008993,1.2911858975720136,1.9477876545400337,2.137941058531598
-273.9161114100571,171.44436811290748,172.3491145074356,0.8836587770080062,43.93996541631543,1.9753661584804372,16,D06_px-1055_py-0118,0.571380725188509,1.9753661584804372,1.9065885070557398,1.3924511202182794,2.3318435509766227,1.6684636602455156
355.68538418517005,181.5145562039073,183.3831395145496,0.9557120208448366,2.1627624870019417,-0.135107392273415,10,D06_px-1055_py-0118,0.6179709201674694,0.135107392273415,2.0602134455479,1.2514812713103283,2.2415795620156906,2.1980553902741553
330.59129116345184,219.74952364111064,174.3036527290079,0.9766855113755928,4.260676239641498,-0.0203281801673185,10,D06_px-1055_py-0118,0.6315325443384804,0.0203281801673185,1.829972814122898,1.101616164018929,2.7641224039640053,2.253119098137685
330.54219775080736,229.69273847924148,178.2670060501262,0.9726893972381102,0.9493274858187988,0.0003132955092262,10,D06_px-1055_py-0118,0.6289486254625293,0.0003132955092262,1.8134599562785727,1.1432943397721202,1.89377334285639,1.3652014955185736
-249.78656776844016,235.9452797666312,176.28607609648864,0.9026086320878626,31.11162206670668,1.7777029883033726,15,D06_px-1055_py-0118,0.5836338507381774,1.7777029883033726,0.5082277554027537,1.4123952017638572,1.7513038319147123,2.101805766736941
-288.0471314297872,247.4981859732158,171.05540762742152,0.9648186530492632,15.31798401445218,1.8247860132663944,16,D06_px-1055_py-0118,0.623859340277558,1.8247860132663944,2.0198688878224265,1.783837928414733,2.4017053027586326,2.1605162015556356
257.72741140550824,271.46440784978984,174.3853158089479,0.9489339316902556,16.29560846141152,0.2043712477512408,11,D06_px-1055_py-0118,0.6135881543337501,0.2043712477512408,2.448103995065623,1.7902518709194566,1.8709298703529311,2.2916013699489817
224.57814644058675,273.39261791445216,175.93079411760917,0.917762396459848,26.09300324455222,0.2761332234212099,11,D06_px-1055_py-0118,0.5934323941369292,0.2761332234212099,2.31415686399893,2.2088776330532918,2.2828077713888506,1.6180898047830614
-114.10682884155833,292.0646883977884,173.48863685140026,0.8656055830458479,47.98848475531816,1.336271860186295,14,D06_px-1055_py-0118,0.5597073877799299,1.336271860186295,2.4627215190564042,1.2269605722180925,2.136563749323616,1.4593856682997493
221.435202788104,292.4153492974135,174.21024975821746,0.9397674819471888,20.360158657324234,0.3156838130289525,11,D06_px-1055_py-0118,0.6076610557320349,0.3156838130289525,2.860816564646188,0.9631583725420303,1.8269359154392772,1.9997258984387787
124.62767353260033,317.803786035291,169.0128284895515,0.9198480017812536,36.71771318186853,0.5900934171699305,12,D06_px-1055_py-0118,0.594780962964635,0.5900934171699305,1.9132344956033187,2.6347378584373935,2.0325869476125282,2.5659383031184904
24.40553315420166,320.9744588692979,169.04656493072207,0.8912420922072506,46.65264498280669,0.8879270723989655,13,D06_px-1055_py-0118,0.5762841565249219,0.8879270723989655,2.4830102008403356,1.4238898228885437,2.1769163367591986,2.235640957980889
2.2355325500466976,331.8419803561489,176.7227505088807,0.884403059211091,36.792026142809846,0.957080158656934,13,D06_px-1055_py-0118,0.571861983923225,0.957080158656934,1.7357374912034305,2.302318763841112,1.5468133506486632,0.9895117650656515
-43.30446189072902,339.995612546104,172.98858864933723,0.9105554759543842,33.585215595004115,1.0905023878228062,13,D06_px-1055_py-0118,0.5887723425741181,1.0905023878228062,1.8901365920954074,1.8687105316241142,2.4068154683749308,2.00500251867341
173.8088241640766,346.5842546548321,174.15064587558257,0.9661247506287576,9.305943744202011,0.4989772364778023,12,D06_px-1055_py-0118,0.6247038732596955,0.4989772364778023,2.1009162408394824,1.7394567570761652,2.5084641779691577,1.9589747976394816
60.80001790422951,343.63342728057626,161.0000372803806,0.953536876957792,37.48331594086335,0.7886963975946198,12,D06_px-1055_py-0118,0.6165644549979873,0.7886963975946198,2.533737744433658,2.462243066080565,1.490844454824325,2.4118933376786176
35.81429140685582,359.5087513480116,175.73477757076986,0.9283677959577608,22.3329598990224,0.8645243127131049,13,D06_px-1055_py-0118,0.6002899289837497,0.8645243127131049,1.5229459212323875,2.3240037496474235,2.7609550214793757,1.5168435421838122
79.06924704667054,375.5522554932064,172.59331762528697,0.9655504448530052,12.297408301731425,0.7563062535488504,12,D06_px-1055_py-0118,0.6243325226216806,0.7563062535488504,1.7022792697036937,2.12714665398397,2.2804253484064745,2.854036389596456
-5.053140186881207,376.2315385683975,172.66613250501698,0.9560605663863064,16.26231266615588,0.9772469193833274,13,D06_px-1055_py-0118,0.6181962924598383,0.9772469193833274,2.499324506154289,2.2644512067009535,3.1013617087469036,1.7396826508766856
47.68605448088491,-379.0773367494064,174.64817229062817,0.9578883577943182,12.039171911467465,-2.052638117307834,4,D06_px-1055_py-0118,0.6193781567805202,2.052638117307834,1.4884155580778717,2.146952777767892,2.7394761649449575,2.5491860484187323
112.37595885675826,-360.7374286802936,168.5429768259263,0.9693454915617294,17.780210946675084,-1.875786488823844,4,D06_px-1055_py-0118,0.626786429714526,1.875786488823844,1.962375534286497,1.1846088849807965,1.6088416871243842,2.370816327992985
-100.7549017171814,-356.2197784446463,173.79351470560363,0.9452902792400976,18.81850342184299,-2.453420564035028,3,D06_px-1055_py-0118,0.6112321399609224,2.453420564035028,2.2829357867483635,2.570442681416968,2.231707585003909,2.8684499765183356
-189.8136821259468,-345.51203872244577,164.32956539339764,1.0005565148682576,11.236263620949956,-2.6801346629739387,2,D06_px-1055_py-0118,0.646967723212387,2.6801346629739387,1.5908149986048774,2.576481742287225,1.061782060618734,2.231344351998069
-127.5904596541346,-343.9007461739109,158.453153433709,0.9842363603518376,29.36862019832188,-2.533043467083376,2,D06_px-1055_py-0118,0.6364149827593875,2.533043467083376,2.023433511331158,2.621502166365217,3.1567416251935057,1.388505944978275
21.278451351996285,-329.1319280207698,172.24070322353057,0.893968916284172,40.640866477561474,-2.1132154858200725,4,D06_px-1055_py-0118,0.5780473424503854,2.1132154858200725,1.8105004066252963,2.938572199698365,2.065927117363576,2.3027371705025272
-234.17505913622216,-331.14289769153424,175.6840599987973,0.9829682224047016,1.1579810133587785,-2.793299193919542,2,D06_px-1055_py-0118,0.6355949947745151,2.793299193919542,2.920252022983264,1.7491645947154928,2.509384529690494,2.588387205926176
-71.77780449249587,-321.3413567880552,168.3775946023383,0.9041927709693164,43.3293290256189,-2.397537667571616,3,D06_px-1055_py-0118,0.5846581674161027,2.397537667571616,2.4512614028812023,1.6867495680508902,1.3424373595329822,2.191805254978516
-162.6714517407517,-318.3268609771916,174.59492240042175,0.9264088387299492,24.995737376872228,-2.6502006994280323,2,D06_px-1055_py-0118,0.5990232518108819,2.6502006994280323,1.372694175249812,1.7376767653150043,2.116992007793452,2.048545510099083
243.26411332396515,-295.7942208984794,165.24801405592058,0.9847676444138472,16.8535312362946,-1.489518891826076,5,D06_px-1055_py-0118,0.6367585152184436,1.489518891826076,1.4978865395494045,2.943494400785995,2.415303011893499,2.387515955889583
-272.3044690991901,-279.50948113269953,175.1194352484338,0.9665364787867692,7.4181284482875185,-2.950117805115548,1,D06_px-1055_py-0118,0.6249700999295665,2.950117805115548,1.3987714718733821,2.0162041991551356,1.346598516456906,1.3904258455983207
-243.1185082546381,-273.467647695512,176.05716620326447,0.933579917293694,19.729810341767347,-2.9044920488657104,1,D06_px-1055_py-0118,0.603660127691875,2.9044920488657104,2.292990952162061,2.1832872170606343,2.261722926351882,1.47413811142567
-263.3267417327627,-244.8150524364255,174.4292772365938,0.9296291645074756,24.020121718268683,-2.999588083451856,1,D06_px-1055_py-0118,0.6011055398229317,2.999588083451856,1.4126984556859992,2.876807037250936,1.9001474971582142,1.3067889813484812
-302.6045676034119,-238.6275121986783,175.76028741780354,0.9589582117475072,9.640200063786152,-3.080834362391932,1,D06_px-1055_py-0118,0.6200699327731591,3.080834362391932,0.8781692099023637,2.7164754608051944,2.571066656820669,1.9641474298371435
-268.4773081660828,-200.5600770357476,166.65590729648534,0.9177113325148856,41.376129100279286,-3.106975846601982,1,D06_px-1055_py-0118,0.5933993757879207,3.106975846601982,1.682646229126492,2.38856445616803,2.4306166378522494,2.7245340845336545
333.7763935253378,-174.12296177604406,175.04102486702504,0.9498599744282348,14.78116589930164,-1.0878167828652112,7,D06_px-1055_py-0118,0.6141869408619319,1.0878167828652112,0.9281564488194476,2.545165700116671,2.515108527929841,2.1543654190877533
-302.90530397547354,-173.00127174034142,175.94078922924513,0.9108841541563972,28.65014312574453,3.0535415122465905,19,D06_px-1055_py-0118,0.5889848684883129,3.0535415122465905,2.239753206879863,2.3837698151752784,1.6945598985106087,2.207979190475073
-312.03569893325226,-125.50213213018878,173.98856690427493,0.8985774536516653,36.24456900087347,2.9170184009165423,19,D06_px-1055_py-0118,0.5810272590104999,2.9170184009165423,2.101310370388553,0.9259053427558162,2.3612975743520437,2.3761150608065007
-338.76431544645874,-117.34382842050334,174.22030812263242,0.9288192262247398,24.68514036784205,2.8680663347543462,19,D06_px-1055_py-0118,0.6005818273499854,2.8680663347543462,1.9427252763333815,2.642605912740277,1.5173381451471233,2.029286710583175
336.38056611984894,-108.3551870584527,172.3378311268288,0.9271433286241968,28.472325491676088,-0.918605119944556,7,D06_px-1055_py-0118,0.5994981787615764,0.918605119944556,2.134414060156627,1.9019720740665704,3.1310374657757927,2.1844685550568848
371.2653529531008,-100.94129859862856,156.4791891978319,1.0116871226750777,20.640178083445846,-0.8724469957601216,7,D06_px-1055_py-0118,0.6541648618884534,0.8724469957601216,1.35392986969878,1.6700025335674815,1.6544076136285306,1.7790503645433873
335.5553181964721,-89.21807377654046,175.6666252020958,0.909391885843269,29.64704428932572,-0.8668490817728898,7,D06_px-1055_py-0118,0.5880199560434685,0.8668490817728898,2.3908793996222557,1.9093246131724784,1.8737406212086103,1.3648824806139914
349.3052405361945,-58.696780815535895,175.01241584981557,0.9208258212744892,26.44504990903914,-0.77346281355661,8,D06_px-1055_py-0118,0.5954132287505758,0.77346281355661,2.574260590919871,1.4990813010425073,3.0763122889999246,1.6686385078146442
314.78581490564534,-58.20201299908263,172.89937664183253,0.8774767377000123,45.105586386523385,-0.7898088178607149,8,D06_px-1055_py-0118,0.5673833698802695,0.7898088178607149,1.9630037500051714,1.932712156515905,3.22173215789236,2.3729038566071052
-374.1508832232371,-41.23206995754729,173.57988731498597,0.9537602879524338,15.654613390935936,2.6443719501150995,18,D06_px-1055_py-0118,0.6167089143067781,2.6443719501150995,2.3064632027615573,2.2816622650162763,2.4752803291461127,2.985909205235827
-382.1456483429136,13.124062855672578,173.12291552600377,0.9623852092280324,12.750792115977047,2.5002835229637843,18,D06_px-1055_py-0118,0.6222858563361794,2.5002835229637843,1.5815015712329898,2.114647557410267,2.060136729656057,1.1844779804832068
343.5454726613317,109.88691284086153,158.28592970180716,0.976951810280825,32.76387126782447,-0.2974023787953961,9,D06_px-1055_py-0118,0.6317047353080576,0.2974023787953961,1.768619314010981,1.7970164932409038,2.317664918329071,2.747307924949929
331.9570685161653,119.17733862755156,176.15482852690397,0.9156385734583216,26.52628642600092,-0.2622968242193322,9,D06_px-1055_py-0118,0.5920591134562425,0.2622968242193322,1.829723622969232,1.2142644653526693,2.821563639152343,2.041836748338037
-322.2614438356134,129.03033665126696,174.76322279567867,0.9117770183413388,30.242472454988786,2.1537703766317446,17,D06_px-1055_py-0118,0.5895622015027759,2.1537703766317446,1.6436296591777522,2.0456525299911394,1.2182730039694734,2.323098170074099
349.3638567709828,128.54682819507448,171.12507231160686,0.9552450191112172,19.276578206239947,-0.2544080044419075,9,D06_px-1055_py-0118,0.6176689531682581,0.2544080044419075,0.8195674018677557,2.3693872857245477,1.9549988285352344,2.5402696847103687
-298.56103839120794,129.75820171113196,170.89236128481718,0.8914277421569569,43.65306186986027,2.124629298462493,16,D06_px-1055_py-0118,0.5764041992446395,2.124629298462493,2.3283417934015187,0.9731197470435555,1.6476448362086002,2.0942648915011057
267.363260731562,183.1807572252773,175.6186648878331,0.8758715209792008,41.38015069898216,-0.0062977893976579,10,D06_px-1055_py-0118,0.5663454241053998,0.0062977893976579,1.6466440147443322,1.8531468305981784,1.4977280836585054,2.522304715301412
-307.5245660926667,227.918085867568,172.91921025649373,0.9634344167618364,12.65063290187743,1.8968079779274327,16,D06_px-1055_py-0118,0.6229642821914264,1.8968079779274327,2.549263224391911,0.7165592221834831,1.9049195713634082,1.9937213977056754
-312.88288108962985,237.9607600334208,175.72630170399535,0.9683402826935192,5.539287392458391,1.8843988217639884,16,D06_px-1055_py-0118,0.6261364537429994,1.8843988217639884,2.258407954184051,1.4942043798182634,1.9409476917810653,2.3462963193195217
-230.5825143554549,234.66261333843528,170.85347134231276,0.896687744159212,41.92847583217946,1.7404453998053224,15,D06_px-1055_py-0118,0.5798053579687319,1.7404453998053224,1.4749123789275773,1.6673090885443704,2.4609439027659326,1.8025013760463284
214.37412696533283,254.42221296083096,170.30188788523597,0.9037156921328524,40.38408429406525,0.2636391959818283,11,D06_px-1055_py-0118,0.5843496844828218,0.2636391959818283,1.6931230062113227,1.7623508367517287,0.9898942168797042,2.1665751197185017
303.14274316437394,252.66775767928675,161.22474119108836,1.0096656303485374,12.671784879832217,0.0878537514047458,10,D06_px-1055_py-0118,0.6528577490282015,0.0878537514047458,1.772031108971417,2.5193070742422528,2.002936024678285,1.8739013364225263
-212.47142585196724,268.93647179716413,162.46811949620744,0.9406935970831376,39.91329843753289,1.632456950405755,15,D06_px-1055_py-0118,0.6082598890733142,1.632456950405755,2.8022719184019063,1.8916765900827028,2.37666480437197,1.9675784951505306
142.2583571624831,288.00008074757807,172.4955981622476,0.880306901293331,44.81385154677298,0.5050188870399505,12,D06_px-1055_py-0118,0.5692133759509701,0.5050188870399505,2.446044843459247,3.507155882379825,1.6524274237333019,2.9274625899570976
273.9274280024854,297.2842926252184,179.37730844581256,0.9717978304320763,2.504994667146548,0.2192858954978387,11,D06_px-1055_py-0118,0.6283721313434865,0.2192858954978387,1.6451017404801431,1.7568130984496413,1.9914927561290667,2.1260403925179414
170.43386418791746,303.2657907115497,167.4572284964489,0.9333580879861316,34.26876353556389,0.4518110222283683,11,D06_px-1055_py-0118,0.6035166911144076,0.4518110222283683,1.9105268957138686,2.178357534017806,1.482102885356114,2.342830070678054
-211.38730602344577,313.7777308351388,168.63447440006462,0.969714304370578,17.458238108830244,1.556662420978507,15,D06_px-1055_py-0118,0.6270249069816135,1.556662420978507,2.310973356524535,2.8286603366652043,2.3322501093904577,1.6051435510384393
-166.3080570119108,324.3638132799015,172.7712021847107,0.9407434423240342,22.407516895676395,1.437589137058339,14,D06_px-1055_py-0118,0.6082921193986747,1.437589137058339,2.41607168782784,2.440757085076062,2.779763533538426,2.0224922844673054
-69.31931018529562,343.3186012644254,171.41583326650405,0.9254129326356452,30.66554299242728,1.1630478010144043,14,D06_px-1055_py-0118,0.5983792910862346,1.1630478010144043,2.9264730265452643,1.2017133528764845,2.5283653084473334,1.8664811943623234
-15.21876084789054,345.9627074624317,163.07555739348987,0.9438290247562564,37.68597857880138,1.0077780525488276,13,D06_px-1055_py-0118,0.6102872813023696,1.0077780525488276,1.7145520809197432,2.489358787771372,1.7093849013328688,1.8631487877440929
-80.78776693807019,356.0069577036526,173.36051492499448,0.9398329178978106,21.77412863573221,1.1869650952746635,14,D06_px-1055_py-0118,0.6077033671331011,1.1869650952746635,2.680204532652689,1.7550348893365175,1.8989496580627117,3.251114747125022
-93.44691674250892,364.5120112679053,173.83282064020517,0.9529268959938192,15.569877801500638,1.2147739146218894,14,D06_px-1055_py-0118,0.6161700365022801,1.2147739146218894,2.3419413936077875,1.8538290861454438,2.3243085070540053,1.7277252221961277
55.69217988359303,376.6097166381865,174.17224394239767,0.9574948315257024,13.035824968028749,0.8170030867172801,12,D06_px-1055_py-0118,0.6191236995956961,0.8170030867172801,1.6113342169194236,1.3063315892146798,2.584154641091202,2.0432641795554893
-62.878005064339085,-393.2503493659122,170.91432698828973,0.9872430324962904,5.45042125288245,-2.3363268567316897,3,D06_px-1055_py-0118,0.6383591206494884,2.3363268567316897,2.3708930944718922,2.0861771949659595,2.5236401570446976,2.344253492561079
75.12622537647442,-371.23612918584274,169.98675851085858,0.9665045012665004,16.465952230128607,-1.9781046427579727,4,D06_px-1055_py-0118,0.6249494230130958,1.9781046427579727,1.4414323624393335,1.9629125556278102,2.727080963056971,2.230222582401924
-29.08524102565296,-350.2363542767781,165.24564229955246,0.9445545927113268,33.70469034157384,-2.260630350335947,3,D06_px-1055_py-0118,0.6107564392569201,2.260630350335947,1.9995950472582755,1.7383434468519843,2.8208656339716747,1.8342955750799388
-110.7845951817104,-347.6955604790318,169.5240545441255,0.9502742635680458,24.09492467364793,-2.486231280982508,2,D06_px-1055_py-0118,0.6144548234828057,2.486231280982508,1.8744675944955713,0.8944362744090621,2.059711290847986,1.3878117132861525
-51.93192009720266,-346.86128627201094,164.20894739277904,0.9465752799262164,34.68808059514333,-2.326391528650455,3,D06_px-1055_py-0118,0.6120630315256373,2.326391528650455,1.152792516785317,2.7109700491896085,2.484640116407534,1.7870501723153516
-96.23726411307688,-342.1115254552756,173.04205929343635,0.9278785740568842,27.0159111768383,-2.451993143611761,3,D06_px-1055_py-0118,0.599973594249377,2.451993143611761,2.2324056056308854,2.188207612153253,2.607442173440525,2.2984040807336634
-71.70239725813076,-340.41156472555167,173.8121672346983,0.9154575082247794,30.43842882235657,-2.3853756124326218,3,D06_px-1055_py-0118,0.5919420352501074,2.3853756124326218,1.6223399108806333,2.3552481674635253,1.7524105863547277,2.3344728342304784
157.98184225048186,-341.5295349197766,167.48286901720482,0.97038700084408,19.203674510213887,-1.7445167597154176,5,D06_px-1055_py-0118,0.6274598778197494,1.7445167597154176,2.201057444894732,1.6271861698114276,2.2445633805543057,1.7673389895742746
149.90721081742592,-332.3079167107556,172.17628627066523,0.9424391808475934,22.73566306187763,-1.7539997729222296,5,D06_px-1055_py-0118,0.6093885972841794,1.7539997729222296,2.3811571454529754,2.616180485050955,1.8375678649115552,2.3049778151195666
194.61207853838565,-328.41047163888845,167.93360433124155,0.975818115984984,16.024999528515593,-1.6428242424934725,5,D06_px-1055_py-0118,0.6309716796470332,1.6428242424934725,3.101656911222979,1.8396693641386346,2.3234916493416415,2.7761742938919953
61.77775183229274,-320.5076998321508,171.5799003591254,0.8907663892047867,42.78216558702121,-1.9873613950162603,4,D06_px-1055_py-0118,0.5759765632167418,1.9873613950162603,2.487720098771783,1.5439188295581106,2.6445638783562475,1.8433378451895122
208.81759701415208,-317.59012597374004,170.5281168574901,0.9666547918437736,15.447810937824386,-1.59614169307996,5,D06_px-1055_py-0118,0.6250466020840965,1.59614169307996,2.243623732712673,1.8777870218299229,2.530888254771498,2.0348576537851164
-139.80051800830262,-309.6305906975348,172.46512846323287,0.907742749042678,35.45256297411453,-2.601882672822175,2,D06_px-1055_py-0118,0.586953611199085,2.601882672822175,2.5062205556020536,1.7908866841409017,2.8378029617245377,2.1257474778400374
114.9692424950052,-300.81321958910286,173.4901697470324,0.8787295416281747,43.77104503327348,-1.812712403668398,5,D06_px-1055_py-0118,0.568193442767698,1.812712403668398,2.0561044534200645,2.3941188178287325,2.0065850947441626,1.9757938892570077
220.8146156839786,-288.9897523446941,173.50628380326037,0.937648957716817,22.40291708828937,-1.525317015329886,5,D06_px-1055_py-0118,0.6062912012785117,1.525317015329886,2.1675848156498634,1.4152353299118088,1.9034009152744744,2.4323812848575863
151.3776339299945,-288.94249942029194,175.68325200341874,0.8788634003332394,40.28983759797097,-1.695189781658462,5,D06_px-1055_py-0118,0.5682799968607062,1.695189781658462,2.409769916147153,1.6548962716386715,1.1579892262051024,1.9610278322799601
265.5518370370809,-283.70597011149505,174.77930412616627,0.9654896213650548,8.482365881121837,-1.4254177838497029,6,D06_px-1055_py-0118,0.6242931936753069,1.4254177838497029,1.3929681961958102,1.4091717893363076,1.610792727670364,2.793137142744789
302.35294504539627,-238.56042097176515,164.07518421959017,0.9906227399566144,16.32899570194519,-1.274985120858501,6,D06_px-1055_py-0118,0.6405444661129754,1.274985120858501,1.4497253512683614,1.7245943880830938,3.065290731217149,1.6308977936442028
-326.5356903831013,-208.7898019575612,175.16455466045883,0.963233218622936,8.805107464753576,3.103506807927568,19,D06_px-1055_py-0118,0.6228341858901134,3.103506807927568,1.173300641213171,1.6860557245952814,2.1528657203228088,1.4107531857331155
-317.0964999691281,-186.2173160340986,173.10494687022927,0.9440063995935762,20.51889312842536,3.0656104881189337,19,D06_px-1055_py-0118,0.6104019732692408,3.0656104881189337,2.7781494113663037,2.458844754999088,1.4135151255768774,1.9645674362499443
-346.79123542497643,-182.80771880121705,167.0215746818877,0.9905919856425928,10.96832587020134,3.019736676404552,19,D06_px-1055_py-0118,0.6405245801312984,3.019736676404552,2.162303999094953,2.5734101064281663,1.9954033929503718,1.6720830890327019
-358.7083549694234,-150.58981452340095,173.17309000711893,0.9703301646145084,9.157574195824909,2.932080682923227,19,D06_px-1055_py-0118,0.6274231270660483,2.932080682923227,2.361459125515531,2.035154558356116,1.4457037779041868,2.3625559890490395
-385.103049101758,-54.50067594662195,173.18519986979058,0.970183108041009,9.201942989731094,2.6752018036554976,18,D06_px-1055_py-0118,0.6273280391273597,2.6752018036554976,1.5195716200728564,1.5028545866928904,2.6119566479808984,2.2659947599810804
357.75794346202053,-60.20265961274293,162.4862447965089,0.9674576109390864,29.271470933212186,-0.7736952244889652,8,D06_px-1055_py-0118,0.6255657112343821,0.7736952244889652,1.8287653030071516,2.201156390249505,2.1718280159710703,2.014819433910427
327.8008802750586,-31.895536866519564,171.38642437670634,0.8956995580511304,41.41370323218621,-0.7039757534495578,8,D06_px-1055_py-0118,0.5791663890479809,0.7039757534495578,2.387726234862158,2.926672271603204,1.6535187885769695,1.5893922118860304
-398.52410203331095,-2.6069432216985,174.8754339905973,0.9769956289207604,3.0957243600132074,2.5411545229526387,18,D06_px-1055_py-0118,0.6317330687857693,2.5411545229526387,2.481100328449803,2.1324473650447286,2.2066734576680314,1.364611355743211
-392.5589987386719,24.433452672609,175.99254951771874,0.9679029108814202,5.266793072102189,2.472451830989955,17,D06_px-1055_py-0118,0.6258536456844178,2.472451830989955,2.347750906427854,1.6234568108668332,2.1605382160567106,1.6698405461651045
-377.6699625863391,32.80869308920964,174.65116195741095,0.9542002304009304,13.615860252407684,2.447959333111541,17,D06_px-1055_py-0118,0.6169933845591015,2.447959333111541,2.132329723436154,1.8683261159444693,2.153319443094467,1.0308582815410152
-354.28269548658994,50.23557144120655,174.25973537120208,0.927792650962504,25.018205642905684,2.3937569648739285,17,D06_px-1055_py-0118,0.5999180356997933,2.3937569648739285,2.0157478469846124,1.5472598779825615,1.6511692041454176,1.718612430326841
-387.79623117327577,53.25796452339485,177.82408318528908,0.9608077521031672,5.228300411361943,2.3981319793898286,17,D06_px-1055_py-0118,0.6212658601346919,2.3981319793898286,2.569933992414322,2.2022421621928396,2.611213880378426,2.694332548576157
-304.944268418546,104.53485948633056,171.12855528879666,0.8859550329032894,45.10633741437488,2.20436700487723,17,D06_px-1055_py-0118,0.5728655023364345,2.20436700487723,2.2170762499657317,1.7196928154590874,2.340471748574597,2.2782003804557855
-358.1696749316202,111.18091948899004,175.43075040825303,0.9469970042268888,15.312099096235954,2.233629696378322,17,D06_px-1055_py-0118,0.6123357217800858,2.233629696378322,2.3357160737828306,2.1091777548606796,2.215934648490556,1.6428238834950337
-354.797293365394,165.86128727822623,170.89468047592948,0.9795945069321698,9.028942724897718,2.097316786757637,16,D06_px-1055_py-0118,0.6334135237775292,2.097316786757637,2.9133567654400516,1.7335432390127696,2.537943650950657,2.095049515740463
-261.95587150967026,199.40006770867305,154.12480153717922,0.9466099592200792,51.92900725106813,1.8839842555130044,16,D06_px-1055_py-0118,0.6120854554301941,1.8839842555130044,2.771698376867631,2.308197199922517,2.547075840014615,2.132542149297663
234.29211912605697,221.4756588172648,175.0972843323506,0.8747588191360378,42.55871837225192,0.1503054470656993,10,D06_px-1055_py-0118,0.56562594232962,0.1503054470656993,2.910159430032145,2.1139244181885912,1.9425417708193033,1.6103037154188673
272.66419642827606,223.6273230003812,172.3250102733767,0.9261429880047334,28.875912242081423,0.0799317107236341,10,D06_px-1055_py-0118,0.5988513506380333,0.0799317107236341,1.367747281280947,1.7141955049830155,2.2005752386158615,1.352718845736879
-271.1747933169359,227.16384331997773,174.49684025185937,0.9216312649007062,26.99106888123885,1.8373017665317648,16,D06_px-1055_py-0118,0.5959340349432157,1.8373017665317648,2.0063130224848504,2.3769054808250676,1.9684168243751492,2.615566703814868
246.3128900044596,230.33225780257945,167.03389067852046,0.9196458776513146,40.05672845521997,0.1449038701743316,10,D06_px-1055_py-0118,0.5946502679102231,0.1449038701743316,2.092817588066638,1.7686453623689653,2.5260527295957473,2.1754735015568816
-221.99085724311087,308.9906768795537,164.81605088537103,0.982942123661364,18.451369847355693,1.5868108267207577,15,D06_px-1055_py-0118,0.635578119121511,1.5868108267207577,1.966481309350829,2.6339192870426906,2.047286966528016,2.015101727084382
-132.14769887329996,315.63122389938263,173.27351967308215,0.9089599847170556,33.69959894752435,1.3603200826737445,14,D06_px-1055_py-0118,0.5877406853734695,1.3603200826737445,1.526229956977744,2.660589231708408,1.7058811295012553,1.8340250209690439
6.614747023251521,317.15536829365766,173.09488527684394,0.8724482378365919,46.4254723797564,0.9429633306604812,13,D06_px-1055_py-0118,0.5641319022625315,0.9429633306604812,1.6585812426475042,2.0420911632315497,1.7246187115579183,2.012424940988331
81.3599057735524,328.31277609874525,174.0830064984306,0.9010776930999492,35.21105542321766,0.7208983112811508,12,D06_px-1055_py-0118,0.5826439335304344,0.7208983112811508,2.036812557428947,2.621953758154707,2.430227186923762,2.4458950480678086
12.97786904332707,389.5144577656956,170.39770926830337,0.9786663159393356,10.342598933916292,0.9305110478594724,13,D06_px-1055_py-0118,0.6328133481708378,0.9305110478594724,1.6583059889970193,1.8177616964529406,1.8681193195656136,1.8653772636191233
75.06080954672169,-382.7422756018731,175.1210047915593,0.9663026434989428,7.519716395896864,-1.9841203919036832,4,D06_px-1055_py-0118,0.6248189001906975,1.9841203919036832,2.0101666332826653,2.5458507124470753,2.159415252901135,2.0014795178285696
-114.3369309325872,-375.312060031696,171.64482190453444,0.9783816813933112,8.23821777311332,-2.473488625950341,3,D06_px-1055_py-0118,0.6326293012315068,2.473488625950341,2.0035926109802054,1.8856887980536754,2.3505195586583385,1.4456401915860089
-137.21346712904585,-367.3396050432583,171.98534292940025,0.977212940128986,8.162085583228304,-2.5352597778435197,2,D06_px-1055_py-0118,0.6318735839246196,2.5352597778435197,1.747924355420467,1.6732893834941718,2.804812559729947,1.4386008217919293
-60.17471574017944,-364.25435771319206,173.79983598640953,0.9439842700705668,19.343237132232844,-2.341496892162486,3,D06_px-1055_py-0118,0.6103876641453638,2.341496892162486,1.9194156798871715,2.009892953736945,1.2493335403201076,1.7314198568900394
-195.14061820103063,-355.2831168207943,174.85430411741612,0.98488804160546,0.573271887308124,-2.680046025827316,2,D06_px-1055_py-0118,0.6368363649908267,2.680046025827316,1.7588839012917152,1.582289703875789,1.8327064382033733,1.3045335336120032
-41.021545814815,-348.24174684047705,171.14063380615244,0.9267366765165856,30.621717731665345,-2.295031681285038,3,D06_px-1055_py-0118,0.5992352343058749,2.295031681285038,1.3926862925933916,0.9148620417523925,1.8026472809376957,1.952361343452662
-166.83761166778126,-337.2689541224754,172.9831912143568,0.9552116353837096,16.072688654632884,-2.637152236950896,2,D06_px-1055_py-0118,0.617647366987111,2.637152236950896,0.9921299661307903,1.4527049742647722,1.4553788536992607,2.5697398620991003
128.681896861073,-306.7957160250287,174.95377504716552,0.8905672105365797,37.485230510911606,-1.7806253719495206,5,D06_px-1055_py-0118,0.5758477727210852,1.7806253719495206,2.6344836288144924,2.727297336874451,1.8973603652970024,1.5454902788633835
-155.29735484194913,-301.8174582507516,171.7666234145088,0.9092812785196868,36.03623577943074,-2.6529882151851423,2,D06_px-1055_py-0118,0.587948436476862,2.6529882151851423,2.195865210206711,2.3161426211930918,1.8736836066519484,1.5252740159885132
171.2766681278271,-275.54999042560587,170.8407942009341,0.8899263278186182,44.239388365503885,-1.6216388515324014,5,D06_px-1055_py-0118,0.575433372907857,1.6216388515324014,2.0015226230732193,1.8590650340624293,1.982001059321028,2.2612115447597496
218.7938846175347,-274.56104310639216,157.1054376489603,0.9678598608028794,38.59306825992121,-1.504936509280352,5,D06_px-1055_py-0118,0.6258258091645574,1.504936509280352,1.8784153278461946,3.273491671511087,2.357151482107497,1.257290223900783
277.7121719729364,-258.65214247092155,166.9420490704416,0.9758398397495128,17.78452289888355,-1.3568570384814482,6,D06_px-1055_py-0118,0.6309857264042807,1.3568570384814482,1.553649409855119,0.6582768671411043,2.503717380175961,1.5008643914985953
-313.1688803479764,-252.438758998482,175.4353616690752,0.9798083487112472,0.7818600257783714,-3.070135703384918,1,D06_px-1055_py-0118,0.6335517955561659,3.070135703384918,1.838068889802624,2.123608043790697,2.8063432937054866,1.5255003848761897
226.35595705857432,-254.6875550526576,164.4990002422758,0.931966868082932,39.75742490465461,-1.4512058611871792,6,D06_px-1055_py-0118,0.6026171173673123,1.4512058611871792,1.6469613401918557,2.0686903071130396,2.598098756300678,1.9818134715485827
291.2853959552264,-250.5311095781792,170.0221669146228,0.973061780315392,13.527955448282114,-1.3173011943857396,6,D06_px-1055_py-0118,0.6291894112933062,1.3173011943857396,1.6551330436390468,2.3332465949936974,1.8271731785876195,2.2674135775190085
-249.7964466472348,-238.18310664770203,170.80013001217355,0.9200918924923928,33.67779232160109,-2.98696835547518,1,D06_px-1055_py-0118,0.5949386646194178,2.98696835547518,1.1757191820513924,0.9831140413025707,2.2369152265946433,1.9766891877419375
-316.6788229331352,-230.0599686042672,163.87017496370464,0.9985952678009414,13.012175057934371,-3.120296364120171,1,D06_px-1055_py-0118,0.6456995654112602,3.120296364120171,1.0684715328210954,1.3751353978780072,1.7861698809741013,1.8946329462992266
-291.791002044872,-219.8552229808281,164.46357901296614,0.9650879890403264,26.779122057000563,-3.102855160825201,1,D06_px-1055_py-0118,0.6240334950507547,3.102855160825201,2.298149923627861,2.1068072035401784,1.524143669152883,2.457299189458211
300.66569024049403,-221.71005454309224,171.40790550195996,0.9561201981269464,18.418815923753527,-1.2423659724184086,6,D06_px-1055_py-0118,0.6182348508130145,1.2423659724184086,2.40652727091679,2.072978216524175,2.9995978623589092,2.0198905908857077
262.900662865432,-202.4476226498789,151.51814602099574,0.9583860797227246,52.06134386110227,-1.263191947861923,6,D06_px-1055_py-0118,0.6196999876996425,1.263191947861923,1.2283053201904126,2.5360239077515145,1.9048883781251849,1.927866127237182
314.81539803505046,-192.8991147308819,171.761143641144,0.9496080744503828,20.522584270484685,-1.1567120379241236,7,D06_px-1055_py-0118,0.6140240603522092,1.1567120379241236,2.2546669650639446,2.4289644536690025,2.071463416985005,1.9540620110882587
310.4412136283977,-175.16517646251725,166.87080808457634,0.9466248572443572,30.11407636887259,-1.1206942515161211,7,D06_px-1055_py-0118,0.6120950886100338,1.1206942515161211,2.4283095277368103,2.148660849490531,2.163493153805385,1.501292658582233
267.28980823970545,-165.4161602104459,174.53209503702308,0.863857673644624,46.93003793280343,-1.1611545950846451,6,D06_px-1055_py-0118,0.558577175794013,1.1611545950846451,1.842999500013525,2.1205752100338384,3.1228017225991067,1.5274198138146926
-337.8294864456703,-149.41494653761464,169.72854447106334,0.9554641794623056,21.604062697484324,2.9510278874908265,19,D06_px-1055_py-0118,0.6178106639774479,2.9510278874908265,1.941969458287581,1.8772653203040384,1.9124169201164292,1.10224166696507
378.7947891780297,-129.4355279981994,174.1317872290165,0.9810157560680848,2.5578356251010064,-0.9362442798591682,7,D06_px-1055_py-0118,0.6343325146630181,0.9362442798591682,1.875808120882386,2.580975467644652,1.4634235133495384,2.271889904124737
-299.2785164159933,-122.49624969208944,164.8324621322495,0.9057720533357666,48.52628097510768,2.9231153861828507,19,D06_px-1055_py-0118,0.5856793438331752,2.9231153861828507,2.4060732817550936,2.8549010247504163,2.4029390017712116,2.5725616163641614
377.5456969155273,-81.31314106021067,172.43607642853232,0.968910209401807,11.093129341892904,-0.8191121633178405,8,D06_px-1055_py-0118,0.6265049728415008,0.8191121633178405,1.9253482172214258,2.159001038272642,2.0116475465863757,1.8419599133654139
370.6945203734059,-61.91798403591983,165.7700266611046,0.9745912784752117,20.42008745209023,-0.772484006941897,8,D06_px-1055_py-0118,0.6301783968502553,0.772484006941897,2.3419085354057967,2.8825431699086326,2.627348742183596,1.7078186340147474
-388.4287134498943,-32.56060104025498,171.9811691938498,0.9744472757202144,9.4234957107916,2.618244051818837,18,D06_px-1055_py-0118,0.630085283534663,2.618244051818837,1.9805233101035276,1.299412472326133,2.3180380794258673,2.834500034324762
392.2912226880471,-21.219227379793978,170.91607190975478,0.9809667601454825,8.362134419606605,-0.6610173693610804,8,D06_px-1055_py-0118,0.6343008335135562,0.6610173693610804,2.3864219666017963,2.649511018042079,1.7911794954877827,1.5160019502509012
-375.1076357404369,0.0796246378181946,170.76550134216777,0.9598184791877314,17.971194184390583,2.5344008503198814,18,D06_px-1055_py-0118,0.6206261884757458,2.5344008503198814,2.7083006276777817,2.223060949231267,1.8398878793569837,2.4145617656569525
-347.67875397945096,64.21803205410609,175.377040601451,0.9189469733535122,26.556540129661755,2.351966530982349,17,D06_px-1055_py-0118,0.5941983508864734,2.351966530982349,1.9141426488794313,2.338417109279707,1.8364510286543005,2.411414735606043
329.0644427994906,60.33682859410673,167.2139989760201,0.9152774750348238,41.32949648305953,-0.4256352153231943,9,D06_px-1055_py-0118,0.5918256243714839,0.4256352153231943,1.9893567612416079,2.042632648510123,2.4066446886870088,2.1090041258225125
366.7218288916592,71.62024807317843,171.02152116397704,0.957282771511196,18.59940188581521,-0.414108639580847,9,D06_px-1055_py-0118,0.6189865799200648,0.414108639580847,2.0077000665972307,1.9947637906135562,3.115334523717961,1.9220715833403004
334.1275964028368,75.2053411222059,164.45222428599166,0.9345503868574304,38.87222144911374,-0.3855892255843485,9,D06_px-1055_py-0118,0.6042876409555112,0.3855892255843485,2.1774878916553484,1.733806913481276,2.1145718669101186,2.780043140886123
387.44156197078223,126.57228586697022,170.6229992061129,0.998637663748278,0.5204696961214381,-0.2912221732103722,9,D06_px-1055_py-0118,0.6457269789647319,0.2912221732103722,2.2254745267772518,1.8432795359307255,2.800443137168091,3.117148752237399
-343.962223666201,189.14062972136645,174.03798568502705,0.9721812125194846,6.791513272173802,2.031856058581367,16,D06_px-1055_py-0118,0.6286200292208429,2.031856058581367,2.614354987396686,1.5387444812962823,2.2236067746990673,1.6980080981929428
-331.6123932177025,186.67755622126867,173.9728012619052,0.9578371706260927,13.235233440229932,2.021890223845302,16,D06_px-1055_py-0118,0.6193450587543793,2.021890223845302,2.591373729344719,1.9839473423305893,2.1992636869658386,2.279210267738633
339.79934396917434,207.23652068945108,170.36344775590365,0.988452816396179,5.882416826055248,-0.0593276303689275,10,D06_px-1055_py-0118,0.6391413764477958,0.0593276303689275,1.7651732004074465,2.4307042221848794,2.779737435332425,1.4014190643637758
243.43870892618185,215.84512894125552,171.97654701892378,0.8880470666458989,43.06692449598427,0.1184111824861258,10,D06_px-1055_py-0118,0.5742182278319232,0.1184111824861258,2.5656114830967045,1.8661665558722784,2.5634216121607833,1.8952501764867384
332.6458285705474,230.06918083168608,160.1636273967544,1.0236203287545445,7.801264504411051,-0.0018903956315801,10,D06_px-1055_py-0118,0.66188096692913,0.0018903956315801,2.4625013159310853,2.304275131603352,1.8739998265762807,2.3820259906423735
-245.83851377340184,245.11411279013925,161.9374642165095,0.9483267974601698,37.898705314944834,1.7506904580673743,15,D06_px-1055_py-0118,0.613195576558596,1.7506904580673743,2.5283411985792235,1.3971656873915417,2.3176418974392194,2.5806299831090533
280.82958499870267,253.7255834600534,173.59845379418837,0.9562797169729652,14.55231294533877,0.1277581724445242,10,D06_px-1055_py-0118,0.618337996955271,0.1277581724445242,2.3670314996437574,2.3240748519306793,3.069995995186654,2.12318230046789
317.4964278401012,259.3367673748391,173.86142610912484,0.9926890600317092,2.5273715035241366,0.0779324359104279,10,D06_px-1055_py-0118,0.6418805649485201,0.0779324359104279,1.9280324779462914,0.8752883927516788,1.7861913579782482,1.9457542505009702
-162.43765351170342,274.37727013845074,172.1334626374326,0.8777118062929037,46.22779920427786,1.4983502041563654,15,D06_px-1055_py-0118,0.5675353670839074,1.4983502041563654,1.8464213694626395,2.4365858798430695,2.088460043875977,1.9011822090232875
-244.2037705705054,273.95493633752983,159.84605539446855,0.9804349937362776,28.49248415078733,1.6918608386449732,15,D06_px-1055_py-0118,0.6339569891650044,1.6918608386449732,2.392785981783131,2.2433957542067726,2.2476914897994043,2.1794394887938338
293.8590372343999,278.9318921255092,177.6540499851031,0.977335533100947,2.0303589281063523,0.1523641560157498,10,D06_px-1055_py-0118,0.6319528535058705,0.1523641560157498,1.8156732481651983,3.0207363759467087,2.30129472045909,2.100620300189929
211.1675468523497,286.3315331378892,155.67968545502728,0.9782882647136544,36.86951911257529,0.328368233216931,11,D06_px-1055_py-0118,0.6325688972706616,0.328368233216931,3.4304514679191573,2.6331746944498264,1.8280875508377639,1.4493324845993878
146.6181077423423,298.643037546227,175.57425435479314,0.8888396387498584,37.09311478623823,0.507437227976757,12,D06_px-1055_py-0118,0.5747307111968912,0.507437227976757,1.3446428422163879,1.3118293913638985,1.5986138053671237,1.8721534101088608
72.38490527887366,308.6449245461308,171.67822748447648,0.8761742928952155,47.43651122619207,0.7334551633101337,12,D06_px-1055_py-0118,0.5665411988110219,0.7334551633101337,2.6059206208822205,1.6161245295377455,2.7281636908203923,2.651579602794044
-59.77412578657383,312.543631862385,170.47086907345155,0.8814805950290056,47.61184878709827,1.1527853937727577,13,D06_px-1055_py-0118,0.5699722955648392,1.1527853937727577,2.063019346694645,2.0789461074582256,2.5286709991323413,2.0292350525935112
170.47052900757254,320.2026088817687,172.0687634481046,0.9403780831941704,23.74596708091366,0.474599387728181,11,D06_px-1055_py-0118,0.6080558753076211,0.474599387728181,2.0572398277634942,2.6596893156664922,2.055935064882118,1.654787562142658
-203.19395538441464,324.25185615529944,168.28205639418638,0.9759677367774536,15.336914969731254,1.5236051348353272,15,D06_px-1055_py-0118,0.6310684256299045,1.5236051348353272,1.7999108948603335,2.840885541546322,1.499274210636673,2.384550714336582
-93.721306008123,329.2086211644417,171.51909247513217,0.9140442959276834,34.71730871225236,1.2411661362383093,14,D06_px-1055_py-0118,0.5910282410478994,1.2411661362383093,3.271427856793876,1.5291775993058194,2.0687469983332893,2.4981563967793776
-210.70234596729816,333.295951596708,173.85035296020015,0.9747821995965208,5.94249991075975,1.5275611268802414,15,D06_px-1055_py-0118,0.6303018479510487,1.5275611268802414,0.7684980509356645,1.2601130241716918,1.845680477636238,1.659815569082579
-175.79904831187835,334.353080649823,169.1304052756739,0.9676188677042102,17.49175035462099,1.4478818263704063,14,D06_px-1055_py-0118,0.6256699811288202,1.4478818263704063,1.8012773146476668,1.9573854491468072,3.434535785141156,1.2962250760199332
16.562724730514272,336.07329026907775,172.53219178587216,0.902889467498741,37.07140375373518,0.9145735631502926,13,D06_px-1055_py-0118,0.5838154411267996,0.9145735631502926,1.3361725824498463,2.081095300207129,2.6345967002479735,2.176308439987631
64.80884488492532,333.38957192062725,169.79084905830496,0.9151699711734442,37.14111136914147,0.7718176379406273,12,D06_px-1055_py-0118,0.5917561115279816,0.7718176379406273,2.2826826017833985,1.92987279953201,2.5794052081258956,2.489006111913954
33.58371533483766,336.517342812144,174.51793658967978,0.8997843480520155,34.96864915540283,0.864348271348177,13,D06_px-1055_py-0118,0.5818076464356471,0.864348271348177,1.7767226892180008,2.2897806002645145,1.335792048894946,2.287217695503328
142.21161640278874,348.4397553699551,164.32065910881738,0.9792968637641852,20.954534600452803,0.5763143722694061,12,D06_px-1055_py-0118,0.6332210653607789,0.5763143722694061,3.272753444960662,1.508551106662112,2.7273336263058625,1.8318236751986263
118.11303159966936,364.37783581904006,163.27838877349842,0.9903583019410152,17.902671299550548,0.6503539927702296,12,D06_px-1055_py-0118,0.6403734784092918,0.6503539927702296,1.8323036537843995,1.9590187343828616,2.0971378417809943,2.268059144394103
-70.9546517526442,368.9462377263724,171.64848359421987,0.9581445018423704,17.14503701432011,1.1538141060575335,13,D06_px-1055_py-0118,0.619543781539462,1.1538141060575335,1.5896800848940495,1.6328708442301623,1.6239098181951572,2.45824911218998
63.86137459545292,370.8312772803692,163.7220443506545,0.9809192376822146,21.3168268607584,0.7932781374232069,12,D06_px-1055_py-0118,0.6342701051145052,0.7932781374232069,1.6433581756734914,3.5263417800832553,2.575944194889352,1.657071094580191
-95.94710948812244,-382.9414954042276,171.42443897352138,0.9818398783644908,7.045479379286064,-2.423274848388385,3,D06_px-1055_py-0118,0.6348653986309213,2.423274848388385,2.2459846675543442,2.0117733084545404,2.326653215967682,1.9404966981416618
-164.02252291038482,-369.6602342649962,177.15865806553705,0.977775483620088,1.3512879374013664,-2.59538803383926,2,D06_px-1055_py-0118,0.632237328976736,2.59538803383926,2.341733235340118,2.1922421872470235,1.7272833636804028,2.204302819184187
49.835897034224935,-363.8974921025928,168.6641219425882,0.9557395265777938,23.334209436526123,-2.0416721651851257,4,D06_px-1055_py-0118,0.6179887055910434,2.0416721651851257,2.207825929797493,2.279855997672309,2.6015770152455095,1.1501018343537617
129.00624447607487,-357.16010490717457,172.34607993853584,0.9612614791947816,14.595412039779376,-1.8311583254957773,4,D06_px-1055_py-0118,0.6215592436458274,1.8311583254957773,1.724769356004478,2.056971058331984,2.4545538756944847,2.3748918462990147
-174.94158522929868,-352.5095654567508,162.0716866911063,1.0060382861972264,12.825838061736649,-2.6384388034835986,2,D06_px-1055_py-0118,0.6505122797298576,2.6384388034835986,2.0130108501817103,2.2919932488057873,2.4708512690990756,1.878566657060567
97.1959458961501,-354.88750507709807,168.08288658982846,0.9582135950027072,23.316917918594072,-1.910452888699496,4,D06_px-1055_py-0118,0.6195884577211352,1.910452888699496,2.120505100206082,1.5755518322252984,2.034127852981991,2.1116460241312587
71.18409766308682,-355.0487341395253,169.4364895703462,0.9468656470793192,25.62701374254982,-1.979908168687408,4,D06_px-1055_py-0118,0.6122507852138569,1.979908168687408,2.3017129650920998,1.7577032973353504,1.8627404122181173,1.7145554309596862
-137.15492403910818,-351.4794779915112,171.45206154816708,0.9606612477417908,16.41423325398273,-2.54982436065969,2,D06_px-1055_py-0118,0.6211711292607114,2.54982436065969,2.5685748968467674,1.6673810494733328,2.508795968003981,2.1934686473657807
178.8987746539365,-345.48803339617496,174.11010829381948,0.967839461771447,8.614928647630165,-1.699978289459478,5,D06_px-1055_py-0118,0.6258126189901639,1.699978289459478,2.4182408114413967,2.8322453639294785,2.22103123556873,0.847639639502503
92.47484342449768,-334.1517616091595,171.4140920971805,0.9205363881710524,32.49888793216303,-1.907788020628768,4,D06_px-1055_py-0118,0.5952260790262273,1.907788020628768,2.1108332644790075,1.9793305753336086,2.546269877623465,1.1222469196856055
131.99015473565063,-332.0401470450114,164.01456050739662,0.9559285566736028,31.3162238862758,-1.7994155966562269,5,D06_px-1055_py-0118,0.6181109339398541,1.7994155966562269,2.5607060534578068,1.6254875064811318,1.3254949255369315,2.58521458135458
-87.0844874260923,-327.87945227904555,172.21825003972802,0.9077502222012902,35.85097084095031,-2.437381294837885,3,D06_px-1055_py-0118,0.5869584434023045,2.437381294837885,1.5467567425180773,2.960709929429695,1.5500095126294926,1.8899849689002575
191.82640630451155,-291.496387769796,167.15794688896415,0.9356887490265816,33.88414447561655,-1.595745130632784,5,D06_px-1055_py-0118,0.6050237149001838,1.595745130632784,2.1707080587719103,2.290878098325786,1.5720588456389357,1.743197292931585
-286.1610678725934,-272.82708707754654,170.6320363550007,0.984676095683732,7.161046029158058,-2.9870232798605505,1,D06_px-1055_py-0118,0.6366993190884845,2.9870232798605505,1.875135703627063,2.3941028130046957,1.2873945383520258,2.7320002814187125
-248.3501595073325,-255.26698116801967,170.58031080451755,0.935753483963315,28.09018323351654,-2.9494405998623794,1,D06_px-1055_py-0118,0.6050655730201484,2.9494405998623794,2.1580896374861096,2.1214278702698204,1.9780917077636002,2.5652721742147895
272.70077240534613,-248.47803430909187,170.35332807811025,0.9531310564478258,21.49174730658752,-1.3459342880724106,6,D06_px-1055_py-0118,0.6163020482598729,1.3459342880724106,1.1356582343836905,0.8678516238387832,2.0923619357674275,1.9867682974029632
285.42978399607296,-237.82178587254464,172.8947936940376,0.9494455468105304,18.642179616282363,-1.3016426087767818,6,D06_px-1055_py-0118,0.6139189687001617,1.3016426087767818,1.923983142835556,1.6586103556554082,2.379531760716085,2.38237167438436
-280.66666019341017,-230.7049489918637,167.08027481979286,0.9550536482678204,26.359938079010647,-3.0605662976180525,1,D06_px-1055_py-0118,0.6175452112736206,3.0605662976180525,2.373808293893235,1.954517077052354,2.673118179297412,1.8470899824048226
-308.7908952148828,-218.88259895644265,172.51047731738683,0.9592702059136938,15.16458894046957,-3.1319395346810994,1,D06_px-1055_py-0118,0.6202716706583798,3.1319395346810994,1.3703982617730706,1.7587473465535783,2.5571219950383215,1.019812360148605
-312.04479640568275,-205.0854569158029,168.60024420430418,0.9636726148320652,20.11713585972501,3.11605473553626,19,D06_px-1055_py-0118,0.6231183029397594,3.11605473553626,1.9664630075633398,3.368002778698564,2.158661535407414,1.4941317130004799
-296.4862414286758,-182.55769544123496,169.4203014341071,0.9281976704087812,32.936432103004904,3.0865240148933006,19,D06_px-1055_py-0118,0.6001799244638171,3.0865240148933006,2.5260154392593033,1.4669716242643647,1.649099683255177,2.5608603574607423
-333.377504463785,-182.36535941188177,169.34325795205825,0.9697964125997024,16.16908124602537,3.035168309594865,19,D06_px-1055_py-0118,0.6270779988092756,3.035168309594865,2.1294520876892675,1.8405297690423843,1.5334676964825569,1.1188757389080606
330.4343374357469,-181.81027578892443,169.56426175671766,0.9656738601256696,17.568041730018876,-1.1099886006257325,7,D06_px-1055_py-0118,0.624412323909043,1.1099886006257325,1.7851399711055995,2.759302203647114,1.5536688461140424,1.8838674274586968
353.47653480218713,-174.21460999113168,172.98075656328095,0.9768331115513889,6.556414387820212,-1.0648992189675504,7,D06_px-1055_py-0118,0.6316279837746956,1.0648992189675504,2.2770849444538985,2.55002385280035,2.365497596958585,2.7188999445920583
-360.0556306351153,-83.46081652432451,172.4241443398879,0.9482817571925009,19.93115520688309,2.762390192893406,18,D06_px-1055_py-0118,0.6131664531667699,2.762390192893406,1.3574195179726618,2.0188721530514497,2.029592224200173,1.343017282395984
-332.3374171720115,-83.08542383603331,176.36046908920815,0.9009315834797632,31.59467035266141,2.779594813816422,18,D06_px-1055_py-0118,0.5825494578992167,2.779594813816422,1.3579317369229904,2.70606804816319,2.252553987595136,1.4692458485967919
322.3714015412319,-78.36965091672045,172.58581797827387,0.8958566788403708,39.44037964112323,-0.8454570154373156,7,D06_px-1055_py-0118,0.5792679845878367,0.8454570154373156,2.405067158642982,1.461600090666522,1.7543405708638442,2.2612637917978446
392.0546678040502,-40.51133878625164,155.95996418134456,1.0239597326106085,15.713808459387565,-0.7099449481423312,8,D06_px-1055_py-0118,0.6621004281357128,0.7099449481423312,3.06652342612336,2.110669050953712,1.3565565231343935,2.019196602546563
368.92774643348656,-43.95417868382616,164.07621973815546,0.974024914471144,23.68026375752669,-0.7255609193511336,8,D06_px-1055_py-0118,0.6298121814243637,0.7255609193511336,2.2094261320620934,2.3309737958828936,2.5558891059592845,1.7298159463967355
374.7670593969659,-18.15277906866999,160.1245168515735,0.9898235623201252,23.89167127294309,-0.6553792028678908,8,D06_px-1055_py-0118,0.6400277115586466,0.6553792028678908,2.6401101133489915,2.935901755763873,2.35891319122772,2.318341813319015
-363.26301959318914,-15.114996682066336,172.49413188658778,0.940282938789708,23.062515881074034,2.5761980946941927,18,D06_px-1055_py-0118,0.6079943541863084,2.5761980946941927,1.816174887729175,2.1471258879424697,3.0553452571378132,2.0936220762137876
-358.9858338383599,-2.8468157793839475,172.8510118646158,0.9332460179455544,25.24963758702222,2.5425431174186044,18,D06_px-1055_py-0118,0.6034442257434715,2.5425431174186044,1.9443711997798026,3.0079548280207424,2.800944582043598,2.052342562296891
-343.2129001120476,1.3642167564321774,165.58443676762374,0.9322859085068246,37.81764972672551,2.5306383015453124,18,D06_px-1055_py-0118,0.6028234114182641,2.5306383015453124,1.689351707024216,1.9356349714186267,1.7553326877747413,2.151703953458855
382.6657212868073,22.15546703934277,155.09277339771083,1.0140044313378953,22.166251401409227,-0.549146390860191,8,D06_px-1055_py-0118,0.6556632519216848,0.549146390860191,2.7850256600497882,1.7566511117196724,1.6920921680728718,2.142245096360792
-324.50793309429173,48.75915867495477,170.1228799827027,0.8975306771988689,42.810973349000335,2.3854731341932065,17,D06_px-1055_py-0118,0.5803504051113804,2.3854731341932065,1.9941742957238269,2.4422455413223094,1.411600911443963,2.715166226701798
344.3594866076088,48.16042320054215,164.55406009598218,0.9414746350647398,36.07367212670477,-0.46802572833983,9,D06_px-1055_py-0118,0.6087649143839196,0.46802572833983,0.9531096306939493,0.8722312210294381,2.592775701126669,1.6317992592294814
-319.1033866581819,88.18532802927332,172.52132141918497,0.8950139502324816,39.833923766278815,2.264989036970953,17,D06_px-1055_py-0118,0.5787230696323793,2.264989036970953,2.360724293823977,3.0821558031445004,2.3144890707692465,2.7104819465487426
319.1054599233844,90.12902180189351,171.81644593617457,0.8977836255041768,40.00750832451047,-0.331707112357672,9,D06_px-1055_py-0118,0.5805139634778931,0.331707112357672,1.9647741330875705,1.1153780101339719,1.8720940443156318,1.3816261632008153
353.8016147616426,93.09258591399296,170.0976387464416,0.949874670641943,23.271913611627724,-0.3496904512609015,9,D06_px-1055_py-0118,0.6141964435494677,0.3496904512609015,1.2679403036931136,2.616507474982322,2.1736296414740406,2.0873113846262417
381.7333752231413,109.13720686465491,171.1518708518026,0.9851948619759048,5.979253243185951,-0.3285090673249352,9,D06_px-1055_py-0118,0.6370347574589703,0.3285090673249352,1.9894692850357085,2.043547887789388,1.958385803435833,1.0738539135057863
321.5527454188948,131.6830457049945,177.55422669975005,0.9045658207169532,28.35185386567844,-0.2182912552587994,9,D06_px-1055_py-0118,0.5848993843211822,0.2182912552587994,2.521412560867768,1.413050146605821,1.6788947804858867,2.786274100006836
-338.3623305683702,129.38432062089365,169.77186865098346,0.9461132645953796,25.35628073897749,2.169384628498053,17,D06_px-1055_py-0118,0.6117642887737399,2.169384628498053,1.8925782230040187,1.6052549336347666,1.8852473429068999,2.635879190635543
316.35482666833923,141.16578971450804,172.3331573312518,0.9175544725605188,32.09113744722032,-0.1872683880019622,9,D06_px-1055_py-0118,0.5932979489059487,0.1872683880019622,1.3021399214037488,2.3731238027942982,2.664343859129535,1.4238232518016698
-342.8188634774521,150.19742413843477,170.76657399905497,0.9587747441490556,18.412112312700344,2.121678431698415,16,D06_px-1055_py-0118,0.6199513011789517,2.121678431698415,1.541858275278765,0.9396812981188483,1.740798183015193,2.004888054679039
-288.9071370075416,178.09457053052964,171.28580844327738,0.9105848474030332,36.35104178385819,1.982191363390855,16,D06_px-1055_py-0118,0.5887913343841533,1.982191363390855,2.1379099089972353,1.962443627150992,2.056839357756788,1.2777257339802883
282.30011415509404,185.54496591400047,156.73117931360628,0.9508858810268912,45.86530520612354,-0.0255165675471076,10,D06_px-1055_py-0118,0.614850300148987,0.0255165675471076,1.8972898251028203,2.426938554155713,2.4169429546031846,1.5727477497871791
-279.68076308951754,198.04361472948185,161.92710279795568,0.9422234033246324,40.2534645518798,1.9184676087992345,16,D06_px-1055_py-0118,0.609249073838301,1.9184676087992345,1.9108274093649427,1.4693670725609684,1.885072757569418,2.2858556443659594
-338.4866698060959,210.7857265805737,173.32994827006786,0.9813606350389406,3.8388273958177024,1.977647996155425,16,D06_px-1055_py-0118,0.634555516121949,1.977647996155425,1.6643151787586492,2.3864312699372427,1.275421122768375,2.9851226884154376
-271.2181419591332,212.74339646787,171.40143133396737,0.9177678602902204,33.54551630109114,1.8694572820827149,16,D06_px-1055_py-0118,0.5934359270926828,1.8694572820827149,1.3003291113935345,1.8092751410765366,2.114490788101299,2.2726365465340512
-301.4254366277569,218.2088781414913,167.6220488160409,0.9647806556577652,21.362147430948653,1.9080110747875083,16,D06_px-1055_py-0118,0.623834770864936,1.9080110747875083,2.19110176058269,2.1101908412263626,2.6092224141188414,1.823574996304751
282.27284695876574,233.840894724109,172.36525319430214,0.9445118415620668,21.574714963320616,0.0848529450462234,10,D06_px-1055_py-0118,0.6107287960270871,0.0848529450462234,2.2884988303818936,0.7643428860005772,2.427069204406055,2.332959315879292
-272.3333059471167,276.63478938059563,170.64168354337426,0.9761680614235454,11.035856275904791,1.7413795387018975,15,D06_px-1055_py-0118,0.6311979571238876,1.7413795387018975,1.8070744177851323,1.770653303044782,1.491472368837408,2.5206158173482685
-143.0282864752073,297.89769059681385,168.30354582290525,0.906164848792876,42.76454582126871,1.4114387885583723,14,D06_px-1055_py-0118,0.5859333284695231,1.4114387885583723,1.6267427609113119,1.9403762993689377,2.5260094691141237,1.6617808329631991
-187.19490857648,308.1606702678062,172.4166278745043,0.9365265662894636,24.689292547240257,1.5097026588084457,15,D06_px-1055_py-0118,0.6055654541412763,1.5097026588084457,2.4575081587178387,1.6533255131611073,2.176392707882738,1.7847431557353541
-36.45027771659189,320.2801913427603,171.84871385080828,0.8838719461886921,44.65842786955767,1.0771366966056335,13,D06_px-1055_py-0118,0.5715185620597283,1.0771366966056335,1.8541186356353196,2.1877637937882017,1.469988321106588,1.0276841039688933
-73.46635679865611,321.16353047306274,170.96915662521874,0.8970515875367422,41.61833468649775,1.1886982514012745,14,D06_px-1055_py-0118,0.580040621962388,1.1886982514012745,1.780339130724046,1.850278295044546,2.375227559828205,2.274160489452107
-106.95149573033063,324.48689990184255,171.16356751598232,0.9141552817812042,35.259245866174865,1.2822053000953764,14,D06_px-1055_py-0118,0.5911000053749456,1.2822053000953764,1.3496705119377872,2.002859701827636,2.8057853269187607,1.4544827022882236
129.6583648225245,335.11311192225776,161.71192841627806,0.96520199762949,31.5653695718255,0.5946462289818449,12,D06_px-1055_py-0118,0.6241072139024755,0.5946462289818449,2.123496325064809,1.9051983271722062,1.6515382796306224,2.2916302283270826
-111.92001720084468,340.47305754440896,173.11559321035173,0.931712735967058,25.40556386938948,1.2814088601633484,14,D06_px-1055_py-0118,0.6024527935395634,1.2814088601633484,1.4904327448231394,3.136969048785742,2.0086503407129914,0.6335635074709471
-161.5253512876524,342.0012384154625,171.57241203697822,0.9614930939565528,15.84737363549658,1.4050554860772553,14,D06_px-1055_py-0118,0.6217090075750595,1.4050554860772553,2.1155792917967124,1.9498936605435777,1.7776757718076523,1.8189854164537145
-119.3869163802854,359.47999831815105,171.38316931974285,0.9627046489315516,15.657035580641718,1.2844659810119103,14,D06_px-1055_py-0118,0.6224924085644827,1.2844659810119103,2.254213851467936,1.519251173263165,2.040644938388864,2.7459216131500543
103.90771959055586,370.47441389772,173.19178033640387,0.9651295260158522,11.430613481587557,0.6903704105880718,12,D06_px-1055_py-0118,0.6240603531862879,0.6903704105880718,2.1417394321372196,1.5559481342521069,1.7925902855086562,1.0827596941455142
-102.16581679598632,375.7961869491172,172.27097726343314,0.973241210616048,9.45129491454071,1.2292660580289994,14,D06_px-1055_py-0118,0.62930543233896,1.2292660580289994,2.033820662521459,2.744609808556381,2.4912626998026512,2.2017714784715716
13.719273809267108,-360.7074030265705,168.1150909682393,0.9490732290859436,27.002919634201987,-2.1397598269629268,4,D06_px-1055_py-0118,0.6136782251269521,2.1397598269629268,1.5739134817224176,2.0514755787007113,1.7593529386026674,3.0841382341919426
82.32162160708727,-348.54721096073007,164.32959446960737,0.9561105007816628,30.696677207316498,-1.9458412155676317,4,D06_px-1055_py-0118,0.6182285804331749,1.9458412155676317,2.661613507277341,1.2302495112652831,1.9916129034260655,1.9242834470200285
-211.1176905632448,-334.9000436009594,171.24178594193415,0.9836294191536848,6.545793834595884,-2.7402418543380325,2,D06_px-1055_py-0118,0.6360225298002017,2.7402418543380325,1.2475529392859694,1.9461363233855993,1.6918416403386267,3.040593608458439
-108.82982019590136,-330.74920506423047,171.8530804886303,0.921359256666714,31.466225836321144,-2.4956577266931497,2,D06_px-1055_py-0118,0.5957581522766937,2.4956577266931497,1.9869162474896753,0.86464331956566,2.5357784386148676,2.166900022035574
100.75912765627068,-315.9020234395867,151.73358011660272,0.9573854166345992,52.06188822021386,-1.8690194156839663,4,D06_px-1055_py-0118,0.6190529510653227,1.8690194156839663,1.9148038342358604,2.2808152069964067,1.9160693310647596,2.5155564333642397
192.4369599515348,-317.4059414235993,169.03914810469945,0.9596536641690075,21.04983625669212,-1.6327513044716242,5,D06_px-1055_py-0118,0.6205196177865039,1.6327513044716242,1.3579229914668653,2.2743363698630144,1.6811387606669022,2.995619141236287
-124.44337646136329,-316.1048474742521,170.14849275414662,0.9142778053359388,36.87773196230768,-2.552819978592869,2,D06_px-1055_py-0118,0.5911792300704711,2.552819978592869,2.2419854545369406,2.439591804740907,0.6836564415648594,1.964400766079002
-192.45324184765724,-306.9361043267494,170.23297684051653,0.9448597316333384,25.072803835786715,-2.737822150023128,2,D06_px-1055_py-0118,0.6109537444872633,2.737822150023128,2.3995617468674055,1.789278303924394,2.2623317694481866,1.4510212540238294
-254.7963948201128,-305.2461543416111,170.13175233065982,0.9886220093495914,6.224191510120534,-2.873334495591124,1,D06_px-1055_py-0118,0.6392507779440894,2.873334495591124,2.6648923663741515,1.8124931209305641,2.3345143661392838,1.9607881947703114
-237.0633826709717,-293.91393817068524,169.77393917607245,0.9656584754951884,17.20608914753433,-2.856512588951385,1,D06_px-1055_py-0118,0.6244023760857996,2.856512588951385,1.5925389367754883,2.513363462728576,2.36586809235393,2.066699642556641
-283.17284716628524,-289.650756539106,173.09311101285672,0.989233349687904,0.5456613742277341,-2.9518657707524314,1,D06_px-1055_py-0118,0.6396460754219515,2.9518657707524314,2.289004470181511,1.9941896001366932,1.8366199420766722,1.168706813531556
184.2207938174298,-275.51757983302946,170.3769023366972,0.9016498927831852,40.98274060938184,-1.5884115575872682,5,D06_px-1055_py-0118,0.58301392235244,1.5884115575872682,2.0896533365077437,1.813375947784654,1.7406451143724144,1.9446393303611214
287.82171001226584,-267.1795876696625,172.70055585985114,0.975981196592926,7.445770575908284,-1.355201904573437,6,D06_px-1055_py-0118,0.6310771288526027,1.355201904573437,1.915649192953449,1.35496637110682,2.163720396872102,2.7430769378682767
-235.4859633161329,-259.8983481549293,168.43844464323985,0.934450082308784,32.20193164196672,-2.9139341666393843,1,D06_px-1055_py-0118,0.6042227832443263,2.9139341666393843,1.3528238050701162,2.007456557043522,1.3702048368166257,2.1517825487365427
-309.1143665832693,-242.1206604950844,164.5358664972686,0.99817291797567,11.981888204956704,-3.0841147325790046,1,D06_px-1055_py-0118,0.6454264706876793,3.0841147325790046,1.6861841232929082,1.983101637925702,2.306443705338884,1.8794312835288536
247.9679095846587,-230.3763773452492,165.25454806285066,0.9265659120094776,40.4871342583636,-1.3556183808564026,6,D06_px-1055_py-0118,0.5991248166305837,1.3556183808564026,2.028550777129307,2.075962864468515,2.3366721978003637,1.9920575918965158
299.3197967316188,-208.4613240223213,170.1646497392087,0.948280834981534,23.806633242470355,-1.2153190862570011,6,D06_px-1055_py-0118,0.6131658568578952,1.2153190862570011,1.617193033719664,1.726702570398007,2.161120836585175,2.2509379172976915
-275.59734001348323,-204.08047496075923,172.3527680884066,0.9126069510088624,33.87690818393128,-3.111177341697904,1,D06_px-1055_py-0118,0.590098842502408,3.111177341697904,1.8525138412974855,2.6959199198110175,1.8753209804413382,2.2626186922771154
349.5389536273888,-134.54618766162946,165.6567534510698,0.973310467380338,21.177378472593432,-0.9744228197839896,7,D06_px-1055_py-0118,0.629350214308238,0.9744228197839896,1.80706770282878,2.146933212442753,2.5966790267033697,1.394689919207741
304.0302661694208,-130.8896159165133,157.04798455584873,0.9402654268001132,49.26837778578073,-1.0135122165465278,7,D06_px-1055_py-0118,0.6079830307959064,1.0135122165465278,2.6031927013013236,2.4753815433851782,2.0735576075986937,1.6447450761824962
362.25709534933947,-124.58340316064525,170.25902216871944,0.9710506683746404,13.997526724249669,-0.9382176206318456,7,D06_px-1055_py-0118,0.6278890104722645,0.9382176206318456,1.7084930067470971,2.054500030623077,1.9896870536258329,2.0835000761533577
-323.5598605237412,-114.37941251175124,170.85369923142423,0.917180048375605,34.662846414661885,2.8744053244051457,19,D06_px-1055_py-0118,0.5930558432789005,2.8744053244051457,2.0238001859139403,1.207925658187196,2.378026665169399,1.2644164050083675
357.36888771518875,-71.84355283179895,170.4798716370334,0.947092907799104,23.748944058173265,-0.8053698126065206,8,D06_px-1055_py-0118,0.6123977337852469,0.8053698126065206,2.2227962282417493,2.337903347390621,1.9959354160054983,2.198222832411276
-362.6332965416088,-49.97490196364774,172.4456401744494,0.94365465464681,21.785646195588413,2.6715616217467346,18,D06_px-1055_py-0118,0.6101745322162077,2.6715616217467346,2.851691376421912,0.8868738762202237,1.495780325334789,1.5683533363478341
-365.4732223602311,14.02349208732814,170.5693713421415,0.9484317848085324,23.05098246783149,2.4962611578831244,18,D06_px-1055_py-0118,0.6132634622049606,2.4962611578831244,1.7461098150408887,2.2429871226563103,2.427253931083584,2.186037101670439
-346.94729087746043,17.712766665697036,164.5094277018836,0.94117683616551,36.263760728249565,2.483604215985296,18,D06_px-1055_py-0118,0.6085723552701194,2.483604215985296,1.9633608521535622,2.527053816094952,2.679064697087771,1.318245542351968
-362.1521761979503,27.817861260071,173.5585100337533,0.9368802849589702,22.621450222663725,2.457951028247363,17,D06_px-1055_py-0118,0.605794171418979,2.457951028247363,2.6765292973453265,2.720642043172627,1.8761697673348785,1.7420095154952415
-369.9852844807128,55.303885273711046,171.9721965885173,0.9552329221836352,17.814558830148485,2.386235775755967,17,D06_px-1055_py-0118,0.6176611311996044,2.386235775755967,1.9983873182223948,2.265163907182526,2.2220051982623814,1.7984903876890859
-362.286869895919,69.47638235370539,172.44103773235332,0.9473195028246276,20.29802328399802,2.3451417264616827,17,D06_px-1055_py-0118,0.6125442519134843,2.3451417264616827,2.0639094346105002,1.9798577361986578,1.4260447995561134,2.0031342746435694
-359.2557524407183,101.22909761172562,164.0974449117142,0.9760955861002548,22.749194610291624,2.2599597166094885,17,D06_px-1055_py-0118,0.6311510940090094,2.2599597166094885,2.080565044948348,2.399829295963035,1.9163053139929944,1.0381127314627854
-365.6585445246554,117.15508259481008,165.35270045738125,0.9856659364662096,16.258990557955542,2.2245521243903594,17,D06_px-1055_py-0118,0.6373393579347326,2.2245521243903594,2.4140926873125106,1.368019372300403,2.2438387036868663,1.8726425538269074
-326.4375943622522,141.32554802257292,172.02849122803372,0.931135527559328,27.45195440378376,2.126042538246998,16,D06_px-1055_py-0118,0.6020795660368498,2.126042538246998,2.202786348558426,2.004040812942428,2.092717057850082,2.0476816493613055
347.1304451749744,146.5050909411538,172.4069467825352,0.957411735883982,16.138223000970584,-0.2076134236323779,9,D06_px-1055_py-0118,0.6190699692992723,0.2076134236323779,1.5633722743695404,2.082137487716432,3.200879450925442,1.7353143235414341
358.5917126522136,153.60915032738671,156.17434089041194,1.0187656294184415,17.838458239963927,-0.2022597721112313,9,D06_px-1055_py-0118,0.6587418801012633,0.2022597721112313,2.009333856752093,2.0326359525652,2.225422201840043,1.7817947326768286
325.75195115551264,158.82533329887102,167.86836773750474,0.9516514497231016,26.38472740952432,-0.153329112011142,10,D06_px-1055_py-0118,0.6153453228978171,0.153329112011142,2.003276260030086,2.438774292950594,1.8055785563113216,2.2823492586182836
366.55616730062457,168.4063370532972,172.56938692452937,0.9887135510162164,1.7471976476854252,-0.1763126131841697,9,D06_px-1055_py-0118,0.63930996950674,0.1763126131841697,1.7539578536347087,2.2889468475527535,2.192014312356598,3.2320890210868525
-345.78897670899005,178.20868567724102,169.98200729243192,0.9789397486501106,10.96354637313044,2.0587465785770163,16,D06_px-1055_py-0118,0.6329901519152671,2.0587465785770163,2.4325178661985563,2.099758773491083,1.8159856601374367,1.9118635444492749
312.5332236139584,179.18916630034136,166.205447167052,0.953542591970744,28.48759098200975,-0.0863903870216252,10,D06_px-1055_py-0118,0.6165681503703753,0.0863903870216252,1.6696455553170717,1.6168975246784416,2.184776593215444,2.213095634127899
-295.94808901148144,193.7597586592508,168.01593651112643,0.939739518118538,30.870323930011693,1.954934932731112,16,D06_px-1055_py-0118,0.6076429741001773,1.954934932731112,2.2895092951330986,2.455929210649061,2.2108008434535824,1.6125839853988997
-308.1816042311092,204.7716132236372,166.59149524830158,0.9650070381314976,23.07583464967638,1.94814592450958,16,D06_px-1055_py-0118,0.623981151555511,1.94814592450958,1.6316567526000054,1.929489186101815,1.2571480062286984,1.2469303405511436
287.1565102780136,204.26296058577944,172.88394075595053,0.9242527671163324,28.666809905036985,0.0113098699157462,10,D06_px-1055_py-0118,0.5976291189236176,0.0113098699157462,1.5674397800661353,2.2134226881802697,2.290846169114582,1.5932771126476113
347.33994608799424,222.64049317461163,175.42952850317252,0.991493862545543,4.810259264449087,-0.0369662453550341,10,D06_px-1055_py-0118,0.6411077408402128,0.0369662453550341,1.810767024719153,2.3078877409810006,2.037419172850851,1.5758465244287214
-263.2207120052236,268.8878865820883,171.561601569993,0.959097755383185,16.890814275249454,1.7385649513330477,15,D06_px-1055_py-0118,0.6201601627870781,1.7385649513330477,1.5247334594545034,2.854708147467242,2.2391365814225503,1.9600135765394813
-178.9807142006524,270.0940108106439,168.732772863962,0.895344568725996,45.77937447965189,1.5490409787906128,15,D06_px-1055_py-0118,0.5789368501543412,1.5490409787906128,3.140498528881815,1.6967615577288586,2.52516378321494,2.6182114388639324
137.29275109651238,294.17966828675634,155.7820067149424,0.9348590838768156,53.35450497639152,0.5271647756764702,12,D06_px-1055_py-0118,0.6044872468796408,0.5271647756764702,1.9458485131873249,2.3272165715582114,1.9970565516189915,1.208022737421628
127.46146804566898,302.64904534264537,170.39615173628812,0.897110145122766,42.51670072207583,0.5652093377557276,12,D06_px-1055_py-0118,0.580078485758729,0.5652093377557276,1.3596531403636802,1.559181275944956,1.1908656110773288,2.097596085781744
259.4159812695305,295.82281093143524,168.56926938254378,0.9880321536154272,9.340300812713906,0.2438945830300984,11,D06_px-1055_py-0118,0.638869372580489,0.2438945830300984,1.1798821464449314,2.1707252197830034,2.259475439990057,1.6397752094364977
-198.6694695677956,305.6078169289036,168.9919818950523,0.951228057564845,24.621473858761647,1.5402481143635924,15,D06_px-1055_py-0118,0.6150715541935182,1.5402481143635924,1.3764818019926621,2.414239943800051,2.2345855531937224,1.3710895436990238
219.2542087651606,314.9566204235696,168.74113462424472,0.9760355445858464,14.487485625263616,0.3556854785560217,11,D06_px-1055_py-0118,0.631112270692887,0.3556854785560217,2.6025970125267124,1.4535073878466576,2.2714289819564035,1.448927478084168
-125.79221216405918,333.7834627509738,159.21314654934437,0.9690576989581008,34.38662728272351,1.3242239109758414,14,D06_px-1055_py-0118,0.6266003407502745,1.3242239109758414,2.13994557373013,2.5298296361922237,2.6476877620550314,1.458883086125696
209.83805342865944,335.87485087226275,163.6428820660451,1.0045419999721992,10.610201643935229,0.4053967604064371,11,D06_px-1055_py-0118,0.6495447692715329,0.4053967604064371,1.3562903580432084,1.8587627134147597,2.8437508255730135,2.281778928933483
107.2136555105161,348.50265008725097,172.18544173683034,0.9425000072394856,22.69556339462929,0.665364860839417,12,D06_px-1055_py-0118,0.6094279281082646,0.665364860839417,2.550130833638078,1.2760684841080399,2.266484851886034,1.768764832579158
194.4960261051629,352.15269984262443,146.62170665000068,1.0597643578492308,15.8515927270534,0.4592049165994186,11,D06_px-1055_py-0118,0.6852519808235231,0.4592049165994186,1.7812901217483523,2.1519361880036736,2.4226826539777804,2.6428686893931244
-7.30915187889685,359.23703676843564,170.4924432795163,0.9402208306643716,26.482347801249887,0.9841603085321978,13,D06_px-1055_py-0118,0.6079541945832827,0.9841603085321978,1.335024968675114,1.903213951378056,1.3830942760515805,2.4306561766016213
-20.45010422498448,364.49180580651273,168.35188747416274,0.953742510683492,24.69718968180933,1.0198638344553448,13,D06_px-1055_py-0118,0.6166974193846609,1.0198638344553448,2.190935354974264,2.3734492130230445,1.6830996179759676,1.9014418872273335
33.50823713323629,366.21478558746327,157.01008588822535,0.9896188881080172,29.65541583693721,0.8725719993084616,13,D06_px-1055_py-0118,0.6398953676010188,0.8725719993084616,1.9146683674693816,2.6396140893962396,0.762077245258787,2.1864430197602904
-31.065595103594973,377.32302892473575,170.1802953153287,0.9657726028041108,16.442405997210358,1.0459630841100616,13,D06_px-1055_py-0118,0.6244761717026516,1.0459630841100616,2.806716312010491,1.0256243679890118,1.987847521473364,1.626085211498212
19.10643884410984,376.4092259690957,165.7258064781795,0.9760276289409648,19.87247596626701,0.9131005710528328,13,D06_px-1055_py-0118,0.6311071523745605,0.9131005710528328,1.6495634895879525,2.607810561133656,1.87821831042237,2.0386115587198645
94.87951821561944,386.8774796249468,168.6687521989753,0.9934191465079024,6.629508435661876,0.7233190164179716,12,D06_px-1055_py-0118,0.642352644614418,0.7233190164179716,2.620246811709723,2.2328758188038895,1.9639676183756856,1.4242773084480445
-3.356640966805064,-398.4945170014118,165.1560862208569,1.003192652995433,8.44135466256273,-2.186198964694452,3,D06_px-1055_py-0118,0.6486722708884737,2.186198964694452,1.7905188596642145,1.6240112378493081,2.1667101453021136,1.451205013084294
33.76800234970294,-397.24064471629737,166.06544505084076,1.0008883447622,7.86141067566183,-2.0929733169991698,4,D06_px-1055_py-0118,0.647182287035407,2.0929733169991698,2.391555722641833,2.198685534408826,3.27292371816329,1.1931574567982923
-43.47785831717872,-382.12090998789176,170.60464033860427,0.9719326323486384,12.99470328944119,-2.291069007873726,3,D06_px-1055_py-0118,0.6284592953244779,2.291069007873726,2.6131078263216327,1.1020586783238515,2.0842612346045057,2.0748647596697807
-49.427673215327296,-368.7852637459738,162.89515719726765,0.9780591551076204,24.048063210141606,-2.3110101861370858,3,D06_px-1055_py-0118,0.6324207531948606,2.3110101861370858,1.2603163172168088,1.2916958410816477,1.5498572206622532,1.629821436857507
-220.37709066767647,-346.6704013020848,169.03155828046232,1.0064300852602568,0.3735688463834208,-2.7440299445421767,2,D06_px-1055_py-0118,0.6507656200899461,2.7440299445421767,2.015114816522666,1.676214157807194,2.379922461115994,1.2956988538992764
-7.74330554448957,-336.6954807497968,169.57513515599683,0.911714789067754,38.73725497077817,-2.200769754480624,3,D06_px-1055_py-0118,0.5895219635643386,2.200769754480624,2.4609172223223306,2.441360166554113,0.9083985191388853,1.9614996911053333
-222.27151012571247,-323.0006935096623,170.66220180026144,0.9807407103165168,8.922138438909315,-2.780501472752172,2,D06_px-1055_py-0118,0.6341546679137072,2.780501472752172,1.8646823895711453,2.19098911819857,2.379758342535554,1.901788102834797
174.59721281146105,-319.33236913754206,161.2838295838485,0.972408659639913,29.329894989499792,-1.6774258728154536,5,D06_px-1055_py-0118,0.628767098320357,1.6774258728154536,1.8022081599373165,1.8026717221494022,2.0332468309166023,2.2434546073133346
-206.9920387192671,-319.8033977034085,169.4674300510624,0.9706177390352384,15.58993629211642,-2.752213867533796,2,D06_px-1055_py-0118,0.6276090749515192,2.752213867533796,2.1136319623437205,2.2547225195840586,2.0568075966790094,1.469229764048113
-184.1401949207513,-313.6682702014695,161.12111120228408,0.9725937429920708,29.54108131169386,-2.708621811131814,2,D06_px-1055_py-0118,0.6288867746736372,2.708621811131814,2.0989864135574523,2.070960622668353,2.229190103499303,2.4571244867390867
162.09701259940655,-309.2167978677937,168.62589158185787,0.93174927042845,32.91890890886026,-1.694942083991997,5,D06_px-1055_py-0118,0.6024764170100564,1.694942083991997,1.2581800933055018,1.359495232799353,2.208459876974328,1.4940995383031346
-330.511230957436,-199.04010741876448,169.59771404174123,0.9761690014677736,12.898998271983316,3.0766625634922,19,D06_px-1055_py-0118,0.6311985649638896,3.0766625634922,1.1794326794232683,1.7107478570886516,2.267477638288843,1.88770851529067
273.5179665288566,-186.75516679892527,172.36913767550084,0.8956358278839445,39.86324653310879,-1.206061125676515,6,D06_px-1055_py-0118,0.5791251806199196,1.206061125676515,0.8701879996347155,1.8621758673749156,1.8424079490710326,1.2355008620041765
-326.38646685958685,-169.32296645815617,170.89111740759418,0.950058419758858,21.83256420342741,3.01317207798145,19,D06_px-1055_py-0118,0.6143152571757309,3.01317207798145,2.0513666024303814,1.7082470068364917,2.166095125137093,1.587368587720244
283.09211529685854,-157.4900937877869,168.400955736055,0.8962105714566125,46.01852313482277,-1.1146627750403175,7,D06_px-1055_py-0118,0.5794968143408684,1.1146627750403175,2.5286001849679165,2.9307417650001897,2.9678418755279674,1.580839377527588
-372.0241915518773,-151.95847520635903,167.89284643597736,0.999535300000789,5.1298644955329,2.922394655695317,19,D06_px-1055_py-0118,0.6463073976356717,2.922394655695317,2.586356185261507,1.9454619474755468,2.9288275266115837,1.4986548139059388
-371.182848572186,-107.76671043861757,170.35187708893636,0.9749430256863202,12.102798882666718,2.8171778835289127,19,D06_px-1055_py-0118,0.63040583936743,2.8171778835289127,1.6540994090322836,2.4774354601317476,2.0956063208158557,1.31163907698929
-385.9906666394305,-96.71154261940684,168.14204593684124,0.9943667459465848,7.145579019599779,2.7801132191540883,18,D06_px-1055_py-0118,0.6429653698750619,2.7801132191540883,1.536867749075134,2.1853378660783327,1.9304836820249562,1.299311757968536
-367.80746745735775,-74.62007599829244,165.34561113099974,0.975127112416786,20.943189461789643,2.734774536664581,18,D06_px-1055_py-0118,0.6305248712972743,2.734774536664581,2.021704286702647,1.604861604240559,1.7757667650728681,2.0576201876373954
333.40105167504885,-78.27265801764436,167.79123486077407,0.9248870331969272,36.88608939365764,-0.8375737827827568,7,D06_px-1055_py-0118,0.5980392403670097,0.8375737827827568,2.588844426413206,2.2449692785053887,2.460216277887575,1.8704391372601474
-333.8500436802133,-72.23833778540744,167.4257558182117,0.9246846789524604,37.56791884835093,2.747707549655241,18,D06_px-1055_py-0118,0.5979083965187317,2.747707549655241,1.9364936979548357,2.322915934984799,2.101852365870336,1.1173888394307367
-337.1087888301024,-36.39930555892131,168.49947525170975,0.9180566854853888,38.21690073474457,2.6421713736547128,18,D06_px-1055_py-0118,0.5936226837387569,2.6421713736547128,1.4447344420619732,1.803405213174546,2.2112379464392875,1.2284884411506254
-362.99325900792593,-30.97771942830141,169.2161563296457,0.9503483746323544,24.59426934130244,2.6197465050247546,18,D06_px-1055_py-0118,0.6145027442807097,2.6197465050247546,2.1815451605618925,0.9823088024710858,2.4729289342941163,2.534063265683295
404.18772068631824,-23.2182954228993,171.65823870822885,0.9928002146594678,1.450994874194066,-0.664360807176953,8,D06_px-1055_py-0118,0.6419524384063178,0.664360807176953,2.3530203038311415,2.2235057843480908,2.183172795449138,1.5204868457127496
-331.95081234722795,12.92102090707422,168.42934362542726,0.9083618740764504,41.7920623996697,2.495708257743489,18,D06_px-1055_py-0118,0.5873539423223461,2.495708257743489,1.7903434826527234,1.93638706516473,2.514533555386496,1.7767020521858528
395.718508150738,25.644168969083168,168.64231614201063,0.9914253969538416,7.620063646617325,-0.5422659526396918,8,D06_px-1055_py-0118,0.6410634704493621,0.5422659526396918,1.2014467125489845,1.420489664198838,2.201952478017465,1.4821286104576854
-335.58373196647784,90.91422922259488,159.72439282255053,0.9555419836142413,38.90491815619697,2.270049869669595,17,D06_px-1055_py-0118,0.6178609727548996,2.270049869669595,2.2273406834790817,1.6054999224146638,2.2428070634127657,1.8675759113370909
-325.9977584907122,112.32543517738856,165.89057613368016,0.9336146169909528,36.804581550510136,2.2027937902861234,17,D06_px-1055_py-0118,0.6036825647894284,2.2027937902861234,2.8775027412952676,2.197019268598665,2.867445794213462,2.476274122251037
-313.83456580060493,112.47741626730308,169.61115616665552,0.9066889910733767,40.46033235808966,2.1904772125065137,17,D06_px-1055_py-0118,0.5862722429964047,2.1904772125065137,0.9916699723511144,3.1620109197511455,2.397346498221686,2.5467277294747905
323.42868076270736,121.84102349691844,169.41667257281148,0.924656093123502,34.27188875368694,-0.2467045561904273,9,D06_px-1055_py-0118,0.5978899126965762,0.2467045561904273,0.8582786687115633,1.9493497643424214,2.5946268755271378,1.0359080657517354
-287.8751345682856,162.57084741013475,168.14554457269614,0.9068456802592738,42.78356915214317,2.020533580469407,16,D06_px-1055_py-0118,0.5863735594581392,2.020533580469407,2.51520266299282,1.5213875277740756,2.2985301892928973,2.020983016925965
-306.71836249590046,169.21667795908198,170.5837118972204,0.9278232347283144,31.1373645171077,2.03046527212812,16,D06_px-1055_py-0118,0.5999378114036538,2.03046527212812,1.979551425019522,2.030509178874503,1.97761098103214,1.7025845146477825
-317.0704077605773,220.50653289946328,168.82172207417796,0.9787648592527566,13.121971251843776,1.9269475552825013,16,D06_px-1055_py-0118,0.6328770670534539,1.9269475552825013,1.8236873891422685,2.2364951172862364,3.2590013730010066,1.8747048989075612
274.0265387675478,238.7794865398848,169.57788069320705,0.94823369972009,24.83205750553208,0.1097928721658106,10,D06_px-1055_py-0118,0.6131353788265932,0.1097928721658106,2.308051749855224,3.1795519392879106,2.13466339701095,2.606088232541672
289.86516450341605,247.83483699303045,167.43155498980036,0.976755775313348,16.506159092314306,0.1004103792937297,10,D06_px-1055_py-0118,0.6315779775540538,0.1004103792937297,2.0158665594206395,1.8519375902387332,2.899953045292402,1.9859597780582052
-261.91041612855935,249.1429974270644,169.51094332885225,0.9458284114031084,25.916882164984145,1.7741923153032406,15,D06_px-1055_py-0118,0.6115801004560237,1.7741923153032406,1.6822979827710423,2.2502806624037763,2.8002672385450627,1.3709620467765447
-301.78551246747656,249.9749736899709,168.07876847524665,0.9875146623973348,10.471134867613785,1.8428408422064704,16,D06_px-1055_py-0118,0.6385347586829464,1.8428408422064704,1.9186749324858186,1.607038645669625,2.172365845142483,2.1272393187137095
-204.2269576049136,257.0064372439933,155.74128655644165,0.9402878502975628,51.47660639977914,1.6352793675786734,15,D06_px-1055_py-0118,0.6079975300059719,1.6352793675786734,2.1358042218175584,2.161231712074901,2.3223927639599236,2.2043946733815405
281.646489957949,278.0265326090146,161.8847165992219,1.0091043103374564,11.702958774308854,0.1719507356241492,11,D06_px-1055_py-0118,0.6524947950879032,0.1719507356241492,1.7579305391115732,2.8802861961308466,2.1434656417144877,2.1919801258875093
229.0994202188224,286.87806447181293,167.4107480962582,0.9590420508679056,24.142155214830325,0.289933078611022,11,D06_px-1055_py-0118,0.6201241438087521,0.289933078611022,2.038160384619546,2.186132213648519,1.2322721479551055,2.3854734176226455
-204.6319260490521,292.20843766136795,167.17067997617934,0.9461526450358904,29.788358542066533,1.5747403010421404,15,D06_px-1055_py-0118,0.6117897524767469,1.5747403010421404,1.4268860072590375,1.494975567746619,2.7610008554635836,2.619154921378907
96.6923241022142,311.31192783145866,166.01613622419848,0.9061934021706616,46.463433382303606,0.6626672228601665,12,D06_px-1055_py-0118,0.5859517913084946,0.6626672228601665,1.5515034543695265,2.416322408828,1.899076485975939,2.181922039802754
0.1445831783485993,340.1846306200446,170.68308744151142,0.9134243908117646,36.31114188001243,0.9633917811402364,13,D06_px-1055_py-0118,0.5906274055173782,0.9633917811402364,2.1380855963826666,1.6990035423961778,2.355348110745732,1.3349960565842298
130.2012976185087,368.34205556332125,167.70568866508285,0.987134244644847,11.32393839094567,0.624045731692254,12,D06_px-1055_py-0118,0.6382887775678977,0.624045731692254,2.475440728946066,2.208744347833764,2.6737964936453817,1.8335302961876114
-45.88515147056805,376.3322492352927,171.3434582141188,0.963225110733294,15.502088198625644,1.0851451647284835,13,D06_px-1055_py-0118,0.6228289432648106,1.0851451647284835,1.3169710835465644,1.5505862545082079,2.269987074700771,1.4715959438794821
12.363894628064669,-389.8285049416123,168.686983400194,0.9836780580697592,11.13505485897366,-2.1460702463510417,4,D06_px-1055_py-0118,0.6360539801064308,2.1460702463510417,2.064228970022668,1.134341094150519,2.2363814296968347,2.218831395572145
-76.9928717250107,-386.7878181130059,167.1448181806001,0.9929942049429176,9.621073742969486,-2.3742646453891405,3,D06_px-1055_py-0118,0.6420778740515249,2.3742646453891405,1.5416058800618577,2.6837659916465197,2.1213718793825453,2.0818797284135897
-28.70945965407766,-387.7329283550887,168.9474532933012,0.9815075639885164,11.6557508960355,-2.251685403609884,3,D06_px-1055_py-0118,0.6346505215380034,2.251685403609884,2.5949994957443283,2.2441885665084724,1.9926504739261746,2.294790865813985
-8.531268887754164,-387.6183729549163,168.41573659766615,0.9816762168159482,12.536000806726976,-2.1997817601078085,3,D06_px-1055_py-0118,0.6347595737845837,2.1997817601078085,1.3850200451008292,2.2240314230444005,1.8331628438962606,2.257890141759844
111.42777016859048,-379.6682884144187,169.14409247513217,0.9890594124526556,7.815884974872915,-1.8923047989825883,4,D06_px-1055_py-0118,0.6395336062356554,1.8923047989825883,0.9898965276041483,1.5990566560128747,2.6668486670693063,1.8459503465744551
34.22646711058318,-364.9812551854677,167.9868962650664,0.9567212961462112,24.102611796347333,-2.0842733450024262,4,D06_px-1055_py-0118,0.6186235255267086,2.0842733450024262,2.0030492277238934,2.5372215275866026,2.222773141423774,1.5981611975134835
-119.24760071623032,-360.6685536270931,162.3226678984003,0.9892363128967332,20.15081479161637,-2.4970908352944337,2,D06_px-1055_py-0118,0.6396479914561196,2.4970908352944337,1.1532418472946888,2.381178699560401,1.9386385484450592,2.0800874737622204
150.35475239720105,-362.0208021047139,169.977167438644,0.9824959683083668,9.349980379978035,-1.7841321000666976,5,D06_px-1055_py-0118,0.6352896315562028,1.7841321000666976,2.676048275887725,2.7568065606471013,1.8493841234617685,2.171043137491467
-202.1451611948203,-348.5963058292224,160.0397340802178,1.0223234800970666,8.69253698021646,-2.7032722914075444,2,D06_px-1055_py-0118,0.661042414372816,2.7032722914075444,2.7753943601821662,1.8087948999333898,2.2814213946553044,2.0910345588603723
47.77897337015212,-344.2850080315159,165.0244632905147,0.9399425586816396,35.86288642562738,-2.039879229561054,4,D06_px-1055_py-0118,0.6077742617274903,2.039879229561054,1.6815301641468972,2.7141678448855795,1.996858672561071,2.656248869788318
110.07205529360984,-337.3352404995516,166.66853105064212,0.9450514770672772,31.081482177002044,-1.8623697655932068,4,D06_px-1055_py-0118,0.6110777285950956,1.8623697655932068,1.9975198786125394,1.2343962653043614,1.9389289852719844,2.4286283775605173
-159.84166025077718,-331.24927713845204,171.570257515345,0.9483156133517988,21.38171628499469,-2.627359709246208,2,D06_px-1055_py-0118,0.6131883448260337,2.627359709246208,1.691664243938504,1.814700962132847,2.2366032470003825,1.9569745747591845
-106.39637701961296,-308.6552620099385,169.30972206963014,0.8973760371663606,44.16769956591315,-2.509729715579661,2,D06_px-1055_py-0118,0.5802504136483668,2.509729715579661,1.6373803381637098,1.1641014891424137,1.7519159629588854,2.5004303443667935
-234.18645916450305,-315.7644520490448,160.68823558531253,1.0094452238290197,13.785827356565676,-2.815911009934278,1,D06_px-1055_py-0118,0.6527152324366902,2.815911009934278,2.8042703133830944,2.5412736933024727,2.123135909174333,2.1731904729254805
141.3469271363541,-302.3279929269358,168.1124184991107,0.911509837107016,41.19839554935942,-1.740441293048339,5,D06_px-1055_py-0118,0.5893894400122591,1.740441293048339,2.790468926405671,2.1645565105447426,1.9934596116957795,1.756816602554133
-190.0205077697525,-291.8278500714515,167.93864931520926,0.9324851538568552,33.79196237534916,-2.75495139753231,2,D06_px-1055_py-0118,0.602952245030913,2.75495139753231,1.6951748859943598,1.9278338797639547,3.063596670886727,1.6051559648505083
-203.1700432192806,-285.38313484334014,167.66250630877576,0.9361130119551072,32.87084974497611,-2.7964572950411686,2,D06_px-1055_py-0118,0.6052980466513971,2.7964572950411686,1.8636048923016078,1.8990335618928993,1.8621113997789682,1.6617380432744644
253.3824185912001,-286.7250585035204,160.03127734814512,0.9990546146065172,19.890806140499933,-1.4540327946046956,6,D06_px-1055_py-0118,0.6459965826737059,1.4540327946046956,1.9928185696418523,3.2735364105053906,2.7898159973906798,1.0922578235681906
-253.69447372258367,-266.43941385147207,168.87968073895584,0.9559150609471364,22.887882781043345,-2.938675732956155,1,D06_px-1055_py-0118,0.6181022074968243,2.938675732956155,1.907618001110245,1.59569423080465,2.784776733665332,1.6925548299312916
-347.0481243650791,-157.83774739923322,168.25023690602774,0.9743494500624316,16.109759224757795,2.9614521753754395,19,D06_px-1055_py-0118,0.6300220286938348,2.9614521753754395,1.8142677541078185,1.850307665009052,2.0407093081386423,1.8980973177798968
331.23263432217266,-154.2766898018616,164.9714539332529,0.963710810487994,26.46186971855849,-1.042866318506541,7,D06_px-1055_py-0118,0.6231430005517241,1.042866318506541,1.5667155100059995,1.559708533558812,2.44357377441718,1.8177839821115351
323.10063947785096,-131.31227338313474,163.82069273675296,0.9450360473298296,35.94972629910569,-0.9930020315392698,7,D06_px-1055_py-0118,0.6110677516053324,0.9930020315392698,2.2932553231994923,2.7985883324177996,2.4569652865873888,1.7115426825726758
-342.3274489333195,-129.29206266903887,156.9736561006914,0.9874531045416456,30.66075271667524,2.895735991264245,19,D06_px-1055_py-0118,0.6384949548886087,2.895735991264245,1.9573590680219053,2.6058279570374125,2.094911379249173,2.71718131409129
-336.9174455291607,-107.93247664837176,157.04268244823686,0.9716289765615648,37.17722981821947,2.8446361422342217,19,D06_px-1055_py-0118,0.6282629491008674,2.8446361422342217,2.492927030322548,1.4085771580477702,2.45950659418555,2.7113565796303924
330.7929407066737,-94.76143528411468,160.6194090484503,0.9480070584776494,40.28202315876757,-0.8859754439926404,7,D06_px-1055_py-0118,0.6129888308141332,0.8859754439926404,2.3623193427960913,1.2917930008679126,1.5662013473895213,0.7489031070524208
335.4570786802856,-25.81577943887012,166.78104877075495,0.91926060857951,40.612921240070136,-0.6837851733199871,8,D06_px-1055_py-0118,0.5944011498938936,0.6837851733199871,2.282693680682344,2.250848490063575,1.906742860651239,2.2062807096968786
408.1873171071475,14.327446375964952,169.69076735895854,1.0020705031704524,0.5608532630396326,-0.5718937606444341,8,D06_px-1055_py-0118,0.6479466799732355,0.5718937606444341,2.4915507023932957,2.9974227272684413,2.141478390748106,1.470478853058597
-328.84992569120635,29.73312901939275,169.02634288546545,0.9036962184240422,42.45250959961834,2.444442805719953,17,D06_px-1055_py-0118,0.5843370926293241,2.444442805719953,2.207643771240345,2.0906103435467296,2.1738623886532955,1.963322267019331
380.23314789473,64.36144455671585,168.34709196657064,0.9793888724851936,13.69225068192145,-0.4393005418815596,9,D06_px-1055_py-0118,0.6332805589244727,0.4393005418815596,1.0366118711389294,2.795370848503471,2.85388463639947,3.2471710985740696
352.5210222501143,74.94951423016477,170.27418958795377,0.942270758274098,26.038656167766703,-0.3974888403753729,9,D06_px-1055_py-0118,0.609279693921608,0.3974888403753729,1.6541934017271165,2.6153619705509987,2.425018280307265,1.9854947056599113
-326.45394002646765,76.73398004717245,163.77640565357768,0.926436078663439,42.99543686599344,2.3037509296469936,17,D06_px-1055_py-0118,0.5990408653664268,2.3037509296469936,1.6154297944856695,1.1267984415870378,2.1838055155169385,1.70103625528177
365.4649609146591,87.2506497784044,168.09035872713045,0.9679990464740584,19.161539927129184,-0.3726274458298471,9,D06_px-1055_py-0118,0.625915807715812,0.3726274458298471,1.9718546911019255,2.5073522467926783,1.4776390906703183,2.200017345077847
-315.45805326322284,149.7862154391458,167.34177498423088,0.935520813265696,33.63854347419056,2.091310566277996,16,D06_px-1055_py-0118,0.6049151263144802,2.091310566277996,2.5046355705004855,1.2626549615241756,2.94629294110082,1.2371319430435057
280.4990778207408,168.94817006392765,169.2866751199687,0.8988896539484194,43.68840154920662,-0.0648612173614059,10,D06_px-1055_py-0118,0.581229130181369,0.0648612173614059,2.5606004068830663,0.5570258738553802,1.46956572232552,2.040442088544845
268.7564449225785,196.7249708303966,168.2851754086849,0.9100309718108364,41.43933408702708,0.0248901994093742,10,D06_px-1055_py-0118,0.5884331940637401,0.0248901994093742,1.613920702943755,1.693229929531298,1.4172585287372295,2.1571079266414017
325.37028854011885,216.0481895011198,163.2312056236615,0.9993753442628778,13.826570783452098,-0.0208204109455276,10,D06_px-1055_py-0118,0.6462039689956764,0.0208204109455276,3.1432882979556105,3.147873975193991,2.6492775499875485,2.310211791183952
-248.76564585581545,221.7254746984052,168.5112811570704,0.9096330959196576,41.211362488733016,1.8066240296523608,15,D06_px-1055_py-0118,0.5881759243787079,1.8066240296523608,2.0962953455859266,1.9299802354949147,2.3939534487888485,1.8039295264777262
-279.06993297479283,233.4996077695293,165.69220107403748,0.9596990084527294,26.86405937431431,1.837887464139615,16,D06_px-1055_py-0118,0.6205489377575043,1.837887464139615,1.8692906934110458,1.3888446505516,1.526998358477323,1.4073587783167691
305.13192286272897,243.92523982938968,167.99085873697317,0.9863176790828488,11.182813926996973,0.0674010096244458,10,D06_px-1055_py-0118,0.6377607798439818,0.0674010096244458,1.8047992822852421,2.2434951234193132,2.479440435209031,2.1735955784834786
263.6796969808053,262.91444351804523,167.45661097885304,0.9655444166963086,21.32814307010335,0.176965419563674,11,D06_px-1055_py-0118,0.6243286247680809,0.176965419563674,1.4200082972177996,1.7613797461047147,1.9361639453302966,1.8078266803800684
276.7762668807112,263.5575736462631,165.54020771692663,0.9830016733535218,17.118912160181253,0.1539595728670854,10,D06_px-1055_py-0118,0.6356166244214925,0.1539595728670854,1.1629078905610606,1.356750818056918,1.9146925420866643,2.7599060814459055
217.5629675509797,277.37464519121187,168.9955092970561,0.935325689027906,30.927012266543784,0.2986823543955473,11,D06_px-1055_py-0118,0.6047889574454651,0.2986823543955473,2.172947201988068,2.1829791260751743,2.2768857040891746,1.9365948062380938
160.1006596925865,288.551671701486,167.1995143228484,0.9086776440149712,43.681549432328495,0.457263526286359,11,D06_px-1055_py-0118,0.5875581216516972,0.457263526286359,2.0186003024451304,1.4637156600141408,2.8425491939977103,2.416823619178679
-166.74000644281756,298.4067146529822,161.97435272706804,0.9408786423664264,40.68151451177664,1.473366445671633,14,D06_px-1055_py-0118,0.6083795408109637,1.473366445671633,1.6764080063252353,2.3180535407134926,2.0254752029789866,1.0300477065841434
-189.34493376998608,318.2063393095894,164.6843957804764,0.9707247804852128,24.01302008707165,1.5005799400860385,15,D06_px-1055_py-0118,0.6276782887961648,1.5005799400860385,2.630762484633148,1.6402382510764872,2.0675099790261235,1.6758502064223997
228.30012931997368,330.45466632660987,164.24064074433164,1.0092522403511637,7.20716985316011,0.3592468900074903,11,D06_px-1055_py-0118,0.6525904477999097,0.3592468900074903,2.3227357186472415,1.7181117319169565,1.8688664311262602,1.253793838296748
-97.54382924491638,340.2560208022637,155.62703164623716,0.9760730179797292,37.8771567715936,1.2430069737721832,14,D06_px-1055_py-0118,0.6311365012845239,1.2430069737721832,1.435273169066104,2.1125070400834147,2.0941676302797085,2.691485163250175
41.50513106506424,355.4578306919307,162.2429341768425,0.9617723077723715,32.03572843343642,0.8475778857934574,13,D06_px-1055_py-0118,0.621889549427544,0.8475778857934574,2.10230905091525,1.8925698411334593,1.995298681276139,1.6805878437808364
-131.41997692157508,362.8790725820029,165.6275270628401,0.9872630106652016,15.036371243442716,1.3112824887448735,14,D06_px-1055_py-0118,0.6383720386908608,1.3112824887448735,2.046484898876764,1.4787970603023175,1.255107032224044,1.207735414080024
-59.83668239571102,377.3652982131951,167.70227709708195,0.9768675664329723,15.972878466765335,1.1210719275921384,13,D06_px-1055_py-0118,0.631650262572505,1.1210719275921384,2.3517317387509875,2.22250558419769,3.2950276438540316,2.191350807872049
-18.73563283230457,382.5554114087119,167.32010911725348,0.9790561910094904,15.682845280239974,1.0127526467862364,13,D06_px-1055_py-0118,0.6330654444619788,1.0127526467862364,2.4424588761027684,1.7920275908275551,2.524727828763389,1.9454052644120967
-103.68676579928828,-392.415586362656,164.55060440188382,1.0131224488134247,4.709897187735521,-2.4360991078238823,3,D06_px-1055_py-0118,0.6550929550745898,2.4360991078238823,1.7965871238677054,1.849489286278194,2.5165276157599528,1.296826310536144
19.760183451753008,-375.6723996977303,168.2262355317349,0.9681881502084658,18.840321740076035,-2.1252247792699945,4,D06_px-1055_py-0118,0.6260380836799204,2.1252247792699945,2.1139508139463423,1.6452938944856221,2.995502842580074,1.8566472042978068
1.2640638843893506,-373.65671423843736,169.86534977760763,0.9604833935010244,19.258864103152064,-2.174392916441138,3,D06_px-1055_py-0118,0.6210561273077958,2.174392916441138,3.3435215650048464,2.2543939707478655,1.978505981671299,2.324638983728025
91.1522308339307,-373.8570090910224,167.13238384234714,0.9817373883227978,14.818190847219284,-1.9386260723694424,4,D06_px-1055_py-0118,0.6347991277627187,1.9386260723694424,1.8842423691988488,2.568194460289372,2.5816077219801397,2.087709773505301
-90.98868905231971,-361.78754448975496,160.00494069118093,0.9875243213172814,25.12615365705261,-2.42416350395602,3,D06_px-1055_py-0118,0.6385410042166606,2.42416350395602,2.6099402462837817,2.0242400833330354,2.3718501573772692,1.4978453193929226
25.750393547342668,-355.23434084073256,167.5258374691408,0.9443879093682552,29.880104659845244,-2.1054139561545893,4,D06_px-1055_py-0118,0.6106486604944396,2.1054139561545893,2.081791170271964,2.1611821652410743,1.87532803354865,3.2012349183580606
144.66423566836002,-334.6809315349176,161.15488203941285,0.9736251462756516,29.04721861895416,-1.7697844778868077,5,D06_px-1055_py-0118,0.629553688160458,1.7697844778868077,1.6688457718466156,1.476860804005648,2.1318112545523755,1.8610213262447513
159.60088941982016,-331.0206397450873,166.85379535936178,0.9610629971102044,24.271975910341894,-1.728511695729977,5,D06_px-1055_py-0118,0.6214309035666323,1.728511695729977,2.638821259838471,2.617285074678035,2.044369718509839,1.8785734156061813
-211.50689708928687,-300.56381416416974,166.89813640782145,0.9609845983706786,24.227250733453047,-2.790981044323404,2,D06_px-1055_py-0118,0.6213802103241618,2.790981044323404,1.6349993514227368,2.1770530959421523,2.0942500286109587,2.4734956542484676
-302.62968049882346,-273.28707353423823,168.546182814114,1.0043877164130597,1.546576170901858,-3.014079394472424,1,D06_px-1055_py-0118,0.6494450083070075,3.014079394472424,1.0527401449673688,1.5713463643016323,1.5654556105814397,2.5136412646898707
-299.6749034082988,-231.2459779475468,163.49280893110523,0.9842974463177032,20.23638636633018,-3.091354600978786,1,D06_px-1055_py-0118,0.6364544814260485,3.091354600978786,1.878856726111533,0.7002994995632112,2.950063722090091,1.1474786313222682
275.26752191846475,-233.16138861821693,167.4989492098731,0.9505171070429262,27.47979636326949,-1.3097500854621995,6,D06_px-1055_py-0118,0.6146118479863751,1.3097500854621995,2.4546709226001955,1.9038616648532838,2.331552141796683,2.4767787377068076
313.7700310730312,-227.83561129707184,162.91947150554506,0.9969653468295804,15.526997084767288,-1.2350233710055392,6,D06_px-1055_py-0118,0.6446456456734067,1.2350233710055392,2.6487975739363137,0.8562972966561462,2.0055030971978653,2.4996202321270458
322.0166480509946,-213.65184907698327,160.58377020525836,1.0019873613325998,17.509570514439645,-1.192773260497096,6,D06_px-1055_py-0118,0.6478929198060287,1.192773260497096,3.5161448809409768,1.7631967185936512,2.9144235181326996,2.1020156460096486
-292.0900131748049,-201.23975493602987,164.65831671246576,0.950618891429122,32.326430733352765,3.1378944935547497,19,D06_px-1055_py-0118,0.6146776625721753,3.1378944935547497,2.5894018817680706,1.6502814950868137,2.1835262037579684,0.7825490798918526
-356.66328618534976,-166.5833837412871,169.36470081055663,0.9860912938579554,8.797898038578182,2.971563753343674,19,D06_px-1055_py-0118,0.6376143973744843,2.971563753343674,1.840404216215902,2.643178300898354,2.1991749662173037,2.118699177125248
343.9422600069357,-165.93324722877048,160.67913657262338,0.9963037556601876,19.95653622299352,-1.056484825073161,7,D06_px-1055_py-0118,0.6442178556123767,1.056484825073161,2.514485256177603,2.1412210652774037,3.1750360112046137,3.333480421698206
-324.67701724587096,-128.03400543501817,167.42485771698696,0.935005759693918,33.69547422574669,2.91023300596636,19,D06_px-1055_py-0118,0.6045820886182441,2.91023300596636,2.3262574441954555,2.569450096133072,1.5111633258338053,2.5816071234503752
360.3341326326944,-110.47398356582929,160.34373936865794,0.9912475598610284,22.856924791971323,-0.9044690017557172,7,D06_px-1055_py-0118,0.6409484795844481,0.9044690017557172,2.9761880431615753,2.0621723051061167,1.9357411066287202,1.5745119684166422
379.775430307717,-71.33114185824157,167.1280446538006,0.9836734842525944,13.951279527304337,-0.7926409720124796,8,D06_px-1055_py-0118,0.6360510226402272,0.7926409720124796,2.7168984209451414,1.5685140509988704,1.8223067187232556,1.3759862552038593
-374.93590063558565,-56.594733308151646,166.97569686872507,0.9753509238091542,17.93952565004696,2.6844272344816784,18,D06_px-1055_py-0118,0.6306695895063887,2.6844272344816784,1.2770116387457413,2.340208206986082,2.14011270528497,3.0744789228134453
-350.6031955462683,-13.022419295295393,161.97392986638576,0.953218501202329,35.92617162240549,2.571738954771791,18,D06_px-1055_py-0118,0.616358590726877,2.571738954771791,2.4652317366178784,0.8192896813903825,2.34730620909703,1.0100193932183967
384.3363515952331,-6.014271178858927,157.53235351896998,1.0082447853290482,20.27789289627691,-0.622626712519897,8,D06_px-1055_py-0118,0.6519390194475765,0.622626712519897,2.0492454357225163,2.4953204087309615,2.1452772528507005,2.041003432390114
363.6554789164979,26.951948590329685,151.0662361257002,1.0033690928284913,34.57173297091856,-0.5330008233664728,8,D06_px-1055_py-0118,0.648786358274225,0.5330008233664728,1.9005014753779252,2.2176307487805316,2.2767191741248185,1.3583395238296796
382.2862929086549,42.67113916520875,162.34603947267257,0.9949076323078412,17.53170822635815,-0.4958187692689502,9,D06_px-1055_py-0118,0.6433151112564418,0.4958187692689502,3.1221438341693037,2.5201620111392105,3.1882158483681087,1.6115531465563973
-378.9942047360847,89.34417628140662,157.24418505961842,1.014879569567746,17.67617891471957,2.303099798664225,17,D06_px-1055_py-0118,0.656229123193971,2.303099798664225,1.6902264785807153,1.482970880111106,3.225856990394649,2.0164173607746854
401.2703547892418,97.38582840479658,167.2822012595628,1.0134466266951208,0.6161085448476911,-0.368889022189301,9,D06_px-1055_py-0118,0.6553025710462216,0.368889022189301,2.3028518763350947,1.5191510080594033,1.530367523883529,0.9596330388062819
372.5594482259675,97.46295779171594,162.74529297715284,0.9943034947389244,17.07631104374542,-0.3511098369943715,9,D06_px-1055_py-0118,0.6429244711460023,0.3511098369943715,2.1112912164477082,1.674013999547194,1.6722957079060907,1.8032540101258587
-327.59195409954305,161.13759094536005,167.9168382125199,0.9549796050001798,24.94192889522072,2.0774785067613464,16,D06_px-1055_py-0118,0.6174973343135761,2.0774785067613464,1.9586096930920722,2.196082472233713,2.0592645690422784,2.009669072723695
353.2515029911448,167.3338690434031,167.0280809563859,0.9892335300271442,11.586342174439665,-0.1645955757087941,10,D06_px-1055_py-0118,0.6396461920307246,0.1645955757087941,1.6283639043575457,0.8160808976019625,1.8079701198553606,1.9009627371562554
376.6479917136821,173.27416734838292,171.31580813600087,1.0045296607449872,3.686091548207002,-0.175805530864795,9,D06_px-1055_py-0118,0.64953679063003,0.175805530864795,2.1021456690433746,1.3800921250790843,1.8054416700609188,1.717864285144093
-349.1985772978958,183.92681827602524,159.53470248620093,1.014448820149732,13.545220515479173,2.0498255678144925,16,D06_px-1055_py-0118,0.6559505972275649,2.0498255678144925,2.066054507375924,3.245527131008891,2.112533476610091,1.2638348833873043
355.4041486467886,202.59186163990657,166.37711526179032,1.0117000205246405,1.97356370622714,-0.0888865876568277,10,D06_px-1055_py-0118,0.6541732017395682,0.0888865876568277,1.2874874030597954,2.3401347579874257,1.3060864603206515,1.8704838002089625
-177.40756772194536,286.1173502897418,162.4805778604931,0.9321052687356952,43.091794411225465,1.5188499122688852,15,D06_px-1055_py-0118,0.6027066083194761,1.5188499122688852,1.8881020682127438,1.847186168659149,2.484162949594869,2.5964688270759786
-155.22982274816903,306.76570150815115,160.8216644666106,0.947005581693514,40.31910182936923,1.4322694272063274,14,D06_px-1055_py-0118,0.6123412680375644,1.4322694272063274,1.823852724124796,1.7518748581153072,1.651842919617718,1.2572219345191036
231.3483182603645,308.70791469089573,166.9534828180604,0.9833898616135596,14.39478540716334,0.3206943889791251,11,D06_px-1055_py-0118,0.6358676300079259,0.3206943889791251,2.340382973277137,1.7363721772337588,1.9129183878529297,2.647273083814704
242.5344035768328,317.40246080483496,165.0394025916158,1.004591536593568,7.983083919262185,0.3113383013222057,11,D06_px-1055_py-0118,0.6495768000410761,0.3113383013222057,1.1247690558075991,2.3265161786656092,2.1110891485554335,2.3913077871167188
44.67274420566643,320.3599556939471,166.50377768858954,0.9009912580951344,47.44982070198574,0.8252647661645479,12,D06_px-1055_py-0118,0.5825880439755319,0.8252647661645479,1.896765995970653,2.1514509946223583,2.270819902458097,2.273132619711421
-27.938990601882097,328.14664586223216,166.3999323712584,0.9100345154512716,44.50992080387124,1.0487537340303046,13,D06_px-1055_py-0118,0.5884354854095563,1.0487537340303046,1.7634264105993822,2.011759344555875,1.7566659831906148,1.876425443625803
49.67814658833862,331.5441911888008,163.0828727036013,0.9283217632965748,43.46642175350718,0.8150846135294326,12,D06_px-1055_py-0118,0.6002601639024591,0.8150846135294326,1.9771926576381784,2.410242426062055,1.842323848870758,3.3167077828622045
197.20630318252827,341.66148188530525,161.93430428309975,1.0075204896728052,12.372737477502596,0.4403322745350463,11,D06_px-1055_py-0118,0.6514706841714688,0.4403322745350463,1.9346817028261034,1.4097438997802216,2.792623247141731,1.7883903577408506
216.12310651623548,350.3143656643136,172.51573718247295,0.9980895188169407,2.704317207585348,0.4110341066163768,11,D06_px-1055_py-0118,0.645372544134767,0.4110341066163768,1.9652456348395582,1.7053477619745103,2.218836021691599,1.8664326834399458
47.73218340201398,352.0196774726079,167.40094129339718,0.9435063330843112,30.440495793946923,0.8290435530864203,13,D06_px-1055_py-0118,0.6100786263256686,0.8290435530864203,1.9732379684226786,1.1637823367910292,2.4065297181152188,2.0660143879905633
-103.69202928221335,361.5458172842538,166.47413585930843,0.9729810726886928,19.86758778118412,1.243121699994644,14,D06_px-1055_py-0118,0.6291372251062038,1.243121699994644,2.7707534911117753,3.13760070123483,1.572732442354816,2.8014328044029413
92.54801669562488,367.854939718981,166.82099309122677,0.9759466589064943,17.9535229704112,0.7173437753900586,12,D06_px-1055_py-0118,0.6310547965125263,0.7173437753900586,2.773885497891234,1.9242380152550809,2.8173950589103582,1.46538558682968
108.59569814167536,376.2181608637517,163.50898400694447,0.9997774270096804,13.12374916820471,0.6828042948838063,12,D06_px-1055_py-0118,0.6464639588666895,0.6828042948838063,0.8416249076305651,1.65520825756262,2.3952806334812817,2.1799210837921814
54.57803583479045,384.0184095946683,165.92088455442513,0.98874659287889,13.825400170561124,0.8226387958305471,12,D06_px-1055_py-0118,0.6393313346353929,0.8226387958305471,1.7017557437587278,2.0283862014613483,2.2874764887756944,2.309684444102752
-39.45720608037216,391.3050081688439,168.21360071190952,0.9888074736421072,9.626523284326368,1.0643120245216462,13,D06_px-1055_py-0118,0.6393707006164052,1.0643120245216462,2.9224169728988953,1.9049082903965826,2.14915874189993,1.9186051405659263
70.64322223066614,397.3549633563805,167.5544047047448,1.0023957042253084,4.369278606282194,0.7878714613415013,12,D06_px-1055_py-0118,0.6481569575366914,0.7878714613415013,2.2971077240050075,1.761190174107919,2.904391468811886,2.0453366867178926
43.34191330245849,-389.0761770934015,160.611480762227,1.0077681110087755,14.732128768858445,-2.066836258093866,4,D06_px-1055_py-0118,0.6516307980776509,2.066836258093866,3.15802245696125,2.4297488917437216,2.302413408480481,2.051205438804187
31.47246525529568,-337.4446178941876,164.9029046138605,0.928211836170218,40.46929298069597,-2.0847778376825734,4,D06_px-1055_py-0118,0.600189084156736,2.0847778376825734,1.6150062169535013,1.8455854823333626,2.202746929359848,1.774421533301146
-197.68626057089773,-331.2544006359256,168.35787952206124,0.9794987374370936,13.6234931539052,-2.7158249253897093,2,D06_px-1055_py-0118,0.6333515984677022,2.7158249253897093,1.7857498031520422,2.4735508924829266,2.4207124415602457,2.0454946560479272
178.66945269642594,-330.4499436398704,165.35876725122313,0.9755339042235028,20.742726572777485,-1.682112104584717,5,D06_px-1055_py-0118,0.630787906083518,1.682112104584717,2.2694068336699784,1.117286506355202,2.2272057050174796,1.9466106501149194
33.9882256066131,-324.30028466086696,155.53036211754278,0.9377389971251684,52.75156306488736,-2.0733522789409364,4,D06_px-1055_py-0118,0.6063494214691304,2.0733522789409364,3.0013660317650386,2.601129705365582,2.747214243934415,2.4047087115269443
106.66301504407066,-318.71163207644463,167.69635935133786,0.9160990114811924,40.24385775542578,-1.8548233707063717,4,D06_px-1055_py-0118,0.5923568363083859,1.8548233707063717,1.5764452894497922,2.4207120954701047,2.0608315358878206,2.4434377431085372
-150.7007816378278,-317.1195564470735,166.61880864589585,0.9401644503675768,33.07400005016325,-2.621401688986829,2,D06_px-1055_py-0118,0.6079177386393062,2.621401688986829,2.7733586161227137,1.8478281860102583,3.395716473070304,2.1542751167693326
253.3290503655233,-267.4201211468077,166.33922174432672,0.96362388459881,24.10076470788817,-1.4194303222784963,6,D06_px-1055_py-0118,0.6230867935871219,1.4194303222784963,2.0938570794521336,1.8297692266553507,1.8592934973628121,2.6853499012286193
191.0116562742152,-252.10275956275373,161.43446593138955,0.9051305545733792,54.24665033805701,-1.5293815795255954,5,D06_px-1055_py-0118,0.585264545680769,1.5293815795255954,2.3759041910046923,2.719016736186886,2.3806793581976757,1.4707238059300785
-302.00613779813943,-255.42873856359444,166.51559134316173,0.9960630870611288,9.329963889663702,-3.0465370412797808,1,D06_px-1055_py-0118,0.6440622374006435,3.0465370412797808,1.8206137965063938,2.153573886048223,2.3626706863285087,2.8363507023787364
-266.1975328157983,-252.3041308454139,166.28533407101122,0.9617443850540424,24.98106266141457,-2.989962900980985,1,D06_px-1055_py-0118,0.6218714943779442,2.989962900980985,1.839871265965284,1.7502333040450417,1.9741975632561508,1.4535145324430592
252.3747351668001,-215.1941864782584,162.95176965810828,0.9235498508689202,45.40523224279025,-1.3130258057847708,6,D06_px-1055_py-0118,0.5971746077416508,1.3130258057847708,1.398906029236401,1.5377669926526547,2.2602485186932517,1.798472823915299
317.8813901199884,-200.4591841151364,154.60121995929188,1.0065391872692595,26.55523071814315,-1.169602838383442,6,D06_px-1055_py-0118,0.650836166308289,1.169602838383442,2.4158173611553955,2.4467845391482985,1.38238537711873,2.0807120660309266
-305.1594463975784,-194.58912192013253,162.46832923922395,0.9663915561497696,29.745208316439346,3.1022671810135627,19,D06_px-1055_py-0118,0.6248763918110262,3.1022671810135627,2.700835072487172,2.22731428942991,2.249216698588862,1.7862090565748705
302.2680739509479,-144.52261196533382,169.92575243994744,0.9081995118971335,39.41652253909143,-1.0529763535988812,7,D06_px-1055_py-0118,0.5872489576583841,1.0529763535988812,1.7156412714920226,1.3060570809015233,2.061293903691086,1.9172876395509453
-353.1598869951935,-141.45254842256327,161.72042614027927,0.9916212576220054,20.174382996538327,2.915579774150178,19,D06_px-1055_py-0118,0.6411901155000572,2.915579774150178,2.512429060253698,2.135489121312157,2.286280442884136,2.16580143252114
-370.2509597025458,-122.1249425147609,164.9718261990207,0.9937255458055492,13.260326029332871,2.853219715478565,19,D06_px-1055_py-0118,0.6425507648135738,2.853219715478565,2.262096364539209,2.4535068088862406,1.9150443295793107,2.0019849354537813
393.0627680318492,-59.35350837457541,161.07442356494028,1.013359995765331,11.162497934093436,-0.7568498938197115,8,D06_px-1055_py-0118,0.6552465548046871,0.7568498938197115,2.5359642262215933,2.0290567838242533,2.215698017911329,2.2120679737099294
328.96251443562346,-44.99572801535648,167.41563127102373,0.911029696111773,42.50510513794359,-0.7429166878062272,8,D06_px-1055_py-0118,0.5890789770629932,0.7429166878062272,2.086670278676158,1.7007927306461204,1.9754528675506182,2.0234865854966437
380.4550304726869,-42.25749943810937,165.51066814536006,0.9838155701860676,16.807085135814248,-0.7175970757046456,8,D06_px-1055_py-0118,0.6361428965239245,0.7175970757046456,3.1378553923983628,1.8826323907736973,2.3983101267221514,1.3903686825914443
352.96702735516766,-2.997886140026192,165.8119936023368,0.9450031244909894,32.56283746432018,-0.6154727162505061,8,D06_px-1055_py-0118,0.6110464634384277,0.6154727162505061,2.192897144729494,3.7561949391144585,3.005608162082874,1.8429960518062807
347.99223046279985,12.76487755777374,156.93146714939206,0.9645661363226378,40.21607013983527,-0.5703144690182228,8,D06_px-1055_py-0118,0.6236960609732207,0.5703144690182228,2.3685933789525704,2.4486177685569386,1.61493891219531,2.31406089908489
324.6072430330734,82.56310432803475,164.47384905830495,0.9238081163005376,42.78778231514696,-0.3579131241555933,9,D06_px-1055_py-0118,0.5973416042039146,0.3579131241555933,2.6075088875162464,1.5660214259398706,1.6833914337772884,1.923796844569833
-320.7504136672258,97.16523978423513,165.09477312260805,0.9222851656945114,42.30839647823064,2.240469521160505,17,D06_px-1055_py-0118,0.5963568523468189,2.240469521160505,1.963684983626664,1.9462092856037665,1.8228378389442004,2.094189045839897
357.62063923411563,111.83669451125874,165.78456648980602,0.9731502778231206,21.019537416611968,-0.3038902544873202,9,D06_px-1055_py-0118,0.6292466344788378,0.3038902544873202,2.071509076008133,1.799228618940018,1.843235160235608,2.304524203027551
-365.7118320420016,133.69642564935606,167.6560892985452,0.9857453541648028,12.052119503141,2.1841277687031715,17,D06_px-1055_py-0118,0.6373907100441618,2.1841277687031715,1.3613322777555328,2.082631991147389,2.3450597525606165,2.4273114956873263
-296.51460290980737,144.10596478290717,150.86628236512962,0.9573729618149852,53.57313950209954,2.08222847048088,16,D06_px-1055_py-0118,0.6190448976808622,2.08222847048088,1.5894813778573769,1.5400985305053363,2.657985593454641,1.7100108620493804
379.1057724225311,151.15117562117075,168.891711781096,1.0038647429700696,1.161246056540108,-0.2275904678720114,9,D06_px-1055_py-0118,0.6491068495596662,0.2275904678720114,1.4567384105390344,2.0324140739672947,2.384338216536932,1.7797698143526146
338.27621092773245,152.06899395667793,164.27566559921337,0.9726433128971806,23.918318663438527,-0.1845074551764635,9,D06_px-1055_py-0118,0.6289188269647094,0.1845074551764635,1.5055958072386293,2.8372536959310577,1.7587535572673083,1.8533577188615231
-321.3488401696024,178.69835090480908,166.89183421561654,0.961218406543347,24.140691671831405,2.027107563141606,16,D06_px-1055_py-0118,0.621531392530156,2.027107563141606,2.6740978327528775,2.009833339081597,2.51377857413722,1.4628109260106663
-293.12921163408004,208.05102011238407,162.1189949753063,0.9642023153069798,31.260737248271425,1.9173676493746248,16,D06_px-1055_py-0118,0.6234608114389272,1.9173676493746248,1.0349718228501095,2.7667339186942366,2.1358679387129076,2.2389137810160564
-266.7710787596088,221.5371392087467,159.6173058714292,0.9546139645475358,39.452989372693935,1.841585340413312,16,D06_px-1055_py-0118,0.6172609083169971,1.841585340413312,2.0736951461451456,1.7082420140794263,2.8058778872809222,1.7743174993419908
230.52505768615453,230.9647452790294,168.04345701560723,0.9008003551432828,45.0350272861948,0.1793713881727611,11,D06_px-1055_py-0118,0.5824646046232528,0.1793713881727611,1.4302285916222508,1.919298528240865,2.8134301830739465,2.6605872380108964
-258.1832801047637,233.56082568413456,168.15458946909436,0.9317476923477164,33.70971182428224,1.7992448569249806,15,D06_px-1055_py-0118,0.6024753966106245,1.7992448569249806,1.8846446835574788,2.13002802259975,1.4947625473637594,2.1522240054324437
-232.4910726560061,241.55560027462508,163.92955912029828,0.9258609420792936,42.949169697751245,1.7300956951973667,15,D06_px-1055_py-0118,0.5986689775211613,1.7300956951973667,1.6301389887726305,2.066309419501527,1.3527146665470902,2.355134847178272
256.74590586832244,240.73653472394784,160.44522326009294,0.9591745157460831,36.21801833358313,0.1462489571743602,10,D06_px-1055_py-0118,0.6202097966423169,0.1462489571743602,2.099355694606431,1.7571783969055503,1.587442079640778,1.0834277009586466
199.43709643326017,277.4147496580687,159.55506353161786,0.9477928519391142,42.18827158489137,0.3405099331825834,11,D06_px-1055_py-0118,0.6128503231791582,0.3405099331825834,2.0646044778575865,1.8401738003675,1.3688141145360224,1.9951536474378697
273.792628176644,290.62643079495115,158.42739712322378,1.0227416378087812,11.576827605155016,0.2082348002707308,11,D06_px-1055_py-0118,0.6613127984427526,0.2082348002707308,1.7869100825390283,1.5031419350460933,2.6936214425406657,1.9205159423230587
-229.66705392747207,303.7533720753049,144.44105886180353,1.0425645808082598,29.0584046790496,1.6112086627368525,15,D06_px-1055_py-0118,0.6741304695179644,1.6112086627368525,1.8736729587001961,2.157096862574056,2.606050251459955,2.027544118842009
170.2398947623622,336.77732195414063,165.11868141496356,0.9783025584621996,19.96090617989524,0.4957813360283153,11,D06_px-1055_py-0118,0.632578139721053,0.4957813360283153,2.1949138861782007,2.246128453377581,1.9221864581524821,1.9060700588190898
-56.05693547496448,345.6031331327407,158.98270082563596,0.9610200847487972,38.03409277014589,1.124616706152759,13,D06_px-1055_py-0118,0.6214031560957551,1.124616706152759,1.677001023640256,1.7629877155820024,2.81139488037021,1.6496583351834166
-113.23976932915474,348.2780496661341,157.82143812592486,0.9853460577698988,30.03285437311274,1.2781769870295587,14,D06_px-1055_py-0118,0.6371325218502326,1.2781769870295587,2.0075208648774927,1.6312506234690025,2.2045844125077045,1.6646150851652637
181.46692758912133,350.53139022988927,165.00168526378664,0.99927728167454,10.599445368121051,0.4861167994459955,11,D06_px-1055_py-0118,0.6461405609536853,0.4861167994459955,1.9831301625549167,2.406781712237005,2.1523346381731407,2.375782176772611
-63.92879851472842,358.5297747983733,160.11738881399216,0.9760856528518008,29.85732497789224,1.1402705444795278,13,D06_px-1055_py-0118,0.6311446710923216,1.1402705444795278,2.2612742234023333,1.5540962304733599,2.120388183183544,1.56179245987053
164.48946339569548,362.860227526547,164.31066542278657,1.0053957179690698,8.953453700500631,0.5382107249090134,12,D06_px-1055_py-0118,0.6500967900524616,0.5382107249090134,2.8697731601752343,2.1619871769023162,2.610476507899265,1.926133493657881
-122.86735914093843,375.589640190135,169.6924443191409,0.9869841373560208,7.788726915829557,1.279975730375626,14,D06_px-1055_py-0118,0.6381917170126503,1.279975730375626,1.7756415881993333,1.751804137369355,1.822444175373027,1.9507881131056204
4.900330120160473,384.82450372743415,166.834918127374,0.9826163096865472,14.957977584314506,0.951083548427718,13,D06_px-1055_py-0118,0.6353674452391809,0.951083548427718,2.0826027115510257,1.9601218658431057,2.417163857957844,2.07152781996773
-47.225667945499566,-392.47733658206033,162.39610640312492,1.0071696223768516,11.676735077865205,-2.2975272494257006,3,D06_px-1055_py-0118,0.6512438106143638,2.2975272494257006,2.694724625108652,1.4527877543206413,1.865733355193999,2.818414720241783
-36.38883117997632,-362.82629237824005,165.83641399472353,0.960290525100454,26.36841298874782,-2.277734312024,3,D06_px-1055_py-0118,0.6209314170808946,2.277734312024,1.912366373780079,1.6921576723967804,2.9969895659028634,2.314556881325117
-146.8147841212629,-360.11893834306534,164.9632998757059,0.9926026288844644,13.796431885575544,-2.56488890288688,2,D06_px-1055_py-0118,0.6418246778879526,2.56488890288688,1.9993485626814897,1.1142636505182095,1.6024284467413639,2.59573566064494
-66.33002617451561,-351.4634121011739,161.79810237910243,0.9627912029940616,32.39939017633441,-2.364307199278356,3,D06_px-1055_py-0118,0.6225483751030289,2.364307199278356,1.6606923965022942,2.7952921825197197,1.4573893052974056,1.6457369118230902
-66.48129971281351,-337.1467886986591,154.3874426085111,0.9660089097355434,44.11572480287589,-2.3724661123875217,3,D06_px-1055_py-0118,0.6246289696257438,2.3724661123875217,1.9474163277817145,1.99314686711856,3.3210173773362897,1.5472330356783945
61.82465444448492,-334.7613070833767,166.9947154246713,0.9242974597332758,38.42615894544929,-1.9951508159923064,4,D06_px-1055_py-0118,0.5976580175217463,1.9951508159923064,1.5587790241053816,1.9601402206146255,1.2288430379923247,2.903096537939878
-110.77533474470434,-331.14086117776964,149.05827625565155,0.9896953383126562,44.10775919163626,-2.500599719342697,2,D06_px-1055_py-0118,0.6399448009054843,2.500599719342697,2.176646725476698,2.719213818892668,2.4334310862982864,2.199961909288537
-81.3945118614091,-331.74585931295184,166.0743794422358,0.9285888573201196,38.3747770256939,-2.4183751771052373,3,D06_px-1055_py-0118,0.6004328690017999,2.4183751771052373,1.1300393111017721,2.753426939330625,1.5490280509794072,2.840678108041793
244.163329256348,-313.13877908056133,168.19325782969636,0.9932577822570532,7.576958403111178,-1.5155181921919487,5,D06_px-1055_py-0118,0.6422483052188631,1.5155181921919487,2.756774409785006,2.9149008880408793,2.1591252611882563,2.016387152997101
184.56228420622628,-309.1098928518864,162.87588853941045,0.9627477492384624,30.530414350253523,-1.6395086889515316,5,D06_px-1055_py-0118,0.6225202775624029,1.6395086889515316,1.9937949966018462,3.247978785447502,1.895671132695158,1.9085811663815964
-217.1251135870197,-289.7024073153452,163.4010453324234,0.9638615310591604,29.15250314900373,-2.820941770972336,1,D06_px-1055_py-0118,0.623240457660163,2.820941770972336,0.9992996800425,1.1783093507139117,2.3433643178281787,2.895498619257375
157.7578177783945,-293.51875968523234,164.60875358329903,0.920942845150653,43.594673274318495,-1.6846027109689403,5,D06_px-1055_py-0118,0.5954888973106203,1.6846027109689403,1.0565201929190497,2.8829473325368475,1.7414775856300773,1.6963071053165968
-266.5204531857004,-271.7592434806184,165.65879183868907,0.980795381407878,17.890180926149867,-2.953441860607068,1,D06_px-1055_py-0118,0.6341900186719881,2.953441860607068,2.136352933036646,2.974283468700355,2.4243399439412565,2.550469750701615
214.1932266407992,-258.80799024826064,163.9558497710125,0.9267627751799136,42.57795726247258,-1.4864221810480642,6,D06_px-1055_py-0118,0.599252109907144,1.4864221810480642,2.4743687795296774,1.7793648930837018,1.928696722463442,2.0142105720264576
-263.24414735140164,-235.3352991154614,163.99225162633587,0.9503951372902232,33.560858588336146,-3.0190923983305686,1,D06_px-1055_py-0118,0.6145329813836051,3.0190923983305686,2.7526649168613178,1.349443742722196,2.299684986151913,1.759374731534846
261.8400212847644,-231.10516364835576,158.8100048465088,0.9603512447570464,38.6008327400578,-1.3301088579639675,6,D06_px-1055_py-0118,0.6209706788890944,1.3301088579639675,1.8352206174680556,1.967911550696682,2.8194150512994423,2.0983969745068505
286.89566845460394,-221.8162056589952,166.11850794287045,0.9569029678483992,27.27088443870406,-1.2651389169799263,6,D06_px-1055_py-0118,0.618740995880247,1.2651389169799263,1.7033795576079838,2.859241589306892,2.898648023787763,2.1646553541200193
-321.0762908422653,-215.34126423565093,160.61925827239708,1.0020693479829097,17.405435540130668,3.1253929470600883,19,D06_px-1055_py-0118,0.6479459330198717,3.1253929470600883,2.19684089571398,3.264421299159342,2.4683685410846605,2.0791440092728415
342.3435362600227,-203.1140896330994,166.2370940436101,0.9997228452596184,8.102399382378621,-1.1424616036302488,7,D06_px-1055_py-0118,0.6464286658771963,1.1424616036302488,1.2301136487366084,1.9799033402387738,2.500248711484814,2.5807245204913154
260.6673700172004,-197.12648297355267,167.2725157249716,0.9037662769181976,45.26310601883466,-1.25446080755069,6,D06_px-1055_py-0118,0.5843823930034476,1.25446080755069,2.776920324482405,2.9228486129817,2.161065211555611,2.413143041265708
-359.1541238109307,-189.25685922605325,167.35679261606194,1.005595937899718,3.1691628206073688,3.01958885247349,19,D06_px-1055_py-0118,0.650226253836614,3.01958885247349,1.7110540117652508,1.2831731665621973,1.3341747589588027,1.626047965828018
311.25717151879456,-116.21248866452586,166.03565947347172,0.9153525684212872,43.23595788159952,-0.9643158801077988,7,D06_px-1055_py-0118,0.5918741803466303,0.9643158801077988,1.2374333019157695,1.5294409193090668,1.4226538423782644,1.6727426238469945
-348.95091040608,-106.15994858201825,165.86426175671764,0.9603345694483154,26.301622584472057,2.829942480224531,19,D06_px-1055_py-0118,0.620959896503129,2.829942480224531,1.8014347921869063,3.0454651649461115,2.3252536165395346,1.963302725788439
380.76913118286393,-89.1083891432637,164.79827083706817,0.995592510885648,12.709132768348468,-0.8368645624951576,7,D06_px-1055_py-0118,0.6437579591391713,0.8368645624951576,3.0474289741322282,1.7466715612127857,2.3452046556101815,1.9065618825956459
-385.8563697410538,-83.98084872894052,160.09339293218613,1.0131236645652495,13.131631846224424,2.748918858558377,18,D06_px-1055_py-0118,0.6550937411892953,2.748918858558377,2.0685783423625566,2.2215106996989955,3.192807900349103,2.4732383442668784
-390.038911936068,-61.51172391005765,158.3337869722292,1.0180400107357113,14.075867241636502,2.6910314660030075,18,D06_px-1055_py-0118,0.6582726893458084,2.6910314660030075,2.4198021138179424,2.102944906588057,2.0756165871308863,1.5071255516171433
-403.4799805799693,-44.35948074382439,166.03163487193498,1.0091224973152453,3.908049677996416,2.6441155490413126,18,D06_px-1055_py-0118,0.6525065549309879,2.6441155490413126,2.616598220714086,2.230941372180049,3.399395930371859,2.9865268234235645
407.8932061051064,-32.00088314450306,159.57310844221556,1.030360397623671,5.498008807827887,-0.6852732334340339,8,D06_px-1055_py-0118,0.6662391485468148,0.6852732334340339,1.0094526031798243,1.6916624263484714,1.6010214671201748,2.392842055408642
-390.09273867360986,-9.030700681839528,162.32944951563786,1.0014624622143848,14.515806852667822,2.557759125344712,18,D06_px-1055_py-0118,0.6475535159019199,2.557759125344712,2.2900633074265713,1.4813906796275966,2.992458574408666,2.4947928264674126
395.7492281243984,-15.089396432483769,153.4921365971165,1.0331297804875972,15.932514679841915,-0.6450897527239381,8,D06_px-1055_py-0118,0.668029853319162,0.6450897527239381,2.1130958460073055,2.6670874970794047,2.928208122174491,2.081910415847676
390.544743173012,55.603343902621766,163.0606153611317,1.004377915014573,11.773989024240391,-0.4655561733356523,9,D06_px-1055_py-0118,0.6494386706455471,0.4655561733356523,1.9043377969109343,2.286736064386753,2.012437674325416,2.0062659209469773
-384.08602556325394,58.49944295237317,164.9655689462601,0.9921479764808196,14.002399206828784,2.3834665547724136,17,D06_px-1055_py-0118,0.6415306960627704,2.3834665547724136,0.8544907857212831,2.047513494805493,1.9571679085725688,2.67880443000411
-334.28790953272016,65.86684479659819,164.357357129406,0.9323463407952056,39.8540529565156,2.340068913945288,17,D06_px-1055_py-0118,0.6028624874119151,2.340068913945288,1.5735993354109676,1.355482784927574,1.9682338349746613,2.6290713870355864
395.0161367616477,84.94761894791762,165.24463510387864,1.0091891424233383,5.352833530169846,-0.3951570362787334,9,D06_px-1055_py-0118,0.6525496481827987,0.3951570362787334,2.7661115052415726,2.3668532374028355,2.622249613095521,1.7948215649235963
373.4120568434364,115.54784878014009,158.72979348998092,1.0123826092617672,16.06414691636894,-0.306886746608267,9,D06_px-1055_py-0118,0.6546145689932784,0.306886746608267,2.9235748142622224,1.792127213034565,2.7584023134568065,1.9585410354046968
-314.3553645419698,123.41997310062624,164.173549828382,0.9286458128672628,41.52742965188082,2.1604911055632026,17,D06_px-1055_py-0118,0.6004696969071825,2.1604911055632026,1.1025431566879957,2.153378509337494,2.2265699595946726,2.8251193087635778
294.1735132133324,164.02755426767078,166.7616818712603,0.9198381606286964,40.43639344824135,-0.0983294459982387,10,D06_px-1055_py-0118,0.5947745995978795,0.0983294459982387,1.5504478857320514,2.4347763962921505,1.268692707548512,1.9772645514492626
-336.0983864703115,173.43760728689455,152.5299900420667,1.0154733421164874,26.33272343580535,2.0582221274511325,16,D06_px-1055_py-0118,0.6566130612007269,2.0582221274511325,2.547945178823099,2.483659322572982,1.2699437642743727,2.121410607194602
-326.2712884011425,202.77505015857983,165.82937708303172,0.9845572577789168,15.897342794968663,1.9785402705832864,16,D06_px-1055_py-0118,0.6366224775632262,1.9785402705832864,1.5789283707865924,2.2582248865060652,1.8194646653389577,2.609113101851347
271.6558536048102,212.27606171746305,165.50235121580224,0.9346672720457676,37.06078605011135,0.0563261498898599,10,D06_px-1055_py-0118,0.6043632198389147,0.0563261498898599,1.6716863171113614,2.0506246455048434,2.423523148294924,0.8486513323504898
209.49878601340225,242.1288095287892,160.38483765077777,0.9142133192126944,52.89619858402665,0.2505431525766319,11,D06_px-1055_py-0118,0.5911375328352683,0.2505431525766319,2.4695283343569425,2.1283453935219825,2.1729175158630034,2.633754276805686
-291.3210446904548,261.2825385253424,163.65648598818237,0.9990754261654372,13.181291214590203,1.803519659617069,15,D06_px-1055_py-0118,0.6460100395916218,1.803519659617069,2.109630219043648,2.3332897212409716,1.6556742697701634,2.393002549760755
-228.96106989897845,270.2176266682808,164.0557495809824,0.9516498200002886,32.95501384631649,1.6667535046445647,15,D06_px-1055_py-0118,0.6153442691062101,1.6667535046445647,1.7583391571609606,1.812960903428506,1.9913717526429888,1.8079055097499208
-285.2280426344217,283.56410111049433,167.43832849109302,1.001147392933298,5.191429554841136,1.7521403447155677,15,D06_px-1055_py-0118,0.6473497896231841,1.7521403447155677,2.5426320460648064,1.90690270919493,2.169389770875552,1.8691889280361196
-227.2022664304943,292.95032252946646,166.2717135282471,0.9668153408711846,22.872640354291093,1.6234802857370083,15,D06_px-1055_py-0118,0.6251504143497552,1.6234802857370083,2.077505814805349,1.7392152123147948,1.7322428477680045,2.1250324358167934
-158.97611198633203,291.4216973740876,163.6967377071266,0.9217883853914924,44.80052876189052,1.4632132937386144,14,D06_px-1055_py-0118,0.5960356302900885,1.4632132937386144,2.1632245198830016,2.167191562545227,1.9335124850297223,2.2232819666115162
-261.2423556326321,304.05931894590924,166.85376690873392,1.0012371821214467,6.231904527189158,1.6736175062603964,15,D06_px-1055_py-0118,0.6474078480194491,1.6736175062603964,1.2865109207679812,1.139671395311402,2.7711058521302907,1.587021281208917
204.88277963128309,310.00059142650764,159.12756575130126,0.9882413705896292,26.404801799097413,0.3798095235455762,11,D06_px-1055_py-0118,0.6390046539238668,0.3798095235455762,1.2041531962757397,1.5961598224946358,2.0528137286752184,1.8055675050288817
-76.83635292652254,314.0688821058125,164.19558643204232,0.9075816824586233,48.94247375424101,1.2037520603896934,14,D06_px-1055_py-0118,0.5868494642772238,1.2037520603896934,1.8057233118880123,2.436696329000906,2.3074505404172494,2.4845659820732178
185.2085696263929,315.75903732436734,167.96895144704516,0.9561103397111242,24.38610540715036,0.4333454559888497,11,D06_px-1055_py-0118,0.6182284762836959,0.4333454559888497,2.738022487326204,2.694671608522683,1.2897004037827178,1.727505398348089
-235.18652991281388,324.25133187428435,168.1661398665281,0.9973215108979296,5.691208852335706,1.5913358247584983,15,D06_px-1055_py-0118,0.6448759441652618,1.5913358247584983,1.9855953271630193,1.7843960579327893,2.1856255251797734,1.470249467675417
81.44240107310102,318.6437723749635,162.4085681749371,0.9211087162938668,47.1723240200875,0.7135832096997329,12,D06_px-1055_py-0118,0.5955961508982758,0.7135832096997329,1.6892576202917844,1.445265499502133,2.267742253066353,1.9258819093485153
147.4838755881321,324.800423089419,160.2700881707408,0.9659879912724187,33.77818095692021,0.5375789530170866,12,D06_px-1055_py-0118,0.6246154435827269,0.5375789530170866,2.082660668857241,2.1784408149004584,1.9277693147533774,2.735996343600637
-205.6385929072952,336.86669572114624,159.41572054247914,1.0147800066571495,13.609658722543829,1.5118810710381705,15,D06_px-1055_py-0118,0.6561647450317905,1.5118810710381705,2.5998016335986733,1.702894685561046,1.4220889701352617,1.1691747409687272
-149.5354244932537,339.3859575410156,163.15612414964386,0.9758010982078956,24.55606437646645,1.3788311042018426,14,D06_px-1055_py-0118,0.6309606758183304,1.3788311042018426,2.7077192969409656,2.7742004196893886,1.7273352929108166,2.0001217824088133
-189.66184832334315,343.8287205949039,157.35686537582728,1.0183209799128947,15.799970141148949,1.4679007974150575,14,D06_px-1055_py-0118,0.6584543662287771,1.4679007974150575,2.80205305260593,2.5534931215227745,2.8366020828933145,2.114938915015207
105.74499856444818,337.5929135409471,153.50323268785397,0.9821789873046212,39.16688966701111,0.6602649337365257,12,D06_px-1055_py-0118,0.6350846691425386,0.6602649337365257,2.0907977799321675,1.927126953030441,1.7217541000690564,1.488509608644439
164.79448314503648,350.4035210251261,164.04396759304998,0.9931841371922224,15.210852804029969,0.5242108999314795,12,D06_px-1055_py-0118,0.6422006857398918,0.5242108999314795,2.227611026962779,1.7692123631983543,1.5986776344019216,1.264564599101157
104.77315115654488,358.040746472261,159.92118648972803,0.9877673330303254,25.171240488156627,0.6791359117375971,12,D06_px-1055_py-0118,0.6386981375043518,0.6791359117375971,2.0757215088929404,1.3585671861570368,2.1356556275510945,1.3024907425987444
-90.3638537411201,372.0071473387873,156.1550246855451,1.0103715874643129,21.86871117136372,1.2021104443345705,14,D06_px-1055_py-0118,0.6533142264596028,1.2021104443345705,1.7305263064238023,2.481147360789957,2.212011576348516,1.9663051441060548
138.05977331040305,379.1169506176656,169.0059398006546,0.9983479953184956,3.647332470866957,0.6145821191823325,12,D06_px-1055_py-0118,0.6455396770765147,0.6145821191823325,1.5080125634217105,1.1189659073687799,2.7635636269456114,2.166684719530541
79.40690068035809,379.54503332438856,157.11489914466074,1.0133781510016722,18.63859622127768,0.7575755873130822,12,D06_px-1055_py-0118,0.6552582941235017,0.7575755873130822,1.9707140116625945,2.496845332842489,2.0289384690195913,2.416949167547096
-70.76851413518887,389.90304654343583,164.85109108612536,1.0014793423718986,9.82998812364741,1.1433650365319727,13,D06_px-1055_py-0118,0.6475644307447218,1.1433650365319727,1.833736482407988,1.3780273932163405,2.492634587016708,2.2097971264032763
90.7954891216442,-388.8377039456328,160.87627069712755,1.0159137844920287,10.285125384874902,-1.9483812723249487,4,D06_px-1055_py-0118,0.656897854709815,1.9483812723249487,1.9382475797253824,1.7906089852618068,2.9569202763009166,1.0314545660140355
-86.6339988897004,-376.78919827243817,164.8269995705193,0.9902928000779444,15.108767636616449,-2.40377488521288,3,D06_px-1055_py-0118,0.6403311243887169,2.40377488521288,1.9153081114661286,2.0109106032964643,2.1865177613575173,2.2292027111203865
40.60167350676911,-376.6648978548948,164.98466591052062,0.9804983816025858,19.233316867715416,-2.070397901339988,4,D06_px-1055_py-0118,0.6339979762586221,2.070397901339988,1.469755704006121,2.290388635651082,2.1072675782290964,1.9352466154222054
55.53592257236888,-374.7388861868705,164.9043314431288,0.980705101522887,19.28619990220841,-2.030647758554739,4,D06_px-1055_py-0118,0.6341316429872801,2.030647758554739,1.7453275771474974,2.45668691224824,2.8242909919252823,2.5648176848930997
170.4207203720441,-338.79883308588546,160.18191196468206,0.9945628914435805,21.6617123936835,-1.7117195710657804,5,D06_px-1055_py-0118,0.643092199098323,1.7117195710657804,2.7707268824857056,2.6940654226694662,2.589610898365315,1.5149040125918134
212.78645076254205,-330.4973787637528,164.83381041096197,0.9978394832192288,11.589256762885723,-1.605745338071776,5,D06_px-1055_py-0118,0.6452108691479271,1.605745338071776,2.784654511299312,1.4296583061581645,3.3484304927632316,1.9089009627966953
149.59883885322492,-318.5619582738252,165.23866086925307,0.9452465455755472,33.44659497402421,-1.7387371366737914,5,D06_px-1055_py-0118,0.611203861428964,1.7387371366737914,2.251367437495664,1.2887844609372663,1.9230729507785311,1.4098213596193787
-167.28637343233248,-311.88710422364755,163.71286052636904,0.9522945748389112,33.29033290403669,-2.6700931135991537,2,D06_px-1055_py-0118,0.6157611726631558,2.6700931135991537,1.8572473425023124,3.408440201386129,2.68089279629473,1.6601949570765444
216.80498542977767,-291.7482084067285,158.72805674035996,0.9792336590807558,31.01097610465689,-1.5386901767945569,5,D06_px-1055_py-0118,0.6331801967146534,1.5386901767945569,2.6790619569679794,1.7488774925116821,1.9483555899448364,2.107122368506876
233.113875800471,-283.3002788872768,159.48426614444662,0.9813354114207932,28.75679098886485,-1.4892559428620142,5,D06_px-1055_py-0118,0.6345392063317857,1.4892559428620142,2.1195492065267287,2.120580516487539,3.1881885726989494,1.3526295896390317
-279.3117489618033,-278.39082586729035,162.80161594911505,1.0049514068789995,11.982746989461871,-2.964825300501569,1,D06_px-1055_py-0118,0.649809495002088,2.964825300501569,2.6047922993659833,1.8678650540534378,2.065044201998549,1.283663169232311
-290.6329982977379,-249.25545486494264,166.61206371468984,0.9808542178127532,16.15046004119563,-3.0396654021288536,1,D06_px-1055_py-0118,0.6342280627547945,3.0396654021288536,2.02933909881595,1.4475390028732824,2.5552745454232344,1.1167456308510422
295.63942208982814,-225.9098676943474,160.3405093300875,0.9853483430662568,25.473065805138333,-1.2594689051207355,6,D06_px-1055_py-0118,0.6371339995408574,1.2594689051207355,2.720130879895453,2.3074324647727487,3.0663830190042907,1.5654938761591273
-270.44571867705105,-221.67851324302472,166.09191201343768,0.9397463747524256,34.128749947933386,-3.06194686609549,1,D06_px-1055_py-0118,0.6076474076536541,3.06194686609549,2.704496912847998,2.209893987343691,2.253863429815439,1.779037923990306
-313.352956253811,-178.40392622029333,164.79469169105047,0.95798097720921,29.13052053395063,3.0521822833273733,19,D06_px-1055_py-0118,0.619438045223689,3.0521822833273733,2.1787435234102905,2.576983821586727,2.9598918189271846,1.8252263659991574
353.5871847814708,-153.0016841914745,162.9038654468754,0.9940645399090275,16.89518884534135,-1.0153647708596352,7,D06_px-1055_py-0118,0.6427699610709073,1.0153647708596352,2.006228055900926,2.2110578370402525,2.7214099624481207,1.830305350922345
-368.4431829094312,-137.84846077690915,160.56898742496168,1.0100740138851805,13.707863965487206,2.892627530995448,19,D06_px-1055_py-0118,0.6531218130395524,2.892627530995448,2.3565052409715292,1.821483983483358,1.7893390734374646,1.94331500431998
-382.4116325888171,-121.90350263713944,167.73114756576763,0.9994176809001752,5.485677786036149,2.84320501613107,19,D06_px-1055_py-0118,0.6462313441988097,2.84320501613107,2.5464078596551456,2.4747628395564547,2.0429582093343472,2.670082492095217
-329.5413529265225,-97.02302698509662,164.25822279567868,0.9365631705544838,38.44288125953858,2.8209413182006773,19,D06_px-1055_py-0118,0.605589122747345,2.8209413182006773,2.1346333964438933,2.821373982952869,2.4727451055202723,1.7169053011505828
357.94539172588395,-91.53130907065815,161.32066931974285,0.9792848013503233,26.339850849205163,-0.8573279164845287,7,D06_px-1055_py-0118,0.6332132657089684,0.8573279164845287,1.9204504378969192,2.3940287014264907,2.0664540455455978,1.3123188408066522
-349.870586130776,-77.89082503221519,148.49205080337077,1.0033651907348011,39.36292502160831,2.753668270628243,18,D06_px-1055_py-0118,0.6487838351497108,2.753668270628243,3.0711602760539094,2.2928011772655763,2.554444194261909,1.5362527416092555
391.9302800701105,-75.92489567196533,164.54325646571235,1.0056795927000206,8.381834581437147,-0.7983298003200232,8,D06_px-1055_py-0118,0.6502803456893813,0.7983298003200232,3.3851573522920257,2.0807942396283248,1.1066701135260795,1.9693545328436723
-351.44696987444485,-50.97536140716163,164.65653435437946,0.9511860567652696,32.10427826079871,2.6786528798956004,18,D06_px-1055_py-0118,0.6150443961457013,2.6786528798956004,1.407905061995562,2.127923350371127,2.050522426721889,1.6852359986164716
359.08546525529573,-22.234535112730608,165.9051794482976,0.9537605416623164,28.91831747037133,-0.6688204754838502,8,D06_px-1055_py-0118,0.6167090783575865,0.6688204754838502,2.130354880038789,2.0767849001022833,2.331224728322477,2.7546623463476374
-378.6503071024279,-12.706648156156898,164.19565935640793,0.9827332901680969,19.66278512714672,2.568158272501698,18,D06_px-1055_py-0118,0.635443085739926,2.568158272501698,2.475654132165519,1.3911144950804475,1.8910138826628429,2.1312501736004688
-393.2599138916237,5.161175944674946,165.81619134371832,0.995385360481558,10.935326705898774,2.521489791688535,18,D06_px-1055_py-0118,0.6436240140563049,2.521489791688535,2.166679027907244,2.519608204001394,2.2880295810868665,2.4725557949191295
-380.3663456716534,7.344103714161134,163.9408644051435,0.9853605393929616,18.9519867452226,2.515307546013766,18,D06_px-1055_py-0118,0.6371418857817668,2.515307546013766,1.8086443374558416,1.8887014553429,2.618945701943945,2.4176996208365735
-385.9169100416164,20.943460094727627,164.8730277334171,0.9900034939912394,15.157371952810536,2.4803969545547044,18,D06_px-1055_py-0118,0.6401440567943876,2.4803969545547044,1.9732037424971758,1.443243079486117,3.175688338285517,2.0838361650416344
-365.3431912832805,51.50066286244037,161.97386216524566,0.976775281684178,26.24866239620735,2.3945706955895383,17,D06_px-1055_py-0118,0.6315905905270709,2.3945706955895383,2.7187448247666994,1.762528217344224,2.650196542549156,2.094580927667791
-357.02810815190657,60.483214515784745,166.69924394904055,0.9545688398214714,27.21726524059505,2.3667989459320635,17,D06_px-1055_py-0118,0.6172317303137073,2.3667989459320635,1.6347637984272785,2.3583887118863176,1.504368407029275,1.8703758867034466
-370.5102700711497,67.88326240917583,161.37528458748108,0.9880477609460768,22.40539206530184,2.353407252058906,17,D06_px-1055_py-0118,0.6388794644034153,2.353407252058906,3.040242319504955,2.446658003260471,2.3590067760368356,1.5875584021084395
-373.1733715282559,107.49558031733191,155.37856557710512,1.0190274929656808,19.22986816342558,2.2541479635699626,17,D06_px-1055_py-0118,0.6589112031334281,2.2541479635699626,2.561485311639256,1.2938678442198923,2.8986018474031106,1.7147765197640052
-356.60275078398416,120.23226017455212,166.25741116050534,0.9738397506841824,19.879568346708027,2.209422336925667,17,D06_px-1055_py-0118,0.629692453061306,2.209422336925667,0.9628756287520357,1.976088428247994,2.197234666823702,1.3496385739015855
340.7638302429093,127.506721907629,164.13304788388527,0.9640919832512814,27.77353304579458,-0.248928701010166,9,D06_px-1055_py-0118,0.6233894698627026,0.248928701010166,2.877765611323564,1.479674988696158,2.9407313331700653,2.1854220847959738
-316.8554301614448,137.79922788532042,157.53710095079202,0.9591021046347508,41.31102736921957,2.124390238686813,16,D06_px-1055_py-0118,0.6201629750473966,2.124390238686813,1.930304687859995,1.7836046212960621,2.147608075461802,1.7245044504958202
366.4606711861029,159.69859874502163,163.19669291699066,1.0099866637024826,8.809372394484228,-0.1960082445019139,9,D06_px-1055_py-0118,0.6530653317234224,0.1960082445019139,2.079289930026008,1.579421167681555,2.3925120164633804,2.252267193531311
331.8687857976339,199.0992878361782,158.24110274637522,1.009292433443888,18.45505156935656,-0.0666087403181396,10,D06_px-1055_py-0118,0.6526164369702387,0.0666087403181396,1.4730200142993553,3.020213226178232,1.5915779157657601,2.3232864419936745
239.5137943477469,261.1626361346505,163.69638340945,0.9529342646509216,33.064687299772004,0.2216309016628346,11,D06_px-1055_py-0118,0.6161748011340004,0.2216309016628346,2.1545143584548936,1.2958309242250488,2.280972444919986,1.9149780275954313
304.7413982063323,268.2126527277798,162.60693615334,1.0185312543581646,5.6902241373547895,0.1147496989249167,10,D06_px-1055_py-0118,0.6585903313412764,0.1147496989249167,3.129575503429298,1.6811451903942234,2.5000258004002807,1.887663390457448
257.22822698513374,271.146787599217,152.57939426154792,1.0099959669748486,28.767253741002605,0.2047547416239765,11,D06_px-1055_py-0118,0.6530713472926097,0.2047547416239765,1.363963780639276,2.2859342526649833,2.43265025340648,1.3940328107805544
-266.03676400372905,289.54901890125257,163.3309676284267,1.0021619123742618,12.326395853578106,1.7069204393695885,15,D06_px-1055_py-0118,0.6480057858843863,1.7069204393695885,1.6899476647346126,2.193289310280676,1.5059654979663932,1.8116141870189235
-187.114709679104,295.4994396467347,153.86878684552363,0.9758035418577964,41.1246677235701,1.5283018046367751,15,D06_px-1055_py-0118,0.6309622559016033,1.5283018046367751,2.177866893852193,1.829313302382377,2.061646521721809,2.86451356588812
-166.19954276180752,319.5053674077901,156.11678141770872,0.9826369471483573,34.2665258313624,1.4434758938934389,14,D06_px-1055_py-0118,0.6353807895845344,1.4434758938934389,1.8337072255975282,1.2383571418383057,2.244954554446358,1.6104864154359753
-218.05618285160853,326.5502095000219,160.17552488112108,1.0103493756195272,14.315590794836735,1.5525738534255065,15,D06_px-1055_py-0118,0.6532998641058169,1.5525738534255065,2.261592334123615,2.1089818462335526,2.165293866893721,2.588685898597223
-83.3110834936258,330.8444265406701,155.92735802197095,0.9579737127915652,44.55013863384727,1.210501524933007,14,D06_px-1055_py-0118,0.6194333479940229,1.210501524933007,2.0487775595597215,1.543866704221448,2.1439031023095527,1.220366183464862
70.57090908455105,323.21533968752345,148.72528030594836,0.9657175874713424,54.1842142940946,0.7488501934448851,12,D06_px-1055_py-0118,0.6244405983551654,0.7488501934448851,2.057829512777647,2.2313504923732426,3.322954363535413,1.325678512474653
-66.19407176152025,328.8625348684244,159.6555605431027,0.9387821179267386,45.39444594455131,1.1624446345882915,14,D06_px-1055_py-0118,0.607023911595374,1.1624446345882915,2.335558002191366,2.1787989012529483,3.233670099882688,2.584552894369624
-159.0116741964326,350.78875814872055,164.91806730754345,0.9882852014975296,15.859720498897277,1.3894095550909462,14,D06_px-1055_py-0118,0.6390329953341414,1.3894095550909462,2.082808739734715,2.3439560301138647,1.2123811355800327,1.8274992625395123
-129.12010319018,350.4264319898031,162.76107978787442,0.9801478121495902,23.38110780048044,1.316846450035467,14,D06_px-1055_py-0118,0.6337712952891196,1.316846450035467,1.83421444898561,2.6029817605263874,2.1883378889290026,2.501006328960114
77.44911975360013,346.6016153992496,157.2998007838186,0.9726611525537112,36.29895186476864,0.743975436588623,12,D06_px-1055_py-0118,0.6289303622271328,0.743975436588623,2.5788290039083024,2.541423219697671,1.8440003498830322,1.770168748675875
22.9083137706454,357.9467925235276,161.49568745231042,0.9649904854851312,32.031871877634785,0.8999047438661346,13,D06_px-1055_py-0118,0.6239704484839967,0.8999047438661346,1.9451767788882504,1.7493832041735307,1.7728020814387895,2.395595979261109
185.045558211462,363.80465708778223,165.7310608363142,1.0124260447279605,2.828509003198008,0.4932811934607349,11,D06_px-1055_py-0118,0.6546426547078305,0.4932811934607349,3.0247899415387405,1.943323257942752,2.293500283050461,1.6750822719863923
142.08566555574643,368.6201329821268,149.7668227410513,1.0427950843322746,18.37412602842488,0.5959136573982841,12,D06_px-1055_py-0118,0.6742795149121108,0.5959136573982841,2.686659145534928,1.3851959914807863,1.9580788421042712,2.2773525754893287
43.16622535030756,373.51273958799766,168.489021399292,0.9672193736424464,18.79455794184736,0.8487589405700705,13,D06_px-1055_py-0118,0.6254116651219426,0.8487589405700705,1.948960226938723,1.5292155734059494,1.2894262104052796,2.1230027469507675
35.90097888213012,381.03967455864256,165.18524109184793,0.9846416501278004,17.023709464362412,0.8698756358737135,13,D06_px-1055_py-0118,0.6366770463207151,0.8698756358737135,1.8516326164807322,1.720998092398474,1.8860638577075886,1.728416924093862
35.97991654999348,393.1988747075388,161.62091139561142,1.0087957482615744,12.346954652808108,0.8725652755841394,13,D06_px-1055_py-0118,0.6522952764193056,0.8725652755841394,1.7457237872760603,2.2381770027940826,1.9724896590407561,1.483119175064579
-122.57594251169463,-383.45088003010994,162.0836618954139,1.0162160610305262,7.843261818630651,-2.487175167898596,2,D06_px-1055_py-0118,0.6570933091004327,2.487175167898596,2.0650068722282966,0.8083983647066824,2.7490822851671695,2.3751357737090726
-150.9460825593609,-373.1814918672405,163.2779277817869,1.0129100647269014,7.219756687768324,-2.5621420885678803,2,D06_px-1055_py-0118,0.6549556258514397,2.5621420885678803,2.50589200635461,2.0086864113223384,1.6401144646933696,1.8138176777779544
102.89297551089685,-373.40139369096886,162.8417895933493,0.9966589024366282,15.812228927046988,-1.908892859578883,4,D06_px-1055_py-0118,0.6444474963152712,1.908892859578883,2.261544458001152,1.9898053184241442,2.553056992401764,1.7465998131034577
33.57752874735918,-351.0025124191473,156.1622833808262,0.972692615643571,38.30623576890264,-2.0824042825069973,4,D06_px-1055_py-0118,0.6289507065088494,2.0824042825069973,1.734270796396885,2.338979840564329,1.3392371983935378,1.025584269026508
-140.10583909253043,-337.6907021995958,158.83306951311818,0.9816129399974924,29.80956461299411,-2.5710555724658506,2,D06_px-1055_py-0118,0.634718658495382,2.5710555724658506,2.0838436873127417,1.2923378179025504,1.3646483949934587,1.8451757945527314
81.15481559407613,-336.79590227043303,155.62236117025748,0.9660735745575216,41.91820851710338,-1.941322027371088,4,D06_px-1055_py-0118,0.6246707824089553,1.941322027371088,1.965369253566627,1.8662731576382536,2.004521657507571,1.9123499998923261
75.36292356466885,-324.8724197918299,165.6880521124229,0.9181844286985176,42.80019496220388,-1.9498306290227467,4,D06_px-1055_py-0118,0.5937052835065119,1.9498306290227467,2.2795306880124366,1.755482475794429,1.998178890249298,2.2783330626489215
-292.24038220233143,-282.2185161992723,156.7474639358944,1.035112946515873,8.554123951186057,-2.980618001890233,1,D06_px-1055_py-0118,0.669312184093086,2.980618001890233,2.157932603800976,2.540606262621445,2.6857079167290814,1.636847579325654
186.8208040580912,-280.1921497993835,158.79752129572012,0.9431955726554756,45.21417335109908,-1.589708923493518,5,D06_px-1055_py-0118,0.6098776861847364,1.589708923493518,2.0658238442024697,2.422968794340797,2.599727523244059,1.6205893548116577
-233.6291840659713,-276.80526269056764,159.7609973740415,0.9746092593449196,31.1141718629126,-2.8787879769093383,1,D06_px-1055_py-0118,0.6301900234222315,2.8787879769093383,2.562615620220097,2.7088085367831995,2.463805479404415,2.008258220590313
287.7431115737349,-239.62968554679924,162.16476521801405,0.9830787504662754,23.17214607875019,-1.301397271108962,6,D06_px-1055_py-0118,0.6356664630896824,1.301397271108962,1.266928514121522,2.1131753973626246,2.4794550155235315,2.6977983724166386
325.6950430562803,-229.82556038262555,165.62331420658018,1.0020368439684526,8.129523225583853,-1.2214850354306694,6,D06_px-1055_py-0118,0.647924915668112,1.2214850354306694,3.067655270157469,1.5867121697701696,2.0496759550926194,2.4217601333267957
317.96918618552826,-185.17573265657376,163.7244379808979,0.9705207867772908,25.79936409191947,-1.1343349639871552,7,D06_px-1055_py-0118,0.6275463848579037,1.1343349639871552,2.6751730530746887,1.7401814886737257,2.3861420102837108,1.9064157700723874
360.33868413941593,-163.4303796967627,157.649087017294,1.020886856033992,13.986683618388897,-1.0327788834342932,7,D06_px-1055_py-0118,0.6601134819383279,1.0327788834342932,2.3464762825081302,2.084334714085115,2.3606995598633,1.9770289350952575
-357.78465885817945,-153.18355406440034,161.0126280181158,1.0039934174510856,15.77178245221188,2.939144218948981,19,D06_px-1055_py-0118,0.649190051492572,2.939144218948981,2.7163725739930906,1.822697414405811,2.0869197161674142,2.46971910696134
375.3828873407131,-116.58047687841224,158.39762623756192,1.0158266730085146,15.032079172640463,-0.908099831359693,7,D06_px-1055_py-0118,0.6568415277384573,0.908099831359693,2.679815948366138,1.986684406391893,1.8924198751349832,2.0697907653247842
395.1157185385978,-101.79388149643894,156.64893744688115,1.037275244339405,7.624370233781065,-0.8591268990364442,7,D06_px-1055_py-0118,0.6707103428967213,0.8591268990364442,2.750342337686085,1.9472574953144135,1.6593205975587928,2.1766878459533503
391.6554693252998,-95.49160303867272,168.9332483257042,0.9981554274978792,3.8746829101479534,-0.8461289013907429,7,D06_px-1055_py-0118,0.6454151612069793,0.8461289013907429,2.762035326373314,1.82547425132755,1.4483448209982441,1.775549705344531
-325.4599219251415,-83.9903190798119,166.4033238432047,0.9198861152931408,41.01050306083761,2.787169304023148,18,D06_px-1055_py-0118,0.5948056074616154,2.787169304023148,1.9623761537274547,2.2357077347083716,1.9985671780356555,2.055263658639547
365.896885008382,-76.22489567196531,163.7177009101568,0.9777995589895204,22.688545088183787,-0.8123654337118167,8,D06_px-1055_py-0118,0.6322528963002362,0.8123654337118167,1.6423660206815427,2.1771023533515406,2.2250244074817807,2.3213020698240996
323.6332197169549,-73.65247188516614,159.87996511591973,0.9330313367024438,47.11915503907488,-0.8307483640601512,7,D06_px-1055_py-0118,0.603305411160779,0.8307483640601512,2.1725442612714465,2.5513935362032187,2.6308467674016667,2.234728806351623
-357.4072883678927,-66.27721167082865,164.47289651496877,0.9626879716378136,27.759583878945136,2.717969222989803,18,D06_px-1055_py-0118,0.6224816248949961,2.717969222989803,2.240271089641961,2.139109093252838,2.38573824142526,2.0299829729952914
-387.6079845263637,-43.63969431340146,165.09476705927534,0.9936015557999388,13.092605472042235,2.6467281849504265,18,D06_px-1055_py-0118,0.6424705918993617,2.6467281849504265,2.5234846406749862,1.8942597066460685,2.3529941800095484,1.3351787088595963
-366.9830705702495,-21.86861322129036,164.09430181012218,0.969055274941256,25.764867852445093,2.5941329875219656,18,D06_px-1055_py-0118,0.6265987733618903,2.5941329875219656,1.871817901235217,2.563403858333487,2.712984946601963,1.7811755783949899
407.5802470389768,23.68371702042352,161.02785622676373,1.0253949066562578,5.2355151383451926,-0.5489366933235112,8,D06_px-1055_py-0118,0.663028422977513,0.5489366933235112,1.8844172943369073,1.7690982041307233,2.3539511908926647,1.5149652238629785
401.2743713840777,48.40598528657272,154.88257606459752,1.0381061213918927,10.66846035100042,-0.4869289619930531,9,D06_px-1055_py-0118,0.6712475945431094,0.4869289619930531,1.9100677835970317,2.332559553931974,2.384724984324171,1.9311531763401977
412.6083896666959,57.18757851225615,161.9894756588832,1.0316434394765648,0.1266262536349245,-0.469256808515033,9,D06_px-1055_py-0118,0.667068773514538,0.469256808515033,2.0838947316681775,1.76335619558537,1.830193934339491,1.4793408732632432
-383.7761005108254,73.22377542074054,157.7512803780096,1.0149490887622252,16.681811775317897,2.3460809337786435,17,D06_px-1055_py-0118,0.6562740748526763,2.3460809337786435,2.2825815605278486,2.1657121413864333,2.3335965013030426,2.3001832294828457
391.5269106188134,112.3873183269706,160.53921044755663,1.0257315283422734,6.005672139294518,-0.3274465392200589,9,D06_px-1055_py-0118,0.6632460852110291,0.3274465392200589,1.421222461507515,1.3524310237227608,1.8249499563713636,2.0574882135954224
313.7734054900875,165.71841038756273,161.80817088920736,0.9590444758647826,33.896594203289,-0.1210688808348697,10,D06_px-1055_py-0118,0.6201257118308329,0.1210688808348697,1.9228330936092008,2.0598848622984267,2.840343536764374,2.668132419803814
356.97532032775945,187.5752009463921,159.0550278022663,1.025384617401186,9.043673853223028,-0.1231742978742649,10,D06_px-1055_py-0118,0.6630217698641421,0.1231742978742649,1.5935051320989984,1.7228330716832354,1.3702166143634784,2.4236139812551976
-314.31959261011366,192.49043032698688,161.44257906735385,0.9778235897466092,26.749330924291144,1.9851232580328608,16,D06_px-1055_py-0118,0.6322684347770436,1.9851232580328608,2.129949952401309,0.8476923812746755,2.62918100651007,2.0414643847888256
342.05890986834584,194.46775312250443,165.51654877167536,0.9964201243167552,10.999794048635806,-0.0900278484134181,10,D06_px-1055_py-0118,0.6442931005022695,0.0900278484134181,1.0530320693965587,2.126446326698786,2.8167854425962204,1.250174124024078
259.64630821926585,214.31467680329712,163.70033051460828,0.9285437415229916,42.35484879920699,0.0830644608364187,10,D06_px-1055_py-0118,0.6004036967720306,0.0830644608364187,1.8943442322603774,2.2524668071258818,1.144452408273661,1.4562008515900307
316.9653312412561,240.07917438405107,154.99756925968055,1.0305927347152954,14.274312254728557,0.0412600904956069,10,D06_px-1055_py-0118,0.6663893795402193,0.0412600904956069,1.9752199724280293,1.3783042843271864,1.8860048311264181,2.0516411843405042
200.40311231411928,261.7634703411066,161.81669873150756,0.9240085779146476,47.12464082939806,0.3104134420567389,11,D06_px-1055_py-0118,0.597471224262497,0.3104134420567389,1.7440613196429235,1.2876677837301487,2.06182585791976,2.415633985815666
144.77171018788732,305.7257585081883,150.83185054579224,0.9695377513134068,49.00613608285136,0.5215648112161616,12,D06_px-1055_py-0118,0.626910746384259,0.5215648112161616,2.582826586987861,2.416838271106288,2.22494959227511,1.3661651985301297
-126.1986332144315,307.852815572213,162.10064613082656,0.9275854382578445,45.37154999341152,1.3528555679907974,14,D06_px-1055_py-0118,0.5997840503328878,1.3528555679907974,2.07412832584148,1.7751397291853788,2.249842652388209,2.274993148814575
-42.03397481759426,322.3831479883604,152.9655444299791,0.9442436353988428,54.76890652262188,1.0934705285973785,13,D06_px-1055_py-0118,0.6105553718094702,1.0934705285973785,2.7729104022807984,1.2064676990272003,2.544726512000107,2.3970111170802872
152.6824019743605,337.9253528837246,163.55070731438448,0.974614807044215,24.362426562614928,0.5394480051469893,12,D06_px-1055_py-0118,0.6301936106082913,0.5394480051469893,2.3751478277524365,2.0871575922341963,2.3255208499077327,2.1450536144101546
119.20485277544309,345.03257356333035,150.497711314298,1.0055619209861102,34.66211213618237,0.6311665970980181,12,D06_px-1055_py-0118,0.6502042582323473,0.6311665970980181,1.9180490170864197,2.002611523423871,2.2743030671517284,2.0479759790894234
132.5564051423764,361.16699701780186,159.0211389213995,1.0043940086495198,19.29421313592985,0.6120583959737455,12,D06_px-1055_py-0118,0.6494490769166622,0.6120583959737455,1.781073904815985,2.041698755410431,2.900087209982812,1.8617609074112722
-149.97663226080363,366.5390366596304,165.204845276234,1.0002323866925849,9.769454740571687,1.3522029237448527,14,D06_px-1055_py-0118,0.6467581393810614,1.3522029237448527,1.1481375723458516,1.868604352792717,1.7442174923097222,2.2712386848437998
80.27860604951955,366.68221423577626,160.4750147221637,0.9890166056816482,23.61188459421618,0.7482850604545014,12,D06_px-1055_py-0118,0.6395059270403624,0.7482850604545014,2.0544305232557774,1.2946190488714144,2.6078117208207434,1.1649742065095743
98.91362348583591,370.92170388377934,155.93727020297152,1.012241816007172,21.400942851973525,0.703211460548871,12,D06_px-1055_py-0118,0.6545235309659251,0.703211460548871,1.4644179340294827,1.4579454829654144,2.8537832639511573,1.8028505358369602
5.1476113677111135,378.2511420146648,148.62162557781576,1.0271236187192283,28.33166070799689,0.9502086572854856,13,D06_px-1055_py-0118,0.664146221813311,0.9502086572854856,1.9679764316240105,2.6355776020598407,1.5784412143968851,1.3936089031204846
-86.9369837242962,-392.75221993500384,162.5780372669217,1.0145097308218385,7.752132430657923,-2.395616581116175,3,D06_px-1055_py-0118,0.6559899825479006,2.395616581116175,2.5456691460053635,1.2865323933603254,2.566892663796178,1.79224141112549
27.494262150509204,-387.99459525511895,163.64443178074276,0.9963541619493748,14.476244641738733,-2.107031626863399,4,D06_px-1055_py-0118,0.6442504487159809,2.107031626863399,2.5880466756497347,1.6752337977045249,2.276109722659002,1.4888394392427693
5.104512874343247,-387.1364036084733,160.54124588370178,1.0029545978366463,17.136742788867878,-2.164591314248291,3,D06_px-1055_py-0118,0.6485183425478048,2.164591314248291,2.215137958957154,1.4492958457113942,2.1188351582200893,1.6107653241195141
-22.3519695726501,-368.42167472421886,162.32203026558105,0.9759599002378369,25.97620748880076,-2.2383711145436003,3,D06_px-1055_py-0118,0.6310633584616653,2.2383711145436003,2.074739935489994,1.4362326828654783,3.1174033971957704,2.9349023738961657
122.76235788270785,-370.5925409520797,161.49354711757152,1.0040352515834856,14.856341559344514,-1.8578927728113797,4,D06_px-1055_py-0118,0.6492171017720807,1.8578927728113797,1.3286008942885617,2.3057924749453207,2.461310449387004,2.332265266633021
59.52296525529566,-361.5610067830765,160.50427498423088,0.9778140928948814,28.432433426575187,-2.0146116718877085,4,D06_px-1055_py-0118,0.6322622940379162,2.0146116718877085,2.1381057871871674,1.9855289120004873,2.2426814262696553,1.6382207593285918
-161.97174929928397,-342.60031739230544,159.4234121420914,0.9963834221634992,22.23125282279813,-2.619404568163249,2,D06_px-1055_py-0118,0.6442693686008965,2.619404568163249,2.117967876771744,0.8569977681523155,1.5895574212394297,2.494246587096086
18.75213192196235,-343.5894843064013,162.83463616602336,0.94150662537118,38.98274276329062,-2.123252809428189,4,D06_px-1055_py-0118,0.6087855995680295,2.123252809428189,2.3845488223546005,1.4830803062128666,2.916001225374631,1.3614219575973374
-172.9531433073954,-330.5355735516799,162.83417219795837,0.979435060611764,23.560276245243244,-2.6598509563459136,2,D06_px-1055_py-0118,0.6333104245309054,2.6598509563459136,1.5266638823773584,0.9371356023901547,2.961647561919102,2.3497066775343227
-261.8136481656765,-302.286891663677,160.0144342684004,1.018994687035635,10.402339232738427,-2.8915484787611674,1,D06_px-1055_py-0118,0.6588899905606707,2.8915484787611674,1.6209298543607553,1.10882820772573,1.8506481484448793,2.129699576544766
-277.0230696237769,-295.5837758993845,157.5088321573344,1.0317261857569475,8.811424001354737,-2.93077096925161,1,D06_px-1055_py-0118,0.6671222779111693,2.93077096925161,3.112184258931061,2.395757818083993,1.3735623563025054,1.695678003185174
-268.47431735339995,-289.9734765898397,162.2112143964692,1.007531319435967,11.84892951888105,-2.924694959889456,1,D06_px-1055_py-0118,0.6514776867816278,2.924694959889456,1.6325579275884092,1.4425092417332426,2.0497599382497502,2.4482287795093556
171.75297610913074,-284.2161482849256,161.42762747927296,0.9286662794950786,46.104851154868186,-1.6341976071102544,5,D06_px-1055_py-0118,0.6004829307899299,1.6341976071102544,1.5086382905672469,1.8599497918727927,2.4861608352731794,1.8691731481014564
-210.30776068439863,-271.2878219191543,155.83428267159604,0.9611190023586124,43.49320875099761,-2.837223394034214,1,D06_px-1055_py-0118,0.6214671170013679,2.837223394034214,1.8965819883792538,2.703653726582894,1.9299419566510407,2.1345482239951776
-218.91900959297087,-253.0209168860608,165.45939453259314,0.9204134337092698,42.379140262104215,-2.8910403926801784,1,D06_px-1055_py-0118,0.5951465757028105,2.8910403926801784,2.404002789430039,2.8980106839407807,1.7588475995575608,1.9948718421424072
-336.0225916167422,-210.65564869987475,162.9441534290264,1.0071147053544964,10.67741923520208,3.094584155546422,19,D06_px-1055_py-0118,0.6512083008351651,3.094584155546422,2.2302791882681934,2.070350179350536,2.5670889260883514,1.337127879459819
306.1587313594324,-214.40762417119925,154.3166917099708,1.0049114634851022,27.827114494559964,-1.2179170326020807,6,D06_px-1055_py-0118,0.6497836672889872,1.2179170326020807,2.4355773555737295,2.48206352639456,2.3732401325773944,2.01476494239505
280.92366416672576,-189.74518815643395,159.68305726106485,0.9436991603362548,43.5171809401931,-1.20102678862888,6,D06_px-1055_py-0118,0.6102033099455435,1.20102678862888,2.5162563257857977,1.6793449817319503,2.413654979095276,1.5275808951079455
-314.26411980694496,-164.7506448651419,165.31113490431693,0.9489169227535548,31.87900076740914,3.017466204095664,19,D06_px-1055_py-0118,0.6135771562213116,3.017466204095664,2.0111877593475604,2.379736275248777,2.7786463937642325,2.1375740124172724
-311.37381574250327,-152.6141758545691,165.468653329928,0.9375336226054182,36.03116134941263,2.9903349659160705,19,D06_px-1055_py-0118,0.6062166246870655,2.9903349659160705,2.516523099963833,2.0727900640365284,2.136708618150953,1.8888360032869245
-355.7156743458439,-127.05594980301944,163.65730204975793,0.982861177792857,20.576636417696363,2.8776735563163296,19,D06_px-1055_py-0118,0.6355257788853792,2.8776735563163296,1.1694099476933397,1.6844764411839457,1.941111515821006,2.1057111062051437
402.4392171695376,-74.72755139636686,163.1634472572814,1.020680102816665,3.540369696631785,-0.7905750506458274,8,D06_px-1055_py-0118,0.6599797936795507,0.7905750506458274,2.862450055016299,1.9491120185382622,2.7805454916318437,1.4492390383325509
356.17032764061673,-35.29168975963111,160.86895813068008,0.9658114555885992,32.797187163735146,-0.7057436990010881,8,D06_px-1055_py-0118,0.6245012942191185,0.7057436990010881,2.5042890918873715,1.8978499253730994,2.9824622076192675,2.012246741593563
386.8269471373941,-29.422293664874463,162.1164830346285,0.9994274260521704,15.86342910859662,-0.6828939734338377,8,D06_px-1055_py-0118,0.6462376454908456,0.6828939734338377,1.5291347675065161,1.746461132100348,2.1440190661375222,2.010422821527446
-381.5426447403394,-27.37156136865276,162.98395371905474,0.9905633030419104,18.34663794400853,2.606229624364962,18,D06_px-1055_py-0118,0.640506033735784,2.606229624364962,1.56175057250718,2.3436104710957246,2.4723279196625443,1.764332617757601
-358.6272823760566,4.618859711324953,163.28040547518694,0.9598071125944956,31.023581457788225,2.521734557915132,18,D06_px-1055_py-0118,0.6206188387470326,2.521734557915132,0.5844995511214366,2.181194028797554,2.6459082588405343,1.948982393204047
-371.1005235853738,37.11413443067298,164.17180758968195,0.9755202028346834,22.865476404375784,2.4349335782772488,17,D06_px-1055_py-0118,0.6307790466575909,2.4349335782772488,2.7090776023697565,1.9001773403984157,2.2628278011577887,2.1209399905415482
-389.5040742557901,40.65913565896748,159.83510558031875,1.0101112735494624,15.070030289843372,2.4306028844130347,17,D06_px-1055_py-0118,0.653145905431946,2.4306028844130347,2.2091141677563235,2.312647482240968,2.049529886451582,1.4868930764025898
346.56744448559493,82.10248503800541,163.61419630598024,0.9555578806321732,32.15905641882216,-0.3743659748721771,9,D06_px-1055_py-0118,0.6178712518919043,0.3743659748721771,2.6623579372540482,2.604573082730229,1.9666133227996452,1.5535515765591574
359.2657178385334,128.36872596344742,164.1295561638031,0.9861281417568908,18.266100897083845,-0.2638086170800121,9,D06_px-1055_py-0118,0.6376382235161616,0.2638086170800121,2.687472996703941,2.4574129565215537,2.5718466292500217,2.010554066117068
-335.5838230623717,138.90014855507397,158.36776947094856,0.9799142748890902,31.368985169337464,2.142176613200742,16,D06_px-1055_py-0118,0.6336202882570672,2.142176613200742,1.9625271674842755,2.0781171839083683,1.2721167780596185,1.587729495757368
379.4305392726516,142.10055949223408,161.1473872580667,1.0216772026505856,6.8945997294424615,-0.2486384545466247,9,D06_px-1055_py-0118,0.6606245262856364,0.2486384545466247,1.6527469305846907,2.4333102934642827,1.8221186069909343,1.682897677872507
-372.6869631646407,155.27706026063748,164.2381596509761,1.0115984917814296,6.05636502821875,2.1398429775716017,16,D06_px-1055_py-0118,0.6541075524545357,2.1398429775716017,1.9776562318539272,1.1162898873649105,1.72210532984694,2.720466266007655
321.0436067370873,148.8481520932549,158.8258416167906,0.9664757687537284,36.120879441706734,-0.1728419509649238,9,D06_px-1055_py-0118,0.624930844344031,0.1728419509649238,1.5718711967970527,2.0241606620320143,2.1774141749489675,1.1567133277880899
-333.13382907252924,189.1446194885726,159.8766078295818,1.0000218132769596,19.73169809341329,2.0182265723678325,16,D06_px-1055_py-0118,0.6466219809519755,2.0182265723678325,1.777228713120849,3.2024260204039665,1.8001073168476354,1.7125600784259813
247.34441842333985,284.50412177523395,162.88118422818556,0.9841549622229088,21.40459140668856,0.2481742290478161,11,D06_px-1055_py-0118,0.6363623500881047,0.2481742290478161,2.1460613228343357,1.7166438856246349,1.982845974285752,1.6575266906114439
179.8574922972995,280.55341407965705,152.50573355102108,0.9573654757685908,50.72805562153013,0.3937370226204034,11,D06_px-1055_py-0118,0.6190400571443011,0.3937370226204034,1.7663724087287633,2.1877356917734,1.2137359260104201,2.3690678596775365
219.16292594254085,299.8887586346418,165.41127065928856,0.9701273326287528,22.98132284884156,0.3327081746075053,11,D06_px-1055_py-0118,0.6272919743064901,0.3327081746075053,1.7673088551888512,2.1245777953412253,2.037679093649275,1.1826355270845585
-248.4615480190405,303.1584130792638,161.21587364040917,1.006630128498743,14.143172662139818,1.6503812360146246,15,D06_px-1055_py-0118,0.6508949696235548,1.6503812360146246,2.1084432732093186,1.592148254478985,2.9074433800186488,1.8584115823023144
250.41812163222508,302.4384223170229,161.9626718762488,1.0053338509026948,13.365522295871756,0.2722360766776748,11,D06_px-1055_py-0118,0.650056786320059,0.2722360766776748,2.372223574825563,0.9600464196418947,2.4361420085818972,2.2542802279586374
-179.21518491248955,309.4151514011144,151.27740293600814,0.9938032223303372,38.32830056814174,1.488806426291298,15,D06_px-1055_py-0118,0.6426009910663065,1.488806426291298,2.5475976072930218,1.9680792634350934,1.6781624040830596,2.1858244887828313
-112.74613751360744,331.48102374585505,151.3231085542226,0.9840118184742164,42.34271315457272,1.291670466007981,14,D06_px-1055_py-0118,0.6362697922127549,1.291670466007981,2.392711588498795,1.9883478938116876,2.089539609820358,1.4183935921812778
-86.87689269924975,346.0122571058124,161.3698421138605,0.9628320765930616,33.13251233187225,1.2098120376141948,14,D06_px-1055_py-0118,0.6225748042940755,1.2098120376141948,2.0131564434449345,2.4550477349070947,2.138300419642167,2.446492218414807
-4.343073188481674,363.0585620873409,156.70997538273605,0.9846342432955708,32.34836776949868,0.9757786834676604,13,D06_px-1055_py-0118,0.6366722570046569,0.9757786834676604,2.9751327933398093,2.4688279031179254,2.393615306853687,1.8339508056155855
-51.62789534456797,366.183216120809,160.86591722463078,0.9810182881740248,26.40855466159365,1.1038828333502404,13,D06_px-1055_py-0118,0.6343341519426626,1.1038828333502404,1.9741452789243827,1.8063405302240898,2.0874480493383842,3.060065155106691
-92.9099977135841,386.6722443653818,155.11935336457938,1.030305766195581,14.181763028157375,1.1996274648333969,14,D06_px-1055_py-0118,0.6662038234351174,1.1996274648333969,2.3055512767105153,2.464929058635753,1.6718463791401696,1.9833382796780803
-26.86261974279564,385.6902914454232,149.42168454769433,1.0343711841777083,23.271611772962785,1.033352665221852,13,D06_px-1055_py-0118,0.6688325547228747,1.033352665221852,1.9786074396968472,2.2846185511069614,1.8737751567569316,2.5221089844896607
19.26807395094792,-398.6101613724484,162.33444809212136,1.0116150840494895,9.636732016756127,-2.129475314097891,4,D06_px-1055_py-0118,0.6541182811457491,2.129475314097891,1.529774626688806,0.7289432199677626,1.8518519157157205,1.68814997748429
-33.052443660676104,-399.1123520186263,163.13288633291117,1.010986744384489,8.440028079077763,-2.260402195956964,3,D06_px-1055_py-0118,0.6537119917693586,2.260402195956964,2.5304424933364076,1.9809867622004962,3.035330048009583,2.0479617036125237
-67.22363464579233,-382.8298082997266,161.36087048923142,1.0024186678949358,15.86455412769982,-2.351600393994554,3,D06_px-1055_py-0118,0.6481718060263416,2.351600393994554,2.491216111838857,1.8118566379586918,1.9683503195089764,2.5154376004116155
-110.7673633282858,-379.1803803357018,158.90579423529817,1.0166182828772552,13.682003593811942,-2.4619906020201188,3,D06_px-1055_py-0118,0.6573533889145539,2.4619906020201188,1.7272093871175935,1.7808009021860496,2.597380773982054,2.0933248145337675
134.30785967606286,-362.8376254493987,160.49959136318245,1.002753042479008,17.308448355418818,-1.823255493855224,4,D06_px-1055_py-0118,0.6483880152660424,1.823255493855224,2.8789488162885886,1.7220518720748406,3.045798010248257,1.5562765367699969
-132.15459057164077,-362.28221908051,163.36795032216477,0.9931943440134712,16.44423725053298,-2.5275596887936187,2,D06_px-1055_py-0118,0.6422072855509033,2.5275596887936187,1.7167459092349358,2.4297875825111355,2.6739549237295366,2.2664427896642065
159.34654659966984,-353.50737118205893,161.07186735131788,1.0021499623254522,16.52730290801884,-1.7542911208035372,5,D06_px-1055_py-0118,0.6479980588887037,1.7542911208035372,2.396020469787887,1.8122172016026559,1.1503354682168752,2.2164793243113188
-7.560054692382454,-342.5596751211333,160.6988408466924,0.9457630658737528,41.003346254521375,-2.199841583856044,3,D06_px-1055_py-0118,0.6115378475220604,2.199841583856044,2.453248000585833,1.4063258749390197,2.082436509376203,2.0092463265495417
-206.08842587373653,-340.23068644257467,161.47241267837663,1.0125473318561211,10.807467319228635,-2.7223990037908616,2,D06_px-1055_py-0118,0.6547210799201948,2.7223990037908616,2.541567101454737,1.486279398617475,2.4354011743547854,2.196613852379365
60.83781658191968,-341.9299541247457,132.72804688284495,1.039280124164905,53.77071836538852,-2.001693724845916,4,D06_px-1055_py-0118,0.6720067139829551,2.001693724845916,1.132109813267691,1.518396471612,2.8424152842339896,2.6479162131521017
-224.44279220153325,-334.49782433060824,164.2810592449437,1.0104529310280748,6.54109660211077,-2.768761646950582,2,D06_px-1055_py-0118,0.6533668238486188,2.768761646950582,2.1344810567128816,2.7011286003563946,3.059485114927111,1.4289145760504844
-266.596849011634,-315.1172691104926,162.7429036276672,1.0255521015288114,1.8481768275631223,-2.8799572578746178,1,D06_px-1055_py-0118,0.6631300664202224,2.8799572578746178,1.6888625519005909,1.974220953081021,1.3338025476012174,2.2697465857810397
-201.05720141137093,-297.6399178941876,162.5006046138605,0.9627440232776572,31.188869850749768,-2.771872255703454,2,D06_px-1055_py-0118,0.6225178683267993,2.771872255703454,1.4269756264918905,2.417355426363679,2.1197718491475888,2.351720350967967
-281.472907950446,-264.9581226788765,160.59365341768824,1.0020930489466278,17.44192113664559,-2.993387825296426,1,D06_px-1055_py-0118,0.6479612582496881,2.993387825296426,1.366425427893731,2.853359657190457,2.0050103709719145,2.7829882954141336
-251.9050166007424,-249.1374212850264,161.7621541676975,0.958447443836812,34.21617744192105,-2.9686976403060323,1,D06_px-1055_py-0118,0.6197396662191346,2.9686976403060323,2.09789258246216,2.8484532603173927,2.0042353796949803,1.6571184812250075
236.5413675619443,-240.5782350357524,159.7949007694462,0.9410967686172012,44.30008372601981,-1.400838406396423,6,D06_px-1055_py-0118,0.6085205829627458,1.400838406396423,2.048547585560512,1.5352428128405364,1.3807912572516456,1.8044873480586159
-333.28437250281644,-225.7025751213262,160.67383824217907,1.0200651851633409,8.610364943104855,3.129877558250084,19,D06_px-1055_py-0118,0.659582183081626,3.129877558250084,1.5952701249988268,2.076041351248507,1.8488541568093828,2.8546856244906182
-304.0205474029322,-216.52644278870235,161.6090628417086,0.9831666321685516,24.13592913115849,-3.129698576999135,1,D06_px-1055_py-0118,0.6357232880905583,3.129698576999135,1.9371333539066733,2.0764531074992365,1.835294415028442,2.133238775290263
263.9860923657635,-211.57239526997145,165.6246848840004,0.9252607794636868,40.348938775823285,-1.282605705634945,6,D06_px-1055_py-0118,0.5982809076468399,1.282605705634945,2.300951739016,1.7506523740757038,2.5813237138002316,1.1877175973398615
-320.97808678867545,-188.69029893163176,159.50927819682167,0.9880598429449844,25.790839075765746,3.066058605572374,19,D06_px-1055_py-0118,0.6388872767190705,3.066058605572374,2.0150115630381804,1.5325563714213382,2.3192833471367864,2.6282553682590883
-295.6733582741161,-189.24564730595225,163.19199284915462,0.9499547257860146,35.11027115730582,3.1039615775950185,19,D06_px-1055_py-0118,0.614248207836164,3.1039615775950185,2.270743199118199,1.1521530586127837,3.050839975177877,1.7560967766492466
-360.1536105859901,-176.9387803753528,162.5272810578585,1.0135458586992945,8.324506601567862,2.991266052072085,19,D06_px-1055_py-0118,0.655366735241703,2.991266052072085,2.0242831019091563,2.7862966024963662,2.2316584066982497,1.5368770034996648
304.14367076065395,-156.1220706153475,156.75912262184536,0.95643520962818,43.698757203618925,-1.0812237754942386,7,D06_px-1055_py-0118,0.6184385397308421,1.0812237754942386,2.2094201826965527,1.2535586638736969,2.0276062549393994,2.964031985634313
355.3692359064133,-124.55703043063068,161.588751552636,0.9873036493342568,22.3485384390936,-0.944099999860599,7,D06_px-1055_py-0118,0.6383983159743548,0.944099999860599,1.9057413678832633,2.268965467792352,1.8438353547345434,1.7465737615511627
-326.7754469196007,-118.13113598691277,160.4535945874753,0.9531107748246028,38.59370412937403,2.88150087473609,19,D06_px-1055_py-0118,0.6162889340025524,2.88150087473609,2.5939143134364144,2.4019145857293553,1.8295148341526213,2.2064216523566023
-361.6612642057195,-110.5621885378296,162.88283841815144,0.9856061248801786,20.757503691262,2.831296952919211,19,D06_px-1055_py-0118,0.6373006832921101,2.831296952919211,2.1623317514859295,1.631039194237412,2.9305448570331762,1.8316371434599539
332.5042844434875,-106.8886308093167,160.8035079348937,0.9545074791938168,37.44229747934793,-0.9180112137964676,7,D06_px-1055_py-0118,0.6171920540485701,0.9180112137964676,1.4226019156650307,2.4908416878220327,2.065424523281168,2.0792842437379377
-378.69210742583033,-69.90549352870525,162.03312588751072,0.9962980510735816,17.46750553353195,2.7171553661678245,18,D06_px-1055_py-0118,0.6442141669817462,2.7171553661678245,1.121183431677514,2.1355053824890255,2.658230695525742,2.217932688279406
-360.56907001906046,-42.03356806216072,162.38769800691762,0.9680278921052544,29.208043044970623,2.650664937784781,18,D06_px-1055_py-0118,0.6259344595281405,2.650664937784781,2.4023484409686118,0.9651449779027579,1.6295506816057412,2.4530764045377738
-351.38785361672166,-28.764471473363248,161.98409441863274,0.9554935143055102,35.00899751659523,2.616290613100604,18,D06_px-1055_py-0118,0.6178296321181145,2.616290613100604,1.98556401900891,1.8152372956381202,2.17630594422561,1.5899258341580094
-396.48197140640326,-23.60587348286117,159.49171012801847,1.0174067193569098,12.18190885295462,2.5940812478253723,18,D06_px-1055_py-0118,0.6578631981522728,2.5940812478253723,1.8987889445837887,2.2850521710614364,1.779071466221026,1.9970122249571087
400.4321468570879,7.198667600071775,147.15111617924833,1.0563099131125335,16.609627640375948,-0.5890042211224966,8,D06_px-1055_py-0118,0.6830183096484788,0.5890042211224966,3.1843772087055373,1.8470439100782166,2.0371145556935186,1.2932893944747565
-374.2100331369873,22.027801719960348,156.6263885366901,0.9994896946280104,25.98747562716983,2.475816162977589,17,D06_px-1055_py-0118,0.6462779088424307,2.475816162977589,2.2517397829705637,1.81482096132244,2.993566174059314,2.152548981897461
-358.38002666834603,30.512280050012087,162.34511973867694,0.9638343240912592,31.015012001648188,2.449678494484481,17,D06_px-1055_py-0118,0.6232228654204275,2.449678494484481,1.3360160845797295,2.3950004014559956,2.909841544494617,2.1960272108825167
-339.5012745253624,30.821875126749685,162.34004868165712,0.9385008387838946,40.95591646102855,2.444075573741315,17,D06_px-1055_py-0118,0.6068420342861679,2.444075573741315,2.468445257843505,2.004134626476282,3.175761737304668,1.9689108269147249
388.991771561602,30.97990913283953,159.34662983908572,1.009880307053703,16.098796784803483,-0.5275057229108244,8,D06_px-1055_py-0118,0.652996560676623,0.5275057229108244,2.789849004211559,2.7184389079319837,2.4451320008583997,1.8330113842210238
-350.7710016216759,62.67154666942964,158.56446455076903,0.9704718162922752,34.954243966561364,2.357810698472671,17,D06_px-1055_py-0118,0.6275147201565856,2.357810698472671,3.2837675276687532,1.9061509207413987,1.177245530244389,1.6748904901479178
-390.2158794879805,97.64452839758108,164.97221960978553,1.007920045870222,6.48769477180349,2.289416049018484,17,D06_px-1055_py-0118,0.6517290403557491,2.289416049018484,2.1788435724892885,2.359908969637133,2.6274880163160605,2.1193886524281966
-351.1364017523769,129.97353427972544,158.63221024045896,0.9931511740656316,25.13673375099944,2.180100281555161,17,D06_px-1055_py-0118,0.6421793715226102,2.180100281555161,2.473824474254532,2.3697412500845596,2.390415337004417,1.3384315244530436
-327.7354632634958,151.54160723477335,158.5849516538998,0.9765692515405824,32.389957120991255,2.1015035576461463,16,D06_px-1055_py-0118,0.6314573698134636,2.1015035576461463,2.4182445433951703,2.3917533006940976,2.366109918112623,1.6688959145008175
-297.7370341975386,168.12300685958786,155.37920719648255,0.9606644574485902,44.464413474342905,2.020577180972265,16,D06_px-1055_py-0118,0.6211732046824086,2.020577180972265,1.5568831949927318,2.3910525931212456,2.5635996918904134,2.0735284056354435
-282.58512297999846,182.41509244449333,160.91980033578562,0.9362824445266738,44.1803642248849,1.9613918778277928,16,D06_px-1055_py-0118,0.6054076030866763,1.9613918778277928,1.895574839899927,2.2839145483382355,2.670155667002401,2.329620096081007
-320.34080719979414,216.433944980064,157.10501239829165,1.0120609798974372,19.28324535512138,1.9404263080327628,16,D06_px-1055_py-0118,0.6544066009130484,1.9404263080327628,2.3241012454363563,2.4815739698190207,1.804173567043922,2.126304781356737
-326.61924326488366,226.661178069938,152.50212210264974,1.0376555694200844,15.585041915182558,1.9279513531955952,16,D06_px-1055_py-0118,0.6709562640894488,1.9279513531955952,2.0735047252135113,2.105644147609555,2.3917843284448836,2.4792168681701874
-254.31720141137097,228.13128210581243,158.83793794719384,0.949899583298458,42.61611798732855,1.80343888262032,15,D06_px-1055_py-0118,0.6142125522693903,1.80343888262032,2.0815816972065315,1.6447885859833238,1.8004617530063838,1.645309834720433
-310.2869775846562,229.6847713958245,160.3754359014658,1.00210693021306,17.840655371212222,1.8973920222074685,16,D06_px-1055_py-0118,0.6479702339858965,1.8973920222074685,2.6495957453954846,1.9033400088882049,2.031798564149623,2.617935659982645
-307.73431229075925,246.5331393181864,154.796309028181,1.0274668826952236,16.22483043912797,1.859187592896524,16,D06_px-1055_py-0118,0.6643681790038447,1.859187592896524,1.3995681644921558,2.5655644288514816,3.1138026919184734,1.4436999251126479
328.2331348445896,247.31508792030257,161.46875117592788,1.0271135539511538,3.5010629272637743,0.0387411442985146,10,D06_px-1055_py-0118,0.6641397138550006,0.0387411442985146,1.7280738505589137,2.2425547321677914,2.19457201460102,2.5026130180307464
244.54952370450616,249.0693327303705,156.27254767301676,0.9676469280076772,40.14704747405057,0.1875748513030397,11,D06_px-1055_py-0118,0.6256881251420537,0.1875748513030397,1.97517252492728,3.0617292071867475,2.5056480254477274,2.9961425564234787
222.2146717363925,263.0546270164896,161.0373580829091,0.9471222127716126,39.905146884565454,0.2623801405404763,11,D06_px-1055_py-0118,0.6124166826112861,0.2623801405404763,2.0978521409465474,1.1110936829550806,1.8977982946176721,2.359289381174156
-277.3507953679338,280.5452333806,159.37211282915794,1.0147049737741207,13.728733348897263,1.7434891547350984,15,D06_px-1055_py-0118,0.6561162281786413,1.7434891547350984,1.340083815425646,2.368287584579898,1.8378695608673983,3.109046083098969
290.64337422329936,287.33997839543235,147.7438621773275,1.063246895475206,11.667354742494012,0.1727033114865213,11,D06_px-1055_py-0118,0.6875038170820429,0.1727033114865213,2.2765382138414614,1.7683197879968442,2.276841361319097,2.4080670569593523
205.6901164180865,298.6589113909115,162.5659351909492,0.967033951067566,29.3070489184168,0.3607065932754694,11,D06_px-1055_py-0118,0.6252917694245782,0.3607065932754694,2.1350379490320885,2.4223887604543584,2.3808623823692328,1.5688207874986269
-140.25375290359463,310.6881910591542,162.1285084389971,0.9390960287309124,41.090759645705134,1.3878586929796577,14,D06_px-1055_py-0118,0.6072268887938133,1.3878586929796577,2.300641149379895,1.8952008245291938,1.712532535922028,1.8744370603181864
218.10576534355693,321.4198723970746,159.60225192189228,1.0070839733074364,16.94664848566765,0.3676188820729087,11,D06_px-1055_py-0118,0.6511884292514808,0.3676188820729087,2.2184673618914226,1.2390060634397977,2.2909711031145044,2.5763360733892657
32.745905868322495,328.87917520926067,159.47523603148505,0.932217321907124,48.09270937211727,0.8645756903666014,13,D06_px-1055_py-0118,0.602779062782688,0.8645756903666014,2.2221755921681305,0.6793452844883916,2.30251400834165,2.005024586898707
-165.41453474470433,334.6476612222783,160.85674597932234,0.9853817534634004,24.52415309080629,1.4228896825046364,14,D06_px-1055_py-0118,0.6371556029668013,1.4228896825046364,1.7362050875966675,1.7959562190349772,2.120951000215113,2.127817345752758
91.86789144810378,332.0116340296966,151.94492497205275,0.9745927172708468,45.04096768994151,0.6938700336697509,12,D06_px-1055_py-0118,0.6301793271868454,0.6938700336697509,2.224123353305187,2.0600056783061076,1.1846037195219359,2.5531845551749397
-38.50227613849108,338.98264700925506,154.663680012685,0.9617827720368912,45.28055930965343,1.076913957480687,13,D06_px-1055_py-0118,0.6218963157034023,1.076913957480687,1.8387823502986822,2.85790341194002,1.862247020734769,2.454690513535381
1.140603099907174,349.6699247123286,161.1191489747628,0.954134929364798,37.04273006895306,0.9605548642833412,13,D06_px-1055_py-0118,0.6169511603948067,0.9605548642833412,2.5283826632166093,2.041165835260288,1.642603900635562,2.1326917246448365
66.60542090939762,356.8450476638316,161.61349626204972,0.9702539545174466,29.64787510779269,0.7792893104985325,12,D06_px-1055_py-0118,0.6273738490170334,0.7792893104985325,2.4756387328356215,2.684880981109684,2.463370672273612,1.9745258295763877
-146.33767931030405,356.9441237519609,160.21331456813417,1.0022470366152167,18.076465732281804,1.3528914535360324,14,D06_px-1055_py-0118,0.6480608278890532,1.3528914535360324,2.202099507159602,1.6513234375433146,2.1832600708824152,1.5637094646806178
161.86304236004705,378.6377390105083,161.49300783697802,1.0279157758262714,3.039181661757027,0.5598407838345792,12,D06_px-1055_py-0118,0.6646584368380041,0.5598407838345792,1.9860280815977405,2.317705665545933,2.760580988265492,2.1780724733319756
-6.160002301956218,400.8382351592476,159.41021663676128,1.0217732794191383,10.174955757057605,0.9791833865081636,13,D06_px-1055_py-0118,0.6606866502809136,0.9791833865081636,1.4655149521169908,2.0914074379653247,2.7150817432757854,1.6869406612127207
-78.7639813375834,-405.7138334562625,161.15832953718362,1.0304431506685687,2.373770964204766,-2.369527412696725,3,D06_px-1055_py-0118,0.6662926573174347,2.369527412696725,1.8236540852699736,2.4667657759744963,1.8752634582398473,1.4465827689826085
69.7007672687184,-396.3606749411674,163.56019656016923,1.0120103138658545,7.131280259109019,-2.00370375181394,4,D06_px-1055_py-0118,0.6543738398579654,2.00370375181394,2.1674713205759,2.266118389786925,1.956950680278688,1.7399259919802388
-19.53881522612759,-391.0331461516444,163.3836233475078,1.0000602568040813,13.222530395502588,-2.2277014947817877,3,D06_px-1055_py-0118,0.6466468388394058,2.2277014947817877,1.7200891472396183,2.7355413351621714,2.220880514901885,1.9398409934216876
-137.63287890054846,-377.54557568639535,158.9567942242501,1.0241082119402876,9.875956425692891,-2.527350378307696,2,D06_px-1055_py-0118,0.6621964360397533,2.527350378307696,1.9690754958656824,2.478500006669437,1.6326017094501994,2.424604613544059
-79.69674273849556,-369.2051892950413,141.18803247571535,1.0489029197049262,32.43086286248325,-2.390374162298262,3,D06_px-1055_py-0118,0.6782288893713044,2.390374162298262,1.763112445584175,2.2390972427130293,1.8307903626180855,2.4933602141277946
-176.72718448116817,-366.163121727441,161.06903278827355,1.0234431666623511,6.151024555324398,-2.6274441738797307,2,D06_px-1055_py-0118,0.6617664125249333,2.6274441738797307,2.533142530884379,1.612271464142347,2.932839014357493,1.7309263755287065
-158.21730545812957,-360.5725227931301,148.61037530051556,1.0447341909655072,19.68499723467409,-2.591272467273084,2,D06_px-1055_py-0118,0.6755333565341742,2.591272467273084,1.2816551783355759,2.8586467093821764,2.284912182538018,2.241510115537381
2.618469573617666,-347.6771610774078,160.680997457784,0.9527334217228935,38.34832565073612,-2.1702446763678345,3,D06_px-1055_py-0118,0.6160449345148352,2.1702446763678345,2.627424466594737,1.8819056212028853,1.965222478056666,1.6476124637073677
-74.54081460818551,-348.679882399307,161.28625103024277,0.9628205320867268,33.283540054891944,-2.3883857100849792,3,D06_px-1055_py-0118,0.6225673395253513,2.3883857100849792,2.41795078810663,1.5914331756440834,1.559613797022052,1.4975651625785322
-150.5432825401188,-330.2942078412775,160.58692489604744,0.9731911459797504,30.239400078674063,-2.605430509926208,2,D06_px-1055_py-0118,0.6292730601508051,2.605430509926208,2.9196391521582568,2.5480922214759882,1.6544864624624855,1.486818708366105
-225.37932792436965,-328.3591166311626,154.85860069848317,1.031698685054906,13.988031912890564,-2.7793026852988527,2,D06_px-1055_py-0118,0.6671044957406249,2.7793026852988527,2.0984442866726516,1.9353674779093635,2.4191983293339576,2.520564972510634
-252.11226664351216,-318.37677767900874,159.8736290977221,1.0262334399912056,7.033905036333351,-2.84753833433734,1,D06_px-1055_py-0118,0.6635706252364432,2.84753833433734,2.5550147748414522,2.6505777107808433,1.8572219578120683,1.2745686489911592
151.46862811918243,-304.9419251325825,162.34256905131133,0.9379208125222376,41.16890677701008,-1.7167612800815553,5,D06_px-1055_py-0118,0.6064669847369107,1.7167612800815553,2.152104792869282,2.710435212720946,1.9475370653986155,2.4266148581321394
252.87304464837968,-301.3774636951756,159.85866643460855,1.0120986965646597,14.07059818724781,-1.479668836360954,6,D06_px-1055_py-0118,0.6544309888071428,1.479668836360954,1.7276635093387207,2.3176976313864497,2.494341006576242,2.027049129303467
-223.59774085157457,-300.80284308502723,161.1832366749292,0.9863028440287996,23.52727318606645,-2.816998687126676,1,D06_px-1055_py-0118,0.6377511873811881,2.816998687126676,2.0556229904704697,2.39282588231437,2.823622774976625,2.6867590376007167
264.97282905889,-301.9994456145781,158.85222391483686,1.0243052543624556,9.978130760946726,-1.4575909600760808,6,D06_px-1055_py-0118,0.6623238452218954,1.4575909600760808,2.2842731154842717,2.2864911013955465,1.944945538959406,2.1670566204402157
168.37287618166152,-300.0783134603,161.35838006912573,0.9458160866475864,39.855901978511326,-1.6664532365195055,5,D06_px-1055_py-0118,0.6115721311720296,1.6664532365195055,2.8920240070429717,2.3092750671543225,1.1882627152295888,1.9264554658198991
202.2434597941308,-290.8912623116633,143.89297621580224,1.012311350036091,44.097486126096896,-1.5702418975689385,5,D06_px-1055_py-0118,0.6545684922166961,1.5702418975689385,2.492578098374986,2.5862811711539235,2.190284865240343,1.619743156272119
246.8506379910567,-274.49324301090087,158.13456987996693,0.9881105272839488,28.266796971915824,-1.445349918782588,6,D06_px-1055_py-0118,0.6389200496118508,1.445349918782588,2.1118663707033614,1.8102184741755543,1.9827256235020678,1.1824619415475257
-245.4905099364784,-268.4969465215745,157.25551592445296,0.9839497952775264,31.65481919672999,-2.9184431825445394,1,D06_px-1055_py-0118,0.636229687525261,2.9184431825445394,2.09085471566552,1.4901852839555758,1.2936668506206572,1.8071013413400605
202.6334599955981,-269.7291034300192,159.41042499518858,0.9422103085012026,44.53847767979556,-1.533476483294986,5,D06_px-1055_py-0118,0.6092406066223323,1.533476483294986,0.7689867015981715,1.4782595248948525,2.495370902724832,2.6122645574816032
-293.208349177694,-264.2470319835346,160.47441148671274,1.0118533830704284,13.027737701207345,-3.015080064994704,1,D06_px-1055_py-0118,0.6542723671696065,3.015080064994704,2.5163765929771027,1.970996989708278,2.0632741277598345,1.5432034241870698
305.2161199335761,-253.78347642186387,156.08569233513052,1.0267417745202134,14.092762182969636,-1.3006276446782992,6,D06_px-1055_py-0118,0.6638993183467026,1.3006276446782992,3.1964858354078634,1.3006631029965556,2.223691780745158,1.440754484436784
-320.3450130539368,-248.88326917338665,160.798712733994,1.0231871185161932,6.80018261454353,-3.08806210090902,1,D06_px-1055_py-0118,0.6616008497769117,3.08806210090902,2.802311898002076,1.7065003673482875,1.792849466202414,1.5909461356649013
341.5929508599022,-181.72063037019527,161.44750826069352,1.0001071737478864,16.784418419304643,-1.0958826610799224,7,D06_px-1055_py-0118,0.6466771757048028,1.0958826610799224,2.2039818052085987,1.2251349537798362,1.8691451552010474,2.282637954121216
325.94121155953974,-178.77010311116416,153.8904556391347,1.0037076817904227,29.16481336539676,-1.1086499774140226,7,D06_px-1055_py-0118,0.6490052925638432,1.1086499774140226,2.0074920618686347,2.632028319771273,1.879394755180154,1.5645803210935663
-327.7424951660258,-173.59767646424822,160.21693605337535,0.9842233263881868,26.18769372441289,3.021719536503134,19,D06_px-1055_py-0118,0.6364065548958312,3.021719536503134,1.8092630147559159,2.121136092755007,2.7968849214317766,1.7976478805606395
374.8167325491529,-153.98452796613,163.33806205713665,1.015700217441664,5.7191841351735775,-0.996783846561466,7,D06_px-1055_py-0118,0.6567597605729277,0.996783846561466,1.8868280838105882,1.809936170024836,1.8243947101152747,2.026332426999556
364.09103389954487,-141.38631258255765,160.5591643054433,1.0068721315069062,15.2564369415731,-0.9773824946328952,7,D06_px-1055_py-0118,0.6510514506747251,0.9773824946328952,1.685830046920891,2.01160227735793,2.1611903146829787,1.8937235091154285
-376.6967928092205,-111.73320660386496,160.97442880740888,1.0084011005089997,13.749309294143645,2.822959786990348,19,D06_px-1055_py-0118,0.6520400940741207,2.822959786990348,1.825382055889743,2.273510889366273,1.589825846118757,1.6790494571309194
385.8172871507204,-106.88224861314175,150.69199284915462,1.0459010043077943,14.934948548081875,-0.8772303165659472,7,D06_px-1055_py-0118,0.6762878272314868,0.8772303165659472,2.2513815619139796,2.1298797062508994,1.9456284725235238,2.382965214004936
-363.4025878420495,-57.40508249595739,159.77273204748883,0.9817937555763948,28.040747595264065,2.6912840694262665,18,D06_px-1055_py-0118,0.6348355752728608,2.6912840694262665,1.9394107968556988,1.9347516722574345,1.1617276701382582,1.3454260988711961
-410.2768861741936,11.93781625293748,160.18510522420422,1.0300753697322806,4.456343848025938,2.50552435419768,18,D06_px-1055_py-0118,0.6660548472672722,2.50552435419768,2.5077953529348855,3.2203550322152172,2.7726990342058517,1.286729131663345
-398.34653784427815,25.36655897524287,159.68362855806816,1.0190790780076158,10.991614152139334,2.471019361505705,17,D06_px-1055_py-0118,0.6589445584278433,2.471019361505705,2.250986337911591,1.8927127480747592,1.6175700750276516,1.165439724120061
341.5383394893197,27.80199211456656,163.8257232599066,0.9366262988624088,39.14903598539786,-0.5257563614456964,8,D06_px-1055_py-0118,0.6056299420084678,0.5257563614456964,2.685251208024188,1.20979071814992,2.024358724576341,1.936011871733148
-404.8935606456053,43.61937985356025,161.66284605530194,1.0225233562777456,5.477987826390802,2.427296526175145,17,D06_px-1055_py-0118,0.6611716558855308,2.427296526175145,1.482087676140937,2.031904883366839,1.152715223938105,2.6297385017736854
385.886397656228,72.5186163715467,160.25310624556212,1.0101075565589042,14.285753667209748,-0.4212187569165381,9,D06_px-1055_py-0118,0.6531435019965748,0.4212187569165381,1.4511470236242798,1.875564411724317,2.220763387525013,1.702674655442053
407.5739259319705,77.92534457500368,153.0547006031054,1.054651436191902,5.522080312902062,-0.418066255402193,9,D06_px-1055_py-0118,0.6819459254089112,0.418066255402193,2.1297653620475323,2.3054759148621935,2.6656711632501606,2.057695490026868
386.4009494141533,104.72070896882,152.96839256566773,1.0393657649031065,13.792435944244517,-0.3423212887431929,9,D06_px-1055_py-0118,0.6720620899588097,0.3423212887431929,2.640366873020225,1.365431598234697,2.4042365483553487,0.8567112502181874
-369.4451420517452,135.09057869424691,155.4028708611385,1.0246767528268137,16.43266865764184,2.1840577292120007,17,D06_px-1055_py-0118,0.6625640590549884,2.1840577292120007,1.6753423615401961,1.8850895221433859,2.5546008790847665,2.3106064564747943
-341.98669535119035,157.47234019931238,152.62965956261806,1.01314834585231,27.223678942611286,2.103092018189435,16,D06_px-1055_py-0118,0.6551097003039063,2.103092018189435,2.0235436800077053,2.462733947847874,1.0226993689732746,1.80046016670621
-313.6721638526856,157.33539384290162,158.64335297066802,0.9630929888606894,37.80161575548772,2.0696928619314288,16,D06_px-1055_py-0118,0.6227435122213509,2.0696928619314288,1.384552202980253,2.6717691330556197,1.6935531198048919,2.0925437967058365
-289.8085259513482,228.05297980976948,158.0225770613446,0.9879557149647002,28.53776303705945,1.867905534811662,16,D06_px-1055_py-0118,0.638819946746874,1.867905534811662,2.365198815649119,2.0375286832787842,3.239881908375656,2.9500421119355025
-266.13679444116303,236.9051586656776,161.1532764519718,0.962872983284937,33.495069643181125,1.807259420727692,15,D06_px-1055_py-0118,0.6226012548832361,1.807259420727692,2.311932476678539,2.708398863075718,2.0647449013705277,2.5403779254527334
-270.097403158342,267.7686893754659,155.74831360230797,1.008603136724184,23.456802737477403,1.753544473203993,15,D06_px-1055_py-0118,0.6521707322821597,1.753544473203993,1.8192932272664648,2.1929562249476575,2.353497242502788,1.7776518428566739
228.27387518963764,276.4888798220557,150.3438710711828,0.9978726886355936,38.30331632743616,0.273649831362265,11,D06_px-1055_py-0118,0.6452323400316851,0.273649831362265,1.6286495017188478,1.3001815997544324,2.6594256543971433,1.6745808140331893
-293.2037845513555,279.3092368364132,153.6609508886736,1.0423859583845456,10.858507891359864,1.7734795954570657,15,D06_px-1055_py-0118,0.6740149708519043,1.7734795954570657,2.4238200232012033,1.8729309941113623,1.7412360506106164,2.4628494938931547
311.8547176706415,283.7230443795203,159.27440151846608,1.044315454488114,1.32394829483178,0.1312194549785913,10,D06_px-1055_py-0118,0.6752625982297912,0.1312194549785913,1.3696140503105068,1.7334018127368556,1.7700816907269878,1.8183469061587545
-198.10804464687564,281.2787470545121,158.93937168615827,0.9529023296431556,41.28875810939894,1.5774309738771843,15,D06_px-1055_py-0118,0.6161541517064486,1.5774309738771843,1.6402949155282351,1.9428756087798704,2.0466520905739434,1.3302406778477438
160.66396813437433,298.6240913188642,157.93963877892767,0.9490462363729484,44.48362104416094,0.4702223675926956,11,D06_px-1055_py-0118,0.6136607714261263,0.4702223675926956,2.275809919014282,2.057518123338979,1.9240043540854188,1.7498661848525787
-203.7224370897092,300.4778098282668,157.1391688284445,0.9833020854395322,32.141004458945304,1.559621105053401,15,D06_px-1055_py-0118,0.635810873242447,1.559621105053401,2.0226436278199307,1.3540444639257876,2.011084673074231,2.0490664630017417
267.61317369263975,305.4466913918834,159.371179950855,1.0276139719265238,7.300662214932913,0.2443431456229249,11,D06_px-1055_py-0118,0.6644632880593246,0.2443431456229249,1.1765020988163202,1.6247193356510143,1.8905044655452143,2.4467883763662677
178.3087465955615,319.9737948729989,158.63908225684145,0.9830607936230952,29.538591341251333,0.4554164233203742,11,D06_px-1055_py-0118,0.6356548520534484,0.4554164233203742,1.5549147696876449,2.4729873299700027,1.9833661380723697,1.709121097490615
96.79748788613028,321.86306598134286,159.29099442998498,0.9407865562347578,45.27084846587053,0.6716801301985637,12,D06_px-1055_py-0118,0.6083199971929274,0.6716801301985637,1.4109255925826671,1.4876319893536718,1.8591655629811452,1.3799166986080698
162.0196860853661,324.29892752476303,164.1188204321847,0.9624308958355654,28.485378770231307,0.5004893805427592,12,D06_px-1055_py-0118,0.6223153976564524,0.5004893805427592,2.2574405789078487,1.8019227583232764,2.0793012466402807,1.9894033291602875
-182.4308746139854,325.1645294998128,153.42251069731952,1.006418757359831,28.81387498598565,1.4750978094974978,14,D06_px-1055_py-0118,0.6507582953803087,1.4750978094974978,1.3197481030835885,1.5868031334883437,2.8818360676047456,1.7007459040587656
11.011331492201354,330.3003438302282,162.18433773231337,0.9241046852057102,46.48032171959471,0.9304918070616972,13,D06_px-1055_py-0118,0.5975333679938695,0.9304918070616972,2.5030528777816072,2.566484373197135,2.5189894965392354,1.442400906490313
-52.43704725165265,336.0675569251566,161.65442295738467,0.9394491576801608,41.76139708011249,1.1186000112467047,13,D06_px-1055_py-0118,0.6074552247537522,1.1186000112467047,1.6186089770126901,1.716092041807961,2.1776233491872263,3.126514477489027
-20.30387900699933,354.6136549395361,159.7770252227598,0.9654287505033796,34.872445073533925,1.0210106873631846,13,D06_px-1055_py-0118,0.6242538340967096,1.0210106873631846,2.0079050346904985,1.6351780443113664,2.2454491028111914,2.5937662736016858
158.00299772282807,356.9908691187995,153.97205396450985,1.0254123410868892,18.828236882128863,0.5471364447367789,12,D06_px-1055_py-0118,0.6630396962176782,0.5471364447367789,1.6249110736948391,1.5050882215030077,2.074705631760846,0.9201915555420495
-10.651099285136244,376.0780453403679,149.31281596494037,1.0226449076834776,29.115693695094706,0.9921307393912996,13,D06_px-1055_py-0118,0.6612502519818543,0.9921307393912996,2.110550351030112,2.41183664209239,1.9008531125684236,2.59271896122371
125.60521577504626,378.7396061925366,152.9251468176027,1.0380501429541282,14.551374866341687,0.6435909835745711,12,D06_px-1055_py-0118,0.6712113984443471,0.6435909835745711,2.9453802316435196,2.080579316662633,2.623130926097865,1.7477316986895464
-2.6652541691647422,389.4381339043737,157.73687223975978,1.013550548271119,17.380344167951307,0.9706605329681662,13,D06_px-1055_py-0118,0.6553697675557811,0.9706605329681662,2.1912971539863406,2.227082401113986,1.7232999201324013,1.5401264291718635
-37.26015227458482,-408.919495052222,160.43001461828723,1.0295762433994204,4.239399153868305,-2.268643486101944,3,D06_px-1055_py-0118,0.6657321082491684,2.268643486101944,2.391156166837588,2.4785682669779066,2.2409919004226495,1.817424431974173
-138.12744922987017,-392.7698055032626,160.82681473602457,1.0345979427499534,0.8352115069004071,-2.5159423926288578,2,D06_px-1055_py-0118,0.6689791786017104,2.5159423926288578,2.016335498225537,2.3425533398785143,2.4353608500238,2.24895208535087
79.88517776128508,-380.0006876114851,160.0843658021691,1.0055728563364104,16.7585126541685,-1.9705693539709,4,D06_px-1055_py-0118,0.6502113291159817,1.9705693539709,1.0810771058477382,3.4290094840760146,0.640525448631095,1.6466932854227452
67.21695432633396,-378.9355741783405,155.02502483243973,1.016002541317632,21.349215606499456,-2.0022183656892105,4,D06_px-1055_py-0118,0.6569552455723268,2.0022183656892105,1.731286084944459,1.4906075513214825,1.4614901350423732,2.28557246363527
-35.65805059484843,-375.714553052689,160.84052084825052,0.9904543464703812,22.30520707028603,-2.27239972449307,3,D06_px-1055_py-0118,0.6404355815584569,2.27239972449307,2.076236345373787,1.8515908546084638,1.9890375219108951,2.392768433706183
25.51921919851329,-372.067938083462,162.02897559177848,0.9815930645417416,24.066916154059868,-2.109295581482117,4,D06_px-1055_py-0118,0.6347058068691481,2.109295581482117,1.908942512532675,1.5432770773987765,1.2445890780060802,1.1327358790883588
-105.5678993769422,-360.4324074090545,160.54182714907176,0.9890788620510278,23.46264238042727,-2.462699196719352,3,D06_px-1055_py-0118,0.639546182499154,2.462699196719352,2.0043591388986797,1.4901013205030176,2.238289696985012,2.2906242958959218
-15.088351013421462,-353.52498110746154,156.057098664852,0.974640719295258,37.697821769821246,-2.220429703127676,3,D06_px-1055_py-0118,0.6302103656739088,2.220429703127676,2.3070066514952545,1.6836691647894382,2.6136149404264124,2.882017645906643
145.294767580877,-354.3661453783313,161.02795852506557,0.9966490887510177,19.156434988991407,-1.788667398870157,5,D06_px-1055_py-0118,0.6444411507088597,1.788667398870157,1.2817218070681498,2.5659538245899887,1.9085503852510612,2.176557237201635
-89.3572794999491,-340.28112139069106,158.8595165019724,0.9636530820365152,37.19875823003281,-2.434576247602517,3,D06_px-1055_py-0118,0.6231056728803104,2.434576247602517,1.7772917362945428,2.05629241643242,1.8146572057769634,2.2240276951061055
123.81562398545444,-337.95029249736217,160.80738344983934,0.9685984222581282,31.760173796167805,-1.826590575330358,4,D06_px-1055_py-0118,0.6263033688186641,1.826590575330358,2.473228582850511,2.3502356330831717,1.7994317346839073,1.9748921040389829
-211.63147463541463,-328.0063164369927,154.89772519673846,1.0227045896960172,18.36930996606208,-2.750773207017716,2,D06_px-1055_py-0118,0.6612888428412368,2.750773207017716,2.914806113358459,2.1067222210281704,2.065334114770291,3.1743794916942356
160.9830301044222,-323.1176313933935,160.14385035234648,0.9719251963239322,31.555028806270627,-1.715554840691936,5,D06_px-1055_py-0118,0.6284544871323344,1.715554840691936,2.374628586262117,1.6225371472471504,2.2618923002911258,1.8450689091140435
216.59827301455965,-311.96611814288195,154.821752785957,1.0106443054938288,24.250356688207603,-1.570885223931962,5,D06_px-1055_py-0118,0.6534905680855009,1.570885223931962,1.6926598953209264,2.79236705138659,1.6841829656190581,2.656320388520351
244.6764062665316,-258.1469774447493,159.29443832172566,0.9674784577426848,34.88834734457106,-1.4191611552007677,6,D06_px-1055_py-0118,0.6255791909417848,1.4191611552007677,1.5252002275257497,2.8150213731879807,1.1763927155130867,2.948682347727962
-309.17622688939935,-252.2628133686843,147.82303924379843,1.0527810065013,17.106064636257486,-3.0641995212806843,1,D06_px-1055_py-0118,0.680736490838874,3.0641995212806843,1.597221939900675,1.4882158770812195,2.378711022996953,2.9595329652596805
-278.09505306463285,-250.25730556174787,159.30987646372645,0.990832478207582,24.929092518326115,-3.015813194708584,1,D06_px-1055_py-0118,0.6406800845180157,3.015813194708584,2.4584484841715777,2.950102564760775,2.0458418467776087,2.331216237212616
-337.7813825707913,-191.3395091985354,159.92412200516486,1.0059131224906197,16.897405179339785,3.050005383785188,19,D06_px-1055_py-0118,0.6504313478913369,3.050005383785188,1.7358360140407303,1.5023311058829456,1.319463505064791,2.2628206094065666
331.5281319219623,-168.43565122752085,160.60113794719382,0.9843395031491976,25.44284386286512,-1.077053056579505,7,D06_px-1055_py-0118,0.6364816757045456,1.077053056579505,1.69563558190587,2.1262671437026164,2.183024125078873,1.0277531231346189
282.7572862784903,-165.372080881521,152.38824948966243,0.9496022204889178,53.81138016984295,-1.13618874490931,7,D06_px-1055_py-0118,0.6140202751346183,1.13618874490931,2.109316222849549,2.5351298659070958,1.8180433564271596,2.7067525755643818
-338.75408994724603,-139.9809542722654,160.8000384502386,0.9770981266952272,28.20849634956676,2.926466341398071,19,D06_px-1055_py-0118,0.6317993446540443,2.926466341398071,1.968541289790927,2.362844298531649,2.630537578863186,2.6784817879417266
-401.0297373304136,-89.30313774874138,155.89553597712958,1.042403699512432,6.416827145206298,2.7537226221490974,18,D06_px-1055_py-0118,0.6740264424049303,2.7537226221490974,2.1693205552029946,2.001803826563535,3.3402443363705276,2.0657681900217275
-396.9223686655818,-74.3737532251708,157.67342184848644,1.0298737429988394,9.438549647546497,2.7198413472524114,18,D06_px-1055_py-0118,0.6659244738333533,2.7198413472524114,2.9034080461959326,1.6528432729987002,2.4670868967823507,1.947852746032165
334.0485590911812,-73.22579869512984,156.78049373832064,0.9565180169121192,43.62975122156212,-0.8227733666542276,8,D06_px-1055_py-0118,0.6184920835728535,0.8227733666542276,2.022316278744219,2.370518080058681,2.6357813943716932,1.6767644598330003
401.2896783903639,-53.068307485265656,151.46403162749124,1.0484588713925485,12.052337469296845,-0.7384609863433816,8,D06_px-1055_py-0118,0.6779417642350565,0.7384609863433816,2.547857157747593,2.689548587257308,2.43541037862187,1.6501061419897862
328.6202235352775,-41.32554205106605,154.8061200446212,0.9473836707344768,50.47831083257296,-0.7320775597184672,8,D06_px-1055_py-0118,0.6125857433893994,0.7320775597184672,2.3112059882671483,1.8744737423796618,1.7953317345991877,1.4276504812015554
-365.2587618439409,-7.709713314034948,157.21663362149408,0.9859998918110028,30.846448316230465,2.555717526250612,18,D06_px-1055_py-0118,0.6375552960910135,2.555717526250612,2.3706105125179633,1.4691733285048874,1.6283011713539188,1.337626023874114
376.5652524893382,10.495435297301844,161.98044716705198,0.9863680277685424,22.053541648052143,-0.5791152538481636,8,D06_px-1055_py-0118,0.6377933357007134,0.5791152538481636,1.9135705936082794,2.215740223969229,1.3911800299299744,2.2209741718547082
358.8308418903882,84.76068544365637,144.69727290434312,1.0276139400104063,35.69100366193027,-0.37501790050306,9,D06_px-1055_py-0118,0.6644632674221117,0.37501790050306,1.3570985833327827,1.9693501477196875,1.1844168113662272,1.3487601455777876
323.7888473393907,110.17573402537376,160.26619437620053,0.9461790352981392,41.58473531770153,-0.2789987378056214,9,D06_px-1055_py-0118,0.611806816628175,0.2789987378056214,1.8718045760876334,1.4372415188430718,1.949758719940198,1.4370124774548965
347.17066533188,144.02316738247333,154.25357003603168,1.0076162116530885,26.71344893541436,-0.2137387719414918,9,D06_px-1055_py-0118,0.6515325787578564,0.2137387719414918,2.1988192112979608,2.133560021762343,1.8131524073561673,1.8736100425175803
344.2334129323367,179.92878046696117,155.4527983892326,1.018899115848232,19.15008921406178,-0.1253418935051504,10,D06_px-1055_py-0118,0.6588281934781469,0.1253418935051504,2.704685499112197,2.1575893150629937,1.704979419499312,2.075360356897015
-328.28265718829846,244.03459473280813,160.9825868278729,1.026368664243782,4.823842740194152,1.8953704685854391,16,D06_px-1055_py-0118,0.6636580623032278,1.8953704685854391,2.1306062824476375,1.9495063594603932,2.5735992513958577,2.0095256520704528
274.32351615535777,245.4849739742172,159.9693872333515,0.9814974770964868,27.81438038530001,0.1229962798675806,10,D06_px-1055_py-0118,0.6346439992741696,0.1229962798675806,2.4778719415380763,1.5456800813944478,2.825653976026107,1.7336392240645084
-280.43858117919854,248.1263481091292,157.15216746626513,0.99746784540801,25.92578942544958,1.8102709795068117,15,D06_px-1055_py-0118,0.6449705652120565,1.8102709795068117,2.2777650222347585,2.5017282787676116,2.958228186374489,2.440817077147259
-225.80978051424503,252.20539352133764,162.89290609116375,0.933539586254172,41.87100517561777,1.6940517851576966,15,D06_px-1055_py-0118,0.6036340493240602,1.6940517851576966,1.406385521847509,2.5801651480585273,2.3518540118120645,2.5874051678928387
-303.1812464260007,271.1972590283124,160.1170456972126,1.0262868141636177,6.536787772222681,1.8048420234136264,15,D06_px-1055_py-0118,0.6636051373967166,1.8048420234136264,2.256967303247444,2.4915831461027,1.9490057633821758,1.9035257787139421
-248.6734747191616,288.2984759755443,156.55282223838157,1.0067479067885945,22.809352878067727,1.6755550405364046,15,D06_px-1055_py-0118,0.6509711259934318,1.6755550405364046,3.0662791082526697,2.4177805899689284,1.019621214406818,1.3524785863114985
289.3521827979839,303.6200670719481,157.71868592646186,1.046314349439915,0.6881984150916196,0.2024756286827893,11,D06_px-1055_py-0118,0.6765550994495526,0.2024756286827893,1.8852147903865084,1.3526711241506897,2.063006044145404,1.7789704738155243
-117.27576208082704,318.9635515618794,158.15759708247975,0.949424672329722,43.9659155881962,1.3161524487306209,14,D06_px-1055_py-0118,0.6139054710964571,1.3161524487306209,2.313618122906855,1.7992427023118853,2.531652524628485,1.8362373709367814
-86.79082968681278,320.75464932092524,158.62055147553022,0.9373574483570756,47.667545556137725,1.228072152897493,14,D06_px-1055_py-0118,0.6061027090304832,1.228072152897493,2.249684463238589,1.4067594369207974,1.9357459781754838,3.1426515316886223
110.91746890243483,320.0492805557781,155.19199955345476,0.9568088922831136,46.27468648656662,0.6302065244074707,12,D06_px-1055_py-0118,0.6186801658787645,0.6302065244074707,2.2459514349865586,1.7179050580218937,1.9699747384943807,1.8245687414931953
118.46105210975584,328.54842201191576,160.9901839565835,0.9539462173242508,37.33981423624999,0.61776654051005,12,D06_px-1055_py-0118,0.6168291377030333,0.61776654051005,2.315205623150817,1.5188771427891479,2.027607223816119,1.9899603102454477
-89.549884380054,357.0582875112179,159.16906656152244,0.9838016021223674,28.2631607863072,1.2095473770170613,14,D06_px-1055_py-0118,0.6361338646639192,1.2095473770170613,1.7513370158502624,1.323110281556244,2.1142907281994674,1.7712543744862297
-112.3978908778553,363.04777494666985,158.19450082909077,1.0012124757302143,22.30088033367184,1.264053219898099,14,D06_px-1055_py-0118,0.6473918726722829,1.264053219898099,2.3714879656270895,2.4633750483995085,1.862211087510018,1.8768945677658913
-77.66731345807582,364.66972279291247,159.64174816387734,0.9883159512143828,25.437342485937563,1.1736612888499112,14,D06_px-1055_py-0118,0.6390528783432531,1.1736612888499112,1.9355307675823046,1.9074343183317506,2.0184571922171455,2.276363683649918
-50.698140163252496,383.6646917619431,157.8514845027108,1.0103901153950896,18.66838523673892,1.095197417315922,13,D06_px-1055_py-0118,0.6533262067655748,1.095197417315922,2.1594174863694295,1.8536293293396564,2.292951280377401,2.5353428187751526
65.79476758087708,384.301137919766,153.1780235762934,1.0271340023738167,19.51823985760336,0.7942544758886246,12,D06_px-1055_py-0118,0.6641529359661527,0.7942544758886246,2.649582362144569,1.6173476591338973,1.9384143535677663,2.0367662124978048
-96.93446094396631,-378.2522839458481,156.46863708618525,1.0183459785375657,17.48040138872608,-2.4286463120587074,3,D06_px-1055_py-0118,0.6584705305363864,2.4286463120587074,3.0795350341119834,2.367356471497713,2.971663674673773,1.6185550377096813
-8.470034993584319,-379.0121253605888,161.2049785312323,0.9914815751614208,21.17901622456469,-2.200119801790319,3,D06_px-1055_py-0118,0.6410997957208601,2.200119801790319,2.104424255813205,1.3482715330003772,2.6746009410209797,1.6895046685696298
165.36046525529565,-349.234322618597,148.98045973197074,1.0354198561259178,23.619744611159035,-1.735556745303744,5,D06_px-1055_py-0118,0.6695106342642578,1.735556745303744,2.0151313127911874,1.5757274788034676,1.9124815177156447,2.452375268282016
-145.73650069747748,-349.8122469441601,148.00536946833606,1.029742778104079,28.27677640946684,-2.572521666332781,2,D06_px-1055_py-0118,0.6658397909008805,2.572521666332781,1.613679814893822,1.6762126978687544,1.5222851631301437,2.1916149160426666
-236.639012702941,-335.7032663860669,156.82349278091385,1.0396798811484105,6.019728856650886,-2.7917863915255934,2,D06_px-1055_py-0118,0.6722651999971018,2.7917863915255934,2.1361013254877466,2.311619237654486,1.8994066340044022,1.8946520724885922
-241.3172890331797,-325.09681588887224,152.63865515747003,1.0452079428169776,11.41438259954282,-2.816326606328288,1,D06_px-1055_py-0118,0.6758396882127539,2.816326606328288,2.2525815759501624,2.4513407493685504,3.21684257476767,2.47318567280186
202.9457531469129,-319.5923338129005,149.16162476627372,1.02586623070294,27.886133683864045,-1.6120075244091685,5,D06_px-1055_py-0118,0.6633331848183944,1.6120075244091685,2.2038895608485896,1.6156883133426974,1.6684153069904135,1.5075483110595262
-194.746631219658,-316.4182372510212,155.4922765990182,0.9987590787983588,28.41123045769723,-2.72949437171466,2,D06_px-1055_py-0118,0.6458054868924173,2.72949437171466,2.2628657642070267,2.7078462308696487,1.0320521936857086,2.109400028489873
117.12829180775832,-315.48801725178924,162.91219690508106,0.9306556224139602,42.89998400817223,-1.822287530883005,4,D06_px-1055_py-0118,0.6017692555899707,1.822287530883005,1.7209350284426095,2.596793390889455,1.4058520534852708,2.4573661648202876
134.1491042486424,-314.1284311715957,158.71836729826896,0.9501576361399108,42.72317548077058,-1.7741686233073626,5,D06_px-1055_py-0118,0.6143794112691792,1.7741686233073626,2.9323851114416626,2.5413242003268253,2.4939990532066254,1.8446100849725378
-210.34818271805253,-311.92707347442075,156.93461949448238,1.0002505082677766,25.073455908362632,-2.771079201337236,2,D06_px-1055_py-0118,0.6467698569343117,2.771079201337236,1.3528562030974438,2.4677388652907877,2.7006735057337896,2.1406684774111393
268.6146063595902,-290.945934721532,152.0430522913364,1.0372344625501024,16.70158337065459,-1.4322652182270676,6,D06_px-1055_py-0118,0.670683973070548,1.4322652182270676,2.3612970844896113,2.315845960497713,1.0514891545165364,1.6318853894350667
-255.3108676078919,-285.2506439872764,158.59855553064472,1.0033521678973782,20.56501925626651,-2.9078441160457382,1,D06_px-1055_py-0118,0.6487754144804612,2.9078441160457382,1.9840784028363077,1.8768217974234893,1.6492671431452126,2.1385062690406498
291.31477490406445,-277.30775576257673,158.54982609145435,1.0256307014170956,9.893516486694692,-1.367749429063666,6,D06_px-1055_py-0118,0.6631808897270645,1.367749429063666,1.1483106788715212,2.636102218990472,2.101702713742921,1.7771103993356618
258.0710734261405,-258.06020981619315,156.50320591376766,0.9876130443147974,31.44596880278124,-1.392356647078819,6,D06_px-1055_py-0118,0.6385983732056647,1.392356647078819,1.4908831962796776,1.6758207584692255,2.1849661453542097,2.3743763789307186
330.5979826405529,-218.8046978663711,155.78329612985493,1.0270483933165797,14.524343789850263,-1.1916367858237424,6,D06_px-1055_py-0118,0.6640975804754593,1.1916367858237424,2.1839620705920035,1.942816658865835,2.209693509855915,1.9706507711190664
290.3511929548262,-203.24101460780253,160.6777426420295,0.9617666175954632,34.77404713666857,-1.217694353738529,6,D06_px-1055_py-0118,0.6218858701143375,1.217694353738529,1.9952808379479898,1.6204533986020526,2.4077019224694998,2.4644889783712056
391.18039279152754,-123.95488186934288,155.94169446893295,1.0417412904876884,6.675796457931938,-0.9138442449243874,7,D06_px-1055_py-0118,0.6735981235121887,0.9138442449243874,1.4658274918900638,3.1144732812755724,2.4546192155289974,1.1083985916500116
-342.39808015935984,-118.28788138694756,158.1275037801615,0.9794187839465271,32.00973217823832,2.8672456198477567,19,D06_px-1055_py-0118,0.633299899910963,2.8672456198477567,2.058253803229091,2.189465463451403,2.1940244163189946,2.1730533987881486
-351.1267584118044,-97.4737758915868,157.17563088174086,0.9849400333237406,31.375645650251386,2.805397533379909,18,D06_px-1055_py-0118,0.6368699832453701,2.805397533379909,2.2307032596934118,2.263787759803494,1.6864466186578566,2.3114738962184287
374.81630962256287,-82.52337142142873,151.72455199827553,1.0243706611275716,23.661904399931245,-0.8236921470838422,8,D06_px-1055_py-0118,0.6623661377513838,0.8236921470838422,2.0689703789193397,1.66514743578385,2.9690915533034357,2.396396262869858
-324.0593426279089,-59.69404184644287,154.62106081316804,0.9455147143739058,51.48142400308427,2.7167781485452025,18,D06_px-1055_py-0118,0.6113772614861647,2.7167781485452025,2.528724530121141,2.685993401745166,1.7591447460283591,2.7814949748496307
419.9093934706497,-25.29627043656039,159.73047739551552,1.0421049119227737,1.027913560844297,-0.6671490259897881,8,D06_px-1055_py-0118,0.673833243996112,0.6671490259897881,2.631613845866563,1.8199601444909081,2.4714792714242613,1.7188367648661456
-413.789924152804,-13.866328693772122,158.77874032072893,1.0377588283120318,3.1806719149410583,2.5681111383784034,18,D06_px-1055_py-0118,0.6710230321022815,2.5681111383784034,2.5032708460047095,2.011086598554542,2.5584135429559365,2.5432617479517603
-373.2368076605069,8.104147141067589,156.83028059892894,0.997031190624388,26.714573081074832,2.5129033821518254,18,D06_px-1055_py-0118,0.6446882207897359,2.5129033821518254,1.6446374020016643,2.085262463058308,2.892895753619148,2.713778830492078
-350.5197302913786,45.6289026596235,150.14104492216765,0.9919865452824552,41.17704031139692,2.405166038972645,17,D06_px-1055_py-0118,0.6414263133784248,2.405166038972645,2.5940501805054943,1.452313852786752,1.7336499245073087,2.4540562963151507
353.6027685108712,52.57136454621244,154.8330426553883,0.9830292121157248,36.41601206062103,-0.4593871372639697,9,D06_px-1055_py-0118,0.6356344312020368,0.4593871372639697,2.064035107087819,0.7747285465304843,1.7748089318665663,2.2357742806186307
360.2743086534533,63.08609602597628,163.50697267936715,0.968338279258889,27.10360549636528,-0.4336312784255024,9,D06_px-1055_py-0118,0.6261351583063878,0.4336312784255024,2.754515996339207,1.974033177870064,2.0309157276613066,1.5365928174085646
-350.1720742372845,77.10237947297384,157.31570810835547,0.9770539780956612,34.45524521539653,2.31788706886477,17,D06_px-1055_py-0118,0.6317707978218366,2.31788706886477,2.015980229972472,1.9080686103415303,1.398120601686506,2.6599898735647156
-384.92650601365887,110.61457404515794,157.7361691789044,1.026040304327125,11.256983421341715,2.2547875923181384,17,D06_px-1055_py-0118,0.6634457421948512,2.2547875923181384,3.0638031676083615,2.002790754098241,2.200747376951486,2.567003470609134
-362.643953916749,149.94896269765883,149.36905139490884,1.0410399612212264,20.05271940013745,2.1425334121371526,16,D06_px-1055_py-0118,0.673144638484604,2.1425334121371526,1.2950915753852419,2.3300195570964157,2.478729251355108,1.4770627557105886
302.81928109767614,161.52622348096324,160.80242592467673,0.9462358858649484,40.64607927277308,-0.1169640851772482,10,D06_px-1055_py-0118,0.6118435766524469,0.1169640851772482,2.385236559500556,2.5174430099595373,1.6663081772447768,1.6843193177250688
-324.8784486933511,167.57862811552792,158.09718532170228,0.9836942342770107,30.24451191330172,2.0583901806123635,16,D06_px-1055_py-0118,0.6360644397694485,2.0583901806123635,1.8326354999300318,1.8359288257842703,1.8839740447020445,2.202800443521545
-296.26258863692,181.57354078844736,158.57544653002816,0.9586654118239988,39.6746490673944,1.984776514909476,16,D06_px-1055_py-0118,0.6198806060364341,1.984776514909476,3.032764207520004,2.0524660130086367,3.114791104253205,2.353003609382614
-356.39959875608406,194.99569860652383,158.2187019111578,1.0309928927765388,7.805870276646829,2.033978656984885,16,D06_px-1055_py-0118,0.6666481248943903,2.033978656984885,2.482333608756013,2.4134481929770146,3.0167205825329866,2.4615115023566596
-338.75748346265306,201.5807667211972,159.84319948565536,1.0130377597394573,13.645990561850112,1.9978344618630064,16,D06_px-1055_py-0118,0.6550381944523246,1.9978344618630064,2.6346764974647563,2.4727665532724172,2.555802289240085,1.9687013621262517
247.50636093664195,220.0926818821584,152.59623820457352,0.9541853632895696,51.76145165360344,0.1198591957021404,10,D06_px-1055_py-0118,0.6169837713677975,0.1198591957021404,2.5776366814901257,1.6263106072100686,2.536888410136832,2.0061511659858793
222.1778725537065,247.8541769851533,160.4285853083867,0.9327599299833984,46.296359862628094,0.2329911018036663,11,D06_px-1055_py-0118,0.6031299174385594,0.2329911018036663,1.9623708230205064,1.7133150032421303,1.9385489638331,1.981038999361044
-265.70267673866203,249.563758238743,156.44799071657954,0.9872296697892804,31.71121072964576,1.7805262235342545,15,D06_px-1055_py-0118,0.6383504802178869,1.7805262235342545,1.3139045501440676,1.664907166932404,2.331450331503237,0.9588748891725807
224.7389846727715,301.1782158436766,148.331386409977,1.0250524358754465,29.87137488580601,0.3227525519486425,11,D06_px-1055_py-0118,0.6628069786732325,0.3227525519486425,2.8261107825093754,1.995892796097825,1.033157780205148,1.811041877596093
107.20937450485935,316.79598856305506,162.75194562607692,0.9281497026611808,44.081152866451646,0.6374972981665356,12,D06_px-1055_py-0118,0.6001489081404096,0.6374972981665356,2.569755322600898,2.196137758182446,1.4590531619778417,1.9561352596338804
253.671005398213,321.9605744135048,158.1961839329021,1.034970359026133,5.790311958444704,0.2965008898333208,11,D06_px-1055_py-0118,0.6692199858991561,0.2965008898333208,0.5484772785677676,2.0003408300847614,2.5739634565758527,2.386366755559731
-9.08923353988502,337.3267776881418,156.7358624451858,0.9503566330787478,46.05709926176189,0.9907551687331168,13,D06_px-1055_py-0118,0.6145080842571938,0.9907551687331168,1.3769602767758715,2.3783851847664024,2.455785496898173,2.6039087347978405
236.7072905074527,342.3818892755779,161.43248736996696,1.032829344336041,0.5867820645172515,0.3589167162930006,11,D06_px-1055_py-0118,0.6678355889372359,0.3589167162930006,1.8757531402097913,1.9845097165124723,2.4204119154543493,2.0526337561240418
-178.925250397211,345.1955533649016,159.12840805817737,1.0088640266889797,16.991991546742383,1.442020731480901,14,D06_px-1055_py-0118,0.6523394257882483,1.442020731480901,1.9172749050462836,1.6346154426805013,0.7705254283927736,2.3007269545242885
-200.4734536636232,347.70044967338,156.3424856949416,1.0309002739052415,11.50334092239268,1.4868297508956276,14,D06_px-1055_py-0118,0.6665882368027141,1.4868297508956276,1.9269652370488255,2.473628936626378,2.786357404817003,1.5045043603673838
-109.9520470842897,376.7927777481759,150.44760684203706,1.0379921547252835,19.45850333486362,1.2477433536451374,14,D06_px-1055_py-0118,0.6711739027988425,1.2477433536451374,1.543222364939449,1.7459859305809113,1.3270372167418913,1.8979621691755864
108.30333767486054,396.5274404096994,160.74242004997728,1.0291882582414091,3.8342413839260416,0.6971904123401486,12,D06_px-1055_py-0118,0.6654812339901048,0.6971904123401486,2.115412974240397,2.906930368009127,1.9324525483511243,1.9972725322826241
-19.448172144932325,-404.4189536980644,156.2605532265553,1.0349858075759968,9.573603830255706,-2.225828010962693,3,D06_px-1055_py-0118,0.6692299750531757,2.225828010962693,1.8974712644844827,1.8659864841500817,2.0430602412438805,1.8158170352599816
58.644564692444,-387.2039927266721,156.1300082053909,1.0206184917917247,17.024124894516888,-2.0274617583995505,4,D06_px-1055_py-0118,0.6599399555055564,2.0274617583995505,2.26662806709614,1.5210146040816954,1.6744433926605118,2.109658209624505
-68.0853680780377,-362.8061456719653,158.64084905830495,0.9866107854758376,28.001014166936045,-2.363281476768116,3,D06_px-1055_py-0118,0.6379503047462868,2.363281476768116,2.292679642321019,2.1511291311334952,2.026971048411666,2.287943088204436
118.71461115665336,-354.40726568590435,152.51131696993542,1.0102142400585616,28.79555528136381,-1.854556048760819,4,D06_px-1055_py-0118,0.6532124843877263,1.854556048760819,2.8532937307240314,1.503419533495899,2.3762169253351204,1.9614850698654163
186.15584273450227,-341.8416796344307,159.99523698750093,1.0069125206008829,16.292361277991915,-1.679113097341968,5,D06_px-1055_py-0118,0.6510775665810077,1.679113097341968,2.2062264837277987,2.1246235450535416,2.4866197522924285,2.3612534976312585
198.14597074419024,-334.91898411833864,151.382752584246,1.0314913885938797,20.860934108032268,-1.643538252134678,5,D06_px-1055_py-0118,0.6669704562161931,1.643538252134678,1.6586096613955301,1.7782942780467288,2.3600394364965007,2.5863619241957547
-232.0775920695451,-288.67896502794554,160.22267849921082,0.9836097592682164,26.44425596259265,-2.854908366818272,1,D06_px-1055_py-0118,0.6360098175634102,2.854908366818272,1.8247022856240875,1.6255522138014635,2.1041215817456287,2.078551528703455
276.2152319029906,-277.29077184979366,155.67103466508416,1.0216667529730228,17.392075316239584,-1.3943208333108088,6,D06_px-1055_py-0118,0.6606177694418194,1.3943208333108088,2.4721396525808994,2.1731199700626034,2.497895050491682,1.6971290996156765
228.7190859449509,-271.93619835395765,156.93404829202143,0.9739846477517616,36.405871722968186,-1.4784853414463557,6,D06_px-1055_py-0118,0.6297861446464577,1.4784853414463557,1.464195869884875,2.0298063720957553,1.8869689701655148,1.1075999651777542
-263.7258754972215,-262.75464306641857,156.4434501888473,0.9968776753484878,27.495673925604763,-2.965018784168012,1,D06_px-1055_py-0118,0.644588956603204,2.965018784168012,2.3840709942803375,2.387295512936616,2.0233285340538716,0.8795149597781959
282.7229860079244,-251.1794366545639,157.38687223975978,1.001303690865899,23.75690384526206,-1.3333651810486244,6,D06_px-1055_py-0118,0.6474508530974558,1.3333651810486244,1.7882911545388505,2.350689732853847,1.7776192481613744,2.4015313453851705
266.2756171672915,-245.96943324253743,157.7447152477002,0.9808484389628092,32.09240532259781,-1.3527568981226232,6,D06_px-1055_py-0118,0.6342243261049046,1.3527568981226232,1.3176816299491048,1.8419402171673092,1.7937688615739609,2.290441324592092
-350.85650480569126,-216.7448262660228,158.88911852995733,1.035740527696991,4.028801218534056,3.087988601825852,19,D06_px-1055_py-0118,0.6697179830278243,3.087988601825852,2.7463680536467043,2.6476480634049215,2.19774438621359,2.3781113000842815
-348.1254155737198,-200.0787241118041,157.68461704909365,1.0273126378378523,10.715911554498293,3.0562457699786787,19,D06_px-1055_py-0118,0.6642684430641874,3.0562457699786787,1.8163882168215228,2.549510185535089,1.7543692207174826,1.196036474862534
-324.7946650378639,-201.0936976987477,158.79078572135236,1.001839254645166,20.906643695925425,3.088988133858357,19,D06_px-1055_py-0118,0.647797152855399,3.088988133858357,1.5497823507119572,1.4168954089273866,2.8165421914378195,1.8421472306565665
351.05436984893527,-189.7616055266964,156.2560335891255,1.0286133646620164,12.82629205218251,-1.1025366870983082,7,D06_px-1055_py-0118,0.6651095032736264,1.1025366870983082,1.3418700342114094,2.534778882952794,2.589574864389071,1.3434014740830815
-294.4511828670965,-177.3617446906641,146.46081119707793,0.9905616900834102,48.48697931281441,3.0767564660100115,19,D06_px-1055_py-0118,0.6405049907841136,3.0767564660100115,1.1049357030984268,2.2667594284816803,1.2506308316437047,2.7155255735326724
-339.4967828598517,-167.29228581742265,159.4338789113245,0.995772823001622,22.488505963151283,2.992456360932225,19,D06_px-1055_py-0118,0.6438745503735551,2.992456360932225,2.3180895129028194,2.3044981546132286,3.0494266322640238,2.333457998297723
345.7823626299973,-141.04306061495126,157.194196976629,0.9961167647448488,26.453176269880373,-0.9942737668204314,7,D06_px-1055_py-0118,0.6440969458137192,0.9942737668204314,1.6132021983783524,2.2931341732919135,3.4546945672464275,2.0535049697153998
-381.87187359078587,-127.67074127325154,148.45106069354478,1.0548363351059165,14.751999360719084,2.857259271957331,19,D06_px-1055_py-0118,0.6820654825030351,2.857259271957331,2.849564881669409,1.8218703978794628,2.3008955854877264,1.7061914655575339
393.47338627736303,-89.50197658563165,155.69217503585045,1.0351063288623723,10.62498012277689,-0.8306402902024979,7,D06_px-1055_py-0118,0.6693079050662097,0.8306402902024979,1.8808919916176245,2.5489357607671272,3.0064045759623514,1.9828039268092446
-360.18784812255376,-86.25869975004757,151.4963297807958,1.0091189525787083,31.200689241533382,2.769668764831362,18,D06_px-1055_py-0118,0.6525042628764236,2.769668764831362,1.7639913019170437,1.6857224834261575,3.174591096391823,2.503680887539473
415.7731150597615,-49.58768809729087,162.22796447257124,1.0332799885199984,1.2050353748317093,-0.7256850322970665,8,D06_px-1055_py-0118,0.6681269790159984,0.7256850322970665,1.6020545623879472,2.8710498265242492,1.9603505833726902,1.2894328910730248
382.1471118150199,-53.64898717696633,147.82328715396392,1.0382570743097477,24.49417737074964,-0.7464562983653356,8,D06_px-1055_py-0118,0.6713452018887471,0.7464562983653356,1.9225124974436314,2.5739589106507905,1.5525826060112609,2.78111957799612
-377.2177475961099,-47.26278054479,155.89730822831834,1.007975702965651,23.46820955237979,2.659256695540441,18,D06_px-1055_py-0118,0.6517650286720263,2.659256695540441,2.268403691736507,2.344890191952093,1.780188630336393,2.622084155946017
-369.249470367022,-33.43381317315754,152.2747951718004,1.0072782345524924,30.57244761088521,2.6249122125754893,18,D06_px-1055_py-0118,0.6513140401025969,2.6249122125754893,1.5964874498390715,1.2571884789402512,2.257576181590934,3.4188419694219836
-402.73781665213767,-6.589754640330582,159.98718301498252,1.0222765171919976,8.816911206806822,2.550974055284494,18,D06_px-1055_py-0118,0.6610120477885038,2.550974055284494,1.132377154709883,1.8521327616456589,2.634569935406879,1.375683085361056
407.2246201848732,-4.312751697004492,155.64055954343797,1.0392735241762252,8.567651072341562,-0.617569732557531,8,D06_px-1055_py-0118,0.6720024463782912,0.617569732557531,2.9821379815843505,2.1974785494669202,2.120121694579809,1.5284042727888858
-388.8989864631986,12.616875559167598,158.3073293274448,1.0115319900465052,17.267634565838932,2.5021819447914493,18,D06_px-1055_py-0118,0.6540645519089449,2.5021819447914493,2.163424658027804,2.3309544885353057,2.54352682419655,2.0558708052154273
-360.7452030513874,16.91364471343849,157.00164241623852,0.981299959015922,33.23761086108607,2.4877621379415005,18,D06_px-1055_py-0118,0.6345162825275618,2.4877621379415005,2.560788056867838,2.232571018253121,2.5705851496391867,1.655774907910884
-384.1721105022801,26.578206781137027,158.29824444070033,1.0068848278091729,19.48040843267813,2.4655401107782904,17,D06_px-1055_py-0118,0.6510596602037709,2.4655401107782904,2.8597287188124705,0.9821811458271703,2.52318502236852,1.2788827983863758
363.0053290761677,42.25599851277856,149.79872555140142,1.008174847836257,34.809243629276466,-0.4910950785317756,9,D06_px-1055_py-0118,0.651893797313888,0.4910950785317756,1.6229022964091788,1.4339233852027857,1.6635222106139609,1.9384008659020395
-368.5974141221362,79.6261311330498,156.39066531424962,1.002882057415,24.88731030384099,2.3218577802520106,17,D06_px-1055_py-0118,0.648471437339817,2.3218577802520106,2.44418818538895,2.3469150954524283,2.472055135626456,2.239231269572067
-348.9946995102303,91.34236246069209,155.05093566582502,0.9865650381664044,34.52958899625452,2.278625344243539,17,D06_px-1055_py-0118,0.637920724175687,2.278625344243539,1.8673152930844057,2.597339683940823,1.9152269979370142,1.9291818906047342
332.636485663459,94.69663485871224,152.44369209000203,0.974908850853598,44.02614560756064,-0.3296316880118214,9,D06_px-1055_py-0118,0.6303837416514201,0.3296316880118214,1.605026899253256,2.0590660324802377,1.9469886889642405,2.762667589927231
408.6486893124808,114.61874357980814,158.12638366241856,1.050325463323979,2.3331354246734577,-0.3335236043230541,9,D06_px-1055_py-0118,0.679148717279786,0.3335236043230541,1.964519135535876,1.5924256040814035,2.031550689208384,3.003683790784115
-336.3620390476303,121.24201414417011,158.8958575275561,0.9710919195652806,34.112557374172695,2.1886583926976173,17,D06_px-1055_py-0118,0.6279156838170399,2.1886583926976173,2.1863111012402774,1.5221607193735678,2.6964376819037565,2.403996580188466
320.579885856154,131.5902211616065,160.19865783274463,0.9525876756371134,39.23738209219812,-0.2174752113912142,9,D06_px-1055_py-0118,0.6159506939478276,0.2174752113912142,1.4010975281971088,1.976248984378874,2.8587988392279664,2.835569731609853
346.3850491665301,160.89744983581707,153.3219593988813,1.0175362260867045,23.859811548214395,-0.1721292593895227,9,D06_px-1055_py-0118,0.6579469382237939,0.1721292593895227,2.0012931914761642,2.2892327444215415,2.100150027192674,2.040321981906396
-364.07530376114346,165.85544549394294,153.18378967933836,1.0384597145735814,13.832458547813417,2.1071512693801364,16,D06_px-1055_py-0118,0.6714762306794007,2.1071512693801364,2.2688867930820957,3.012769720378861,2.827404925690742,2.3501095414077224
-312.08109972334984,174.11169845724632,159.4495925333236,0.9692335527377286,33.89677823395965,2.025720851906605,16,D06_px-1055_py-0118,0.6267140491892617,2.025720851906605,1.907330401485617,2.0623127675156385,2.9007065724644394,1.8801720933430381
371.3599518271756,184.11852191623905,155.95679165967408,1.046070085028952,4.338035293876885,-0.1467013301542101,10,D06_px-1055_py-0118,0.6763971561575204,0.1467013301542101,2.319793733433049,1.8637188245180503,2.4410297250766497,2.6789834090763813
276.5877249720779,202.60075797203723,158.7137215768011,0.9519381752881282,42.04928724748942,0.025227767172028,10,D06_px-1055_py-0118,0.6155307219065043,0.025227767172028,1.7476049475017954,2.222886375751809,2.756556042213245,3.069684605747792
301.2077894143172,203.4622602913375,156.03757858599778,0.9871240638560048,32.50133986391171,-0.0128946600856342,10,D06_px-1055_py-0118,0.6382821945896452,0.0128946600856342,1.9486053211753163,2.474132472238959,1.140854885847507,1.909973136501009
284.99799068395026,213.899322094188,160.64192190534553,0.964406298998002,33.76889181371297,0.0368601972165436,10,D06_px-1055_py-0118,0.623592708900182,0.0368601972165436,3.026741119833592,2.300823617317716,1.5793520819173925,1.64934959699771
336.012169270235,214.77286343167617,158.557539067642,1.021825038584679,11.78318530171606,-0.0382470041910876,10,D06_px-1055_py-0118,0.6607201181650236,0.0382470041910876,2.5148662781544457,2.7245829574508513,1.8996425842777747,1.430186993504603
343.09045847438097,250.1993005499008,150.79809059586026,1.070759034811135,1.1262316885042196,0.0231098925649181,10,D06_px-1055_py-0118,0.6923612255446326,0.0231098925649181,2.4800684626434055,2.8487245269245776,2.0604786738004734,1.9290597857763636
213.16138148566228,270.7052381267548,156.76212596348236,0.9601034103306264,42.27018183146862,0.2967877219713629,11,D06_px-1055_py-0118,0.6208104271969491,0.2967877219713629,1.856403820812284,1.357776396137989,2.4572309132455166,2.0120820393618892
239.93610464148503,292.90607903675874,160.11756829672493,0.9940072523010908,22.030824108547503,0.2775033385851586,11,D06_px-1055_py-0118,0.6427329184524002,0.2775033385851586,3.02889581949509,1.4851955836630562,2.174559021186661,1.4533034087097472
-273.4453029789316,290.1129157889321,147.59217803010614,1.053063077319883,17.424696031918813,1.719647905708538,15,D06_px-1055_py-0118,0.6809188800518485,1.719647905708538,1.4206567925117026,1.51863334136081,2.6095466992750893,2.1565334980676174
-200.35845311205128,317.91035149356765,147.07985359345233,1.028795770580387,30.5230027125491,1.5261722521393084,15,D06_px-1055_py-0118,0.6652274483771313,1.5261722521393084,2.0930362544919463,1.6078417625214234,2.1190763145510227,1.7136509503448436
-20.731237903916053,335.67477763286905,156.3243135910266,0.9500067696430274,46.896531647112056,1.025498342591702,13,D06_px-1055_py-0118,0.6142818598040223,1.025498342591702,1.6455995989913368,1.8401842589193491,3.0303683459760373,2.4181825298914585
-28.92665595682553,364.8157608936913,158.9835258259817,0.9816289530855264,29.53195022194302,1.0429423845547268,13,D06_px-1055_py-0118,0.634729012684229,1.0429423845547268,2.75719192129284,1.0675322988550968,2.5848917754666285,1.1283819170864444
11.812695738567,365.3382910277456,157.37289160270808,0.9857807909365992,30.65769549788428,0.931494473321799,13,D06_px-1055_py-0118,0.6374136237399165,0.931494473321799,2.446368143673112,2.4238713111448087,2.1460174682494775,0.6468203776351986
-157.6199460526393,364.5919745591005,148.80839806205265,1.0479344210294703,17.646679966472163,1.3718701201736043,14,D06_px-1055_py-0118,0.6776026504995537,1.3718701201736043,1.5574399448847713,1.2419056200429424,2.0451666070578267,2.4403244052845343
47.71858773948198,378.31188153076937,156.00260070356725,1.0090245800043265,22.78382066106957,0.8383438498240693,13,D06_px-1055_py-0118,0.6524432408265202,0.8383438498240693,1.3536802448956555,2.1348712188937555,2.6269380926717303,1.8560612307539222
54.11952415414336,394.22471309172806,151.79374776366845,1.0400866913759987,15.742477722916078,0.8273886714896604,13,D06_px-1055_py-0118,0.672528246694426,0.8273886714896604,2.541459500737961,1.548822498141702,1.614209632412205,2.543969980917217
-66.07215429028848,394.8882656974085,139.3071542098297,1.079315833101863,20.45887454181809,1.1295997249535814,13,D06_px-1055_py-0118,0.6978941187154585,1.1295997249535814,1.7334275309903084,0.7835203983559003,2.765811838973463,2.517687559222699
7.526209398612134,-413.72412754048986,160.80236465060835,1.0319550058423683,2.275629903651464,-2.159586493164331,3,D06_px-1055_py-0118,0.6672702347806615,2.159586493164331,2.268016404435148,2.326327272739105,1.9229798871408788,2.222118398546176
-28.82259843242904,-395.3245190241311,153.80794801396323,1.032599704102534,15.582567910771957,-2.25055578690261,3,D06_px-1055_py-0118,0.6676871017535314,2.25055578690261,2.119649183552764,2.375522609382001,2.368852203349362,1.1775327346048168
-35.13283618011104,-387.0355150233741,157.66877303491313,1.012797531900222,17.868877968060303,-2.2683019510957965,3,D06_px-1055_py-0118,0.6548828612393649,2.2683019510957965,1.3018952255253398,2.84758186163059,3.192568081873647,2.254568924193589
-80.37957539511082,-385.31297155272415,155.29294932930765,1.025259766149191,16.357168153552152,-2.383434989526295,3,D06_px-1055_py-0118,0.6629410400612342,2.383434989526295,3.0617249118534002,1.294950292056506,3.229441910549858,0.9377667602687969
135.4886357780035,-380.3321221786777,157.55730864128122,1.0301053214684412,9.54602772432878,-1.8355549229355903,4,D06_px-1055_py-0118,0.666074214295783,1.8355549229355903,1.4869403736074585,1.265837391394244,2.2474193874254382,2.7405836452646066
11.324856118239774,-375.6334123104312,152.95074471538334,1.0113721774128444,27.43725978407042,-2.1476362959630717,4,D06_px-1055_py-0118,0.6539612158012851,2.1476362959630717,1.9908959777429445,1.2585297081603914,1.65255224776962,1.4599698356022053
-136.62268289285248,-356.8426734497432,156.34214535460123,1.0089811953755592,22.16662984704488,-2.5434242547625434,2,D06_px-1055_py-0118,0.6524151879838481,2.5434242547625434,2.553200249641395,1.8021853584864373,2.280487199006741,1.7768282490224139
-213.03605373204604,-353.46040903342805,157.3448223353795,1.0403222290689491,4.650303712756113,-2.7201896303602475,2,D06_px-1055_py-0118,0.6726805472218568,2.7201896303602475,2.7260468763337657,2.440701268057434,2.4375864903104527,1.5613119605595627
94.08617573486944,-344.7382368995161,158.01216837940223,0.97342854517497,34.7174145346969,-1.9113438501875404,4,D06_px-1055_py-0118,0.629426564340265,1.9113438501875404,2.327921415818412,1.7491479869150743,1.9168941161627817,1.315257662140144
67.2343928149881,-343.9950337177408,156.29829656044083,0.9695026906166212,39.35677484576138,-1.984757524510004,4,D06_px-1055_py-0118,0.6268880758615684,1.984757524510004,2.6857910417854445,1.6009590758061836,2.4130178607462973,1.9311751812443905
-189.3298430366958,-330.31664305364893,157.35464345156424,1.004437870988382,22.379643331259672,-2.6982388907651336,2,D06_px-1055_py-0118,0.6494774386504442,2.6982388907651336,2.2162842040230535,3.281674289342636,1.0628987739826499,2.6381890329369906
104.98493359748994,-329.86475926683136,157.49303342004706,0.9601109622133556,40.992606601049374,-1.869646096812573,4,D06_px-1055_py-0118,0.6208153103038029,1.869646096812573,2.0836832481211163,1.675516997556466,2.666661043445163,1.797477773663965
-161.17073912426636,-327.9573368722897,158.64841191313056,0.9819209899980672,30.01021182629995,-2.634550538423736,2,D06_px-1055_py-0118,0.6349178460520526,2.634550538423736,1.639470442849814,2.16691164457794,2.3982798772301868,1.2591291962856381
188.4004921629817,-321.16331770100413,146.67814533415856,1.0259418538107443,32.64187344502767,-1.6472534619540715,5,D06_px-1055_py-0118,0.6633820833155322,1.6472534619540715,3.006021085977637,2.1904924705598643,2.6502409464622314,2.3100987563146282
207.5181865488008,-301.54333603614424,152.62836542504164,1.0004348946624932,32.965424711452215,-1.575022196934312,5,D06_px-1055_py-0118,0.6468890826294208,1.575022196934312,1.4370593139440984,2.735410865035714,2.2622575766085484,1.257652913230761
-335.8317420354056,-243.3815118803888,156.71352694935632,1.0442338515014045,3.816162441602273,-3.121452367601917,1,D06_px-1055_py-0118,0.675209833095854,3.121452367601917,2.7719037348117803,1.3766686105627395,2.237021219022006,2.0656509816798225
-292.70557071875584,-243.104931929965,153.6175123394355,1.0149891705926204,24.49712884496023,-3.055482178513916,1,D06_px-1055_py-0118,0.656299992079907,3.055482178513916,2.755000666136332,1.4376428865166084,2.4808564804229816,1.6998202564946499
254.11614301986165,-240.02155309038253,150.0611192393064,0.9871043215687516,43.354238411096446,-1.3638618190488538,6,D06_px-1055_py-0118,0.6382694290712109,1.3638618190488538,1.2759614907857113,1.9599726290448283,2.840827745170356,2.076560019021941
-368.0938802610664,-165.55842261156957,136.74456653481246,1.090306319959235,19.79685897724613,2.957277656972524,19,D06_px-1055_py-0118,0.7050006540819749,2.957277656972524,2.9972270316640066,1.7675503731155617,2.389054681824641,1.7489947199957312
-395.90098460920296,-50.760397026978914,157.58183821819654,1.0249628450192143,12.094406957830358,2.6621322735469555,18,D06_px-1055_py-0118,0.662749048519947,2.6621322735469555,2.257968729843916,2.420875376644475,1.890158188688298,2.6805930877305033
344.8838405937669,-39.09217100812218,153.15725131246495,0.9744006775719368,42.959067794521445,-0.7198466110708146,8,D06_px-1055_py-0118,0.630055152804965,0.7198466110708146,2.972814619943989,1.7629317671573281,2.1936493672511874,1.7882176829252168
345.5657460039587,-21.76055372306459,158.344065041668,0.9576880741776328,40.46025512494617,-0.6698673026132949,8,D06_px-1055_py-0118,0.6192486518164745,0.6698673026132949,2.039158787894965,0.7921008472458544,2.8371689221927894,1.846748542804328
408.9606661122856,37.0379919076336,149.1793585506575,1.0611400020278343,9.871586883843634,-0.5166597877805441,8,D06_px-1055_py-0118,0.6861414831844154,0.5166597877805441,1.9890501905347957,2.18119608109723,2.1693992755750955,2.3296947678922786
-378.35398943596334,49.51120875644077,153.73035943877363,1.0159353856255595,23.838588701099525,2.404493008232656,17,D06_px-1055_py-0118,0.6569118221728933,2.404493008232656,1.7897112682992895,1.7429235755151298,1.8325098579766443,1.8872470777221635
304.4814292366431,133.20586490047398,156.42288395137456,0.94407816538691,48.93355492624147,-0.1945822129725454,9,D06_px-1055_py-0118,0.6104483775964604,0.1945822129725454,2.5100081514032393,2.440137693707502,1.4973422731835209,1.7700467384408438
402.1208111290821,134.33006657183182,156.51934150706438,1.054261340145301,1.2801836888288562,-0.2845805151950543,9,D06_px-1055_py-0118,0.6816936862326596,0.2845805151950543,1.5779941005762117,2.473430420274923,2.450265806744044,2.468996409189711
375.7805993168647,153.5565563858521,154.79935893362216,1.040240377361258,9.724126195748852,-0.2190526762145019,9,D06_px-1055_py-0118,0.6726276212629739,0.2190526762145019,1.9729286143300335,1.0537471781661722,1.905996619500113,2.4737014424320045
322.74320457681733,179.635439446837,149.58220670148583,1.0136155252945265,32.77044624633595,-0.0990913778764291,10,D06_px-1055_py-0118,0.655411782210896,0.0990913778764291,1.7920677483215388,2.1344456021367733,1.216805216404641,2.223551359399871
-289.612313856349,195.22401055719297,156.9026771228641,0.9660490632996048,39.67603614531242,1.941490670187556,16,D06_px-1055_py-0118,0.624654933236528,1.941490670187556,1.9135725958721777,2.5590195663563025,2.155418436209077,1.5053116100465678
362.5282346578641,197.7679016479676,152.5784677071045,1.0539222799681391,6.883693361145845,-0.107579178966463,10,D06_px-1055_py-0118,0.6814744472515619,0.107579178966463,2.462094807793183,2.3655789508609346,2.9099452044121557,2.064159328276144
320.80939163566376,199.0031330818304,159.4495139278594,0.9945713545969488,23.00207248864649,-0.0517557265068447,10,D06_px-1055_py-0118,0.6430976714399494,0.0517557265068447,1.9427727230239844,1.90822347863391,1.8551943577030763,1.7523285077307635
-339.13821206267187,209.3920125405951,155.9998226337662,1.0287983277491837,13.229958754408358,1.981480401028564,16,D06_px-1055_py-0118,0.6652291018626164,1.981480401028564,2.7568065784726756,1.3279464064608446,1.7836987448380115,1.2956061746417271
358.8009922243771,212.5192779532509,143.6359837156434,1.0835130151447865,8.878274797862332,-0.0722380418376317,10,D06_px-1055_py-0118,0.7006080496827418,0.0722380418376317,2.3891015959342474,1.379606284295849,1.7537687012204959,1.5700583413431604
-350.8849356439175,217.8930469615638,157.0213296794281,1.0415766513661868,4.624289626515008,1.9789087484252532,16,D06_px-1055_py-0118,0.6734916665594762,1.9789087484252532,2.83981819657206,1.702477853641284,2.3401711246516443,2.722559130416967
-294.1539062789002,244.009628871062,156.03471330147602,1.0099681070820816,22.2836468639573,1.8421233583750496,16,D06_px-1055_py-0118,0.6530533328665133,1.8421233583750496,2.0483984659670065,1.794586596274762,2.575419501523408,2.545440488312476
293.5632634955249,270.9391518009219,149.25966939798164,1.0490993914766749,16.137410244988928,0.1383620977686378,10,D06_px-1055_py-0118,0.6783559295663907,0.1383620977686378,2.246260555781955,2.6507598957322243,2.4025778045517336,1.2412741707634554
242.0553832133632,276.0856532999784,137.834098323979,1.0470616552620788,40.04056155228659,0.2440020606305404,11,D06_px-1055_py-0118,0.67703831328018,0.2440020606305404,1.9779892362374025,2.3787722049407467,1.9211067096722572,1.8623101702368827
-229.00899014685203,283.1538682991063,153.0975825669615,0.9966965972854672,33.73727428637096,1.6438880963737068,15,D06_px-1055_py-0118,0.644471870101427,1.6438880963737068,2.502542901903941,2.1094781180429396,2.674712456691427,1.7951405825937743
258.6088931221268,286.9833383326928,159.42300757317,1.0051172645754989,18.20692369450813,0.2303785085510453,11,D06_px-1055_py-0118,0.649916739894992,0.2303785085510453,0.7492215559296567,1.4967361871962206,2.192385559548078,0.6163882652012151
210.9450253229775,297.04737086578336,146.91611092278,1.0155203388656515,36.95973577779949,0.3463182659908294,11,D06_px-1055_py-0118,0.6566434496688976,0.3463182659908294,2.0646627922932472,2.250109715021086,0.9536879770494049,1.7915695852942066
242.2851192345344,303.448037815155,153.8162143024418,1.0234830502701302,20.067914877392298,0.290027659677462,11,D06_px-1055_py-0118,0.6617922015798592,0.290027659677462,2.3040462056671993,2.484816803440098,2.6659682363372235,2.133486076598097
-166.28754346126578,356.2122448951121,156.06841393156412,1.022489871484084,16.227866278120587,1.4005711120921247,14,D06_px-1055_py-0118,0.6611500043542125,1.4005711120921247,1.4901578798562194,2.7843314532891834,2.3369228214817763,3.068374646937383
-180.98892498860675,358.3377601545929,155.56457534556782,1.0332031898447074,11.848432410195414,1.4315194491291925,14,D06_px-1055_py-0118,0.6680773203876647,1.4315194491291925,2.0548261390867593,1.4051397476630174,1.2929735827568734,2.254886470655498
-126.66147209157168,357.5566272930718,152.25675638144887,1.0175969864395902,25.858468924464944,1.304265414016578,14,D06_px-1055_py-0118,0.6579862263465375,1.304265414016578,2.3535841685961785,2.5996235416029783,2.8381535338294785,1.3141299285441537
41.5264571883701,403.8348360944591,159.51061883555153,1.0270826417550458,7.302189372216333,0.8613466580133001,13,D06_px-1055_py-0118,0.664119725785523,0.8613466580133001,1.4201198464083162,2.037991768847957,2.427670879702562,2.185818431248348
50.02508908965629,-407.7441465017425,156.2862062576095,1.0412589462158923,6.248433670042232,-2.0556984819121187,4,D06_px-1055_py-0118,0.6732862359069499,2.0556984819121187,2.2934745261489375,2.4115349155351153,2.1219435215991025,0.7782307925903629
-109.97635814368698,-403.465938815017,161.0935840843183,1.0358017270413766,0.327245562538053,-2.443889931824499,3,D06_px-1055_py-0118,0.6697575550059293,2.443889931824499,2.938942451794838,1.4256666790407768,2.227375823539954,1.3100563968652987
19.604360085955232,-402.03464017582746,142.49163634291577,1.072089888172727,17.724934724146465,-2.1290515902850564,4,D06_px-1055_py-0118,0.6932217658104586,2.1290515902850564,1.5063690893988149,1.810502267475357,3.007183477672794,2.136536525503012
51.13544014228716,-396.0871982558149,149.46776322762244,1.0483786493344098,16.095361346292464,-2.049384551577949,4,D06_px-1055_py-0118,0.6778898920204098,2.049384551577949,2.3161435233324053,2.6421873118311554,3.1177585785749766,1.4805795708863252
19.98543739238121,-388.818001148576,153.63154671472424,1.0251853534188369,19.59538227676495,-2.1264205597461343,4,D06_px-1055_py-0118,0.6628929242036892,2.1264205597461343,2.082493869890171,2.132884079895934,1.9718442557891906,1.4248940082350994
-11.947011064054848,-388.8038161350536,155.93520704958445,1.0181657841900562,18.583719232854264,-2.208493800765067,3,D06_px-1055_py-0118,0.6583540154520192,2.208493800765067,2.3550032279167326,2.100231454108921,2.6419401371403874,2.297320777586507
-162.3634600715379,-385.3145453260511,156.97168159148072,1.0470364069062983,1.788122657968131,-2.5765754981272395,2,D06_px-1055_py-0118,0.6770219874944683,2.5765754981272395,1.4005927568938352,2.001877186483834,2.460374243580546,2.1107872381763326
-90.34973551412,-387.3252376345098,147.51378258933536,1.05226879043911,17.99809357193743,-2.406943754616193,3,D06_px-1055_py-0118,0.6804052878986867,2.406943754616193,1.5201256222660557,1.4972322141467256,2.8850803534758853,1.3516034684888423
-195.4182774347628,-373.56162081816416,155.59228180684295,1.0543988832253917,0.5206336171690396,-2.6597494509180297,2,D06_px-1055_py-0118,0.6817826226715789,2.6597494509180297,1.1046183585075606,1.8690428826028076,3.2928363221661554,2.498221611542707
-27.83998461616953,-366.4852927013855,151.87050487092992,1.0045376877447754,32.55607446343282,-2.253595047570142,3,D06_px-1055_py-0118,0.6495419809513163,2.253595047570142,2.3219627845937554,1.5616781254303338,2.061041389465731,2.03765247020897
-198.28821895523063,-360.391196841556,156.26548356122893,1.0418869966022948,5.957087979153073,-2.6807747000514075,2,D06_px-1055_py-0118,0.6736923382335206,2.6807747000514075,2.416518889042625,2.5750968256380458,2.653438220278608,1.0928095336176218
144.55730033078916,-359.69032346910046,149.77105618180474,1.0345108218275632,22.519155551325923,-1.7956379875477069,5,D06_px-1055_py-0118,0.668922845527101,1.7956379875477069,2.5288370997847727,1.6436707352723647,2.0844365948494135,2.1025030475235944
-113.3589791891488,-342.8695668737794,155.43002139390586,0.9859165098144178,34.1183468410772,-2.497080964008868,2,D06_px-1055_py-0118,0.6375013806352787,2.497080964008868,1.9587144794934779,2.343291614157487,1.1013536063783846,2.8881665387807454
-174.2301493626445,-340.1909717147856,155.7230657434286,1.0108972116219717,22.43572800569916,-2.6510992831447107,2,D06_px-1055_py-0118,0.6536540991799266,2.6510992831447107,2.0189579859244464,2.5178562052557254,2.2833206675376303,2.591212294697167
91.8190178868746,-330.5790257889244,156.6835756664921,0.958339068240145,43.09374712193136,-1.906852848927243,4,D06_px-1055_py-0118,0.6196695897047293,1.906852848927243,1.6783204133559675,1.5836306113808525,2.1296307784982096,1.477802354226258
121.46445788428824,-324.8778304249,155.9812326236885,0.9655442776125092,41.49691249746451,-1.819989804504092,4,D06_px-1055_py-0118,0.6243285348354007,1.819989804504092,1.3392446649478447,1.5992832631018845,2.247631465407286,2.690039448822469
-268.315778912667,-277.7457700455613,155.89325531370497,1.015046574946844,20.156670549199305,-2.9459066390563327,1,D06_px-1055_py-0118,0.6563371101874828,2.9459066390563327,2.5060212537534072,2.1684512404461094,2.8753827835094725,1.9695105340106138
264.43156201991417,-273.5180885086132,152.29828202555535,1.0187852257139745,25.22038951087103,-1.4092671243397348,6,D06_px-1055_py-0118,0.6587545512203015,1.4092671243397348,0.7169924322248948,1.327741357437513,1.653823036813645,2.357401286096061
293.6593677925489,-263.0937953005508,157.54399825059025,1.0196132994420364,14.812544886021383,-1.3375330675417865,6,D06_px-1055_py-0118,0.6592899902150361,1.3375330675417865,1.8026177883906929,1.516021819070232,2.072904562015323,2.930719942798806
317.17999722934564,-243.58205765322373,155.66440739421267,1.0312374046757402,12.651973335201037,-1.2618773087684758,6,D06_px-1055_py-0118,0.6668062282142667,1.2618773087684758,2.178675703994114,2.430212823232066,2.7127071000489313,1.7314867515429522
280.7770047837284,-225.6730540939101,154.77868616725857,0.9867067961141376,34.963013151939094,-1.2839997136766486,6,D06_px-1055_py-0118,0.6380123859812216,1.2839997136766486,2.1162713854503883,1.3700837287290797,2.188653180136443,1.1004186089036756
-376.4881947753322,-176.17958343783235,155.2546358542893,1.0492472045039916,4.027694309184028,2.9722978065777896,19,D06_px-1055_py-0118,0.6784515066340757,2.9722978065777896,2.5468216439664446,2.389096536477118,2.209354257973717,1.1920330345626984
334.7226478924783,-129.41489021195986,151.62128176373764,0.9944246273841012,37.43224899326361,-0.9759099684206284,7,D06_px-1055_py-0118,0.6430027964684525,0.9759099684206284,1.4425528446063955,2.2928582340029937,2.8417522874719365,1.7474814378222496
-358.82512853687706,-126.52491816409312,152.8590564357228,1.0171857931985584,24.90570347273212,2.873610196021563,19,D06_px-1055_py-0118,0.6577203455581987,2.873610196021563,1.354354289355816,1.6646412154326065,2.0007451926279947,1.43393637573883
-368.2263565608094,-104.1369522745416,156.60918302619632,1.0088788807031028,21.713134181510384,2.810222755624711,18,D06_px-1055_py-0118,0.6523490305107753,2.810222755624711,1.439279079378777,2.1118189014342112,1.8185985442905348,1.9470336282467877
-375.5607650678195,-89.44198119161919,158.34733667682653,1.007885472287413,18.918914159550752,2.768413631697154,18,D06_px-1055_py-0118,0.6517066848047924,2.768413631697154,2.9166119168812923,1.534292796768157,1.864563461585314,2.3543390340171304
-335.82091902954164,-88.59266731100774,155.98291474277394,0.966170520370608,41.24553370649852,2.792545915091028,18,D06_px-1055_py-0118,0.6247334683352729,2.792545915091028,1.877181456408709,1.1528152540406955,2.3156384879406207,0.7669316171849022
354.88935955293124,-79.76992735176745,157.41055621330418,0.983414287642449,31.60352105495588,-0.8280789246590896,7,D06_px-1055_py-0118,0.635883424070593,0.8280789246590896,1.1421434170720115,2.055264928406765,2.1326418751517506,1.4311343512694474
388.8023770200016,-68.62101495301107,156.85559579033108,1.0221683714952177,14.875966229360415,-0.7816737575554684,8,D06_px-1055_py-0118,0.6609421199291762,0.7816737575554684,1.6573174975932634,1.3961848533876555,2.6306351534050485,2.1152044809755433
-349.814699761206,-63.55256343874203,156.15292276567567,0.9765729619211472,36.732354407612775,2.714327956787032,18,D06_px-1055_py-0118,0.6314597689747609,2.714327956787032,1.4619425830774717,1.8420054889172104,2.031516309295691,1.4241290474832868
343.83118330536155,-60.40508890868033,156.7872807666932,0.9661648377556532,39.83279636478039,-0.7808872480123938,8,D06_px-1055_py-0118,0.6247297939116849,0.7808872480123938,1.8540096833980986,3.0163246036333264,0.812198774435585,1.6936785804439756
354.316664063933,-51.26893472218451,153.10319910380838,0.9888665383938317,37.090647899022656,-0.7506802206639467,8,D06_px-1055_py-0118,0.6394088923500829,0.7506802206639467,2.2000170635886045,2.178952357609555,2.5492946897547393,1.586692295194229
397.5638531057629,-26.2910431278324,158.53682517460817,1.0214862637803888,11.991037236463512,-0.6730137490336209,8,D06_px-1055_py-0118,0.6605010637082724,0.6730137490336209,2.568497868506946,1.6383573759381505,2.1781100450771804,1.8602668380135237
-371.1858135707002,-19.872904057709512,152.80756813587308,1.0068655463433824,29.76174518649003,2.5881010188877003,18,D06_px-1055_py-0118,0.6510471926561239,2.5881010188877003,3.054561973558944,2.5008599801172275,2.0564039462999686,2.375705154063895
361.44659449811553,-4.143788912464375,148.31637850419992,1.0077134932896024,37.7915168227234,-0.6184434865238306,8,D06_px-1055_py-0118,0.6515954818302472,0.6184434865238306,1.5669724318119593,1.6834691989009003,2.4306317616688995,2.1417537940487836
-336.78173180712787,58.957655667623975,154.99374243515794,0.9618007844668656,44.69658870922064,2.361307378547288,17,D06_px-1055_py-0118,0.6219079626824953,2.361307378547288,2.336272097423537,2.7958335622167128,1.5078817115597871,2.2822218015408073
-387.8891506431679,59.963503348297465,155.0958201115225,1.02456918470385,17.07670165308815,2.3812379334535034,17,D06_px-1055_py-0118,0.6624945046594397,2.3812379334535034,2.359759094938261,2.815002679772011,1.89942032641818,2.219151970694579
385.99459964075726,88.36139477917439,153.31322670855204,1.0335787700871455,16.05623538777803,-0.3819383276678281,9,D06_px-1055_py-0118,0.6683201735306136,0.3819383276678281,1.766251770063481,1.5699684714432045,2.254259891225213,3.0672149207674178
-391.8657397684653,128.17978298836508,148.6937399838537,1.064243420728586,9.163706635830124,2.2184818670373363,17,D06_px-1055_py-0118,0.6881481781598255,2.2184818670373363,1.5771058072996267,1.8170229276860643,2.0653110035516464,1.9484060377970802
396.2718502832042,155.68221339617034,159.6788851873529,1.0474629301387408,3.860752269547959,-0.2326372008851889,9,D06_px-1055_py-0118,0.6772977807759971,0.2326372008851889,2.5211384702569433,2.218266827756694,2.4383177351453393,1.8918849113539777
-321.2712505677414,204.34279840712773,152.6590291654747,1.0180907796894396,24.86027697967444,1.9681111170397485,16,D06_px-1055_py-0118,0.6583055169511615,1.9681111170397485,1.1289216628482066,0.7293809732903218,2.6349211573921747,2.1719483785487093
312.3485820877513,211.03322148556668,156.69536599478502,1.001827144609725,24.801534649297764,-0.012794662172804,10,D06_px-1055_py-0118,0.6477893224111004,0.012794662172804,2.251797666490163,2.561719480031628,2.1020006184784803,2.3459066351014535
287.5695155211247,231.2990880023809,151.86036063126022,1.0064170177913414,31.735162189101857,0.0703924929111478,10,D06_px-1055_py-0118,0.6507571705616219,0.0703924929111478,1.339273718206326,1.7712254749482137,2.621561229643855,2.1119560225846072
-299.11958946070223,236.5770613658437,148.2998308775395,1.031663757615189,26.78101291878181,1.8654386958281504,16,D06_px-1055_py-0118,0.6670819113830045,1.8654386958281504,1.4752443655657452,2.0668511118021358,2.247083948780251,3.0383929525696725
261.7906915140592,255.09870747228783,156.55282590130474,0.9881803893558012,31.11112767366376,0.165472708898602,11,D06_px-1055_py-0118,0.6389652229777663,0.165472708898602,1.6926040775351385,2.279437161087659,2.877102182431515,1.252928349273089
-285.0142926139537,261.66063028983183,154.09985497705662,1.0210591760044314,20.69512200206572,1.7919084685895132,15,D06_px-1055_py-0118,0.6602249053884603,1.7919084685895132,2.319403452032118,2.0488855178557217,2.3208726580009196,2.1016014364697937
321.5916627762873,266.0891076156085,153.3153670288945,1.0564416087329107,4.010290943933967,0.0842545611890195,10,D06_px-1055_py-0118,0.6831034650738909,0.0842545611890195,1.8099883329219988,2.0999539126117046,2.1501953887918193,2.5217364116425527
-248.67677474470435,312.38216210581254,153.4134046138605,1.0369326873787017,14.16124322175915,1.6361542638909494,15,D06_px-1055_py-0118,0.6704888428678438,1.6361542638909494,1.7759681973068218,2.548157890302941,2.2213853112050272,2.706119167905875
24.03996474973444,335.7560165850843,155.65517610021033,0.9524578826584078,47.1256995554478,0.8923392658764749,13,D06_px-1055_py-0118,0.6158667687855062,0.8923392658764749,2.2720468073622264,0.5642414737595067,2.477169329786165,2.597511690631693
-156.82548586255206,337.5388237503748,149.32447395830914,1.017799954760829,31.34593800526721,1.398757588392527,14,D06_px-1055_py-0118,0.658117467261693,1.398757588392527,2.1102135800559045,2.5976275019251416,2.4812555199575765,2.11349992901272
175.20014415437825,347.31539848851224,154.51432728751712,1.022264712351297,19.318600140276374,0.4966226612959562,12,D06_px-1055_py-0118,0.661004414685528,0.4966226612959562,1.9237147133596024,1.836520946270109,1.8320620709364683,1.9963863572781742
-68.55643950660911,351.08716782009805,156.78045223290812,0.9775441747135784,35.20827616719248,1.1566592034660808,13,D06_px-1055_py-0118,0.632087762815925,1.1566592034660808,1.6431066566102235,1.9151029042083414,2.555640769774249,1.8715135278727542
-31.537741232539684,350.9192576516639,149.81674668081828,0.9914927626350518,41.97663568316728,1.0534477861619922,13,D06_px-1055_py-0118,0.641107029629426,1.0534477861619922,2.8166500306990807,1.4027953705415377,2.948152736056424,2.7189870869628887
91.6841235031252,353.05106679405225,156.6712862239631,0.9868695597083752,31.46093109705413,0.709738354512775,12,D06_px-1055_py-0118,0.638117630203233,0.709738354512775,2.1494245196496697,1.9893521777389616,2.1463057541265123,2.1138303561977514
-36.87059211424954,370.58208564563546,149.48811196814796,1.0175745449148172,31.13828071617712,1.0629841599772076,13,D06_px-1055_py-0118,0.6579717154798628,1.0629841599772076,1.5939443268920752,1.719484517103264,1.5776557503913626,2.223166125101319
28.151915822556667,384.219656822182,148.88769310656716,1.034378812266115,24.312731178700915,0.8906771242403401,13,D06_px-1055_py-0118,0.6688374871049197,0.8906771242403401,1.6863688883161152,2.1026899053780284,1.8286856571808388,1.7535886654740613
-77.13991700770127,-394.63672034067065,149.84739849765256,1.0502266075761162,14.367070219094671,-2.370812555782262,3,D06_px-1055_py-0118,0.6790847963745988,2.370812555782262,2.238672535398763,2.6036628571513916,2.5638916054503165,2.0640535880268684
-150.33661052724142,-382.9843501841381,147.70245897959362,1.0661900423421948,10.134450435102224,-2.5518345546674355,2,D06_px-1055_py-0118,0.6894068790273906,2.5518345546674355,1.9033708928063309,1.9657146983616496,2.0177416629744505,2.6876989479966364
94.57195174178212,-377.04982059689024,153.21146820686528,1.0257133059039056,20.147854136621675,-1.9320247919937024,4,D06_px-1055_py-0118,0.6632343024388548,1.9320247919937024,2.425638723465788,2.625983227068107,3.0354961790872057,2.4124883639560166
-124.53876048455292,-371.7246127324533,155.4588443936265,1.0230043880866948,17.14582751864151,-2.5010523047966395,2,D06_px-1055_py-0118,0.6614826948419555,2.5010523047966395,2.4771553076585247,1.5501030302427714,2.554063507460836,2.332552932103704
-145.14158510441655,-367.94193803807246,148.7592463404792,1.0462526968419998,18.611368600196897,-2.5535048144993078,2,D06_px-1055_py-0118,0.6765152343941454,2.5535048144993078,2.307707086577339,1.7769033143894073,2.199446837755864,3.2526140138896715
42.63879696142208,-361.0615430833503,153.95877342030423,0.993379948832746,33.596314301093,-2.0602274033739096,4,D06_px-1055_py-0118,0.6423272990889286,2.0602274033739096,2.3117177629036263,2.2707768049436954,1.9152658373708789,2.8127350040772114
191.65410766104856,-352.5708049719822,151.58379293375592,1.0443647433922658,13.955346325154268,-1.6798669547651357,5,D06_px-1055_py-0118,0.6752944688234308,1.6798669547651357,1.6801913349086965,1.3972902853633298,2.244401744125142,1.7162774109784262
-228.910468917018,-359.37528827172866,146.0430890281877,1.0855375089003394,2.5405318968822144,-2.7449349455453205,2,D06_px-1055_py-0118,0.7019171032906334,2.7449349455453205,3.1352229217743472,1.3374557575382529,2.339967240162241,2.8200112179813637
-97.5711405164809,-350.2160615002241,151.24682161147766,1.0014578849262252,35.07656290129137,-2.449488376836777,3,D06_px-1055_py-0118,0.6475505561913437,2.449488376836777,1.051601412550642,2.3602599764534755,1.719136764737479,2.171119574164737
-224.2370964368312,-343.22667136069754,156.48814961973594,1.0398264598152545,6.604694940103741,-2.7564819642474183,2,D06_px-1055_py-0118,0.6723599789175829,2.7564819642474183,3.4780647477742925,2.611881252128079,2.1440017551419768,1.7382822393863784
107.65049903907932,-344.8348712725659,156.1437019111578,0.9839647198568408,33.656324866230705,-1.8751826820173427,4,D06_px-1055_py-0118,0.6362393378757963,1.8751826820173427,2.8276455678467043,1.7031605094963327,2.7723613630816315,1.4113687639984858
228.5295743310658,-331.46368741958304,155.13855698688295,1.0356728124360348,11.419198728791857,-1.5741616227133886,5,D06_px-1055_py-0118,0.6696741978067432,1.5741616227133886,1.6818591359634762,1.8763055204031551,1.8971318687287884,1.8652848336085461
-281.9061063857554,-256.09178819661696,151.42616415773753,1.0218345241123543,25.44529865263428,-3.011119441667084,1,D06_px-1055_py-0118,0.6607262515819295,3.011119441667084,1.5549591957099964,1.9232234040292457,2.1967576269323925,1.4086378648120883
277.2642113646776,-240.7437386145077,155.9626229331135,0.9920030708868242,30.527635638065533,-1.3219923966057672,6,D06_px-1055_py-0118,0.6414369989643707,1.3219923966057672,2.0027234995379004,2.061059579675042,1.9583162076538625,1.731480321124105
302.0936900668104,-226.34934544730623,144.9714046138605,1.0371394865129604,30.65145690390102,-1.2500124422201664,6,D06_px-1055_py-0118,0.6706225608168707,1.2500124422201664,2.4790622488977547,2.0202785866006128,2.7027240175964953,2.0920298577120247
-342.3414633503584,-209.43384525403425,146.52782531342925,1.05900673823368,16.447727174172314,3.08364128115918,19,D06_px-1055_py-0118,0.684762098012857,3.08364128115918,3.2334100359240323,1.997410716322686,1.8134910702280351,1.9042921801630412
362.0642366248241,-189.7412565378096,158.18082599278216,1.0338131176652887,6.42284921373448,-1.089684745112597,7,D06_px-1055_py-0118,0.6684717045204364,1.089684745112597,2.0672076480298998,2.8787709584327486,2.2873011561897565,2.5294399470297044
-348.17647198890626,-179.05016473366004,154.30780752427432,1.025720607295434,18.02978173172596,3.0095965739810797,19,D06_px-1055_py-0118,0.6632390235761252,3.0095965739810797,2.4312129764517616,1.4294174689719155,2.3807554728648053,2.1675083000183455
-353.5490757225446,-164.5683630577472,153.7208770021827,1.025659024709017,19.191904972923567,2.9702615252476625,19,D06_px-1055_py-0118,0.6631992037907041,2.9702615252476625,2.8372739628023953,2.944376921162548,1.7486858681226005,1.569451895538121
341.12585482848385,-100.07985922904868,149.16325508650445,0.997582438546604,40.604944907186905,-0.8923528815970756,7,D06_px-1055_py-0118,0.6450446620380431,0.8923528815970756,2.4404180442346464,2.183074653587612,1.7921203790337117,1.9027501183701507
-373.436936178396,-58.18045122752096,154.3056340045415,1.009955818426714,25.54015772681976,2.689167882433724,18,D06_px-1055_py-0118,0.6530453869251632,2.689167882433724,1.8029299033752875,1.8109104464814223,2.5516516067488646,1.512058801443712
347.9885285362308,-8.424707575767517,152.31914745948723,0.9782790761121698,42.89093054964508,-0.6311845314988171,8,D06_px-1055_py-0118,0.6325629558485694,0.6311845314988171,1.9712463499738089,1.6981623086516195,2.182584160362765,1.9543730676479345
373.58137627917534,-1.7887273151884877,154.16383183008557,1.0051370533823036,28.01005077371127,-0.6117675479391146,8,D06_px-1055_py-0118,0.6499295354933348,0.6117675479391146,2.329047370810455,1.7970867094234435,1.3720237381753764,1.7297376519088288
414.6146408105724,24.633557221887152,147.76839921795136,1.0699964456509434,7.874710922357508,-0.5476361531957794,8,D06_px-1055_py-0118,0.69186812938726,0.5476361531957794,2.424123565213135,2.135799460350394,2.8009645301141575,2.6707490138283863
-403.61367591486,66.2860007316847,155.10371808675367,1.042674875845255,7.844445281109358,2.371834917090515,17,D06_px-1055_py-0118,0.674201787157604,2.371834917090515,3.1537751829447904,2.1890146370956267,2.3707015114901955,2.7731780768191556
420.2660363823812,80.6081020490954,159.48025840268858,1.050198542882515,4.984653994183702,-0.4174784062209115,9,D06_px-1055_py-0118,0.6790666495226699,0.4174784062209115,1.5763134086831587,2.1493996708341427,2.1773574501360735,2.1713046340265203
345.05607001095944,89.24790176505229,150.6443591167626,0.9942370417169328,39.304561078552695,-0.3538787179537763,9,D06_px-1055_py-0118,0.6428815020985775,0.3538787179537763,0.9932480499532597,1.5649356449460843,1.7511453093158318,2.076460447611531
352.03836777446315,99.304579805703,159.75152509578822,0.979167375417526,29.203941582394748,-0.3320388867082697,9,D06_px-1055_py-0118,0.633137337175938,0.3320388867082697,0.7009869380478906,2.3411408754921545,2.393351580125307,1.782105987941651
357.65059775180885,101.55190581571472,143.65501688722173,1.034471670098184,34.50769239946061,-0.330319478136671,9,D06_px-1055_py-0118,0.6688975297105131,0.330319478136671,2.150375957664774,1.8508090542269682,2.5458085447998533,2.4294006222246853
-350.2039703452832,110.23247689597164,155.75396611892563,0.9925497967643072,30.67060781840439,2.2296647366908453,17,D06_px-1055_py-0118,0.6417905162229366,2.2296647366908453,1.9146656077395292,1.9495783417196677,2.9866641348910252,1.288226382711835
-379.0460276615224,126.68484723476274,153.1560213955532,1.03808227788986,14.080372714554244,2.212064580707393,17,D06_px-1055_py-0118,0.6712321771468961,2.212064580707393,2.2769152124437566,1.2614910989301515,3.296311166809901,2.532257467297576
-351.2823850158255,170.2243356653717,151.3954469437538,1.0328213687118577,20.17935939440656,2.083377626127469,16,D06_px-1055_py-0118,0.6678304318358205,2.083377626127469,2.355014374619067,1.544120961478917,1.7821281176504242,2.791543660247397
360.9644107032066,172.1823475318297,141.06084997054722,1.0736213586066203,19.884381672112,-0.1618953961507725,10,D06_px-1055_py-0118,0.694212026655358,0.1618953961507725,1.9637281448976378,2.7761866656465166,2.406670940802501,1.282625835940866
-318.94616491502063,186.8115195753988,154.09829025862936,1.000500933863957,30.21363534796092,2.0047635984551806,16,D06_px-1055_py-0118,0.6469317840972328,2.0047635984551806,2.3217879785597,0.6453878582172656,2.2446116719126943,1.9092528473998729
-330.9938137086525,216.5701029668556,145.4704420657331,1.0559060733497254,20.236045648382856,1.9552191914256436,16,D06_px-1055_py-0118,0.6827571836770777,1.9552191914256436,2.1355188882664637,2.4661232980094456,1.947471313746194,2.3121770009264195
302.15338171640406,233.6333129560016,150.26843635206146,1.0265051102832758,25.444981672872643,0.0512222244622627,10,D06_px-1055_py-0118,0.6637462893870566,0.0512222244622627,2.1345634117306562,2.8275592247283754,2.2110323994426766,1.8369614680198398
-284.44218961196094,234.81991750404245,154.67715682624987,0.9978314052474384,30.32792713453955,1.8444886913103928,16,D06_px-1055_py-0118,0.6452056458677429,1.8444886913103928,2.9006536031801904,1.8176380611624006,1.8209643183788589,2.2407686410316456
-260.7481061732758,261.68288210581244,154.0821188995748,1.0002861937003775,30.339104318329248,1.7474256790930285,15,D06_px-1055_py-0118,0.6467929314161011,1.7474256790930285,1.6504677273658923,2.039131796227377,2.4037095863680777,0.5000473087530708
-231.51751981933123,261.7501102508017,153.68920845181358,0.9759309613540272,41.39342192026709,1.6880010913563246,15,D06_px-1055_py-0118,0.6310446463514622,1.6880010913563246,1.9672137553499702,2.8381235667370897,0.8829347094270834,1.3400496471371723
302.0759486964833,282.03354445830587,153.6957099050672,1.0511028547585235,6.156686615725164,0.1441193361689269,10,D06_px-1055_py-0118,0.6796513847043425,0.1441193361689269,1.5499498486917238,0.9606002211657163,2.4349490271929737,2.0174624060553215
146.38394824012553,318.4556701336928,146.8152955527699,0.9983380447103528,44.61696873748628,0.5329519322395168,12,D06_px-1055_py-0118,0.6455332429349154,0.5329519322395168,1.2554003066467103,0.8784024547992402,2.4588871898605875,2.0045829817506053
-125.2346884419442,312.00107674987413,141.87282865985236,0.9949694294713268,55.10138227550874,1.3455224639476802,14,D06_px-1055_py-0118,0.6433550697890855,1.3455224639476802,2.258515399429271,2.6367867985647004,2.9916623388679304,2.5197007103214784
-228.5233068950123,324.04323022696366,142.78128899239513,1.0649021929975224,21.00025933778244,1.5780407044802285,15,D06_px-1055_py-0118,0.688574145497618,1.5780407044802285,2.7255210787397566,1.775188769140991,2.3712769085233685,0.9491339385752715
239.18312081672707,326.40116343844073,149.14666461738597,1.0549640178106203,13.274028529876889,0.3314221481087521,11,D06_px-1055_py-0118,0.6821480431455659,0.3314221481087521,2.2699022781442038,2.2407850936048788,3.161487396427941,1.8127279917648238
-195.39835133270165,331.8807984915172,152.40616523422463,1.0239243964645444,22.56521023753959,1.4959310681617972,15,D06_px-1055_py-0118,0.6620775795053492,1.4959310681617972,1.7430442036614477,1.7119898027625386,2.120293294057354,1.8501618771859443
-74.25105526709243,342.4285350908872,148.26478147953213,0.9937220113783396,43.884822619419765,1.1773477895715274,14,D06_px-1055_py-0118,0.6425484794251018,1.1773477895715274,1.7409324472213377,1.7036571330333623,2.5995650494122815,1.6884933195068275
-45.558749389757445,356.3202940678025,153.08110276925458,0.9904865021536648,36.44303165155242,1.090985787697821,13,D06_px-1055_py-0118,0.6404563736765364,1.090985787697821,1.4966078168400103,1.5445951576669779,1.1020468974231445,1.5935615686935847
-200.51692086184096,355.99387993661503,158.02422457047655,1.034046371943901,6.607893236066616,1.476782987826318,14,D06_px-1055_py-0118,0.6686225285741714,1.476782987826318,2.2099885961053456,1.6126705638894026,2.744502855901274,2.169403139076338
165.39649811914552,368.754603545562,152.4819679941422,1.0448764606473044,11.90025866276369,0.5421882614325014,12,D06_px-1055_py-0118,0.6756253492309852,0.5421882614325014,2.313010637953475,1.8800480737019878,2.3937006090583033,2.4539610087336783
-68.50378205653223,373.2794054033035,155.0687164418175,1.0096025247649345,24.26938618739109,1.1453159822793384,13,D06_px-1055_py-0118,0.6528169444608044,1.1453159822793384,2.276177629936904,2.164770496418596,2.566758512033859,2.1922936554284336
-135.2893301620529,375.1226038734066,153.92811492482613,1.0349094126648692,14.180978576654011,1.309950896678835,14,D06_px-1055_py-0118,0.6691805775019302,1.309950896678835,1.8967444188923077,2.724381307770256,1.9273757047914704,1.804954997551816
113.66923113050277,382.3406789031619,138.56066469116587,1.0799915778670377,21.66947262237636,0.6748404702497545,12,D06_px-1055_py-0118,0.6983310606029992,0.6748404702497545,2.5442982640250897,1.4926461688356563,2.745828254825253,1.1505950127260536
-79.55292894935269,388.5550855468026,150.8830405933353,1.0412768107135555,16.935813196925437,1.165766261948026,14,D06_px-1055_py-0118,0.6732977872318453,1.165766261948026,2.0520895964083725,2.103330477900501,1.3498143551996105,2.3310136915301554
79.42631738562157,392.173684110825,153.33017654368507,1.038110069926979,13.723229471357286,0.7639912464597599,12,D06_px-1055_py-0118,0.6712501476969961,0.7639912464597599,2.8908910747166,2.185745091262469,2.7558114794476087,1.5607520333672624
7.820287422375888,-404.0453809214828,147.21578013081665,1.0599727115700068,14.525013214861644,-2.158423302013168,3,D06_px-1055_py-0118,0.6853867039804364,2.158423302013168,3.02606718771288,2.4760293544600067,2.4358590907989237,2.134119210940983
-120.15870572916025,-392.70981219470576,153.46363259313512,1.0490422718682095,7.732277297348276,-2.4747036689664137,3,D06_px-1055_py-0118,0.678318995577665,2.4747036689664137,2.5947310287112506,1.4698846648625832,1.5717190076567773,2.1953200671391913
-133.7103680780377,-385.5367012275209,151.70994628052716,1.0512439950081072,10.079911445241407,-2.511611506733192,2,D06_px-1055_py-0118,0.6797426471013884,2.511611506733192,3.0313743740207046,1.0013163553494395,2.605922594545998,1.9573649705672973
-47.24268614720516,-382.2633057955055,153.15516601974088,1.02179199585108,22.15218220286709,-2.3007391211533976,3,D06_px-1055_py-0118,0.6606987524732235,2.3007391211533976,1.3735906539377223,3.4739926602791424,2.2198197889318276,2.0420064544785
32.136552211817474,-377.6123352854919,155.29042635299095,1.008321350379017,24.44604229692692,-2.0928758209752933,4,D06_px-1055_py-0118,0.6519885270119368,2.0928758209752933,1.9082436913493415,1.3535917497715106,1.9073846656286841,1.3807057108503034
-62.203581397848296,-373.4272395980415,153.81133023928308,1.012149599066027,25.45526545723453,-2.342835186487503,3,D06_px-1055_py-0118,0.6544639027654511,2.342835186487503,2.635237862475828,2.122780745229751,1.926799300894971,2.159136834718487
127.5696820510074,-371.5883329031215,151.53170836609397,1.035257429181252,18.70022179223781,-1.8470740800515395,4,D06_px-1055_py-0118,0.6694056077225111,1.8470740800515395,1.7978790548130972,2.288763264396044,2.5311327408755355,1.7450195425306596
-174.54030873851235,-372.36298476725256,151.55073897918558,1.0550285643209436,8.365192455432407,-2.6161017610724326,2,D06_px-1055_py-0118,0.6821897794275296,2.6161017610724326,2.990228104141319,2.0179030972083716,2.5813532329461104,2.6208497224040412
-12.260539899343536,-370.0301075849092,153.7375128612832,1.0023074735926456,30.07709017626331,-2.21089763935803,3,D06_px-1055_py-0118,0.6480999069146793,2.21089763935803,1.5853342097927305,2.531319323217696,2.479814195597932,2.561876847266716
70.53177201810993,-360.5145316536886,149.9144469058114,1.010155283855624,33.706312177878544,-1.9845742056313784,4,D06_px-1055_py-0118,0.6531743628425491,1.9845742056313784,2.061588709011988,2.290070400953356,2.3706272558952133,2.4092973009014953
-184.542640651018,-357.25872685549103,154.3346429030662,1.0374026237753344,12.109516266956632,-2.6545770626423866,2,D06_px-1055_py-0118,0.6707927074432738,2.6545770626423866,2.2377178927787598,2.7100936735029757,2.386491035969307,1.3617232766738887
-81.9763456971713,-354.25982347886134,148.49322821769206,1.0098509174121846,36.51444010678779,-2.405175168255409,3,D06_px-1055_py-0118,0.6529775571029351,2.405175168255409,1.3884082557438027,1.5218160109000927,1.5089550154677598,2.842802941457209
-252.3919223141839,-338.1355211281441,152.86857490188476,1.0623067455999022,1.654135029976942,-2.8189833594691085,1,D06_px-1055_py-0118,0.6868959087677547,2.8189833594691085,2.0114438507825176,2.211650437555925,2.5697523708855874,1.4759143949783526
-176.28176366036698,-323.4690456050309,152.98622389096894,1.0022595202465108,31.493935267753898,-2.6767510618981367,2,D06_px-1055_py-0118,0.6480688999033729,2.6767510618981367,3.0761388532787093,3.3566918314852634,1.8334054682817684,2.141704985034549
226.40049257770005,-317.6878282767012,150.98889095265832,1.0337254467465908,20.5255192243086,-1.558609772495957,5,D06_px-1055_py-0118,0.6684150158138825,1.558609772495957,2.1232319130121082,2.5651281417598657,3.0978581436880024,2.2613155909906966
164.86919116535992,-312.6506510847657,147.87183287938512,0.9989137643135394,42.42242781227424,-1.6925062472798635,5,D06_px-1055_py-0118,0.645905507764885,1.6925062472798635,1.666532853914038,1.338933779669964,2.35560911537822,1.915206678191422
-196.74232484078703,-304.19782003757257,153.3773543551761,0.993479000431835,34.618726972843604,-2.751868502579421,2,D06_px-1055_py-0118,0.6423913466330611,2.751868502579421,2.1295215734308433,2.8548127890023567,3.1876681662606305,2.7691137558205474
245.6375147982035,-307.8357643111737,149.03414421869684,1.0435744828209754,19.432479838068843,-1.504286233162838,5,D06_px-1055_py-0118,0.6747834801136929,1.504286233162838,2.1730530268514734,2.072263899490964,2.2906354732621748,1.3196692742561043
191.93589788817584,-302.0434508154896,152.82049814496887,0.9895372675579146,37.32118935319971,-1.611691574594456,5,D06_px-1055_py-0118,0.6398425911104533,1.611691574594456,1.4242381420237584,2.0665708867015966,2.5311789253325734,2.5946343401473793
227.3139664837969,-301.321319368389,151.38356677602266,1.0179454821220946,27.357670689537485,-1.531470692101927,5,D06_px-1055_py-0118,0.6582115663997067,1.531470692101927,2.2169565272606966,2.584957451379273,1.8945892857312971,1.2742134993503442
-309.10576359599554,-268.7589611711243,150.64059428438588,1.0559050228102211,9.737549373452964,-3.032881393951026,1,D06_px-1055_py-0118,0.6827565043899598,3.032881393951026,2.957676163157564,2.568856381012409,3.168049563226808,2.6140786794389665
228.511033762844,-259.78491648008475,150.0033652482958,0.9825579217948528,45.31708481850421,-1.4563373198202525,6,D06_px-1055_py-0118,0.6353296911685298,1.4563373198202525,2.6412678000732104,2.22064338969824,2.10167270187602,2.9453185105539217
-264.153326627668,-248.68123776204973,153.45264576534706,0.9939077342394528,34.295556054228314,-2.993334620004,1,D06_px-1055_py-0118,0.6426685692899095,2.993334620004,1.3419390335694714,2.586942065261889,2.834315775415476,0.9454533108417311
293.4177647679232,-210.7246101405323,153.90062481767086,0.990616120434552,34.89281702318226,-1.2297980629646363,6,D06_px-1055_py-0118,0.6405401858778725,1.2297980629646363,1.5715676308989062,2.1766210152611656,2.926288983299898,2.5394042636333394
-300.2345199134103,-205.17729957753943,153.69415211107963,0.9942614973357368,33.699471446661846,3.134104305039603,19,D06_px-1055_py-0118,0.6428973152943164,3.134104305039603,2.8728542011458043,2.2174019626242787,2.207434282021408,2.49660310068907
-360.499009630549,-188.42109049692723,151.76889319833538,1.0497056206660038,10.780788797962032,3.0162297971080387,19,D06_px-1055_py-0118,0.6787479221350631,3.0162297971080387,1.8617429531523944,1.5211708649421567,2.8127356909423478,1.783041476362715
-398.01940365856194,-120.30501534995402,156.8547508620847,1.0449447272945125,3.1529352773432606,2.82814126009844,19,D06_px-1055_py-0118,0.6756694909827595,2.82814126009844,2.0966774570265585,1.9796475995455864,2.4338842692631575,2.4153897568611855
363.9444849622184,-122.97571819737098,153.63524999031324,1.0192244206631764,22.46177035513091,-0.9328316700834292,7,D06_px-1055_py-0118,0.6590385381336934,0.9328316700834292,2.2080566038945943,2.5583159593666656,1.4096652314822413,2.677937467846109
390.4628193042598,-79.01708022940406,145.5283725987946,1.058784000259749,18.60629493270636,-0.8066507294114744,8,D06_px-1055_py-0118,0.6846180738845586,0.8066507294114744,1.599311849521957,2.293392014524951,2.5686420150363665,1.7534374868365032
-399.52490081936907,-56.47796240306757,151.40951624851073,1.0472374032952867,12.803953077939468,2.675045424178545,18,D06_px-1055_py-0118,0.6771519533426992,2.675045424178545,3.161511597670519,2.5871833819967023,3.0906225822540128,2.369924137209379
-350.444374628256,-43.31849101403227,156.37084663229814,0.9727396717766248,37.916655375542405,2.657599441474225,18,D06_px-1055_py-0118,0.6289811333751109,2.657599441474225,2.5816797792603223,2.1069896809964686,2.4951678680279836,2.3691785896640036
408.79892120882914,-44.8691411274886,139.63440074164367,1.0894220061868376,14.056248204521124,-0.7163004026648389,8,D06_px-1055_py-0118,0.7044288498316086,0.7163004026648389,2.076853358048433,2.939139738836749,1.959649338108931,1.6557471778181356
413.0907478228229,-16.874577278220194,139.35705696111455,1.0924026608375597,12.926575294066708,-0.6478063976605155,8,D06_px-1055_py-0118,0.7063561646053412,0.6478063976605155,2.364409935824212,2.690005610181559,3.293965794549555,2.2320636142279255
397.9992350069887,18.75085050310365,154.46790574252867,1.0330042032982942,14.09071806935873,-0.5599015626204545,8,D06_px-1055_py-0118,0.6679486541194731,0.5599015626204545,2.488514725044089,1.7998465395899566,2.2768735719240043,2.065991199186798
-328.1553724410394,21.81532211453845,154.29363956150448,0.9456098918241566,52.006047701528416,2.4682321572920465,17,D06_px-1055_py-0118,0.6114388039751444,2.4682321572920465,3.0629046483526743,1.5857178336725954,1.9671595386159262,2.219631562175092
-375.8154436340859,34.51255845252052,148.3040913795444,1.0270284652271424,28.99063658746928,2.4430361866058603,17,D06_px-1055_py-0118,0.6640846948158693,2.4430361866058603,1.874167410767619,1.7128744841236943,1.6492900779522355,2.0132607335610206
417.4983876466808,48.28043502077723,151.34060253439523,1.0648942707270397,3.3417162911738387,-0.4918487265499878,9,D06_px-1055_py-0118,0.6885690228951254,0.4918487265499878,2.512407053329991,1.9970129087812323,2.1012774710081827,2.7903660947478226
-334.2396274517501,106.295650956245,154.7893897807332,0.9743260424294856,40.08346448377637,2.226705211877454,17,D06_px-1055_py-0118,0.6300068931340062,2.226705211877454,2.6732615421319976,1.6632295900459484,2.385663992513184,1.7010114570454316
334.1840509458115,119.41556929383243,151.54607183515833,0.9895309928044316,39.64486073752266,-0.2637854295183892,9,D06_px-1055_py-0118,0.6398385338054292,0.2637854295183892,1.6727309609992211,2.00911031077936,1.125890682506525,1.9371989114726915
-359.35714688190745,122.19839661768576,152.76823838694756,1.016376636126607,25.458237508509512,2.2068322939899185,17,D06_px-1055_py-0118,0.6571971382222986,2.2068322939899185,2.7562703964698896,2.2857565486712943,2.7097481719185197,2.3161023738908195
375.220544620375,201.2541519470823,154.36934112179702,1.062006071082077,1.2574796489878963,-0.1146669849826374,10,D06_px-1055_py-0118,0.6867014902563215,0.1146669849826374,1.231973806770129,1.462340919105549,2.3819946974194357,2.108977718749286
-295.7106648624834,219.93443005870088,150.4678992857618,1.0099436078062745,32.76082551973917,1.8951248482360292,16,D06_px-1055_py-0118,0.6530374914418124,1.8951248482360292,1.671199312583178,2.636395093020091,2.4131078029646815,2.1331732004559654
275.0612195656406,255.8619338299503,153.72787013110187,1.0089228820373066,27.100739250558377,0.1422723018549901,10,D06_px-1055_py-0118,0.6523774821200399,0.1422723018549901,0.8460258395290916,1.825973240987322,2.2307525057581525,2.480683505698112
-211.36073727634988,281.96531018406336,150.92048401547154,0.9881969734975492,41.34093318223648,1.6070608118277203,15,D06_px-1055_py-0118,0.6389759464144424,1.6070608118277203,2.6035154703332086,1.6519936841252518,2.35102177638277,2.5085814148653496
-237.53685061867583,295.0325730550398,148.16260469413342,1.029058843742305,28.298493461122007,1.641672364020978,15,D06_px-1055_py-0118,0.6653975535556746,1.641672364020978,1.2789970253614222,2.5804427784853137,1.8286063715370882,1.103144127161968
258.4096727480911,311.8546112124407,153.1414334323043,1.0439212242324254,11.087669949553856,0.2718652738067678,11,D06_px-1055_py-0118,0.6750076858413812,0.2718652738067678,2.2938829121069286,2.415432024027815,2.4091881140086153,1.4119579973697545
164.97625159365944,315.7997248381397,144.58468896652136,1.0126953422341218,42.62432368617732,0.4824040326674198,11,D06_px-1055_py-0118,0.6548167845963865,0.4824040326674198,2.5738852042705433,2.57548788625561,2.676627327819845,1.5553383906981706
225.14153715806347,317.9187385045459,141.4740856474628,1.0612935662436724,25.585353028652264,0.3476264835729286,11,D06_px-1055_py-0118,0.6862407790158964,0.3476264835729286,2.2194274770865148,2.5407198304349845,2.2473811898059552,1.51530615999105
-147.62769526314904,315.50213434908267,142.12858307846668,1.0102350463180163,48.31488462984049,1.401467291973967,14,D06_px-1055_py-0118,0.6532259378789663,1.401467291973967,1.9250253667819162,2.059566613186945,1.4781376350768238,2.5812297531998087
-98.88015974470432,323.5140428200982,154.67408318528908,0.9577753094118472,46.80492338103875,1.26044358915857,14,D06_px-1055_py-0118,0.6193050588060097,1.26044358915857,2.1418175126965413,1.4743021093240318,1.2884101488761925,2.4516100192919854
-1.6334538976944328,330.2196772385367,147.27115995097563,0.9694509525545232,55.333595447860034,0.9687633220390622,13,D06_px-1055_py-0118,0.6268546216231106,0.9687633220390622,2.806347981150071,1.9073322783949513,3.3835726202270138,1.2773616456682115
225.3627581912416,340.17634662087926,140.5393693759221,1.083541774601558,15.475471265164115,0.3787126746894353,11,D06_px-1055_py-0118,0.7006266457740089,0.3787126746894353,1.647270020064859,2.1577521884238315,2.877690991745195,1.7867748842474063
159.7440971771197,342.0678658191675,156.09892904382792,1.0042441848539525,24.80852424266658,0.5269197782561866,12,D06_px-1055_py-0118,0.6493521996703889,0.5269197782561866,2.7550527559189386,2.3747676336726133,2.3896326031293,1.5274379308049713
-138.8841030391134,347.2417002232929,153.82756172638705,1.0066088358384135,27.97023499148463,1.344291947655194,14,D06_px-1055_py-0118,0.6508812016216781,1.344291947655194,2.286007876143281,3.0534710105555316,0.7980325569307161,2.6648921073535323
213.03182234096408,361.8751399120574,154.06111638327604,1.0569430588716318,2.2162884125368123,0.4317559111496801,11,D06_px-1055_py-0118,0.6834277066831672,0.4317559111496801,1.447932638278853,2.1445015341954856,2.0497723473448817,1.620390295785796
135.3758154748522,394.1817457665171,154.19184479807384,1.0533556606002552,3.929515697168597,0.6330024400369644,12,D06_px-1055_py-0118,0.6811080667054153,0.6330024400369644,2.2754357887003867,2.6355939638655252,2.5794016485413027,0.9351337630681114
72.90483946515661,-395.3757209283216,141.94706833067465,1.0732054270927396,18.254187441060992,-1.995430276056874,4,D06_px-1055_py-0118,0.693943082062475,1.995430276056874,2.074020375488073,2.8211529252485015,2.5439796064417877,2.2760018139388536
-22.33328156080216,-381.45817240259305,155.03546472593385,1.0127684101580452,22.855834068993715,-2.2362562314965704,3,D06_px-1055_py-0118,0.6548640308915012,2.2362562314965704,2.322276730038975,1.9844488934955233,2.755720231131604,2.500010264924695
-159.03195226864895,-374.60501076399953,151.67475686643235,1.0501794573566454,10.7181380632764,-2.5792503508542435,2,D06_px-1055_py-0118,0.6790543086713191,2.5792503508542435,2.9334493353980315,2.6284714432523515,2.0722865243114357,2.2044300167472684
-40.68291490011374,-356.1325333155862,155.46079493065668,0.9823985777779376,35.54895137641256,-2.2915181236850897,3,D06_px-1055_py-0118,0.6352266580721487,2.2915181236850897,2.3632447366532556,1.3969154074482801,2.2974938790549695,1.8882975715029013
24.333111206331505,-344.155969118293,154.7524780601882,0.9667734807021252,43.172241124764696,-2.107189591488343,4,D06_px-1055_py-0118,0.6251233472347375,2.107189591488343,2.0300039491749153,1.5199642509559497,2.74137664096991,0.700447886322905
-284.482216534636,-315.6998835871645,155.41431946780705,1.0583080527800026,1.3035070341359756,-2.9112071933775727,1,D06_px-1055_py-0118,0.6843103224954422,2.9112071933775727,3.090957300518877,2.768713903788954,2.04242023978495,2.9846207038717347
179.3161664276027,-299.7622915283393,150.08714228251787,0.9866975151423488,43.47463795726321,-1.6386849591319423,5,D06_px-1055_py-0118,0.6380063848317631,1.6386849591319423,1.6061111146674347,1.2550460411408528,2.7531482497518986,3.1041760159543372
268.406278335278,-218.80845240589767,152.7238350159816,0.9746466430492252,43.63216839498455,-1.2909284712042617,6,D06_px-1055_py-0118,0.6302141960198814,1.2909284712042617,1.4722355051592804,2.2651411679509375,1.485171939219374,2.2073204982541683
311.40191434145765,-183.6479011840048,153.42714873918686,0.9923764887865998,35.00235694354245,-1.1398248927837216,7,D06_px-1055_py-0118,0.6416784539195227,1.1398248927837216,2.1745710348609086,2.070732390890047,2.2214746119158946,2.054018493742641
296.28431251754347,-176.5603743783374,154.67961787034466,0.9668414516473804,43.27369641974542,-1.1443902113993554,7,D06_px-1055_py-0118,0.6251672977833002,1.1443902113993554,1.735946097671981,1.9084647888658361,2.5828031879013786,1.6176376263112586
340.8461903308244,-151.61781275823589,153.1893804446762,1.0073510750413852,28.827200978532066,-1.025523819397798,7,D06_px-1055_py-0118,0.6513611393364296,1.025523819397798,2.1848966729745394,0.7390808497178603,2.0643283792340803,1.426500159035519
317.41266453716275,-137.0737785764138,150.31027355461455,0.9812944392770218,45.27592377182208,-1.0146355163181124,7,D06_px-1055_py-0118,0.6345127134209136,1.0146355163181124,1.5457203701544557,1.747046354889315,2.749617373911089,1.5241500681800213
377.45276085278,-134.68338623800307,148.60756813587307,1.0523650027555342,15.740539644607509,-0.9497187346780648,7,D06_px-1055_py-0118,0.6804674995402852,0.9497187346780648,2.7704841486312195,2.2397176560772634,2.695968008176793,1.5782894310383662
-386.07419861025056,-113.2010594708182,154.1681833253451,1.0381156612247453,12.070240911220765,2.819829557443021,19,D06_px-1055_py-0118,0.6712537630741706,2.819829557443021,2.319546323704338,2.298746311208634,3.1628084025009615,1.72166399530897
-399.6002150774435,-37.01497291498378,153.44719189847132,1.0390586224973308,13.00573660789854,2.626979558172626,18,D06_px-1055_py-0118,0.6718634892600847,2.626979558172626,1.990873464563375,2.2070806395245732,2.3403876176809506,2.1328113228676577
-386.4499223229422,-34.56088775456307,154.1506294573848,1.0221560465765305,20.068653030564803,2.623807570192494,18,D06_px-1055_py-0118,0.6609341505396781,2.623807570192494,2.397919643146956,2.3940525136623245,2.208477132344307,1.4951105939176323
376.0621128941125,-32.04561296424467,153.6516070009908,1.0112516745203366,26.17232497767168,-0.6919877875035573,8,D06_px-1055_py-0118,0.6538832976818708,0.6919877875035573,1.8759797224278532,2.172087146941905,1.6998974479220696,2.732556622575624
424.1471805982321,-5.614991556140799,151.05013462575425,1.0696135747600832,1.259467560797475,-0.620217067842728,8,D06_px-1055_py-0118,0.6916205620536179,0.620217067842728,0.980521242858736,2.4477098209276407,1.797605340233868,1.7341656385125734
-399.8446441693425,4.18518002321443,152.8158274871397,1.03928472863634,14.13505481687332,2.5241464886429843,18,D06_px-1055_py-0118,0.6720096912704513,2.5241464886429843,2.8331388472463814,1.8828384713690827,2.7926387282622294,2.035579160842841
-357.0029134205968,4.244956331319652,143.48119388890373,1.017050185249188,42.80227312076704,2.5227231451445924,18,D06_px-1055_py-0118,0.6576326603900449,2.5227231451445924,1.8028601759407774,2.3629698424868115,1.4760088394249262,1.5647922215339216
-392.04405050181424,14.129246440939264,143.64953681985588,1.057765497473863,22.971431759646805,2.498588767354659,18,D06_px-1055_py-0118,0.6839595019611557,2.498588767354659,1.7835180135746618,1.4518275836172476,2.8605764192839898,2.616247589089381
-407.931103945484,33.22500686214784,151.59859759631664,1.0528422907888506,9.4481639601388,2.4533449143936825,17,D06_px-1055_py-0118,0.6807761177418986,2.4533449143936825,2.1029587911351655,1.8162118326919396,2.6504551956654265,2.295874829227819
-363.836741890792,37.10471385615165,152.12597268260768,1.0015283455328283,33.414640749992714,2.4329827111122166,17,D06_px-1055_py-0118,0.6475961165745433,2.4329827111122166,1.5828135530588394,2.4603498578060745,1.8533790456017822,2.1299482618105072
383.0812310874017,52.6825212810703,145.25509386275593,1.0467793876966245,25.34393506501664,-0.4703136907933742,9,D06_px-1055_py-0118,0.6768557968491289,0.4703136907933742,2.493551489769456,2.3162996094662214,2.8862520380173784,1.2168839469921662
-392.8945938288993,81.71750544406939,153.2649792076567,1.0395688793433355,13.102641329680864,2.3295483708325286,17,D06_px-1055_py-0118,0.6721934253556551,2.3295483708325286,2.3098816739811,2.7191682858382697,3.033046288156684,1.3145959523769135
-403.9201096575963,91.8578597066087,151.69477444959966,1.057728084957229,6.600538474225232,2.311000373706944,17,D06_px-1055_py-0118,0.6839353107332274,2.311000373706944,1.925803915361962,1.9028837436492438,2.098921942459697,2.628542452640749
-366.0199220824943,95.41222146876956,152.07669364256677,1.0168548250163567,26.54854617439895,2.2796129634976445,17,D06_px-1055_py-0118,0.6575063389247774,2.2796129634976445,2.0938814078409136,2.1350249245869466,2.3680149027305175,2.293063184121769
397.82930761982766,119.35928604669915,151.90958195376197,1.0582729385567156,5.863285154104062,-0.3154985379484351,9,D06_px-1055_py-0118,0.6842876173620941,0.3154985379484351,2.811670694596855,2.243220268842383,2.1970788151959706,1.5072128831303675
378.6646781715418,135.88900723194772,150.64118261587868,1.048163220360734,13.856617952357738,-0.2624302471828894,9,D06_px-1055_py-0118,0.6777505939492445,0.2624302471828894,1.8873882387007375,1.9294883575335628,1.7578831357229672,1.7448484744735557
361.5566191014495,153.35160005453022,149.0066610241169,1.042444073641344,20.0608324967277,-0.2058352505898674,9,D06_px-1055_py-0118,0.6740525486346842,0.2058352505898674,2.383232613461483,0.9253617357242903,2.582054655558069,1.3258352976004342
-304.29087164310005,199.0512778277376,152.60877092402092,0.9974540278950614,34.3077951338264,1.9553274036319064,16,D06_px-1055_py-0118,0.6449616306993529,1.9553274036319064,1.920945724261328,2.143660970990359,0.8157707786509556,2.7769728324448977
-280.6021073347159,212.2239235305124,150.53228343693445,0.9886366809847584,41.863768029334096,1.8870818762262769,16,D06_px-1055_py-0118,0.6392602647389467,1.8870818762262769,1.8093239987916017,2.569299089543948,2.438957714650051,1.4741068092515754
315.4923188378502,227.30459550145105,154.74414604688232,1.0214261426166915,19.284435067767788,0.0173568372721701,10,D06_px-1055_py-0118,0.6604621888902925,0.0173568372721701,2.198893734486897,1.4430737345698395,2.7629987269951917,1.7084104253668404
-273.6056672588192,227.0319920360681,143.7194119204032,1.0144274524646533,43.50277788637783,1.8419766851481356,16,D06_px-1055_py-0118,0.6559367807140943,1.8419766851481356,1.2138921056057594,2.0098484241632395,3.3651235996902793,2.2420615068613072
-321.4592934093865,237.09472773626104,147.68727746097937,1.0536124682709094,16.94437247430676,1.8991228566650595,16,D06_px-1055_py-0118,0.6812741205679586,1.8991228566650595,2.0487257650058455,2.4070661125331934,2.2169521651789257,2.112579407937642
337.066188146862,237.47430111518327,146.01364022296357,1.071945758226032,10.441958073784916,0.0067823359648144,10,D06_px-1055_py-0118,0.6931285702517128,0.0067823359648144,1.2758443947774867,2.1818215698126497,1.4299892520391568,2.3449909850294475
-241.4180476252664,253.69269475218243,152.29400414547644,0.9811560750801568,41.76437901589554,1.7244283152559334,15,D06_px-1055_py-0118,0.6344232460414206,1.7244283152559334,3.2821594437686645,1.9272612395515565,1.4675080834819045,2.265164279290743
-320.9439180968215,252.28337639014669,131.64822799173845,1.1102485572864085,19.431661761354743,1.8684259292293155,16,D06_px-1055_py-0118,0.7178954618090738,1.8684259292293155,2.0103666016041863,1.7506088261328818,2.4545833581273553,2.0543577773766843
-258.4737526217993,296.8528821058124,149.7314604797823,1.0413029762929344,19.2023808773738,1.6802137652575335,15,D06_px-1055_py-0118,0.6733147061015601,1.6802137652575335,1.7668017036708816,1.9216599829806702,1.5780759133702333,1.996958606439592
262.8427732090687,297.26335117447326,152.30977986878912,1.037370552010555,16.10814144936444,0.239795117198197,11,D06_px-1055_py-0118,0.67077196958756,0.239795117198197,1.5012387422250288,1.5353175849852556,1.6517702934381355,1.9184296919169985
276.7100090509161,306.03335655836713,152.114652789043,1.054833831059849,7.32771362868823,0.2286957129799302,11,D06_px-1055_py-0118,0.6820638633671253,0.2286957129799302,2.2670090858854244,2.4188192514465205,2.710616323202564,1.2273020077606391
131.59734943852814,320.6427265310502,149.82339251360122,0.983927676891928,45.08555284828503,0.5743622964249261,12,D06_px-1055_py-0118,0.6362153856029217,0.5743622964249261,2.0563472651598445,2.875878409028745,1.3910473977134101,1.1954360035011802
169.18626101126384,330.42388122163925,155.40177596664566,0.9986234045202887,28.638883850551053,0.4905931955641552,11,D06_px-1055_py-0118,0.6457177588356039,0.4905931955641552,1.4424901650806161,2.0238586908020766,1.5306739471430406,2.6803731584373054
249.14091980075017,333.0651548330852,150.08095006840597,1.0640328882942929,6.421784020412758,0.3215811595173653,11,D06_px-1055_py-0118,0.6880120462295918,0.3215811595173653,1.6769473100164487,0.8412038931025976,3.1937286084952303,2.733261028917235
-213.43210662968832,337.3225534887426,140.16298380144605,1.075505046496998,20.74269508316911,1.5279512421518135,15,D06_px-1055_py-0118,0.6954300340817959,1.5279512421518135,2.1458080588344695,2.79453521301034,2.4112166624884246,2.1046132508870334
-226.8322727249376,343.4599713530444,147.87563661207707,1.0658684048939382,9.95425391109552,1.5474913041693823,15,D06_px-1055_py-0118,0.6891989057200298,1.5474913041693823,2.6948875571010733,3.4339399067098153,2.2583015847626973,1.635909601546111
215.8947838103037,349.36860460170743,142.70642103422176,1.0798690655809668,12.943102574060616,0.4102981288888857,11,D06_px-1055_py-0118,0.6982518431938803,0.4102981288888857,1.5733226174765718,2.517048411376975,2.692574558849726,2.2871335050811723
142.86195339988214,353.4963574830301,142.40860408326856,1.0492417892979236,29.81404023217675,0.5797467120405354,12,D06_px-1055_py-0118,0.6784480051191802,0.5797467120405354,2.2686140676819893,2.385387658014888,2.2165150466627477,1.8922519327237328
88.45421119421705,371.0239022487625,148.05506283348362,1.032454251835523,26.876128387739584,0.7297798333716708,12,D06_px-1055_py-0118,0.6675930511720543,0.7297798333716708,2.8558828073313816,2.6816066410450494,2.588743675366522,2.118150056953959
-161.3248329950896,376.7766242869383,157.6658792761758,1.036415507937072,6.075234259556282,1.3683702592823774,14,D06_px-1055_py-0118,0.6701544305674177,1.3683702592823774,2.088273931622483,1.8206649692056256,1.9632968100504524,1.9137861034315569
34.57440874423915,399.5791720321024,148.0330344254903,1.0543628387130966,15.84951604553754,0.8775047164062081,13,D06_px-1055_py-0118,0.6817593160060309,0.8775047164062081,3.5068019532096026,3.0401820086073066,1.7744786983722778,2.219161591939188
-22.308386994193107,406.6790835373053,151.1552619758237,1.0520035512655106,10.792197225739187,1.0186168876040886,13,D06_px-1055_py-0118,0.68023378215993,1.0186168876040886,1.485348646366877,1.6636474847605855,2.6795787071695685,1.6602522948750618
33.9592680721971,-410.1302164857368,150.75041869836755,1.0576024482667667,8.592916837391044,-2.0951631279650744,4,D06_px-1055_py-0118,0.6838540730596203,2.0951631279650744,1.43256827134224,1.6749658286325426,1.9450584392834955,2.1653195809505608
-66.54974537432832,-402.7137191322972,140.84710293788285,1.0827592732761195,15.261713258846385,-2.3415489920478234,3,D06_px-1055_py-0118,0.7001206742537531,2.3415489920478234,2.0275767827682505,1.9701733605152953,1.791168179825131,3.4112359509895507
44.88253039488051,-376.0851279156621,152.1476751936744,1.0172399169260111,26.233408592570072,-2.0589962215463875,4,D06_px-1055_py-0118,0.6577553423866652,2.0589962215463875,2.2427569973526653,1.9394841085398764,3.000738525067012,2.491695835763111
114.68959880060564,-372.84155350627015,155.30089586982234,1.0212385699574489,18.30926098057057,-1.8793525871294603,4,D06_px-1055_py-0118,0.6603409029314449,1.8793525871294603,2.820449987656067,1.2006879478261738,1.5989599024988863,2.1106663308634515
-108.10235992680629,-369.77687856016047,150.99611845361076,1.028186743972081,23.22684889348028,-2.462194852228884,3,D06_px-1055_py-0118,0.6648336469753152,2.462194852228884,1.7750593174664564,2.107325597676922,2.7431040991170175,1.5072012570616455
5.907327603473767,-364.069605932465,152.1363843709455,0.9994968933923384,34.287896830568684,-2.1615514631628003,3,D06_px-1055_py-0118,0.6462825636201449,2.1615514631628003,1.7457764163549423,2.49548100852281,1.5466724802240672,2.8872991992780945
23.761127038898863,-361.4846146816458,154.23759582434624,0.9909040995489504,34.15441068664535,-2.1121382272429927,4,D06_px-1055_py-0118,0.6407263954414568,2.1121382272429927,1.7508696391172862,2.024872442125088,2.0930544975038288,2.251277762124869
104.0537537001263,-358.24575675894283,143.29785987015936,1.0370505963520436,33.9837732672255,-1.895100117127717,4,D06_px-1055_py-0118,0.670565083738695,1.895100117127717,2.320596111491808,1.7182367032730441,2.1037679698059315,1.863250322180337
-62.26247288903419,-357.6783034611979,152.30065719118008,0.9976777568507552,34.77848136137385,-2.350122845534468,3,D06_px-1055_py-0118,0.6451062956042642,2.350122845534468,2.201525161795117,2.598597727242615,2.173370398082062,2.287783519517313
178.05790520472678,-353.57493078925705,146.6653995569705,1.052750131859456,19.46003495870343,-1.7112578809558316,5,D06_px-1055_py-0118,0.6807165270522794,1.7112578809558316,2.2148645612419484,1.8931137393080995,1.8759847484403607,2.1315158785745187
-112.4142121640592,-354.1851824103166,147.14527558160245,1.0236383029592984,32.81485333274054,-2.485107853162924,2,D06_px-1055_py-0118,0.6618925891914944,2.485107853162924,1.8543829222788082,2.0198875004905887,2.2722250268083815,2.5780964298831877
-2.897585592162036,-354.58101619927226,151.74174359691133,0.9885683627669748,39.69270539775994,-2.1859475343892374,3,D06_px-1055_py-0118,0.639216089641232,2.1859475343892374,2.1999481171810396,2.551135432147696,2.06284823760085,1.9629181168388121
41.32842821825857,-345.6404512275208,151.26288609534197,0.9815144446501008,43.47289459609624,-2.05877028109397,4,D06_px-1055_py-0118,0.6346549706279783,2.05877028109397,2.8701949490538756,1.8281979817932716,2.209381870004359,1.6522419367465093
208.37596264256103,-336.4129201004968,141.15173168953305,1.068903126373373,22.24167661662875,-1.6232097816815991,5,D06_px-1055_py-0118,0.6911611805310557,1.6232097816815991,2.321091827363138,1.316438556858453,2.4974904997163305,2.1401866033841968
135.9263602211129,-323.65973442619503,151.57255439633408,0.984453164165193,41.71033951679061,-1.7801760437882574,5,D06_px-1055_py-0118,0.6365551698127183,1.7801760437882574,2.233048877844853,2.0996413241172998,2.8139690321544313,1.714950078650351
-159.56414603106086,-313.19294884721904,148.82680438038395,0.9934399518271824,42.97280420379207,-2.6489751312953005,2,D06_px-1055_py-0118,0.6423660974977337,2.6489751312953005,1.6479225225783956,2.2027532314661236,2.331957109556277,2.478942878379394
150.08989984509614,-316.0610868520589,152.51704393389005,0.9800623074654352,41.810783681719045,-1.7344285058848596,5,D06_px-1055_py-0118,0.6337160072868832,1.7344285058848596,1.673123166080595,1.9396532173935,2.9872952467959406,1.9953089705365077
-223.56603582796023,-312.2233172132838,153.57454605613844,1.0192291958132,22.575337134624192,-2.799189499929073,2,D06_px-1055_py-0118,0.6590416257833093,2.799189499929073,1.7943814144855057,1.867799941335647,1.9998204968193332,1.6376637278281982
-234.2710081914242,-300.36100196221946,152.0964480015731,1.0199365977200134,25.06184261098798,-2.840180265677168,1,D06_px-1055_py-0118,0.6594990374279752,2.840180265677168,1.9769226031692018,3.2343621186063563,2.521964618770528,1.2296869964324468
-213.49696938522723,-288.09058194647514,134.545968884013,1.0472612785883253,46.5222458884092,-2.815540995671716,1,D06_px-1055_py-0118,0.6771673912952273,2.815540995671716,2.2222283340067603,2.1343502837067216,2.166530941291893,2.3261534419139567
-239.95696755941435,-291.2933696622215,153.67967901272897,1.011140337660574,26.170895109385185,-2.8668399676308263,1,D06_px-1055_py-0118,0.6538113063914242,2.8668399676308263,2.9303702482474634,2.102008142206548,1.6202602268865767,0.9541503858547253
238.5865902297281,-276.7533359346867,144.52248868013172,1.0241554873924827,37.620064985874365,-1.4663040301160013,6,D06_px-1055_py-0118,0.6622270047194991,1.4663040301160013,1.2119102571709814,2.8257766837529914,2.6578370829192917,2.0041876583732177
283.2745989371478,-266.76496703533763,143.63103866912562,1.0543255289470426,24.78348541988089,-1.3623713508867152,6,D06_px-1055_py-0118,0.681735191217437,1.3623713508867152,2.112999239665768,1.5753212561428933,2.20217373599077,2.7184481345352705
-297.5821648025078,-259.3290543103725,147.07617339998768,1.0502863269267697,19.907972115861583,-3.0317542894291463,1,D06_px-1055_py-0118,0.6791234113770999,3.0317542894291463,3.3726340615378376,2.9283174554630005,3.339343119050735,3.121971285878023
-322.54782333530835,-257.0190642029124,146.84744488231686,1.0696591803053108,9.981185224539049,-3.0757609373591324,1,D06_px-1055_py-0118,0.6916500509583657,3.0757609373591324,1.5348266331495803,2.9261237465020145,2.070885795515207,1.9055728439821622
263.1934061284479,-255.3043196817434,143.82556411884502,1.0278446201680742,37.27117592448957,-1.3771635923493657,6,D06_px-1055_py-0118,0.6646124270289694,1.3771635923493657,2.961102746972913,2.2125925142060687,1.8547908705772642,2.577312695486452
246.4358075079403,-247.56429275417509,147.98805053794263,0.993171763940651,44.62108973004467,-1.3946620738836,6,D06_px-1055_py-0118,0.6421926850979701,1.3946620738836,1.1241553215689921,2.073790711032683,1.8424707925919526,1.8286667281312063
-318.02959703236,-240.34100237889885,148.53963790944374,1.0502643606934077,16.976730659911766,-3.1014209662439147,1,D06_px-1055_py-0118,0.679109207837595,3.1014209662439147,1.5484000580295834,2.808601558727763,2.4971578993568624,0.9966795398706262
292.0895996222208,-236.1497018735157,150.49582321851165,1.0183937880804657,28.83983275350971,-1.2868721414760005,6,D06_px-1055_py-0118,0.6585014445633884,1.2868721414760005,2.089811083449886,2.2002931251760067,2.4669110061812796,2.3560884156988338
-305.80154039442186,-235.7397732614192,149.7030430319396,1.032968778634964,23.41006844525839,-3.091834109151888,1,D06_px-1055_py-0118,0.667925748253148,3.091834109151888,3.35328017195078,1.729280613361172,2.6789574125390576,1.9882545170530057
-282.7588388001353,-227.1791945194168,150.24952770332453,1.0034123555242478,36.07231410321259,-3.071738417651096,1,D06_px-1055_py-0118,0.6488143322740518,3.071738417651096,1.4112256244767138,1.6334636693573104,2.6923523556017734,1.736657188627894
328.31948514165924,-224.27526656843003,134.20696332598172,1.091840498687778,24.42947529304893,-1.206273408504643,6,D06_px-1055_py-0118,0.7059926661315261,1.206273408504643,1.9036841830325861,1.6817146997786137,3.337373887017339,3.1895567957434436
-314.12132689950226,-199.44070746901969,143.37304341865186,1.0356864021949834,34.48477239586805,3.100311403011068,19,D06_px-1055_py-0118,0.6696829850519166,3.100311403011068,2.4750760439305175,2.507880903787546,2.4127975772890458,1.9647460265010603
-333.98442931713697,-200.8246657270653,151.70207622651182,1.031207283771563,20.379277163000665,3.0759875787712976,19,D06_px-1055_py-0118,0.6667867518003839,3.0759875787712976,2.413475556770854,2.634034719826344,2.239578594391279,2.010727515343276
-318.1509460086205,-164.05831632247825,152.41655851038965,0.99086844790071,37.49301229035842,3.0107115892003087,19,D06_px-1055_py-0118,0.6407033428049009,3.0107115892003087,2.116304691354749,2.703714932723111,2.371178665413238,2.042896734902425
-343.4683168404712,-155.537957588844,154.43167525924565,1.008516233415879,25.966800650208427,2.9598305467785555,19,D06_px-1055_py-0118,0.652114539918532,2.9598305467785555,2.1188655282912987,2.588407785940186,3.144755647227357,2.2127580181803572
-389.4468610286922,-150.34439886095495,152.73635929663996,1.0581191506017664,4.262386553434567,2.903032606525044,19,D06_px-1055_py-0118,0.6841881768591416,2.903032606525044,3.5614233724616415,2.1114330243401302,2.738482924908647,1.1438277244288269
-323.46629685924177,-148.64337340079544,150.32217553897064,0.9946686712504846,39.71238592798011,2.9653661890372867,19,D06_px-1055_py-0118,0.6431605971546225,2.9653661890372867,1.7565210506095537,1.772982862292994,2.1141731840694433,2.4382531190895564
353.63340404355296,-147.39864818775413,140.4956082365963,1.057137586186249,29.715908119852884,-1.001894483755435,7,D06_px-1055_py-0118,0.6835534895769573,1.001894483755435,1.7266942722283383,2.3942992861217385,2.205308521053951,2.469375829670083
-376.2121979899544,-144.6500224585029,144.38737971759494,1.0670960819888369,16.50053393035222,2.901678174483692,19,D06_px-1055_py-0118,0.6899927313991633,2.901678174483692,2.775505501980726,2.601166029677358,1.930026984829372,2.824763321940205
349.30498822349364,-116.80118149842778,152.88836574460254,1.0024645498382916,31.584530063090654,-0.929673282518815,7,D06_px-1055_py-0118,0.6482014736522961,0.929673282518815,1.4085423946113926,2.2798915135496505,2.224294391715741,1.5681694198829992
-354.8814502177727,-113.87989981873872,148.5534602926985,1.0207260699249554,31.465452919493487,2.8451282742810995,19,D06_px-1055_py-0118,0.6600095163738227,2.8451282742810995,2.2057173259671456,1.9773829092450166,2.6052240049145046,2.9814818176148608
-372.8520064257193,-76.98259591865516,147.42575440996382,1.0335133323881265,27.592523187156644,2.7382216185185206,18,D06_px-1055_py-0118,0.6682778609990199,2.7382216185185206,1.8874029146066418,2.2792025591572145,2.830039203847459,1.7724932586442215
-413.4528877462436,-68.13675360480838,151.35352364926328,1.0635933622682143,4.046497006542154,2.697944370290169,18,D06_px-1055_py-0118,0.6877278452392839,2.697944370290169,1.9996130636830602,2.680668565749518,2.7915831331630314,1.7253064021138864
-333.6117278163481,-24.286040876140408,149.51447988892497,0.9683927057171292,51.77523513616205,2.6072822573475323,18,D06_px-1055_py-0118,0.6261703508829658,2.6072822573475323,2.1597796381780956,1.9406033048689078,1.466571225832693,0.6997916477944182
-344.891550716656,-17.898345007549427,147.31489896524343,0.990042698171386,47.14160014754066,2.586462183404094,18,D06_px-1055_py-0118,0.6401694065260548,2.586462183404094,2.540195117699394,1.9173676436863953,1.7232958606842237,2.966929145744802
-379.0991501293197,-9.866348663418265,149.21578331208536,1.02645737028809,27.500595110275185,2.560633021662864,18,D06_px-1055_py-0118,0.6637154203301542,2.560633021662864,3.2579557917031137,1.7830490994398933,2.3181778169652274,2.1017015790955766
415.28386319550447,4.98688296405878,144.93646683671847,1.0780715339884137,9.242638229726085,-0.594971737353374,8,D06_px-1055_py-0118,0.69708954510821,0.594971737353374,2.8156934514770215,3.0831429947688584,2.3773013057906143,2.710866582238851
376.7083688192371,65.54019866765735,147.72323899541186,1.0345289423065096,26.51823095417086,-0.4347224990649864,9,D06_px-1055_py-0118,0.6689345623715104,0.4347224990649864,2.1506583070174696,1.9850619666677298,2.289097338256031,1.777230110916605
372.5817805746348,91.2951331107254,135.6463711167636,1.0725588778949844,31.79242938461499,-0.3666803641319837,9,D06_px-1055_py-0118,0.6935250182587811,0.3666803641319837,2.2000161635328412,1.9955960057413038,2.9044877224911767,1.4764262667938715
-392.79233515203634,105.18173478741475,151.23294568650138,1.051084357108684,11.125642081338242,2.2729720666343805,17,D06_px-1055_py-0118,0.679639423978263,2.2729720666343805,2.131748207717103,2.355255685225827,1.9150138849454073,3.1746103832516277
359.361278550911,110.29361760793414,152.1096648684574,1.0139709490069853,27.82658361168103,-0.3091901985587809,9,D06_px-1055_py-0118,0.6556416019828011,0.3091901985587809,2.283613497266801,2.550638185267443,1.6434577645868602,1.6554762830305298
351.18137690032563,130.1723550761671,149.97590955476343,1.018653901673254,29.709979259875297,-0.2520105343233275,9,D06_px-1055_py-0118,0.6586696360612222,0.2520105343233275,2.283514369483027,2.9385183257086833,3.1332113507146184,2.950345469144123
-351.39411841163786,139.36224959980763,151.49842623115433,1.018285333606436,26.97993134529713,2.157042828576213,17,D06_px-1055_py-0118,0.6584313170462592,2.157042828576213,3.012993687824996,2.3522902401589594,1.8291087392195202,2.883761163480594
389.0879093893739,147.79568936838228,150.51260573117892,1.0630947144468943,6.055496645432811,-0.2439621483089642,9,D06_px-1055_py-0118,0.6874054156305108,0.2439621483089642,1.9421202256535577,1.7434970610727527,3.0390621280111656,2.596880798014644
386.21778030866346,167.5121018334533,146.2491926153327,1.0799593190471397,5.375991919647618,-0.1977424491755925,9,D06_px-1055_py-0118,0.6983102017959725,0.1977424491755925,1.6782261672781909,2.7223348679902415,2.2700585415379457,1.9151233960086897
-313.8857333893464,167.9675792680319,148.94101494846447,0.99889924528183,40.45311743231093,2.043263234469993,16,D06_px-1055_py-0118,0.6458961196446252,2.043263234469993,1.3347353951168621,2.361316336966746,2.388912550895648,1.8994068781094815
-342.44049344676915,187.94137768103369,148.6795167082558,1.0410551429921469,21.40963330360887,2.0326691620321093,16,D06_px-1055_py-0118,0.6731544551372576,2.0326691620321093,1.9958439160035721,2.208785417856545,3.1170413600766023,1.6701268679158534
-361.681880478392,182.7021882764649,150.4602590573208,1.0517811064851716,12.312057134125157,2.066857119614675,16,D06_px-1055_py-0118,0.6800899476129176,2.066857119614675,2.671940501185073,1.2404455907048595,1.7306639780801385,1.568118387820094
-309.84931735339995,213.97172268552265,152.27985872014068,1.014238293035642,27.380744895051123,1.930246104993825,16,D06_px-1055_py-0118,0.6558144687374163,1.930246104993825,2.42712159737662,2.4280126242860876,2.720583162294723,1.3930400145004704
321.685205064489,211.61103475108567,142.89746705965408,1.05201083962478,27.442935244056,-0.0251264172202032,10,D06_px-1055_py-0118,0.6802384948704391,0.0251264172202032,2.6679464043352255,2.09817328171164,1.7867629412317663,1.7479713555659937
274.63869337581207,219.9082623066733,153.3043314431288,0.980244230267282,40.322574435729,0.0681993215914833,10,D06_px-1055_py-0118,0.6338336400034387,0.0681993215914833,1.661124220360479,1.6078793446037387,1.1740523701943582,2.1094786236888097
-340.64201653849506,228.76250265008224,149.32719227196705,1.0604001669830538,9.973110400323094,1.943228550430181,16,D06_px-1055_py-0118,0.6856631000172863,1.943228550430181,2.1940855882098655,2.9503264876181827,2.437308116959542,2.326427740943556
352.4227461648173,239.9949001067598,151.90970399803862,1.0693972944242414,0.4048108338866427,-0.0091290574647646,10,D06_px-1055_py-0118,0.6914807134849704,0.0091290574647646,1.4434000086525511,2.137208712201293,2.8390224698934006,2.394280560069234
287.740499226883,246.9181693201424,153.7254194378259,1.0130985225836633,25.17625463521477,0.1022143501910486,10,D06_px-1055_py-0118,0.6550774841859756,0.1022143501910486,2.0419656660308294,2.919144104675163,1.9698224036917842,1.7748352470258788
231.873427369564,257.68557382594685,152.02800406390634,0.9772456733967974,43.8293734159916,0.2310951574167891,11,D06_px-1055_py-0118,0.631894749513404,0.2310951574167891,2.4798326433517786,2.269542418321112,2.5473880372463027,0.5644317577231256
-283.0684225311016,271.69509751263183,144.51997939286105,1.0552446303488483,22.50878144591877,1.7697132997373068,15,D06_px-1055_py-0118,0.6823294894229769,1.7697132997373068,2.443774251183692,1.980738891724877,2.180059642485145,1.2646855469001927
250.10774677630968,288.17429638199656,139.71439994408064,1.0577896164052596,30.976716282527264,0.2490196879670706,11,D06_px-1055_py-0118,0.683975097452165,0.2490196879670706,2.4984145084610487,2.165902283760983,2.8912175198154877,2.248504141636139
192.48203341544823,291.6408071137565,150.74476019060026,0.9848581798295432,43.04016025385312,0.3804459358650861,11,D06_px-1055_py-0118,0.6368170561313181,0.3804459358650861,2.2255999611293875,0.5663211644133301,1.9718438701974466,1.5701890430237184
-170.79096410656342,341.7074745071404,149.2822677639896,1.0294966495814075,25.91622264508942,1.4273174296888165,14,D06_px-1055_py-0118,0.6656806422595353,1.4273174296888165,1.9659314135680663,1.280874512091391,2.4260686978127133,1.8619695309152027
-88.19560549040217,349.10680179988503,146.25467421233083,1.012276299244528,39.6561093968366,1.2112712469686762,14,D06_px-1055_py-0118,0.6545458280988004,1.2112712469686762,1.713933895730039,1.8115910251218281,2.2576934847809746,2.141456961617215
31.69236180701983,350.3257885097533,153.1854440227275,0.9805030656813734,40.42981201051032,0.873596981646069,13,D06_px-1055_py-0118,0.6340010050208594,0.873596981646069,2.3668415627682142,2.1902380517965714,1.667835910157311,1.161691081307931
-98.25652063180112,358.3902812993609,149.3821909041831,1.0169340997646246,31.63435176009807,1.2314025226907148,14,D06_px-1055_py-0118,0.6575575986014003,1.2314025226907148,1.9713569008787322,2.594574386320979,2.8263467674601603,2.185971025061237
73.6828635208061,360.03280205244346,149.2724386365423,1.012264808717518,33.966659914643515,0.7619483724809081,12,D06_px-1055_py-0118,0.6545383982335327,0.7619483724809081,1.956680320068333,2.6172800491085972,1.7332447361307104,2.2436925537619663
-142.45846445716438,364.68802587578045,149.10678800044198,1.0408078463732848,20.68862657951024,1.3362204858951467,14,D06_px-1055_py-0118,0.6729945511957153,1.3362204858951467,2.2305010953479134,2.0146001669972713,2.381217990799951,1.8819485672173075
-120.50285644870723,367.41160410360897,148.64116223413225,1.036718237416122,23.645413107794752,1.2807396671421958,14,D06_px-1055_py-0118,0.6703501778329642,1.2807396671421958,1.43121642997788,1.0316675666517565,2.134773901962441,1.7894393060099083
-97.24758236375192,399.71069162962186,154.2116903281462,1.0476646709243445,6.970735515306785,1.2024749107041992,14,D06_px-1055_py-0118,0.6774282279569425,1.2024749107041992,1.238210841452887,2.245348004425943,2.9583256614915054,2.530217469092988
15.842827076010929,410.9651905126865,155.25280266309412,1.044642139423378,6.5055515642210935,0.925285585280488,13,D06_px-1055_py-0118,0.6754738352820066,0.925285585280488,1.532759094331445,2.060911655065127,2.011354697267872,1.8104834271615353
46.36455728319123,408.445169812636,136.52880239862736,1.0984098274006675,15.588976542930766,0.8507858638754616,13,D06_px-1055_py-0118,0.7102404458193846,0.8507858638754616,2.3777579839852523,2.682753449070235,1.9757706437506763,2.3847540168535573
-53.19862565379524,-409.3654259749956,151.12670764416353,1.0578580508324384,7.686801122684699,-2.307005509389741,3,D06_px-1055_py-0118,0.6840193476917901,2.307005509389741,1.6925770498312793,1.5580263425605496,2.2469851564026317,2.8501576511991447
-91.57593429323704,-402.4766890002824,148.30853779670474,1.0658219687637884,9.08511222611378,-2.4014980589221664,3,D06_px-1055_py-0118,0.6891688797525295,2.4014980589221664,2.3572588152175995,2.7786255644139253,2.7507080185907693,1.5427487611514683
98.07918642392724,-399.26408355282416,147.56135848367086,1.0662858195042424,10.373364248183634,-1.9368955692750205,4,D06_px-1055_py-0118,0.6894688092947416,1.9368955692750205,1.392291188770886,2.207373980929861,1.504748073530013,2.17734631698295
108.43984980879536,-385.2720977815568,144.1043491029997,1.0649545070948057,18.24190599164325,-1.903411009554312,4,D06_px-1055_py-0118,0.6886079722049636,1.903411009554312,1.8558193662562714,2.1501767173341815,2.511976750184087,2.5668605438587804
151.6226849862374,-368.2576560107795,145.8944987842641,1.057572946136461,18.49909098312236,-1.7871985820821266,5,D06_px-1055_py-0118,0.6838349967497964,1.7871985820821266,1.9705441526758207,2.6618853451699107,2.1810984492143946,2.3405802616617093
171.0636839803498,-372.8653069693386,149.97485426604433,1.0584543819711631,9.710007718453255,-1.7476433241817966,5,D06_px-1055_py-0118,0.6844049401029815,1.7476433241817966,2.3867786720093305,1.6893842672013952,1.607507604035788,2.205105909379558
89.21923533137347,-366.12776032867606,145.2112609114091,1.0356676853907036,30.888959831455963,-1.9387510665388912,4,D06_px-1055_py-0118,0.6696708826188498,1.9387510665388912,1.3968096977290299,2.3328933062228083,2.2777451606870236,1.9349630122255834
59.31997459416319,-369.1671594002652,150.1229759153725,1.0174661804850351,29.980133709902304,-2.018451843069273,4,D06_px-1055_py-0118,0.6579016461860532,2.018451843069273,1.6763247870942748,1.6820804705335777,2.3421346370810086,1.862860869274237
11.098309291992948,-349.13702615106826,150.86115996554247,0.9843441708878335,43.04075300202254,-2.145998726529,4,D06_px-1055_py-0118,0.6364846939011122,2.145998726529,2.5025620219998754,2.169436740144093,0.8902636123522283,1.5696953730723506
56.76057074052769,-351.60987201770115,153.36831677343088,0.9856955379912506,37.94531229708701,-2.0177260784031845,4,D06_px-1055_py-0118,0.6373584985139751,2.0177260784031845,2.17348353376077,1.722334023461283,1.9715856202501474,1.683734717466018
-213.757222793578,-343.59224962385537,149.13511213581543,1.0549992181326284,13.27867907436871,-2.73430486498432,2,D06_px-1055_py-0118,0.6821708039510251,2.73430486498432,2.164602974563161,1.758607919019961,2.972523732842233,2.3887845137367014
114.44256768879872,-337.863812857402,145.47305524581674,1.0104757229658865,41.91932634995351,-1.851181613839304,4,D06_px-1055_py-0118,0.6533815612951244,1.851181613839304,2.4139135393227598,2.6796207854469127,2.6304150345911568,2.3410550774052448
-262.228781194544,-323.3695640691761,149.24659930007215,1.0667959466305774,6.60143854017565,-2.859143568298931,1,D06_px-1055_py-0118,0.689798661512552,2.859143568298931,2.0767280519845928,1.8882461056188515,1.9493156136606946,2.0976563100356795
-255.8346419833102,-301.55301601751194,148.34794616882027,1.0473665857622427,18.86110201251489,-2.8813346438057086,1,D06_px-1055_py-0118,0.6772354837433148,2.8813346438057086,2.4565986937491937,2.7221566619040325,2.3912924035175624,1.721844745007001
-211.61800141137093,-301.79938456085426,151.99633794719384,1.0054631645628012,31.90832763515129,-2.789298459297345,2,D06_px-1055_py-0118,0.650140401551199,2.789298459297345,1.7643838372290856,3.259880717768077,2.1529099674614387,0.9476375699674784
-315.8149156412763,-283.67996289858246,152.07915439411246,1.0670774390857074,0.5752887875293595,-3.0167261520219606,1,D06_px-1055_py-0118,0.6899806767511624,3.0167261520219606,2.168060485337798,2.349612972424535,2.7888673212268538,0.8565298851550716
253.24189236932887,-281.0909401567131,139.8450727163316,1.0537445222825512,32.739658767787944,-1.4444498692392604,6,D06_px-1055_py-0118,0.6813595077319852,1.4444498692392604,2.968205371330619,2.537835727040471,2.7828629799251234,1.4480628773382174
-285.84559324052606,-270.60268892482827,151.31611213475188,1.036706390302135,18.396556010394647,-2.990560382668696,1,D06_px-1055_py-0118,0.6703425173957487,2.990560382668696,2.152120819653648,3.250416067709047,2.998370461420466,1.9345438338450056
299.05829805351755,-269.3997234758126,143.94034756273678,1.0678239774343554,17.0322253319697,-1.3402512300548324,6,D06_px-1055_py-0118,0.6904633943273696,1.3402512300548324,3.2152147876807313,2.7744344121447364,1.8520659262347026,2.510249954551344
-274.8539084955371,-237.6475842499504,153.03086497362065,0.9958608505672256,34.22367483416326,-3.03564437902953,1,D06_px-1055_py-0118,0.6439314696908073,3.03564437902953,1.8757732971627437,2.097002417986702,1.8506370639761665,1.713978171376248
-325.0697287371949,-229.6049401720348,151.6312919730595,1.0406183456317115,15.791761750909416,-3.1336137249151848,1,D06_px-1055_py-0118,0.6728720185236464,3.1336137249151848,2.714201811130949,2.047842732578485,2.742344194538456,2.161853961172042
335.9627931905183,-189.4070369225276,149.8550078527269,1.032017024513047,23.579310207389483,-1.1203361367946365,7,D06_px-1055_py-0118,0.667310336541601,1.1203361367946365,1.9979079595054081,2.5647357573593847,2.1875078232898106,1.2844267357914712
-330.0349348876125,-183.601137186792,150.4775675291874,1.020884308790905,27.71038605597033,3.0422865685242453,19,D06_px-1055_py-0118,0.6601118348708849,3.0422865685242453,2.5798005644918574,2.0937985764840814,2.5186859532639874,1.9162192971328769
349.77065374913167,-181.79968176769125,141.10080429225965,1.067426903243906,23.13409480148817,-1.0863163862904184,7,D06_px-1055_py-0118,0.6902066430283436,1.0863163862904184,1.8471322404320087,1.3702775540882746,2.4027417066292376,2.6112916051269233
364.12307108321465,-177.90746441909403,144.30350738999755,1.069637507727739,15.28827006234974,-1.0614588172807808,7,D06_px-1055_py-0118,0.6916360372990077,1.0614588172807808,2.6902160572335827,1.6579274223941878,2.3533195922101857,1.9146523694419937
-363.3425977848671,-149.0070060487376,149.14311279891388,1.04201869123688,20.005577581813554,2.9237964458911225,19,D06_px-1055_py-0118,0.6737774930215119,2.9237964458911225,1.7419940427721559,1.946504647645527,2.424120427190916,2.255984596428694
355.18928878470746,-130.87594142359927,149.2019928491546,1.0256870350851224,27.89331957688989,-0.9600113908717434,7,D06_px-1055_py-0118,0.6632173155205123,0.9600113908717434,2.660562039931797,2.1957637185209844,2.916340545352426,2.055777229442218
-332.0545203872025,-125.57827367308198,152.20704711206582,0.9876981861001388,39.211790278230126,2.896173811550334,19,D06_px-1055_py-0118,0.6386534265546701,2.896173811550334,1.7621469284836375,2.844309112244394,2.0971248569459386,1.603633799506346
-371.13040322218825,-116.91966971691804,150.7128270584638,1.0334080392399778,21.222032302988907,2.839807265076141,19,D06_px-1055_py-0118,0.6682097776201049,2.839807265076141,0.734682026511593,2.702300648827329,2.5088886249781597,1.9372346478009035
332.5688416271485,-112.66603332349676,145.80904179914134,1.0023011837924614,44.806859216519285,-0.933619629867206,7,D06_px-1055_py-0118,0.6480958398803398,0.933619629867206,1.5137224803915021,1.4563117030423232,2.004783445985132,2.586929519376661
346.0539398315668,-69.42982975859431,149.10309952911473,0.9944773432694024,42.030699698327,-0.804983642616038,8,D06_px-1055_py-0118,0.6430368829750952,0.804983642616038,1.2106266131344743,1.4797441760259735,2.189058972450091,1.9900359489444068
364.7158183732521,-68.549972890431,151.42425961010392,1.0102198174828596,30.83759835003628,-0.7927664928762302,8,D06_px-1055_py-0118,0.6532160907942068,0.7927664928762302,1.9612029607040178,1.1026938055615947,1.9516487796565423,2.563746516911679
402.3641934914804,-29.75877572916104,134.05213890606336,1.098260970727318,21.117839105771623,-0.6808049191736925,8,D06_px-1055_py-0118,0.7101441939219547,0.6808049191736925,2.873403236087694,1.5495600350991556,2.8528529677029315,1.2809353342258403
-355.82047152188244,-25.90956970606105,148.1647353771604,1.0022436725774404,40.45598403339,2.607301244219199,18,D06_px-1055_py-0118,0.6480586526757308,2.607301244219199,1.3690328721950134,1.886528398952663,1.540729108957888,2.0262166369508363
-405.6859883348969,21.50927440003303,149.54320846675017,1.0555177902370942,12.173686731536408,2.481643203496931,18,D06_px-1055_py-0118,0.6825061167582102,2.481643203496931,2.107015299140195,2.6085505309363386,1.730901990572011,2.3868372735177474
-349.95853320089884,29.723897157915907,152.15579288093886,0.9829117639368876,41.2925542144082,2.4498810014761907,17,D06_px-1055_py-0118,0.6355584882845419,2.4498810014761907,1.9115843560803862,2.4863843368013527,2.18760093189098,1.1973414895792875
376.4232736732928,26.141392023567697,137.24341719247684,1.060632933833782,34.591583796619204,-0.537644053310248,8,D06_px-1055_py-0118,0.6858136088963123,0.537644053310248,3.3135190468492572,2.6151561235531426,2.060650100468551,2.1500535135318675
395.74088016387526,33.80853142601871,152.5781791098755,1.0370191514760585,15.758733208026117,-0.5217554838724936,8,D06_px-1055_py-0118,0.6705447512342132,0.5217554838724936,2.3240957448249127,1.0519084893604667,3.0518219687597967,2.019925897393351
-359.16535982721257,52.348151632765024,151.18510098349748,1.000900987893885,35.43482383839773,2.389882766517446,17,D06_px-1055_py-0118,0.6471904621839359,2.389882766517446,1.6306697023024854,1.8577410518812558,2.896967325842128,0.9746459469395735
-397.6745347447044,53.27450372743416,150.32807128052713,1.0478981258489266,14.622404430478866,2.401440922034591,17,D06_px-1055_py-0118,0.6775791817499419,2.401440922034591,3.0876825099205316,2.39481639760577,1.802837941992998,2.5640672008892427
-324.886654742841,103.40540924048425,141.4618667184862,1.0026735006207874,52.72839565791082,2.226469832673515,17,D06_px-1055_py-0118,0.6483365828740202,2.226469832673515,1.2404571059807297,2.3864390893014376,1.3381050762832607,1.5850616632648729
-390.8603916805494,149.0524342069849,152.25776345986233,1.0603341737032963,4.0110017868748855,2.170291844200883,17,D06_px-1055_py-0118,0.6856204282428111,2.170291844200883,2.0405441915134093,1.5064361465651581,2.817127749245766,1.6687382856006927
-307.6215519567338,180.07750854802924,144.86600457603186,1.0120205360532215,42.38841116854587,2.005008133921301,16,D06_px-1055_py-0118,0.6543804496048301,2.005008133921301,2.801594984813609,1.9050522166238761,2.2740017722852772,2.619616004225529
334.2798708497013,181.75428070721105,149.68853748099338,1.0265360511705692,26.550106140689536,-0.1089714559711569,10,D06_px-1055_py-0118,0.6637662960084807,0.1089714559711569,1.883515677988202,1.0625837678377392,3.212880245061561,1.6729014656723675
329.6939836059979,252.3212101529352,151.38452196773454,1.0595649171566794,6.223281906043894,0.0462541331245218,10,D06_px-1055_py-0118,0.6851230209008615,0.0462541331245218,2.6596739677867545,1.836157275428048,2.134152263203002,1.5580941709614384
246.12995678071937,260.77682278377847,150.94492156301305,0.996105938311724,37.954632478676615,0.207305189058884,11,D06_px-1055_py-0118,0.6440899453567883,0.207305189058884,0.7987953639828929,2.0005802187536847,1.5567381251385222,1.6270487627205716
310.13859899439746,257.8392614445196,143.1768249132518,1.0709160441849306,16.93596265952999,0.0865976674530444,10,D06_px-1055_py-0118,0.692462749042384,0.0865976674530444,1.987427288690704,2.3530752050031563,2.2024385952859045,1.4147911541940057
331.0387810321691,279.01262993120554,153.57788055353012,1.0712252713364203,4.945155014459658,0.0933428988052708,10,D06_px-1055_py-0118,0.6926626977541078,0.0933428988052708,1.8474303217750592,2.7017879169061,2.3155870522718023,2.386734546649425
-265.31299752787584,278.93767174982537,147.28855671742036,1.038785874027658,25.28679782180774,1.7241863641803934,15,D06_px-1055_py-0118,0.6716871279513413,1.7241863641803934,2.6076357417982514,2.669416890063088,2.2567822717853563,1.8164894074982088
205.28048150665,322.93565567027616,151.82487156944012,1.0227610557621196,24.23967514475237,0.3975814973976358,11,D06_px-1055_py-0118,0.6613253542443231,0.3975814973976358,2.572627275651182,2.714949750803796,2.3633949436740362,2.396155581390876
219.642535765619,331.68054085142995,150.2268584510245,1.0444849657351571,16.59410706685219,0.3789051610684457,11,D06_px-1055_py-0118,0.6753722055372534,0.3789051610684457,1.9336931879707344,2.2219233282735096,2.4416602361798256,1.6412455959799097
270.5557498183781,327.7152089756184,153.8095436216671,1.0627330668277313,0.5204539114476461,0.2736705999257164,11,D06_px-1055_py-0118,0.6871715714315094,0.2736705999257164,2.6928255747701915,3.210296125672577,2.8346528075809516,2.5327007926999965
-143.80302822038638,334.0042247133829,135.81711258323395,1.0492655339918433,43.03262922455053,1.3703726437939707,14,D06_px-1055_py-0118,0.6784633586252895,1.3703726437939707,2.3392152870465903,2.142638305621732,2.0990638525942193,1.883760797617044
-154.21169127623585,350.37698120491154,138.51856114539203,1.062835966654604,30.858408343257626,1.3784332253695646,14,D06_px-1055_py-0118,0.6872381072700366,1.3784332253695646,3.236575946134387,0.9740337538082151,1.8187193195607672,2.7349385292210697
-2.861731989777966,358.3309000893594,139.09073692685075,1.0324717000749857,44.35229368680962,0.9718029082163896,13,D06_px-1055_py-0118,0.6676043333411186,0.9718029082163896,2.7793279427961846,2.5496028484555016,2.336844627235399,2.8504189802415514
-77.46783964875537,357.9481912742559,149.25072231108865,1.010785451490742,34.672482609118504,1.1769516658192982,14,D06_px-1055_py-0118,0.6535818341988153,1.1769516658192982,1.1928558797006994,2.6155451299415216,2.673489466531916,1.8201170023206246
53.87004575416199,366.7900703144292,149.05020279980155,1.0168562169213122,32.30121887846019,0.8179904678911333,12,D06_px-1055_py-0118,0.6575072389414847,0.8179904678911333,1.6695735813355135,2.222870083518632,2.0542535207708044,2.2133166344229664
-19.269609735984325,370.21874654018046,138.014103137288,1.0506554962316312,37.95082922313543,1.0158191230085278,13,D06_px-1055_py-0118,0.6793621191573171,1.0158191230085278,2.89151085993909,2.0271689330315192,2.397743304655636,2.004990563216335
10.866184050827489,394.9289870111063,149.12305590089304,1.0446926218032542,18.685248849545644,0.936309461681195,13,D06_px-1055_py-0118,0.6755064775864495,0.936309461681195,1.920244821962693,1.9116742275581593,1.9260317527493522,1.1074064717842649
25.31264485921104,-419.4896173251004,151.29561358267452,1.0649919326817714,3.379504255735924,-2.117507406681302,4,D06_px-1055_py-0118,0.6886321718842714,2.117507406681302,1.560623820898758,2.1480173431127856,1.9974848742341598,1.077996658834786
80.94061137981917,-386.5364444507314,150.43805010306,1.0406967877727098,18.11158929654408,-1.971358688929472,4,D06_px-1055_py-0118,0.672922739829851,1.971358688929472,2.772926346189437,1.5314461074062937,3.1284032740206547,1.3902556069078371
-63.09735319582579,-384.3456367261808,143.48780325964975,1.0551711664073888,24.64010704154947,-2.340492670310016,3,D06_px-1055_py-0118,0.682281987059804,2.340492670310016,3.188230241210766,1.5821791567791759,1.588299137067684,2.605094225442953
-106.36894681764495,-382.1247326500039,141.63012395990955,1.068469471151525,21.479709056506408,-2.4492648588083084,3,D06_px-1055_py-0118,0.6908807756490034,2.4492648588083084,1.8244463534518547,1.4498629836096955,2.892246460158655,2.095111688685403
-1.6533707622737928,-378.4400900757395,142.6079346285018,1.0454113185749454,31.307259917935824,-2.1821447410126336,3,D06_px-1055_py-0118,0.6759711925797075,2.1821447410126336,2.664754026043598,1.5635015472606462,2.207579935532584,1.7583718909197499
-33.414534744704355,-377.6634815305512,145.70231370476958,1.0368519391530706,29.35391579293838,-2.266023073294184,3,D06_px-1055_py-0118,0.6704366304291522,2.266023073294184,2.102132780918913,2.006825244782882,2.4027371120464247,2.0653683653126125
105.0945102700201,-371.1727384242675,143.3265792036796,1.0515218054816318,26.824832504556696,-1.9018561656710404,4,D06_px-1055_py-0118,0.6799222815416923,1.9018561656710404,2.111815193301272,1.790435852335953,2.1158439278808285,1.2671910041224765
-187.7556278621132,-367.62849441240616,150.2214046138605,1.0604140493073564,8.1350448328796,-2.6499635130549404,2,D06_px-1055_py-0118,0.6856720764375218,2.6499635130549404,1.6894980950804013,2.519182199510352,2.242047673838388,2.0790544305264627
-204.2691820749614,-362.22384828311306,148.18844482480316,1.0693125852798062,7.384921328054531,-2.691251547759978,2,D06_px-1055_py-0118,0.6914259398849828,2.691251547759978,1.8241048047398487,1.2896507296258104,2.1966181968095038,1.7806118062945404
164.8701563922697,-360.2880310544382,140.64978420204312,1.070934805872362,22.198013720145354,-1.7486143726835404,5,D06_px-1055_py-0118,0.6924748804972501,1.7486143726835404,1.8348397426048972,2.8724142821188146,2.3487900904789445,2.878605248449743
97.58022965320151,-337.0984267947111,146.6492280992756,0.9994358476862932,44.46141511979033,-1.8960064380614203,4,D06_px-1055_py-0118,0.6462430909858009,1.8960064380614203,1.620936066243297,2.585547257412145,2.3559012627448106,3.2037674087695454
182.59623448606493,-337.9817332788029,148.5590969215528,1.034096395497296,25.0936988274467,-1.6824453855200892,5,D06_px-1055_py-0118,0.6686548741977978,1.6824453855200892,3.1519886660706513,2.6168706348093327,2.4341643304640566,1.9483338937239811
159.3296210994516,-333.9337598236866,147.44515229475104,1.020812659049804,33.545778173852284,-1.7325915411138806,5,D06_px-1055_py-0118,0.6600655055839529,1.7325915411138806,3.0411217669955697,2.2459867438799943,3.0909283674258026,2.0240907801578407
242.6138957064236,-319.5917137588492,142.0341395762665,1.0721197370016495,18.66518431357929,-1.52845266836808,5,D06_px-1055_py-0118,0.6932410662983387,1.52845266836808,2.221035179248884,2.0738132605002106,2.3074572905158925,2.1686515718746033
-249.17279137708115,-313.4424075530939,148.2176146842449,1.0531241058598075,16.128868372823035,-2.849433358286228,1,D06_px-1055_py-0118,0.6809583415864437,2.849433358286228,2.2039281786475056,2.458476980110543,1.6685929138758127,2.193526924023746
-303.0291680551909,-297.84386223962963,150.5723299051559,1.071653466161499,1.0820027085644597,-2.9718034276455567,1,D06_px-1055_py-0118,0.6929395719006012,2.9718034276455567,2.1577627261707253,2.505054256824535,3.3233877751448127,0.7670499834074742
292.4868233682336,-253.5556597097701,140.24106151164463,1.0623067111016262,27.590875516106223,-1.3212011848884484,6,D06_px-1055_py-0118,0.6868958864608977,1.3212011848884484,2.917831870291754,2.506224274151036,1.9112248588697902,2.431430682207076
309.45068264659994,-242.98103093766585,146.84575243994746,1.049563418005046,20.74311568391505,-1.2726314181935725,6,D06_px-1055_py-0118,0.6786559727744547,1.2726314181935725,1.8723985790023,1.4210563560722258,2.0634512336053987,2.439193587417759
-367.2998466159317,-202.22659475535457,150.32059978488667,1.066759081194799,4.398328523631903,3.037898690628712,19,D06_px-1055_py-0118,0.6897748240314138,3.037898690628712,2.1263626758563294,1.3455037213042498,2.1068879656880095,2.5648819669924237
-333.7622120943622,-141.70937932738877,149.0744834759419,1.006820234926321,36.76581814022978,2.936129543789745,19,D06_px-1055_py-0118,0.6510178939369649,2.936129543789745,2.773668705986541,2.24342268295002,2.164554578835205,2.20017642227159
354.66830683495976,-26.27539751288929,149.22775958435528,0.9975605487948316,40.495336845284726,-0.6809288637431525,8,D06_px-1055_py-0118,0.6450305079521365,0.6809288637431525,1.8398630755398893,2.1527586149747213,1.0302440381618352,1.9405470995981653
-385.2980671679125,3.6661073617850746,149.1446128049868,1.0336963097788023,24.144553733954865,2.5250984186127856,18,D06_px-1055_py-0118,0.6683961756210185,2.5250984186127856,2.238963005903412,1.3222341848309005,2.395223332780714,1.9562352835325874
-358.7295073557816,68.70765995121718,150.7697917106347,1.004999780320737,34.40334855155737,2.3453743682536734,17,D06_px-1055_py-0118,0.6498407736505198,2.3453743682536734,1.7658826526795426,1.4218012849741402,2.462103017035033,1.1975013559228644
411.46928178493647,91.84846843207818,140.42023628846027,1.0972678751913394,7.724570365520208,-0.3873592798477377,9,D06_px-1055_py-0118,0.7095020505264573,0.3873592798477377,2.6005572566156188,1.788346916560597,3.2824579128136073,1.7175680897741934
-385.6000790373442,116.86002181493556,142.12047909601122,1.0736080213070174,17.670001876440267,2.240351210606928,17,D06_px-1055_py-0118,0.694203402652386,2.240351210606928,2.4300606632656985,3.3020592647979434,2.3317505042259863,1.414712774348636
331.83939628977845,132.03550279546764,150.37643909661912,0.9959860738523956,39.05164625015556,-0.2282936367124883,9,D06_px-1055_py-0118,0.6440124400532963,0.2282936367124883,2.2069432163762626,2.3523193667785005,3.106907175016852,2.501427427821678
-380.3665326689389,144.0939822614949,151.49021623814696,1.0504723421738484,10.933477062040197,2.1724895023659,17,D06_px-1055_py-0118,0.6792436903009758,2.1724895023659,2.1492451259519436,1.932430519199605,2.0130687397719247,1.8219066168595917
-378.0646601477857,160.43217268266656,147.3915945099551,1.0663218715042733,10.70465687756257,2.1332921858482807,16,D06_px-1055_py-0118,0.6894921208019186,2.1332921858482807,1.620569362880187,1.1468994254920184,1.3891963960924785,2.0268584694894494
-379.2595267955787,180.649702455574,147.2247713023483,1.0763022635508788,5.426873495250618,2.0900866056134118,16,D06_px-1055_py-0118,0.6959455209079681,2.0900866056134118,2.3512503272216296,2.1328927481761886,2.8975657897732727,1.8604083431467267
-324.7244808961139,179.6528821058124,146.3240336920993,1.0255384340449798,33.51287881133567,2.0292803432493867,16,D06_px-1055_py-0118,0.6631212289175276,2.0292803432493867,1.5384152330664878,1.4115525069352899,2.3060625643865458,1.0915145217124094
297.25269498502536,191.92484156527195,152.45113434359024,0.9854303505805834,39.71646414354109,-0.0336597482651287,10,D06_px-1055_py-0118,0.6371870262455379,0.0336597482651287,1.4757142203950124,1.8891852219247127,1.6519395544539182,1.635736088566283
-343.8862738751391,206.10157775798623,147.1009698312518,1.0569064666797772,16.395666751409806,1.9946859494009048,16,D06_px-1055_py-0118,0.6834040458837024,1.9946859494009048,1.4524711765166824,1.7025907060340946,2.319742744586882,1.3213015944272006
299.0383334723499,220.4164479972854,147.164660427814,1.0234562238358096,32.86210712773783,0.0282041278937635,10,D06_px-1055_py-0118,0.661774855396134,0.0282041278937635,3.179964893605035,2.439497022605389,2.440490984031409,2.111237987082642
352.63456680147203,228.61025778487644,146.8256670459541,1.0776027295010755,5.519556804897434,-0.0318057733723718,10,D06_px-1055_py-0118,0.6967864124342451,0.0318057733723718,2.4829277935513616,1.6638167821592957,2.450671571150477,2.131023579897231
364.450214925124,231.5812648648472,143.8181749344272,1.09727273953921,0.2704356925871138,-0.0409177346021899,10,D06_px-1055_py-0118,0.7095051958521036,0.0409177346021899,2.386479029683076,1.7300049670340316,2.3614143339497367,1.380928453813189
-260.1042927824902,251.76640547339608,138.8611129333832,1.0376489471753312,42.42777031084154,1.7655025677403122,15,D06_px-1055_py-0118,0.6709519820938324,1.7655025677403122,2.1941945216877596,2.024897277099461,2.414310934393856,1.7070401835243585
280.575673333631,265.47744350932135,144.58717368770792,1.0483023732906305,25.9149378736995,0.1507759287789031,10,D06_px-1055_py-0118,0.6778405713297279,0.1507759287789031,1.878832705705642,2.351536742747369,2.180363636252004,1.355173281652198
185.0867309548381,303.62484199287303,136.59556487089486,1.0370362018882304,47.16405588610178,0.4163754952149846,11,D06_px-1055_py-0118,0.670555776165018,0.4163754952149846,1.5435664449176678,1.6681933443328316,2.984716536668798,1.7287643608755325
158.590183508194,328.7841843436123,147.71345098754614,1.013961754565094,36.149094456681325,0.5143858299258525,12,D06_px-1055_py-0118,0.655635656784256,0.5143858299258525,2.1797588866609865,1.9070431478571797,1.0373120126801338,0.4611696009503329
9.932300424878717,347.94905838578643,145.31472930601862,0.9998889501135824,46.73960991609266,0.9352792726335976,13,D06_px-1055_py-0118,0.6465360705840636,0.9352792726335976,1.7184368839189423,2.3911799650593273,0.7605435129430487,1.789791908737929
132.22237992132844,344.4836403658552,145.45981678405303,1.0256241014283949,35.13958151290586,0.5973292791625487,12,D06_px-1055_py-0118,0.663176622122387,0.5973292791625487,1.9452460424424003,1.2562129070691799,2.943944367840106,2.439610764171715
178.55997900445738,366.107275130628,146.13890964404158,1.0664516258004366,13.225269669985948,0.5100366395865271,12,D06_px-1055_py-0118,0.6895760209518035,0.5100366395865271,2.6855935924144294,1.7863759500380243,1.4328316826283745,1.8164155525354704
19.73350877904531,370.1686803899723,144.49761302566213,1.030600124597024,34.68644368087968,0.9105577050920058,13,D06_px-1055_py-0118,0.66639415789595,0.9105577050920058,2.677632373582803,2.2425735897785115,3.257192677110301,2.095034628485016
-48.72170963259665,373.1865143928079,150.68216694569907,1.0187241161207707,28.33072982689862,1.0936384436045845,13,D06_px-1055_py-0118,0.6587150372760175,1.0936384436045845,1.0443278906229176,2.0359166511130518,1.673779467949374,3.106994435432573
43.25146923143874,386.251291648556,150.97885988225016,1.03212679495601,21.33489728272542,0.8523037932804177,13,D06_px-1055_py-0118,0.6673813149746074,0.8523037932804177,1.8168687778598474,1.713721097305179,2.0002856692693305,1.438173437271839
-123.33750626859332,394.0781174209561,150.80010114668548,1.058907319055811,7.778626771010977,1.2671364423328266,14,D06_px-1055_py-0118,0.68469781278939,1.2671364423328266,1.9509186385688448,2.0999574491017627,1.956830285899633,1.3990212132919446
85.76799272782313,407.2191458420763,149.16272329517918,1.0668527752696928,6.7432888790932,0.7562320465468745,12,D06_px-1055_py-0118,0.6898354073582043,0.7562320465468745,2.0042001938352887,1.2196727456548626,3.0180981770557263,2.049547788198206
-31.035732233840022,-408.3181463828404,146.61928003636172,1.067305846950555,11.7607883366926,-2.2536386901533856,3,D06_px-1055_py-0118,0.6901283670755851,2.2536386901533856,1.2837581143800607,3.4550036640393573,3.0573398608417364,2.6634803057651197
-15.48826915409537,-411.1725030739381,149.46718597849733,1.061178707117827,9.260410527179545,-2.215426600676916,3,D06_px-1055_py-0118,0.686166510200458,2.215426600676916,1.3521722643727254,2.045661130331072,1.7982390143594875,2.481790429980751
-109.76135669496094,-400.6270231448785,145.43024788271163,1.0767302232141551,8.964661258045396,-2.4451878827403446,3,D06_px-1055_py-0118,0.6962222429969879,2.4451878827403446,2.037500972673394,2.134311307407133,1.980717618422931,2.683914176166022
-215.88491666208543,-360.16005631975264,148.95640071674433,1.0712225511643287,4.703590098796724,-2.7177642357748177,2,D06_px-1055_py-0118,0.6926609388694085,2.7177642357748177,2.3781306574750376,1.728365631791075,2.6317616454551946,2.008971866781281
80.47254535865486,-356.45564502597045,140.42476378698709,1.0368765827143298,39.712253961084286,-1.9557405070475085,4,D06_px-1055_py-0118,0.670452565149963,1.9557405070475085,1.833506350633783,2.60457984969777,2.2301995485592236,2.232970651849016
148.81742110018675,-344.8829231588351,149.6139888199177,1.0210277715036007,29.29579356654523,-1.7704114851612611,5,D06_px-1055_py-0118,0.6602045989908715,1.7704114851612611,1.876508619298055,1.9597484158269451,2.0830819261223685,2.3576712411129037
-287.8246951725118,-295.2115029209255,144.82632439995675,1.0753501112461106,11.018449379386652,-2.9505051473093653,1,D06_px-1055_py-0118,0.6953298517282532,2.9505051473093653,1.8704193809179532,2.137398444876492,2.3701490648550934,1.3077232359684534
324.99477032007775,-217.00907313564804,146.28618671044472,1.0482832555999173,22.520125701756456,-1.1957185986670908,6,D06_px-1055_py-0118,0.6778282096803359,1.1957185986670908,1.9597544703377137,2.347164302637514,3.226721666932399,0.9609083598026412
-310.2545879968915,-214.56849484359788,148.6896434879571,1.0256745686815891,28.88733037571473,3.1396714252771365,19,D06_px-1055_py-0118,0.6632092546457985,3.1396714252771365,1.44034162839878,1.615911052462279,2.0510597879094172,1.3391569117505453
-290.8476330541347,-207.733304898434,133.39142304187106,1.0495847502234632,47.75261781587386,-3.128356860301773,1,D06_px-1055_py-0118,0.6786697663549026,3.128356860301773,2.7670330635049476,2.1121303559555287,1.5978180471339605,1.151636911444203
282.8620875514688,-203.590878293522,153.6660801546259,0.974755427802862,41.91007482769447,-1.2308399927832143,6,D06_px-1055_py-0118,0.6302845370984058,1.2308399927832143,2.1964708012190863,1.7644215002473447,2.0162106332568066,2.227454994191127
-346.3046446348142,-191.9840578772813,148.56121864598222,1.047296486598632,18.470526889033977,3.0408121890088253,19,D06_px-1055_py-0118,0.677190157072001,3.0408121890088253,2.6176452642687886,2.0528090817443103,2.2639111050619753,1.2671386442173476
294.33498122819014,-191.2856464517868,148.3370870920793,0.9943404548189232,43.4936974552507,-1.1832781018492944,6,D06_px-1055_py-0118,0.6429483698248387,1.1832781018492944,2.5691686337999142,2.2785357578906282,2.2600847828467843,1.7434528001973681
411.865659430053,-104.04964216603224,149.57752111871486,1.0743438629536406,1.6094381201662031,-0.8544320002803218,7,D06_px-1055_py-0118,0.6946792036568133,0.8544320002803218,2.1178790026099765,1.9115922161174277,3.3711459643127393,2.28505380765857
-371.554117225261,-94.89275850000011,142.93978365602177,1.050126489473818,28.30540365647323,2.784662179725649,18,D06_px-1055_py-0118,0.6790200592210912,2.784662179725649,1.794373241277263,2.5303489660826997,3.1548859274218937,1.949507355581504
-344.3472002070134,-65.06209572305929,136.7440684338638,1.0301427099581115,49.96485377865804,2.721354986937981,18,D06_px-1055_py-0118,0.6660983899876872,2.721354986937981,2.172190674070846,2.7628930157281957,1.6756273477373704,2.1464829108696795
-388.8649046583912,-45.519436019958185,146.30679302323165,1.049032386057677,22.096909661550228,2.651140018141957,18,D06_px-1055_py-0118,0.6783126033347109,2.651140018141957,2.1440868782936633,0.9017972863733936,1.887895355293168,1.7494651828036059
-374.6385166451568,56.39496355377621,149.24629149168857,1.0259363695996575,27.6894769293574,2.385203238873426,17,D06_px-1055_py-0118,0.663378537181448,2.385203238873426,1.8099127215432342,1.6817575162316976,2.593152240945467,1.8188840601070855
407.1772422802417,59.22787440639756,142.6473362430567,1.080818442228089,12.52998410417814,-0.4625329179846043,9,D06_px-1055_py-0118,0.6988657176114994,0.4625329179846043,2.5028606047659303,1.9781898544092127,2.9124780509713064,2.368514288134552
-392.2723842070699,63.51008640688764,143.59258740955943,1.0634194125501315,20.116743760122688,2.374102886875431,17,D06_px-1055_py-0118,0.6876153679814887,2.374102886875431,2.3933335722365534,1.9890380055680246,1.6825998704607605,1.9719449209022706
396.75633042151503,90.80423457329132,133.53969905945206,1.1033461457553853,19.29169793670593,-0.3819879560353211,9,D06_px-1055_py-0118,0.7134323081475448,0.3819879560353211,1.4692578529073685,2.5172137489021127,2.7456272591888657,1.4996123945814954
374.07841590987766,108.31300295173396,142.3331870912019,1.058578392961142,25.23421936471067,-0.3251407095530502,9,D06_px-1055_py-0118,0.6844851265858515,0.3251407095530502,2.0467268457911394,2.250768001195613,2.3920605254565217,1.2578537257501416
360.5672672707077,118.9836467768261,142.7047478266643,1.0465447611044794,30.556671495675687,-0.2882408537029,9,D06_px-1055_py-0118,0.6767040854466548,0.2882408537029,2.166636931066015,1.6304995487895912,1.7463566337629945,1.6225564726937347
-330.99309392137667,127.94482035624137,147.3246636190063,1.002398662928866,41.94986246426214,2.1657565441556224,17,D06_px-1055_py-0118,0.6481588706577154,2.1657565441556224,2.3452030716736934,2.2838913200709547,2.3829982437613673,0.9122502456287839
-323.6021746352788,159.51460804463363,143.2684078468871,1.022377378218175,40.8351898192837,2.0766340414598106,16,D06_px-1055_py-0118,0.6610772653224433,2.0766340414598106,2.757993275417218,1.9662280766086404,2.5567938258185423,1.7397348139705455
382.4550868208737,182.5787504313698,148.22814385699166,1.0771421731479978,2.825259796369437,-0.1615861358342283,10,D06_px-1055_py-0118,0.696488613068858,0.1615861358342283,2.2608711037653877,1.8133899390846027,1.9354929065278919,1.2723086677796336
-331.969289787932,197.27038276077704,144.6356042470803,1.0480389667328724,25.95038669735624,1.9984375607951408,16,D06_px-1055_py-0118,0.6776702505748085,1.9984375607951408,2.701917394467739,1.8358806500364913,2.013509075132798,1.9607517112057595
-359.0988212842768,210.1164869584988,144.10701986516034,1.081198989163471,9.209615940226795,2.0052054400664776,16,D06_px-1055_py-0118,0.699111782257225,2.0052054400664776,1.0080368159650803,1.6824753866837225,2.1943725950583257,2.655308349336366
370.3484673694607,214.29685673583347,144.91400503669348,1.0904548321153795,2.03291033239384,-0.0824171953108398,10,D06_px-1055_py-0118,0.7050966832118664,0.0824171953108398,2.9576258197578387,2.496020809893012,2.335604158239698,1.410905849951885
344.2174820279183,217.4472822140229,138.5559102272786,1.088484920214955,16.921374804015556,-0.0435661527100043,10,D06_px-1055_py-0118,0.7038229226614047,0.0435661527100043,2.2784376115041303,1.637317343780769,2.636506276345111,2.319599303449614
276.0051174292088,234.296708192769,152.2871437442953,0.9964408530867634,35.340405939150855,0.0968670803614094,10,D06_px-1055_py-0118,0.6443065038882232,0.0968670803614094,2.482363460631007,1.8315557561505043,1.7651815879129154,2.4647457498034218
-283.8521547063166,239.5701885677448,141.6702209926193,1.0401501097140815,35.71344622243913,1.833614815631684,16,D06_px-1055_py-0118,0.6725692534913331,1.833614815631684,2.906489628278428,1.6125986468729578,2.999442173683398,1.4036854056714105
295.29920571331104,258.78723325085065,151.20384736195209,1.0359524570438514,18.99516662401402,0.1126179567312091,10,D06_px-1055_py-0118,0.6698550182127264,0.1126179567312091,1.6995324038621216,1.4972348692408535,2.3202626282317853,1.8059368693483848
231.585850463308,292.3293073754581,150.64860029953076,1.0147538434729904,30.23214758169553,0.2938446713465761,11,D06_px-1055_py-0118,0.6561478277108436,0.2938446713465761,1.3432050814896836,2.1217250039171414,1.8854975236003009,1.3821526958778287
-214.9367621663234,322.1491385400661,140.413028385503,1.0619824662894548,27.405320879763394,1.5521860831161771,15,D06_px-1055_py-0118,0.6866862272114933,1.5521860831161771,2.2000989361711456,2.190472813089986,2.9831200844085597,1.8514032881111566
40.148035087698,336.3132173013432,152.50296885967057,0.9649831397404094,47.82735079011633,0.8450021519409253,13,D06_px-1055_py-0118,0.6239656986676022,0.8450021519409253,1.9659584134603139,1.635889333763093,2.5147209104221533,2.2215823110950743
-10.670737974322282,352.26690337402835,138.26768267608972,1.027747116902311,48.07162324403362,0.9940991629786852,13,D06_px-1055_py-0118,0.6645493806493604,0.9940991629786852,2.3805258267345857,1.3806489704829126,2.7931774669863216,1.9049308610529478
15.81645940734251,353.7925832104259,153.0596112415408,0.9840086255656952,39.20778315133464,0.919141083921465,13,D06_px-1055_py-0118,0.6362677276529568,0.919141083921465,2.776570453096037,1.39170082298892,1.9853147116484688,2.0018405734998033
107.92432979297044,365.1385844644016,141.1992797964946,1.052332014263448,30.707603919099483,0.6764283577268481,12,D06_px-1055_py-0118,0.6804461689214745,0.6764283577268481,2.6809026112866894,1.6523229096031606,2.1691789647098014,2.1290423067785156
-60.23458657496025,381.681388746564,146.02250600679864,1.0441770021372283,25.117509710336435,1.1203396932069911,13,D06_px-1055_py-0118,0.6751730738492142,1.1203396932069911,1.9183255068745466,2.1931706195783884,2.2452583108518116,2.627349871987568
145.56331481690168,380.4358770296702,131.7223275487936,1.109147587667438,19.92099790054584,0.5983802154283652,12,D06_px-1055_py-0118,0.7171835661818636,0.5983802154283652,3.0765840304460568,2.201066483397642,2.0123526087170243,1.4697930314023362
-42.812682892852514,385.33000277486855,146.50396136415918,1.0442016378742147,24.14725408733102,1.0744694995526038,13,D06_px-1055_py-0118,0.6751890035107885,1.0744694995526038,2.4533065915622747,2.345646368080949,2.294531139349453,1.9880959546796741
-7.384378378360277,390.4245376034544,142.79176946866318,1.05835518932301,24.414151312504146,0.9827282549788048,13,D06_px-1055_py-0118,0.6843408013554132,0.9827282549788048,1.9742829629215963,0.909413982226958,2.5131460898107996,2.461760299740928
120.25356652111844,-394.2255989068458,149.04199533116008,1.0631077767849637,9.07318759433906,-1.8817039931583857,4,D06_px-1055_py-0118,0.6874138618411896,1.8817039931583857,1.522699670315111,1.5452919801698992,2.616091908706491,2.118740316775399
-50.01185632181292,-375.3868783333824,138.1146004215464,1.0594843529749467,33.38671671197335,-2.31022340735566,3,D06_px-1055_py-0118,0.6850709274664043,2.31022340735566,1.6049030997366587,1.9174983749207857,2.4495408222491744,0.9642804230410043
-133.86281060677325,-364.292650809548,147.8828466201301,1.0405804453219294,23.22325072389566,-2.5299193840993004,2,D06_px-1055_py-0118,0.6728475118848265,2.5299193840993004,1.8244723467515986,2.6397729861083548,2.425618849599692,1.256464231491725
129.36302431041378,-360.73294466584105,147.9412208868264,1.0348678795992063,25.9263664527428,-1.8334499147990115,4,D06_px-1055_py-0118,0.669153721894545,1.8334499147990115,2.0450322369755236,1.4846636307757846,2.3226021919107076,1.9855377022358163
-198.7733159455138,-348.1935312065329,135.3672332623876,1.0917274540691546,21.97574423179424,-2.696500956625472,2,D06_px-1055_py-0118,0.7059195705907491,2.696500956625472,1.6641561872013135,1.6372003790918055,2.843244879900142,2.4451911464252314
130.38629170157665,-340.1261812550691,143.82168009595415,1.0249299096394902,38.61558517029528,-1.8117075796492657,5,D06_px-1055_py-0118,0.6627277522440078,1.8117075796492657,1.7696925176156206,1.819769672586009,2.1813659472486937,1.8263421944967377
-184.5320438640373,-337.32731591398954,147.07288976237535,1.038901600302521,25.65493712063551,-2.6783448379708465,2,D06_px-1055_py-0118,0.6717619574721644,2.6783448379708465,1.75177034816479,1.7483776200119174,2.0855725565714525,1.2846377855922642
-167.95795211165108,-333.7336725160363,147.67471927305752,1.0244486689916403,31.419033716442243,-2.644035582382952,2,D06_px-1055_py-0118,0.6624165782507051,2.644035582382952,2.535864274927216,1.9671556845841436,1.8388937087702275,2.013510285459897
146.31837426048193,-326.84358182629506,147.15775539179543,1.007025127323458,40.26228567892406,-1.7568604659794749,5,D06_px-1055_py-0118,0.6511503789747509,1.7568604659794749,0.5168702043098914,2.7957541387007394,1.9562317569098244,1.592119224976079
292.5856278569217,-289.66874391044774,150.85798997971415,1.057492101342835,8.43396477060952,-1.3873680985891648,6,D06_px-1055_py-0118,0.6837827218694789,1.3873680985891648,1.750695001810507,1.4388175554772835,2.2090791225552304,1.7084622274731147
-277.7297406581151,-281.3971002947507,146.21119694050606,1.0535320612942063,19.97155922441016,-2.9566150325849394,1,D06_px-1055_py-0118,0.6812221287835116,2.9566150325849394,2.0744520103793076,1.934407228218313,2.6483890870687157,1.7609340467022174
-270.6645347447043,-266.7575274505015,148.4620189483315,1.0296260335251708,27.44613953018484,-2.9704437988753285,1,D06_px-1055_py-0118,0.6657643029366414,2.9704437988753285,2.3429829658263555,1.6185345249086414,2.272589876836661,1.4686569577184323
244.82995505121409,-261.599770955412,142.90242502202378,1.0204381071941837,42.40402207276867,-1.4254794062289284,6,D06_px-1055_py-0118,0.6598233174040204,1.4254794062289284,2.8690450986358904,1.5121404898119888,2.0931812641038854,2.1151458021210625
276.10436924849864,-255.87239401993097,141.85967988998624,1.0453862952525432,32.81136401355781,-1.3543643260235512,6,D06_px-1055_py-0118,0.6759550123023507,1.3543643260235512,2.212072527840464,2.333802960934413,2.17294235707003,1.0001248603865107
269.17486802295764,-233.651742803146,142.69573090665,1.018764441827552,43.54104918897713,-1.3218480088521884,6,D06_px-1055_py-0118,0.6587411121956404,1.3218480088521884,1.5655909952527343,1.7976497433109366,2.071395672288061,1.9743532041269087
-345.1474975286579,-228.0769390638348,148.46693385503983,1.066327252875792,8.476887894639788,3.118550185473828,19,D06_px-1055_py-0118,0.689495600439128,3.118550185473828,1.340231310659959,2.449085699776484,2.3278493723338674,1.6892269813445864
-328.3817942434917,-215.4602949354164,148.15349838912323,1.0449655882857722,20.47723352144084,3.1152837804422973,19,D06_px-1055_py-0118,0.6756829798640158,3.1152837804422973,2.328291424567243,3.6486759735673706,2.524808533232629,2.8530574543991554
339.77403524522515,-211.5263726776719,147.75438547992297,1.0542769557591447,16.459081322881616,-1.1638152089241116,6,D06_px-1055_py-0118,0.6817037834115645,1.1638152089241116,2.0387230112590995,2.0623470569560043,4.048043954468175,1.9491335512026389
-314.8286186991963,-177.920676152328,147.74278554756,1.009654145437334,38.01202952211355,3.049002001289933,19,D06_px-1055_py-0118,0.6528503227941587,3.049002001289933,1.7383159442507394,1.5345274020632709,2.749566042413544,1.6974386628829123
331.78836714382635,-162.16747717562467,145.98234427300375,1.0244077250407035,34.695210868727884,-1.061601088603087,7,D06_px-1055_py-0118,0.6623901035695419,1.061601088603087,1.5391075437533686,2.3309658224975336,2.2254048192739226,2.161641111799273
367.8815377628485,-149.43271708854803,146.64940058566313,1.054092037159737,18.793188980710568,-0.9928175018896308,7,D06_px-1055_py-0118,0.6815842135887102,0.9928175018896308,2.715033651736334,1.6956094612508479,2.9075951695680393,2.311875765095863
399.374741681791,-138.35323690902615,146.10407250433013,1.0820248590107318,4.48065022432678,-0.9404655994947482,7,D06_px-1055_py-0118,0.6996457962052751,0.9404655994947482,2.614358519044925,1.5214693809997155,2.1443755621492264,1.4468473803078512
-370.5240585542281,-132.52957403453846,146.44095348604094,1.0508279428176392,20.90673046475365,2.878114626417944,19,D06_px-1055_py-0118,0.6794736244780737,2.878114626417944,1.47764843699895,2.1629769521441315,2.882014017297351,2.554308797087181
373.1338184438031,-123.75987192361995,145.21369613453325,1.0540231357088787,21.73501100350808,-0.9272385651725852,7,D06_px-1055_py-0118,0.6815396613678957,0.9272385651725852,1.761858697659589,2.0430142894191166,2.290777520790166,1.782129018246082
-391.3061884512881,-101.51845019071428,141.87770321417153,1.075715282448548,17.018721359347808,2.788451713552777,18,D06_px-1055_py-0118,0.6955659743039528,2.788451713552777,2.4035505113562357,2.399980356195702,2.0492167206834626,1.241563979989719
403.5192948665447,-87.4881435352132,145.45010601998126,1.0741524136193477,10.38272780811559,-0.8204877395744705,8,D06_px-1055_py-0118,0.6945554110093441,0.8204877395744705,2.1491005793889704,2.2858703284304123,2.5155113516453373,2.7974350900423093
-360.8899682707159,-68.62710344332045,149.03860114565242,1.0128002267753344,34.16670201262218,2.722530203209932,18,D06_px-1055_py-0118,0.6548846037668382,2.722530203209932,2.3627953836580677,1.629179750457484,2.1588462753140143,2.0424500326306485
-364.7725677980774,-48.405096761703135,148.25933471410434,1.015899246555803,34.2398936014506,2.6665417310360997,18,D06_px-1055_py-0118,0.656888454365746,2.6665417310360997,1.7074259015036195,1.64567266527409,1.4137566243576485,0.9818985841403557
383.4129211746911,9.3972145995153,152.5803466793517,1.0215623939758145,23.36340367511127,-0.5824750535236728,8,D06_px-1055_py-0118,0.6605502900922601,0.5824750535236728,2.343442128003456,1.7885667949660564,2.7697476881351486,1.7846754606425907
-339.45010979343726,67.0822193377813,148.30181397058564,0.9878528078928333,46.24115663601327,2.3395068160203465,17,D06_px-1055_py-0118,0.6387534062236763,2.3395068160203465,2.808635697995511,2.1610072387690185,2.3803660542048144,2.152177156097661
352.59273201572705,69.7775890912789,144.47363152431527,1.0169670676151858,40.95199647772779,-0.4116054147352539,9,D06_px-1055_py-0118,0.6575789158732384,0.4116054147352539,1.913354781409219,1.764718343703148,1.9404871585012895,1.2374814274000316
390.42931798376384,73.84420360482628,148.71844603397884,1.048355821932646,17.60888475987099,-0.4200517023409166,9,D06_px-1055_py-0118,0.6778751316426336,0.4200517023409166,2.8255845488044873,1.5666589864006601,3.0291079286751543,1.8147492113935266
387.3038692262771,118.7708660691573,143.32984294910295,1.0723240423264129,15.843523847383947,-0.3094232834851386,9,D06_px-1055_py-0118,0.6933731717305038,0.3094232834851386,1.893622777632752,1.8528591180464216,2.2766629019558087,1.9748254468394997
382.3259344635069,122.25552140200028,151.30498232647048,1.0452747069268808,14.037854794246016,-0.2974872365006067,9,D06_px-1055_py-0118,0.6758828584120725,0.2974872365006067,1.6986220776648382,1.7227200982083635,1.8695630191195307,1.5007790395490548
310.65975658000247,159.42988225686227,141.39692447690868,1.013648955220508,48.23520462560862,-0.1328295689481431,10,D06_px-1055_py-0118,0.6554333982643402,0.1328295689481431,1.631941901156163,2.044768295841008,2.261963078925616,1.2540939422378328
374.1298689250205,171.5934325645281,136.6683770909247,1.098523051723436,15.21565486765337,-0.1769583114161748,9,D06_px-1055_py-0118,0.710313657558277,0.1769583114161748,1.844330308610905,2.431736262332545,2.13973502933783,1.6309055342652305
344.62177874644703,193.887540804962,139.07132417258262,1.0748227258506575,23.40858184016008,-0.0945067749996599,10,D06_px-1055_py-0118,0.6949888401776997,0.0945067749996599,1.702076748679276,1.7183101962562053,2.5062063582966747,1.9876670619589163
325.3707702082224,227.11583748853863,145.06544882180157,1.0584463348290427,19.728943496754084,0.0024174373844577,10,D06_px-1055_py-0118,0.6843997367575045,0.0024174373844577,2.348634374906901,1.4571572893746279,2.2358015669851556,2.30232459212374
-258.1220718996937,237.6666825304409,149.43849590897727,0.9907486603338432,42.977652759700106,1.790449847874385,15,D06_px-1055_py-0118,0.6406258872206801,1.790449847874385,1.2886114423200257,1.8122042849720401,1.492504739530641,2.6806444090067574
-199.7293495595191,288.29688431697883,147.1340635414448,0.997655183761653,44.31595022782824,1.5696877790553994,15,D06_px-1055_py-0118,0.645091699667058,1.5696877790553994,2.589783359813223,2.847048979026898,1.8885748301041068,1.248324431001937
-284.8802022377552,304.90335164228605,139.47405279957155,1.0958344511771654,10.652270995777997,1.7152779967738012,15,D06_px-1055_py-0118,0.708575187268793,1.7152779967738012,0.8755469202576867,2.1487747949103495,2.097025710674503,1.8602746445451706
265.7180155908663,321.3819089514501,146.58130394271956,1.0750552077519702,7.49519880181748,0.2729476764867409,11,D06_px-1055_py-0118,0.6951391648061891,0.2729476764867409,0.976365082845084,2.527714456748556,2.1658564947032852,2.278318313765589
119.92589078721056,330.2559635438169,146.40115516411728,1.0007474407641632,44.36646887794109,0.6154929760152869,12,D06_px-1055_py-0118,0.6470911774004723,0.6154929760152869,2.1123548120621987,3.3169245850884472,0.9403219182706268,2.4945587553855457
192.72054515124523,334.54474386723945,145.48041613374158,1.0454317628700036,25.56977749248159,0.4411802021701062,11,D06_px-1055_py-0118,0.6759844120219178,0.4411802021701062,1.0052766152221353,1.0277440261179955,1.5399428543996039,1.8779968337895148
146.26520978084315,336.59266312771024,146.6922075335685,1.019467721148245,35.600429195000686,0.553887927915467,12,D06_px-1055_py-0118,0.6591958581436501,0.553887927915467,1.3799403633930918,1.838113387076739,1.3243312068077198,2.382357030488552
185.22453810297773,347.375682484242,146.80702429219542,1.049926052271762,20.634559289032268,0.4739547088787535,11,D06_px-1055_py-0118,0.6788904549475351,0.4739547088787535,2.524877750803337,1.649607224565375,2.900995302334314,1.86401374165559
155.51720701723244,349.8458881582671,143.67735619422365,1.0471959783959712,28.289960014737176,0.5455205127391988,12,D06_px-1055_py-0118,0.6771251676765262,0.5455205127391988,2.9333281109607414,1.430194464185826,3.324559538119544,1.7348575229238676
56.35525558477796,354.4124028589148,141.8792993507026,1.0243403958567052,42.621906009290285,0.8061265865500326,12,D06_px-1055_py-0118,0.6623465679888627,0.8061265865500326,1.3684655325075177,2.5886836532383724,2.9035391328393017,2.4307834744958585
-108.03064450763137,389.7421111519204,139.26844586829395,1.0836165598519951,18.14796045668902,1.2342131922488084,14,D06_px-1055_py-0118,0.7006750025059737,1.2342131922488084,2.524292599974961,2.342462380451304,2.1631343304422606,1.9372809322173825
25.05672625236317,402.5587472084518,143.53782690125055,1.0698745694856069,16.75261723695246,0.9016533403597954,13,D06_px-1055_py-0118,0.6917893232988183,0.9016533403597954,2.1532944341766864,2.0040631120371413,3.066128000148935,2.185747270862689
-17.078737079334672,-395.4988688669502,148.10078204576712,1.0485377132525922,18.752907213733465,-2.2209318178909045,3,D06_px-1055_py-0118,0.6779927440027441,2.2209318178909045,2.2235584977929506,2.1822134233124943,1.5837921647498696,1.7058353756185483
-143.96368150238354,-396.2319301808769,135.89341826573764,1.1104191098853504,9.77471224953365,-2.5262778887685124,2,D06_px-1055_py-0118,0.7180057424628757,2.5262778887685124,2.01207068697257,2.184294354078248,2.0532818225288745,1.8853410336457692
-33.211586898899334,-391.0160521345503,140.33553915656648,1.0678207668523314,24.512284963189582,-2.2625091203114787,3,D06_px-1055_py-0118,0.6904613183397453,2.2625091203114787,1.73637156547337,1.8064775917764075,1.8515192875258926,0.6662066784531644
-122.80890937067676,-383.3318575710277,145.2315781626337,1.064060658860854,16.398308225521475,-2.4878164855488123,2,D06_px-1055_py-0118,0.68803000289666,2.4878164855488123,1.9385767320858847,2.774428707883196,2.2058891552443702,1.1756874994542301
-233.18820867897048,-345.281058668675,148.0076070219308,1.070633597416422,7.017163327021137,-2.771771195176525,2,D06_px-1055_py-0118,0.6922801167372267,2.771771195176525,0.7554098859568894,2.7458441698911704,2.6616947138242346,2.0689155764854057
174.5176917114742,-329.50607271182497,146.72330989420888,1.0264279125299156,32.3274753917446,-1.6907028874036127,5,D06_px-1055_py-0118,0.6636963727117,1.6907028874036127,2.284750119077965,1.7788050251632646,2.759507420565512,1.3314709340586388
217.083483585739,-326.6168726625799,140.27887303100195,1.0677268674183689,24.679499481826724,-1.5911758495667,5,D06_px-1055_py-0118,0.6904006022261635,1.5911758495667,2.4921970288820363,2.109469172355127,2.300258319610075,1.9440803426245639
159.1269835212975,-304.9732499792593,135.3328323130566,1.0265178861563908,54.28315357107738,-1.69686150271459,5,D06_px-1055_py-0118,0.6637545503672395,1.69686150271459,1.1924071565641265,1.4118392538757267,1.7076516591296758,3.1102327750032
-246.9799254943056,-286.52056287026414,148.3378320460774,1.0279580901122611,28.48373540923336,-2.8891938183149577,1,D06_px-1055_py-0118,0.6646857975886057,2.8891938183149577,1.8395454111603748,2.1399258843245645,1.740051356382723,2.656267876102458
280.7926402619147,-283.1985873143623,144.01542102900478,1.0636911321629847,19.101558783774067,-1.3966435992744175,6,D06_px-1055_py-0118,0.6877910640233089,1.3966435992744175,2.0716802979533537,2.5975149060193568,1.7895464484332155,2.493304621698328
-260.90312307944646,-278.5800003963009,145.4394942165655,1.040558253230658,28.06557462536881,-2.9304194195791538,1,D06_px-1055_py-0118,0.6728331623038185,2.9304194195791538,2.5019294687513405,2.176140100425733,2.3262399753384058,1.154608717208549
335.0444618442667,-242.5222884456373,144.105216438761,1.0787534042210865,10.612463692470785,-1.233534217411361,6,D06_px-1055_py-0118,0.6975304477712811,1.233534217411361,2.680842452312577,2.362078585041344,2.1065070620483173,1.5919063943504395
318.5317352375338,-231.125537077136,148.2666976866847,1.0455097630061332,19.9744135900512,-1.234678651696481,6,D06_px-1055_py-0118,0.6760348475242929,1.234678651696481,1.9359018671425672,2.0007204104401137,2.4958122003686016,1.8610606376613472
-370.25392256845134,-185.09585654201803,142.2092956330331,1.08458141112897,11.311503792219298,2.9981935211245894,19,D06_px-1055_py-0118,0.7012988829411385,2.9981935211245894,1.4997810667622922,1.9378623231544263,3.0144696310577577,1.8886261021381825
303.62602376593395,-174.38302214950676,148.30218918832858,0.9932854770499344,43.99838692832918,-1.1283138280675025,7,D06_px-1055_py-0118,0.642266212890073,1.1283138280675025,2.377297003969258,2.5481853155742025,1.818622510905874,1.50990494106879
-330.0188566523049,-166.83445023397888,148.19159835454604,1.0183126311350672,33.26823435800543,3.0026749803455166,19,D06_px-1055_py-0118,0.6584489678432761,3.0026749803455166,1.8158267250968816,2.5303056808488362,2.268992650780705,1.9350671347303054
374.3742197897576,-160.85280108644872,141.87025588350983,1.079033249206108,15.186389562835814,-1.012788747763806,7,D06_px-1055_py-0118,0.6977113977427435,1.012788747763806,1.529320736874359,2.191908100333489,2.1198522597966325,2.1772614628469906
379.9219775168761,-148.15933406130836,140.96640915518657,1.082015964972041,15.427542434895711,-0.9788122173480338,7,D06_px-1055_py-0118,0.6996400452498054,0.9788122173480338,2.208577785904399,2.286500287369897,2.3628753328172145,1.1564073960856753
355.05342317016897,-101.0659127291948,146.29887950625647,1.023275226277838,34.60919223657908,-0.8842948370959076,7,D06_px-1055_py-0118,0.6616578209495557,0.8842948370959076,1.9279435137815089,2.0448006908648946,3.0855216391408278,2.726991808117381
380.70535373113216,-94.69841900942924,151.3756797067973,1.0350723482441926,19.09846777563536,-0.8507763381678314,7,D06_px-1055_py-0118,0.6692859329308527,0.8507763381678314,2.152368442841971,1.484209463165512,1.9507414858457348,2.731204185535545
-341.7833619051981,-94.96054382011344,147.68359597188518,1.001126569333827,41.82817800450272,2.805616254678033,18,D06_px-1055_py-0118,0.6473363249197529,2.805616254678033,2.6448271623855817,1.735657021637688,1.5837984805128738,1.921908317752849
360.72405064920025,-83.25108569177237,147.62681001926592,1.020515915363437,33.33485366769406,-0.8337969988300775,7,D06_px-1055_py-0118,0.6598736287791014,0.8337969988300775,2.323607799388774,2.0809195081614384,1.4749580529060615,1.6935353126069193
-390.2729521225166,-74.44370439535122,145.4747017434183,1.0577940290769856,19.23781727645149,2.7230967077078043,18,D06_px-1055_py-0118,0.6839779507204586,2.7230967077078043,2.0066839601360167,1.521109009007529,2.7468507894790757,1.770050716835394
-400.0672787952143,-67.43138210011273,141.73500344824612,1.0776301504423516,16.25675365880528,2.7015937728022164,18,D06_px-1055_py-0118,0.6968041430308503,2.7015937728022164,1.5471408883680793,2.4108273787551977,2.8181517614244385,2.338200251097036
413.4661104165861,-60.938515743649845,144.3249888432512,1.0824405303164906,8.029167699479899,-0.7533106038314421,8,D06_px-1055_py-0118,0.699914572545537,0.7533106038314421,1.5938921937941872,1.0543741235989423,3.154191407082303,3.208607438573088
424.76710153808807,-54.53920326546372,145.18983502737763,1.0900338088656272,1.6896403319516369,-0.7346787386637779,8,D06_px-1055_py-0118,0.7048244462624647,0.7346787386637779,1.1715764957472308,2.424269186926695,2.209522175412412,2.3231616385341924
361.8838191647607,-40.83991624809703,147.81708362620617,1.0125964170325588,36.564806572699865,-0.7193577279892378,8,D06_px-1055_py-0118,0.6547528187818897,0.7193577279892378,2.3073962174807576,2.696566670806177,1.6751917066216007,1.137355068503292
-407.9992401173213,-42.85881633439553,147.55654326204075,1.0653820359088826,10.882027658266338,2.639275588234101,18,D06_px-1055_py-0118,0.6888844157034975,2.639275588234101,2.255015607960924,1.6507286475521772,2.6215138642151388,1.7638164952253397
-395.96149885070906,-27.595356740212345,143.83864714992222,1.0622011782530865,20.257415462794484,2.6041926386767487,18,D06_px-1055_py-0118,0.6868276480898219,2.6041926386767487,2.0541912937743625,1.9147947051362895,2.4985064299259587,1.7011171373727136
-359.7849291963731,-12.886779792757071,139.82847006682974,1.0321938052089104,43.04022081259831,2.5704158250968017,18,D06_px-1055_py-0118,0.6674246443319267,2.5704158250968017,2.3895075387916473,1.6498587342236666,1.7842686577436446,2.9121893470307936
-395.804112209493,-11.589934795596,146.1645032054098,1.0543238686807748,19.653951900682443,2.563886753841622,18,D06_px-1055_py-0118,0.6817341176761914,2.563886753841622,1.4421653754733876,1.9406291934737114,3.176077029800596,2.064392314803554
375.3075414708016,12.125943866653431,145.18953864802606,1.0341715378520473,31.647973135959603,-0.5746814142454382,8,D06_px-1055_py-0118,0.6687034618362249,0.5746814142454382,1.6786573978833899,1.9565911072095323,2.8182298672888377,1.6129367890552258
-359.91963078547263,21.36162377574587,144.96268254408395,1.0168497504934564,40.074427380452505,2.4753315701231333,17,D06_px-1055_py-0118,0.6575030576983014,2.4753315701231333,1.8284694598533069,1.4848224694737364,2.2969539608641742,2.674099925711254
-389.878378231579,29.65073582877748,143.30048666768252,1.057392522133428,23.875740266187226,2.458707992153194,17,D06_px-1055_py-0118,0.6837183331683591,2.458707992153194,1.929225052775029,2.008992762318271,2.4567694256674475,2.6687801634591746
367.8687013621425,53.1978621487968,142.4685645770168,1.0379973768594684,35.164316640686366,-0.46336411718246,9,D06_px-1055_py-0118,0.6711772794719376,0.46336411718246,1.6502709541126126,1.741539958527129,1.8785294902373946,2.293571824894811
390.5471948775621,132.2671962211206,145.7124582917929,1.0728300903233567,10.576194967887544,-0.2804323644290049,9,D06_px-1055_py-0118,0.6937003863511213,0.2804323644290049,2.9599608872238923,2.0802924092241013,2.465780518576589,2.735189270552871
376.67743605821545,146.71638575544753,146.6287038839335,1.061802428944074,14.742954040729728,-0.2355563127195097,9,D06_px-1055_py-0118,0.6865698136459392,0.2355563127195097,2.1693620028781684,1.9371807904878373,3.6824229254241807,1.7759816727858415
-314.18604809782005,192.39472186842363,146.24959452483972,1.0225281697885775,35.04759923395642,1.9851554918951029,16,D06_px-1055_py-0118,0.6611747683395475,1.9851554918951029,2.14350834773727,2.3646055947159694,2.0197982085116863,2.608032330309811
-290.3683919905587,255.8060904691867,142.63741038170477,1.0549428732957695,26.48123293153504,1.812411388919049,15,D06_px-1055_py-0118,0.6821343709357225,1.812411388919049,1.9144271233675494,1.6035444369846183,2.1539435885276483,2.6335695193335704
331.15762655702906,260.1615485366579,143.54506927604658,1.0878222881285686,6.556021010483391,0.0589267269331861,10,D06_px-1055_py-0118,0.703394459535248,0.0589267269331861,0.947649000766444,2.8400314398358315,2.413812681761666,1.9247747337419554
268.8987182673439,267.1562288260267,149.64242201680565,1.0249840794741412,27.37800567657621,0.1751680631030396,11,D06_px-1055_py-0118,0.6627627788857519,0.1751680631030396,2.363656348335531,1.4115049982846002,2.2752668700877963,1.1285015899339514
303.0219222514445,291.96161124573547,145.08597457534958,1.0830839735777764,6.032158289493566,0.1598314999155062,10,D06_px-1055_py-0118,0.7003306280262465,0.1598314999155062,2.629600410182327,1.7223485905847018,2.3373107143564846,1.620868188930724
-195.1845347447044,305.9187644587536,148.98375755503696,1.0074461925419618,36.65938944251826,1.5317292839378205,15,D06_px-1055_py-0118,0.6514226430614778,1.5317292839378205,2.057221580346793,2.0475699239502254,2.3968802290199296,1.5180639140524352
303.14304515829286,308.0591748554704,147.33246045268652,1.0877834044855457,1.5756431231785086,0.1864618348153138,11,D06_px-1055_py-0118,0.7033693170654095,0.1864618348153138,1.4950487152623966,3.11115966963704,2.49895446576586,1.4046785404969797
-205.6338557396353,309.5449014385956,129.56432575025093,1.0784724910127106,41.53520521873651,1.5501862693440884,15,D06_px-1055_py-0118,0.6973488070781843,1.5501862693440884,2.729903266000835,1.5162651380055565,2.33953882014782,2.447532275512545
-237.56702591771327,314.0822269469266,124.4806435310829,1.1181702306598822,31.005251091567345,1.6113916753654585,15,D06_px-1055_py-0118,0.723017678205959,1.6113916753654585,2.831685327413862,1.8353435808325247,2.3063544979269555,2.3891400057371186
-240.28536075524912,329.7961675394939,129.9834226020751,1.1151187436158967,20.274587559548426,1.5934724672892222,15,D06_px-1055_py-0118,0.721044562648844,1.5934724672892222,2.3098414042313316,1.7958669463560843,1.926995207929072,2.730191555835996
168.46965702724262,340.2563806480865,145.95642243051097,1.0367127280382835,28.92212746018106,0.5040762747800777,12,D06_px-1055_py-0118,0.6703466154258603,0.5040762747800777,1.493048553586322,2.0873578717293277,2.2159694093880566,1.4447045441592434
-203.5100858063828,345.9344796791188,144.56771401729833,1.0647721812690594,17.38378571361727,1.4955821283205497,15,D06_px-1055_py-0118,0.6884900788899804,1.4955821283205497,1.6064021631305405,1.4790667912745201,1.609361968628847,1.9484324584283885
-194.07774269974104,359.10705417671613,139.3863419247122,1.0870851439416334,15.932007970470297,1.4592948101497965,14,D06_px-1055_py-0118,0.7029178162979957,1.4592948101497965,3.0518327952257787,1.4288804151574377,1.7794785304327116,2.0200871923101893
-55.41086726304159,367.896333031415,144.38277380701453,1.0325539185692951,33.99158176298397,1.1133085833160623,13,D06_px-1055_py-0118,0.6676574964671178,1.1133085833160623,2.3761869957120743,2.097865428652947,2.380647317533673,1.8922761223868976
186.509155906299,379.66374847879337,142.3429905169442,1.0930866469223437,6.031958439502205,0.5071950580278538,12,D06_px-1055_py-0118,0.7067984353950526,0.5071950580278538,1.7143416617244422,0.986009694210209,3.0462978019260296,1.8258977292987653
101.0881960035206,379.48712568855416,141.42784917967154,1.064859596280819,23.81565828995344,0.7034810349023825,12,D06_px-1055_py-0118,0.6885466021250923,0.7034810349023825,2.0713734119413756,2.2180351995156777,1.874128499317339,2.50496620352157
86.94780005705778,386.58882190023246,139.863475098442,1.073317867552912,22.55879894827848,0.7425877513404427,12,D06_px-1055_py-0118,0.694015786949639,0.7425877513404427,1.5848384803498365,2.2222914174078063,3.0336463694490465,1.5691311902791976
-32.45931748191984,401.028288549797,135.82190712642333,1.0917856547176703,20.956346927414074,1.044580950401481,13,D06_px-1055_py-0118,0.705957203588486,1.044580950401481,2.380233980951863,0.9115885000410684,2.4256895739733033,2.3376852113798496
101.74960770310568,394.6825587329102,138.52369687747083,1.0890238842110231,16.683021110095353,0.7115094800559006,12,D06_px-1055_py-0118,0.7041714210263127,0.7115094800559006,2.4873485118876046,2.656992966813094,2.2682282645413543,1.431351053230969
-33.14316021759212,-422.88406619179153,147.99038317628168,1.0781856036802686,2.720055303490824,-2.255990081499341,3,D06_px-1055_py-0118,0.6971633034694122,2.255990081499341,1.2020425158942056,1.4093050361887303,1.798788318214588,1.8887434997500554
-42.7911227664829,-396.4278801446413,145.95370951404198,1.057915151198162,18.197875498886333,-2.2853012993217163,3,D06_px-1055_py-0118,0.6840562692380073,2.2853012993217163,2.134494206981082,2.2026092783999154,2.610842925333529,1.1667481882393904
33.483613403443805,-386.6789080176444,149.43282436694693,1.0360393850126737,22.426734513704616,-2.0913985129747954,4,D06_px-1055_py-0118,0.669911226522039,2.0913985129747954,0.5781023123320781,2.343132894915734,2.248010855821027,2.0987805709661833
-165.2563103438329,-346.5103804214206,138.406317467891,1.0643845985525673,30.29502413960887,-2.622786237330193,2,D06_px-1055_py-0118,0.6882394648527729,2.622786237330193,1.7429053017080327,2.2087315349714967,1.8443011915643928,2.017946478125966
-200.5503626763484,-331.9847136514062,147.1960657806254,1.042328322382316,23.71038225022886,-2.721201075265048,2,D06_px-1055_py-0118,0.6739777029589034,2.721201075265048,2.386962422802948,2.5526596612452512,1.5570292966681927,2.4178977179012193
-187.892490656528,-324.37266899639195,144.1703024094517,1.0365122794656114,32.52679361305741,-2.7027973880534564,2,D06_px-1055_py-0118,0.6702170037999744,2.7027973880534564,1.0907719444662336,1.8531612519093803,2.973556944910749,2.477021960280344
179.37697725727546,-308.9623121530344,140.75716308948537,1.0258729832972937,44.096722772906105,-1.6517590486556006,5,D06_px-1055_py-0118,0.6633375510990891,1.6517590486556006,1.9005927652897943,1.9773907645239865,2.9818023508432594,1.7007509455675205
-263.54966152268827,-289.5283176468159,147.16821970353274,1.0464879829239624,21.6686741383594,-2.916237465235468,1,D06_px-1055_py-0118,0.6766673722279297,2.916237465235468,1.7497103268230516,2.647967510205098,1.7328658464340942,1.4810593590509402
319.81824953789135,-267.5363419465789,144.54299619949256,1.080852508746599,8.482242895548609,-1.30359916076169,6,D06_px-1055_py-0118,0.6988877452906865,1.30359916076169,2.0957892944318304,1.7336762800921983,1.948042431361916,2.2626730645079522
-274.8011744208177,-249.0742434002604,145.3954936826864,1.0280881294267947,34.11898359432803,-3.012243473085365,1,D06_px-1055_py-0118,0.6647698820336138,3.012243473085365,1.6068154357630178,2.2521506720916555,2.002254871101693,2.2410170645103107
359.78385049174324,-194.9200706046835,140.96304244546374,1.0834485166514916,14.623556024027152,-1.1034821183673535,7,D06_px-1055_py-0118,0.7005663444489668,1.1034821183673535,2.3561418323362364,2.581707345954566,1.3927185444219217,2.078689498678866
-356.600073626014,-177.25639483825304,147.424678829413,1.0530714162711523,17.758777215299006,2.9959166746148607,19,D06_px-1055_py-0118,0.6809242720834194,2.9959166746148607,2.9366804804192226,1.9332627337256554,1.0556098639750071,1.8822562345204135
-350.49011614005315,-153.51738367491848,147.94814879990702,1.0341701780400343,26.25269481968735,2.9474496525683813,19,D06_px-1055_py-0118,0.668702582571067,2.9474496525683813,2.0002577318234893,2.709853609959544,2.6167324237134,1.660101469063755
-354.94941360853056,-141.33834596436293,140.80160511511363,1.05500896209254,30.16961050137678,2.913560707305743,19,D06_px-1055_py-0118,0.6821771044722506,2.913560707305743,1.720125610615521,2.4141740916230185,2.2681545482939143,1.5802440232992347
344.3657343135916,-139.58702820808892,143.77790685601298,1.0338503587752494,34.56092648117209,-0.9920854066790514,7,D06_px-1055_py-0118,0.6684957849154597,0.9920854066790514,1.8316688457616355,1.1358478987930083,2.079937523672994,1.8088344721892047
-399.67449767334193,-111.9380354104063,135.954490804778,1.1040046865793534,13.53856717053003,2.8076895160284727,18,D06_px-1055_py-0118,0.7138581258311977,2.8076895160284727,1.5266256536684806,2.604127688923847,1.5528838823016948,1.8214316352865882
378.94902744934615,-67.1071279356084,141.515241691807,1.0559618158648263,28.23958307331605,-0.7822499274389945,8,D06_px-1055_py-0118,0.6827932272263876,0.7822499274389945,2.4609400395543286,2.331841239663828,2.5096054744369587,2.151947253863411
-379.61379271065806,-24.86959716088336,144.4863544174397,1.0419953030023426,29.24788160777058,2.6000325279620067,18,D06_px-1055_py-0118,0.6737623700048468,2.6000325279620067,1.8424504416326644,1.526469722064525,2.4182206975237053,1.684177470448495
-409.58358662305847,-22.53635888575419,139.0772696790279,1.0900125085565622,14.919553631210988,2.5895803079253734,18,D06_px-1055_py-0118,0.7048106733148553,2.5895803079253734,2.904537726825059,2.263586342414525,1.4174452887009508,1.8474550914307297
-410.5832189552306,-3.117644209976945,145.7227204033342,1.0710220014462224,11.565498829055343,2.5422061848678807,18,D06_px-1055_py-0118,0.6925312618420881,2.5422061848678807,2.556663919273017,1.6250280625364484,1.673918773795981,2.302488506011154
420.7908600950142,39.88509477195783,137.72117005561188,1.106126674194858,8.318031647742373,-0.5124758470530856,8,D06_px-1055_py-0118,0.7152302197368265,0.5124758470530856,2.1053890125890042,1.779667512998759,3.8386624709769475,2.3193632192164557
-410.4751150610029,43.05557456431468,132.52763909301356,1.1119572642341964,16.421986634228574,2.4301032423145914,17,D06_px-1055_py-0118,0.7190003251798281,2.4301032423145914,2.0145093143259225,0.9775854700061595,3.4227289044089217,1.9017455661864404
418.751611088629,62.33829877247916,143.8401546138605,1.0891559048420565,5.130673882892609,-0.4591978301614056,9,D06_px-1055_py-0118,0.704256786606175,0.4591978301614056,1.5656756706482158,3.003925311068258,2.854681007595664,1.809732307755153
-368.9232052649355,73.41052042125423,145.22924937026016,1.0348142793629769,31.26296278629229,2.338192836502115,17,D06_px-1055_py-0118,0.6691190635596267,2.338192836502115,3.1602599507522617,2.233615540901902,2.0742353931703073,2.837998623506458
-404.9834658136354,74.91811687104718,142.99213388458978,1.0802115530231833,12.142603697489506,2.35169048615376,17,D06_px-1055_py-0118,0.6984732982715566,2.35169048615376,2.376156149072595,1.6041979873685812,1.9511543636480093,2.416978740546005
-339.7261136920727,113.6555136847598,145.06456250859733,1.0136432759923832,41.30149910377037,2.2117675904911227,17,D06_px-1055_py-0118,0.6554297260307034,2.2117675904911227,1.810216787145058,1.69377548032859,1.7837390016141677,1.7498219792242953
-340.5331978223176,142.05530471684875,143.50897751650743,1.0315773012017984,36.153171001351325,2.139405532852457,16,D06_px-1055_py-0118,0.6670260079851481,2.139405532852457,1.857586070402514,2.135194342142622,2.393315378967526,1.6258578505572077
334.6281860190188,169.44190358552592,146.97510389787004,1.028289151402911,30.96554149929653,-0.1382578875641544,10,D06_px-1055_py-0118,0.6648998644266831,0.1382578875641544,1.5895944830477071,1.8614272351183474,1.6048946924814158,1.4628164050436219
395.10914395754577,178.2239182125628,146.71146217534664,1.0906991956928729,2.0059819752113413,-0.1832318660330201,9,D06_px-1055_py-0118,0.7052546906257582,0.1832318660330201,1.2424823373865188,2.2286441084213733,1.8831554668601036,2.018395690023667
-367.8724346951748,194.81979641982923,141.7466646435782,1.088239716899072,10.185252008462612,2.047578433657932,16,D06_px-1055_py-0118,0.7036643722660562,2.047578433657932,2.8468209539469984,1.749972039256357,2.0334765520122415,2.274602004686489
-294.2035499656836,209.4043950344757,137.97438462486363,1.039388815907955,43.36932961819628,1.9160333826121607,16,D06_px-1055_py-0118,0.6720769949201016,1.9160333826121607,1.480322317875478,1.4758952708420314,1.963180643913303,1.885478267921656
334.1032956418705,207.32953778456584,136.74148252815476,1.0795293107882196,25.779800477679657,-0.0515828633187961,10,D06_px-1055_py-0118,0.6980321550688742,0.0515828633187961,2.5326195109394565,2.7138825017835395,2.2624838833706793,2.468404878030716
-311.4929342242098,230.2494988917591,147.1830181467167,1.0417992614302831,24.00048910937835,1.8980725378547425,16,D06_px-1055_py-0118,0.673635607980268,1.8980725378547425,2.158300556570894,1.5170573575671042,1.2677787458756162,1.4986980631767328
-246.36598419491287,237.95938653516689,138.57220258704308,1.014063130547822,53.40292792990107,1.7665705504499667,15,D06_px-1055_py-0118,0.6557012072931571,1.7665705504499667,1.7376064408602638,3.8753791935896293,2.8640068055588443,1.8144586090502905
-270.7355811180694,242.29695662027936,137.5715829729568,1.0433205115705213,42.334003581814784,1.80459068547743,15,D06_px-1055_py-0118,0.6746192603027917,1.80459068547743,1.8456887205403618,1.1398227096899722,2.076091135424507,1.9303182827681062
319.7375457397652,270.2889438366193,135.2714143813932,1.1094965955273892,11.73991656199155,0.094806594211301,10,D06_px-1055_py-0118,0.7174092374130041,0.094806594211301,2.5699345159286047,2.3530786906963366,2.5655877757050174,2.3199070106171913
266.0898151827968,284.2357723909743,147.7549957206754,1.042349642657188,22.59115702371753,0.2113798197116481,11,D06_px-1055_py-0118,0.6739914888165608,0.2113798197116481,2.1339681865111184,1.7009591095552135,1.5515561838521696,2.5074725525931085
233.95678878470736,284.6355501730393,144.70984999201173,1.0272647388860512,35.82849097604856,0.2758330159744385,11,D06_px-1055_py-0118,0.6642374712246855,0.2758330159744385,1.8524245942521134,2.593216305126906,1.6519524628149194,2.207050787439882
-289.31778551869814,290.82199975287125,143.4090981123125,1.0773454303679308,12.880936259347436,1.7466221162513045,15,D06_px-1055_py-0118,0.6966200407881847,1.7466221162513045,2.816549836160796,1.9752981675998262,2.7546280437562514,2.66305385373541
210.89411824369887,312.9579668515752,144.17836268700947,1.0394227153158233,31.110173805502768,0.3708413439537357,11,D06_px-1055_py-0118,0.6720989145442318,0.3708413439537357,2.1579019066044447,1.4649207036489291,2.6738162209720406,1.2760607941430968
251.178464568954,320.81177023209943,142.71385485408015,1.076537796993079,14.800387341704493,0.2995611493305933,11,D06_px-1055_py-0118,0.6960978186868304,0.2995611493305933,1.5398860830160852,3.0200468380568957,2.288450217112349,1.283291224385362
24.20693122388203,343.31256796968665,147.81791421246433,0.9868905485263608,47.51137136893294,0.893423408189263,13,D06_px-1055_py-0118,0.6381312017382571,0.893423408189263,1.7278443260660816,1.9253142783454604,1.976997813141518,2.3466301949751127
125.93151144143978,358.60214732624627,144.75639411700956,1.0407730901549834,29.311333959421177,0.6260970723517182,12,D06_px-1055_py-0118,0.6729720775512107,0.6260970723517182,2.1248605396939952,2.7740412757068413,2.256619218035853,1.8793904829556616
-171.7616374412046,358.4546606485549,139.5705153424893,1.0755000770845398,21.991942777323857,1.4106640564428874,14,D06_px-1055_py-0118,0.6954268208205597,1.4106640564428874,2.3698516285090765,2.637576078526814,2.0099610917632313,2.188329197852211
154.96391185723732,369.0674452126086,140.64431723521972,1.075229268631564,19.880953194356835,0.5662911065549302,12,D06_px-1055_py-0118,0.6952517139418929,0.5662911065549302,2.4364738938745027,2.040499240021376,1.9399757422766029,1.809605585288314
-135.79764753613472,382.433285382435,143.4460422950199,1.0727312597283192,15.375810193343682,1.3050175544862812,14,D06_px-1055_py-0118,0.6936364817099491,1.3050175544862812,1.0797860480114563,1.404304568548561,2.894621752764009,2.318570759406918
-158.40068859085818,-392.1332717403414,142.13114820360408,1.0936135661591655,6.177721028484029,-2.5616793726528693,2,D06_px-1055_py-0118,0.7071391455237637,2.5616793726528693,2.8560626397261286,1.8830216323943116,2.5418597551010493,2.3436500994896
-11.66610707174842,-381.36598581871584,148.15536687801145,1.0322971168004955,26.75650573269195,-2.20835664093626,3,D06_px-1055_py-0118,0.6674914464207603,2.20835664093626,1.74440358996329,1.9749310058458662,2.1537114959799957,1.8835884408458834
24.95790182116296,-376.90081966686745,145.74799481198357,1.0350776391264225,30.120574985793155,-2.111653641048597,4,D06_px-1055_py-0118,0.6692893540569752,2.111653641048597,1.4376967217371708,1.7725593633899073,3.5744710543196585,2.02776607659098
-143.91000575919702,-380.0842857685837,128.52333698101026,1.1179935701846335,21.867906525009005,-2.539722182059292,2,D06_px-1055_py-0118,0.7229034481512296,2.539722182059292,2.9348252200363474,1.6954785436190938,1.9347494331977224,2.2062217176227423
140.7141142709101,-376.1862217638413,140.3099993185448,1.0776416182828572,19.26046881901373,-1.8198344586222728,4,D06_px-1055_py-0118,0.6968115582268455,1.8198344586222728,2.1736674966338327,1.6710068923848804,2.942241949449596,2.185231064444597
48.63176819858355,-369.0355601052428,143.61336441285547,1.0351154562418732,34.284435448371426,-2.0467501385807,4,D06_px-1055_py-0118,0.6693138069016851,2.0467501385807,2.3729657963624042,1.1757310625294761,2.0572506905345387,1.8726293244263903
-64.40389644683198,-365.4358926557429,145.90739140769762,1.0267539615366486,33.75114141789322,-2.352223030562755,3,D06_px-1055_py-0118,0.6639071985675183,2.352223030562755,1.3363708497416162,2.0089927272000887,2.3846783392798123,2.0233763274777883
93.03421376542674,-351.0527198012197,145.79411021576755,1.0175279935973645,38.18961524236073,-1.9187161730600213,4,D06_px-1055_py-0118,0.657941615031345,1.9187161730600213,1.8159045550923523,1.6523068078169008,2.1652647765797646,2.2322568595113785
71.99712603268092,-346.9442910390639,145.27158129230574,1.008078163119779,43.338240394161744,-1.973162178165631,4,D06_px-1055_py-0118,0.6518312802146939,1.973162178165631,1.7473632715670213,2.5478626445506105,1.6525260743890056,2.8922466166879546
-275.91526967856026,-318.9064025585678,139.17510378093547,1.1009725078107602,8.23031104240755,-2.8910238129590966,1,D06_px-1055_py-0118,0.7118974951570294,2.8910238129590966,1.9762928433281424,1.7787631515926186,2.6760768027357207,2.7097598098981774
256.520043911687,-314.44160608316395,133.3482265270788,1.1027236405552758,20.08106478091173,-1.4934774550677574,5,D06_px-1055_py-0118,0.7130297913821068,1.4934774550677574,1.737922863820184,1.6829507224672298,2.21678594074094,1.6789975692564436
218.79442047917624,-301.6385358046353,142.28632998699482,1.039660575761691,34.730380327170224,-1.5502363167244952,5,D06_px-1055_py-0118,0.6722527169819937,1.5502363167244952,1.494469216668731,2.4371475058599863,2.384533857872227,1.559400264788112
252.77135367536133,-297.5557442420544,136.63912613284785,1.0768858598280886,27.41984555454627,-1.4735765359311572,6,D06_px-1055_py-0118,0.6963228788574003,1.4735765359311572,2.3341410898057364,2.223292697926798,2.4739034969806077,2.5604472814851835
-304.539725584399,-285.6612400315921,142.82903820164677,1.086366055220701,8.94916793057456,-2.9951496577265986,1,D06_px-1055_py-0118,0.7024528478672714,2.9951496577265986,2.9602825165298072,2.12003372141446,2.320584254963562,0.5471548547468206
225.5649354539712,-289.1298993511412,144.2770337529333,1.0264976848005305,37.01901658544358,-1.515255785561349,5,D06_px-1055_py-0118,0.6637414880114281,1.515255785561349,1.8682664397321513,2.633646379846957,1.5474824041202346,1.9067055284993506
265.75498734727034,-282.9814731692101,142.08840190872073,1.0579541225349978,26.05512936206685,-1.423760392364668,6,D06_px-1055_py-0118,0.6840814684113559,1.423760392364668,1.6727919898631751,2.6053256994278438,2.0729337258008256,2.3329022709755054
-257.5563839770659,-259.109581237296,127.1455722867948,1.0792192172817048,46.27728635689891,-2.960167838755023,1,D06_px-1055_py-0118,0.6978316461651675,2.960167838755023,1.685579435024923,1.959757716106376,2.583180886305451,1.4368040981862058
285.0682238759854,-241.6644148908505,139.64576501430545,1.049059680886606,35.4481581043118,-1.3101614709561562,6,D06_px-1055_py-0118,0.678330252386079,1.3101614709561562,2.86024689612436,2.4283471406795503,2.6354692173024876,1.9411294842329023
-356.74954568562333,-211.2816182588849,137.12089403763878,1.1001405958537982,13.26303303457479,3.06930775562246,19,D06_px-1055_py-0118,0.7113595743332569,3.06930775562246,2.3336021573397465,2.9138551519812195,2.240731996669526,2.4724930410309707
316.9081602907568,-181.1130753409961,146.70603818360044,1.0169986810818274,36.69319634367935,-1.12617963742025,7,D06_px-1055_py-0118,0.6575993573897665,1.12617963742025,1.832547222786239,2.2787295577018343,1.1619388110009818,2.1839489138305863
337.41943038039045,-175.41421417925204,144.8946419148461,1.0406098507022756,29.11769518662453,-1.0863964298626965,7,D06_px-1055_py-0118,0.6728665256353644,1.0863964298626965,2.4492618715737065,1.7584597129541764,1.3702824594184535,1.0918530860802387
-344.99499451481927,-168.8865267611827,144.5021927912004,1.0461394067999288,27.168049362198417,2.989852338328693,19,D06_px-1055_py-0118,0.6764419801606342,2.989852338328693,1.6942496763508081,1.9587722729454626,1.4751197821138105,1.8256046937996113
352.95852363772747,-168.5458324094527,144.34941746870786,1.054411193278027,23.284627701575573,-1.0524844406122789,7,D06_px-1055_py-0118,0.6817905824485707,1.0524844406122789,2.0385984378539455,2.066816766000901,2.559197810794659,1.8172851932494127
-322.299872136891,-134.09179064913428,141.66071207200358,1.0126839555309886,48.150554055428415,2.9288758495799927,19,D06_px-1055_py-0118,0.6548094218644552,2.9288758495799927,1.7546371237807021,2.2580895323977397,1.9476899234951632,1.678088899847224
384.0455969304968,-93.36869799660155,131.55717637684515,1.097521475734501,27.01700088165597,-0.8454713429891394,7,D06_px-1055_py-0118,0.7096660306351036,0.8454713429891394,2.667239287712456,2.0790257932421765,2.389579950307483,1.697106652006362
-383.5760350546857,-90.9701805104306,144.94862098087847,1.0559986175042035,21.247557377229786,2.767474231086189,18,D06_px-1055_py-0118,0.6828170234562702,2.767474231086189,1.9223258604176072,1.4247818729455517,2.5410985502903127,2.4203187042601932
375.40231918788,-41.78906545973064,147.6393821419504,1.0293946300523498,29.15335630385437,-0.7178411933972236,8,D06_px-1055_py-0118,0.6656146756285085,0.7178411933972236,1.9710445145284776,1.312779748665456,2.239924533572867,1.560183858121777
379.032225818676,-24.34739958432837,143.76084123357882,1.0434830284550778,29.95825968008484,-0.67112709759627,8,D06_px-1055_py-0118,0.6747243450003801,0.67112709759627,1.9908192331373185,1.9491437028014464,1.6277372717561427,1.6212158886627333
387.0717910579116,37.825890429236935,142.51064361504956,1.0574657091786628,25.446237779845266,-0.5095656505002613,8,D06_px-1055_py-0118,0.6837656564882522,0.5095656505002613,1.7979376567938807,1.939780545747051,2.548734249708226,2.1493984985138312
374.2807547548049,43.92471723829518,146.32640952063184,1.032314787393736,30.31434025182153,-0.49015623514051,9,D06_px-1055_py-0118,0.6675028723655287,0.49015623514051,2.5080984025792215,1.5757522875374401,1.2515519639834123,1.9734500022331976
-362.0701097592986,84.62807183143984,140.79145715326504,1.0433198668228605,35.93747286816301,2.3050013040233748,17,D06_px-1055_py-0118,0.674618843403876,2.3050013040233748,2.5054045160041314,2.3508168088299097,3.304576130830511,1.9635669604707733
-382.1635238913312,99.65437178446749,141.4003788637009,1.0673304668839136,22.56438297577415,2.2795298601617398,17,D06_px-1055_py-0118,0.6901442865184092,2.2795298601617398,2.2093068296300507,1.5495059310495438,2.3110389224422323,2.2722044755818667
-397.7762626413535,108.7279729415008,136.79003602282296,1.0989146287894718,14.717522020656077,2.267791299725589,17,D06_px-1055_py-0118,0.7105668543733603,2.267791299725589,1.748226735457884,0.9713260497778238,2.4627052467734614,2.6627155880646454
-353.68184318499993,117.19975102841072,126.73608761658323,1.0886831101840446,42.30108986790657,2.2146301007967804,17,D06_px-1055_py-0118,0.7039510738564247,2.2146301007967804,2.0727949550800115,2.574020002174624,2.3395720321011955,1.8782082763620762
-347.2076943538248,127.56937603533568,143.93979371661442,1.0313615146278008,35.41518639802939,2.1825086851265025,17,D06_px-1055_py-0118,0.6668864786867982,2.1825086851265025,2.113213907399089,1.9944519765657422,2.5684732304515983,2.096744045776235
-325.2925835251921,143.10068698386124,144.4633558333727,1.0119128358539555,43.19484135237411,2.1201784925535394,16,D06_px-1055_py-0118,0.654310809807704,2.1201784925535394,2.537111265208217,2.9389817148089303,2.841321052517643,1.7402469940450138
374.7440987298719,159.94710880072768,143.61255927487744,1.0739185785827796,14.369232643173234,-0.2035709737221407,9,D06_px-1055_py-0118,0.6944042114329408,0.2035709737221407,1.905458740825509,2.414239037785415,1.7409288680592905,2.2558040730283926
289.1053736414831,210.674728476496,144.69110158355747,1.0141597620947012,41.78069792866614,0.0227578642667094,10,D06_px-1055_py-0118,0.6557636900124696,0.0227578642667094,2.537766071520374,1.7438450334976094,2.366352669308254,2.2561198347280085
-305.26538290357894,255.2259065162385,142.423307799628,1.0674403207397014,20.385277640585,1.8382567727502532,16,D06_px-1055_py-0118,0.6902153188868052,1.8382567727502532,2.596979737045567,1.774904131473963,2.031685931112585,1.5528749751651043
-239.2624666181836,260.8861546118952,142.17122213210868,1.0173286602384533,45.17146143513156,1.7060073416747763,15,D06_px-1055_py-0118,0.6578127245114606,1.7060073416747763,2.7279358692530775,2.2234835259394137,2.4976439003691566,1.4109412956141063
-313.1567268484168,268.7610141034553,134.04064444886345,1.107382334914844,15.77978190640033,1.8253595306745765,16,D06_px-1055_py-0118,0.7160421398483491,1.8253595306745765,1.9158060857594907,1.9894331528531664,2.434171085242186,1.787715940699278
-248.85469179859004,282.8730283283957,142.30318094746465,1.0444007314552295,32.40847674362675,1.685325046427891,15,D06_px-1055_py-0118,0.6753177389883964,1.685325046427891,2.1871308415811033,1.7482845442455288,2.5620427914076114,1.7042774621416361
254.00982674841944,301.8007210056161,145.52444980050095,1.0545718547591465,20.821337179192653,0.2641918093448542,11,D06_px-1055_py-0118,0.6818944674276831,0.2641918093448542,2.1067924729083187,2.81990213589008,2.1650693055630246,2.637354252962007
-269.9436237535878,301.295017622273,128.1383180435766,1.1173479333346787,23.136089393883083,1.694386783476539,15,D06_px-1055_py-0118,0.7224859742788095,1.694386783476539,1.887393295558458,1.0929046518153795,2.4673951111872015,2.5630653292713452
237.88725013082416,310.3142254594996,145.20731349126774,1.051719273315021,22.933815959611536,0.3097753186699957,11,D06_px-1055_py-0118,0.6800499657980806,0.3097753186699957,1.9673589629959638,1.922494680798271,2.299271648264188,2.359588125863753
189.0502088450392,318.1040039006843,148.97621230616818,1.0162517977790353,32.71828902862882,0.4275966910303391,11,D06_px-1055_py-0118,0.6571164167634926,0.4275966910303391,3.145771302734883,2.471775409858204,1.9201055466211074,1.1590540949546706
-99.23350026194568,330.60490609381844,143.03774644294597,1.0032422576998572,49.56240101402693,1.255417962494116,14,D06_px-1055_py-0118,0.6487043456810567,1.255417962494116,1.8647423682292839,2.4255010431773782,2.3974825489788896,1.5434951834803108
207.5261142732292,341.97696408702507,143.11636618516707,1.0676298023988997,18.84636254016675,0.4183813179463035,11,D06_px-1055_py-0118,0.6903378392200601,0.4183813179463035,2.2627806392286165,0.9206573935337563,2.655651645080777,2.2278351866069324
44.04499820475184,345.7517304743346,146.94037454348302,0.9954154795734816,45.60952689933242,0.8371101617641535,13,D06_px-1055_py-0118,0.6436434892983701,0.8371101617641535,1.30489874715512,2.1283682079932618,2.1503544625304354,1.9072100544894806
177.3555133707728,344.86078106331047,133.02753933719652,1.085196686988279,30.62890864979716,0.4888093861864441,11,D06_px-1055_py-0118,0.7016967251578743,0.4888093861864441,2.1502569911112777,1.338275693407358,3.4121366699565563,2.549438749558913
98.51093199975304,348.00585760172834,138.3014804598348,1.039034218570777,42.88837165382233,0.6879611256049037,12,D06_px-1055_py-0118,0.671847709488962,0.6879611256049037,2.4502171605062903,3.1342025207639668,2.6094770294368956,3.2951135131018527
169.26991303891683,356.58188285712725,142.52005224721887,1.063749342118975,22.149922783924808,0.5206121311932429,12,D06_px-1055_py-0118,0.6878287030393322,0.5206121311932429,2.462971535219274,2.026151021220543,2.471053165039847,1.79087280748015
62.259956648096896,373.0678860181755,131.70956971558195,1.0789701053137648,36.73790268806249,0.7984543300645349,12,D06_px-1055_py-0118,0.6976705684046131,0.7984543300645349,2.7842460298080787,2.043788011188832,2.2854592440850974,2.2727887392173787
-149.1439023760012,375.01676206294,143.05313023015202,1.071556464959479,16.843585981780564,1.3423382346838508,14,D06_px-1055_py-0118,0.6928768501593631,1.3423382346838508,2.116062087069867,2.9444828580540636,2.8878852006395084,2.6454413284224074
161.27633662459044,382.7943381601316,142.1067309058258,1.0863107768577325,10.53221668805736,0.5650729755409462,12,D06_px-1055_py-0118,0.702417104442386,0.5650729755409462,1.4770423164405446,1.7553886758928439,2.7098613910267044,1.6969928430824675
67.77891254874301,398.2355031884336,146.2288120212679,1.0626694862623478,15.09649243892028,0.795234141214414,12,D06_px-1055_py-0118,0.6871304597371518,0.795234141214414,2.456380407805632,2.1962931348949155,2.2743051200280466,2.4465289646359105
57.8837730531462,-419.6672642468058,146.97043274100434,1.080532440731972,3.5111191628013785,-2.040712880481359,4,D06_px-1055_py-0118,0.6986807867914722,2.040712880481359,2.8000561618733526,1.501039726055757,2.0906051390520712,2.019461310376679
-168.72352633078995,-396.2735275387938,147.4330082808202,1.08606912746414,0.7583611776192924,-2.580303107652214,2,D06_px-1055_py-0118,0.7022608520411824,2.580303107652214,3.1849247076461142,2.5517436541065583,1.6874266453320454,1.9729571990050383
-115.68438309439208,-368.9730471240419,140.15033711460387,1.0621343755915118,27.86619575416336,-2.481599465180448,2,D06_px-1055_py-0118,0.686784452962689,2.481599465180448,2.0940141760531557,2.872813773013805,3.0315202607895793,2.8835184458555716
-176.13838459592884,-361.3061474203949,138.39993517005186,1.0836563558621202,19.981004643254664,-2.6313772171361927,2,D06_px-1055_py-0118,0.7007007349195664,2.6313772171361927,2.167082502682404,1.7841157692622671,2.8128861026263237,2.430074834977091
-247.3003444576489,-353.18391153924983,143.64296085144852,1.0971598166627825,0.7240552764170047,-2.7886378807327654,2,D06_px-1055_py-0118,0.7094321790307895,2.7886378807327654,2.6526464832520276,2.0634482044483105,1.8231581164799597,2.1500267628395573
-183.3155293197495,-349.779984078636,137.2591532576218,1.0797523996674183,24.56106232442505,-2.6605077312518466,2,D06_px-1055_py-0118,0.6981764060952824,2.6605077312518466,2.5587293398575657,2.8130466446000857,2.858834459113606,1.6302069438722175
-146.868997404085,-342.06934011640976,144.83889095265832,1.0314253321280331,33.63471913557049,-2.5833289853427464,2,D06_px-1055_py-0118,0.6669277435850952,2.5833289853427464,1.7557298395838434,2.8833645292017485,2.3343700408564843,2.4903291419776608
220.15514140838687,-340.10963016111594,142.6051141329969,1.0744905802185427,16.166726271024515,-1.6032965346532944,5,D06_px-1055_py-0118,0.6947740721958905,1.6032965346532944,1.1618785905499456,1.8911449018302025,1.7865421384121407,2.337569058661296
-262.0573918875615,-330.16293101188745,143.02194369741846,1.089706338215847,6.571457494365234,-2.848676658636688,1,D06_px-1055_py-0118,0.7046127011610547,2.848676658636688,3.0046950752265866,1.9353014217268838,2.9153654030490035,1.6956644614412988
-199.08445798266663,-315.11787853619734,142.05636623284167,1.0404878168545593,34.788796318941706,-2.741234207424134,2,D06_px-1055_py-0118,0.672787617588254,2.741234207424134,2.234060763682769,2.5753729192058152,1.0342393185232361,1.3346797699935424
-272.4630599587862,-300.6163852586024,145.30989176895088,1.0671789143173591,14.544007295883432,-2.9140870937824657,1,D06_px-1055_py-0118,0.6900462914351992,2.9140870937824657,2.1422848632478972,1.180653952015617,2.4757918705352306,2.234169502956316
-223.22689677560945,-302.4221730818255,145.58895428273468,1.0334102848187106,31.23059384212104,-2.813636823398768,1,D06_px-1055_py-0118,0.6682112296290005,2.813636823398768,2.281739285226104,2.105769997091051,2.2253599956208427,1.5142183824773623
-295.57741890546083,-275.0667396435965,143.34528168241843,1.0708872549557804,16.600276977662418,-2.999101584244865,1,D06_px-1055_py-0118,0.6924441337000625,2.999101584244865,2.83369798795861,2.6420639315712613,2.1813632475638873,2.062571971280023
267.63562558511694,-266.9380478071513,140.93281093543632,1.050018123996815,32.393357669025875,-1.391072772417588,6,D06_px-1055_py-0118,0.6789499892501403,1.391072772417588,3.089733607280376,1.6845889946417387,1.9076862247332644,2.376080814516474
-264.26391117980404,-236.14262462508665,143.10497581731823,1.014916443951987,44.45298335083373,-3.0193118566323336,1,D06_px-1055_py-0118,0.6562529664612555,3.0193118566323336,3.4575755811476916,2.031345455116143,2.902977565560027,0.8589295037880094
319.39943699783885,-242.69468461318283,140.854057675085,1.075507407975788,19.28738863986888,-1.2567529528493304,6,D06_px-1055_py-0118,0.6954315610325813,1.2567529528493304,2.926476825139261,2.055904490146734,2.048136375928411,2.05714463264321
-337.49790931175033,-222.34216984866552,141.9883516697734,1.075279670149693,17.026720794442724,3.117146778301093,19,D06_px-1055_py-0118,0.6952843039604933,3.117146778301093,2.962885596168314,3.126376440138526,2.4623441718226307,2.9073956494856277
285.77458442628017,-216.46675991020263,145.94632218333766,1.0112589668707337,40.68547581592537,-1.2552467372867997,6,D06_px-1055_py-0118,0.6538880129730744,1.2552467372867997,3.345105902214389,1.785821073033833,2.6928499465126854,2.0752090206263762
318.1392313603501,-208.4843825126217,127.85528304134648,1.093535176184504,37.30316557730475,-1.1870885979502352,6,D06_px-1055_py-0118,0.7070884579487233,1.1870885979502352,2.650464317439924,2.546519716828077,2.3911866293012354,2.9487752534192078
311.42399216747697,-188.13465330495245,143.98486070451204,1.0239125544292864,38.76485415391318,-1.1504163304406527,7,D06_px-1055_py-0118,0.6620699223520797,1.1504163304406527,1.8461718996994687,1.3231075697336627,1.8651846270677255,2.8294178030889854
378.2173247104872,-177.62610197103973,142.02730012642797,1.0889795187646218,9.147575294200749,-1.0460457685451603,7,D06_px-1055_py-0118,0.7041427339792333,1.0460457685451603,2.865111458975874,2.0948104057954033,1.941041196687085,1.397057073608755
-381.53305280043344,-158.2677726486546,130.47106099271844,1.1184525120654785,17.134217041736576,2.9278302374394296,19,D06_px-1055_py-0118,0.7232002035861549,2.9278302374394296,3.107690159435778,2.295598132676114,3.0918703292806358,1.939285792725277
-333.8207432125228,-152.95011770432615,138.7488395863306,1.0442179402820422,39.5697565542402,2.964248999823447,19,D06_px-1055_py-0118,0.6751995447760926,2.964248999823447,1.4391782955095098,2.2197912209785704,2.360276145793182,2.721140551506149
-391.6544844934481,-118.87978121077045,143.42366592039318,1.076362549130377,13.402380484347418,2.8293073873287184,19,D06_px-1055_py-0118,0.6959845020384998,2.8293073873287184,1.8145381338205337,2.8951215003805153,2.6741010474578815,1.4573943513263956
-377.11085715587535,-104.39744279395252,132.11798970994786,1.0917090768853432,29.03485255324506,2.804684414084795,18,D06_px-1055_py-0118,0.7059076877589522,2.804684414084795,2.342371609709766,2.7897246857834537,2.528779856287148,2.0365956751113368
426.02359525181976,-71.33973172804224,147.02614913940795,1.0884070653724425,1.29308491738135,-0.7728950252555135,8,D06_px-1055_py-0118,0.7037725811070268,0.7728950252555135,2.2313467057114407,2.521608066067553,2.2235419879161675,2.1879182328953584
-378.51831469745497,-64.8476241378595,139.46085787069478,1.061306255943722,29.706497249176323,2.704285579242702,18,D06_px-1055_py-0118,0.6862489842758966,2.704285579242702,1.6326099043144284,1.7281070976730022,2.3278948782352273,1.8395735316212551
-355.5844723004581,-39.625886850476576,142.84406295462767,1.0199844096372683,42.71738972019193,2.6455939682897207,18,D06_px-1055_py-0118,0.659529952990254,2.6455939682897207,1.1554750981332873,1.8826978758447872,1.2658238722808264,2.0749049627054763
359.5991528559398,-15.699774899018427,143.78018078133232,1.0197507640743289,41.03323866249434,-0.6506109224118467,8,D06_px-1055_py-0118,0.6593788759289911,0.6506109224118467,2.105733569632659,1.9974965338017485,1.990797581581469,2.1584271408433438
-370.3350166724152,3.134508611836526,144.8054407584388,1.0292486217765262,34.72075566877254,2.526149342683103,18,D06_px-1055_py-0118,0.6655202655273538,2.526149342683103,1.7962837763484045,1.1070946847337946,2.2472966953149105,1.7607031166117793
431.0437548670481,19.769356397522763,149.3150562403033,1.081590231995207,2.0982530720317527,-0.5611477292972914,8,D06_px-1055_py-0118,0.6993647629537775,0.5611477292972914,2.1959590539056606,2.0178638831496016,1.596902633195346,1.4048748570260785
-407.9340284155904,26.54807197923018,137.65836663917696,1.0928039009208588,16.384969210210954,2.4696254393379338,17,D06_px-1055_py-0118,0.7066156096034958,2.4696254393379338,1.385619007137876,2.489956190380992,2.4784107775910122,2.2676875337464613
398.6471717052704,26.556386422724664,143.84151634570406,1.064974214166599,18.77377709814232,-0.5404615449010741,8,D06_px-1055_py-0118,0.6886207149528043,0.5404615449010741,1.2509851080738024,3.0124390850516396,1.9044754764038105,1.8734462857455747
-378.4287685424027,59.069599246939,143.73927257267334,1.0471863020163996,28.17094560531376,2.379770886579059,17,D06_px-1055_py-0118,0.677118910853281,2.379770886579059,3.0460511172405074,2.4776720395464418,2.480394008669972,1.8628898126280915
-351.03051509982333,60.39712086667385,139.48849943818993,1.0285527074772065,45.34828169643038,2.364224801630362,17,D06_px-1055_py-0118,0.6650702818601733,2.364224801630362,1.735278786563136,2.0735670794665078,2.11182197281009,1.6458841870610965
-351.3822270523966,96.00262569555612,142.86584905830497,1.0278833706559511,39.110935534921225,2.2679078809077846,17,D06_px-1055_py-0118,0.6646374833996417,2.2679078809077846,1.9907143614118472,1.1314638242677866,2.956904541259309,2.133957357283348
-340.649521689874,99.35914842435024,147.4172270681686,1.0020921268526763,41.90926223441102,2.2508107936870245,17,D06_px-1055_py-0118,0.6479606620164764,2.2508107936870245,2.645291412169633,1.3088079499456307,1.0318062407273827,1.9162359005364613
331.94266385069164,143.0988438693708,147.79026922564356,1.0093204067293895,38.07016892585398,-0.1999576583916262,9,D06_px-1055_py-0118,0.6526345247169704,0.1999576583916262,1.6319976717791747,2.434119458036662,2.2311771974859194,3.208564159665371
386.67295678837314,140.98930116203283,133.7705127646846,1.1071228617935185,16.53939686746446,-0.2573386566174702,9,D06_px-1055_py-0118,0.715874362484408,0.2573386566174702,1.6756636562687435,1.6402476553232177,2.8034807456863855,2.8269725941743
326.2474958533485,158.63619225880274,147.20367165141266,1.012721981962681,37.66703167778553,-0.1543964032249076,10,D06_px-1055_py-0118,0.6548340100546957,0.1543964032249076,2.347240987130173,1.7513376998776349,2.3495267525528996,2.64214952461837
333.51736709578654,164.59644038802122,144.00668068748013,1.0335546602940924,34.25344196336141,-0.1485318810289887,10,D06_px-1055_py-0118,0.6683045839485291,0.1485318810289887,1.7953115155013468,2.40971137569546,1.8313756244259662,1.3426311412504324
-326.2147417840418,190.8930477372824,142.44293670495782,1.0453624179187335,31.66019219707414,2.005164913705823,16,D06_px-1055_py-0118,0.6759395730302439,2.005164913705823,2.9852967232100203,1.422866498453641,2.232865035304438,1.765471724180113
-301.4505527537088,194.0253183239216,137.77768275293005,1.0368234407211392,44.9380443106233,1.9627226440631853,16,D06_px-1055_py-0118,0.6704182031186028,1.9627226440631853,1.8926291772971657,1.3051065268904676,2.5491851956174023,2.5820975971644007
-309.9917913469905,206.3182348846852,127.84211805493264,1.084859956423159,41.9134476435583,1.9473768438171304,16,D06_px-1055_py-0118,0.7014789925222716,1.9473768438171304,2.1184739964988637,2.6199065498092042,2.7722865913563703,2.137499849746259
-336.61523282498354,237.11448769045475,142.36756517232473,1.0819169503557318,12.499936416699711,1.9209348412929772,16,D06_px-1055_py-0118,0.6995760216190295,1.9209348412929772,1.7979868894562117,2.143463765242227,2.092362976264374,1.7883166130175905
322.21406717632027,247.60619053697565,140.5394408998797,1.0818210361769005,16.446516351689468,0.0482269315493282,10,D06_px-1055_py-0118,0.699514002755547,0.0482269315493282,2.212981749873679,1.1965997702827367,3.267625571214601,3.0269614112080943
-338.765210901288,255.63053335136408,145.7693049697324,1.084666384931535,3.6428091572117856,1.8881776951603648,16,D06_px-1055_py-0118,0.7013538276711575,1.8881776951603648,2.360342313830115,2.5941578935018264,2.3305049853860553,2.3900520652821275
-249.6529762724328,267.0934638723964,136.06177353901126,1.0508055893416064,41.80727521673703,1.7154771933570814,15,D06_px-1055_py-0118,0.6794591705444077,1.7154771933570814,3.0589444704431195,2.1625134144189477,2.045353550836223,1.6632206947861516
225.46294869900424,265.04842062097464,137.5746984444635,1.0243333920543047,50.90840859836959,0.2589465664975938,11,D06_px-1055_py-0118,0.6623420392750664,0.2589465664975938,2.0971937758629204,1.9928435512473328,2.5871980203024085,1.0979391286699633
-300.74667247784635,276.72892227797894,138.1700416296424,1.091179712745992,16.21099032646606,1.7907819372773095,15,D06_px-1055_py-0118,0.7055653967370088,1.7907819372773095,2.406311496456641,2.5773990676842606,2.479817771584663,1.8214565315005993
-216.72715610392763,278.4033675427057,141.6233463614333,1.017571069527901,46.10801076884081,1.6252877419966665,15,D06_px-1055_py-0118,0.6579694682673095,1.6252877419966665,1.45606186494753,1.6717031557236448,2.087742826253431,2.135687947415901
-216.3190137209384,300.66065175846336,144.82149602153874,1.0292526095535963,34.68774584076078,1.5874966139557722,15,D06_px-1055_py-0118,0.6655228440554163,1.5874966139557722,1.9843143417264515,2.5045856924590897,2.4916314505056274,1.215265617592296
-249.9454327170249,302.80286601311866,141.10038755560495,1.065749658470818,24.02275009667227,1.6538782664166505,15,D06_px-1055_py-0118,0.6891221233475561,1.6538782664166505,2.649189674645166,1.89795999934681,2.230633235413439,1.510493877589023
-252.81641536612705,338.6150243789113,143.60979382072887,1.0890535563249288,5.688652664039353,1.605150558280836,15,D06_px-1055_py-0118,0.7041906072488711,1.605150558280836,2.244080621749072,2.7273336580205876,2.214807274723774,2.0466222349815357
-124.02590258204256,348.36452720747604,143.18304971552408,1.0335421221086163,35.86871362297785,1.3058475087532284,14,D06_px-1055_py-0118,0.6682964766590456,1.3058475087532284,2.1570668051031774,2.5916045069101425,1.5439613114558097,2.2918509529978563
-218.55734176224817,351.2655136847598,142.46631689456223,1.0836011595506432,11.325728900222488,1.520399967986653,15,D06_px-1055_py-0118,0.7006650445498219,1.520399967986653,2.030616176186809,1.8928967643801187,2.8036425013916357,2.299723884926438
-142.2525771261372,356.16751379097894,143.18003226270005,1.04945138698926,28.16083153480082,1.3438040612048343,14,D06_px-1055_py-0118,0.678583532637256,1.3438040612048343,1.767271484774649,2.081595115688214,1.5248250361354656,1.9725528087730835
-107.36552288699684,358.53786234296666,140.9806931514099,1.045576955112839,34.47137226276078,1.2547724069876725,14,D06_px-1055_py-0118,0.6760782944697151,1.2547724069876725,1.969969112298432,1.876595663035396,2.6142568082711306,1.9361251265319646
-103.65454281898774,-417.0583276909848,145.7685718860984,1.089828823767012,0.562019656990401,-2.4213773720294074,3,D06_px-1055_py-0118,0.7046919012831728,2.4213773720294074,1.8272821082637196,2.157409230952963,2.338253295503388,1.6357628808940459
-2.2058896906728127,-416.0707255417354,143.04060660887296,1.0842977126469393,9.696680825403064,-2.183077527041666,3,D06_px-1055_py-0118,0.7011154412681587,2.183077527041666,1.5583457289562945,1.7123494583649397,2.011843068453018,2.034655546803404
74.30295700447057,-411.98452163456153,133.9066631397131,1.1134852399341064,12.370022320586544,-1.999340284915327,4,D06_px-1055_py-0118,0.7199883263022083,1.999340284915327,2.40668208179793,1.9584790722912988,2.1465820979711987,0.9728432411716063
-83.6500511175003,-409.7717310643927,140.78239777686878,1.092948855914322,9.507899990607598,-2.379147242738381,3,D06_px-1055_py-0118,0.7067093386439803,2.379147242738381,1.947643765095298,2.3650016275679446,2.2046890019777567,1.7660594743599813
-55.82112643480112,-397.8275927457965,143.22609064947437,1.0691020422257873,17.821891525256262,-2.317180602642178,3,D06_px-1055_py-0118,0.6912898010879507,2.317180602642178,1.8618866226945745,0.5475000221564768,3.1913658967143097,2.4198477534820917
38.28479561243861,-375.9939928941876,134.29595818528907,1.070509777983023,35.67223946982307,-2.076302690531532,4,D06_px-1055_py-0118,0.69220005411635,2.076302690531532,1.9034192683143178,1.0659214267461663,2.70652746729925,2.139106212609975
119.55533528286554,-375.5889453853258,143.601869363762,1.0599266992948486,21.94111035458081,-1.8696027724103932,4,D06_px-1055_py-0118,0.685356952080912,1.8696027724103932,2.745460728998521,1.6533852047217834,2.5151061878772163,1.966578290437548
77.40209307192353,-374.1078016548713,146.0201614126173,1.0392234745399125,27.57305803325784,-1.97375665137818,4,D06_px-1055_py-0118,0.6719700838892446,1.97375665137818,2.1300223915399936,1.8130142512789351,2.642970577326666,1.9886511533929636
-91.77639660656618,-373.4109317080014,142.58476797722386,1.052369533029771,27.89280339862023,-2.4187774610733417,3,D06_px-1055_py-0118,0.6804704288512886,2.4187774610733417,1.4750592005638434,2.8979283511225513,2.449136557504679,1.2750033723198495
-6.158861688965176,-361.485914986058,143.12755134221476,1.023746384131211,40.48853305006304,-2.1948118359782485,3,D06_px-1055_py-0118,0.6619624753285346,2.1948118359782485,1.4408797987977775,2.3694763237029175,2.490406050463947,2.905508274092024
-51.38821331230369,-355.2747902432816,128.6509532361399,1.066905895629665,49.19537937553355,-2.3214231704323893,3,D06_px-1055_py-0118,0.6898697554013551,2.3214231704323893,1.885279882745705,1.5234490821932014,2.1083128115796255,1.9987207158273195
-20.08628434342024,-364.12881933881033,145.86345918849935,1.01917042108203,37.31710443662985,-2.23288258682197,3,D06_px-1055_py-0118,0.6590036215792064,2.23288258682197,2.302607954590603,1.9980644968214023,1.9911893974094441,2.415643575158194
51.06346222039423,-355.1407446013196,143.26237578229754,1.019934273236316,41.94047685080733,-2.0349708631042107,4,D06_px-1055_py-0118,0.659497534398508,2.0349708631042107,2.2154339981202362,2.6109248969606655,1.8432223473164429,1.5056474728787492
134.1038605586224,-351.4070004773578,141.05232437902683,1.047502367331183,33.39020991915197,-1.813214217883216,5,D06_px-1055_py-0118,0.67732328117525,1.813214217883216,2.1174131516156933,1.7321642371295176,2.6592125729492997,2.6072836248516005
170.2478679249286,-338.7503437006392,141.50894632687496,1.049539238546594,31.472642615341783,-1.7120693965964726,5,D06_px-1055_py-0118,0.6786403381461746,1.7120693965964726,2.350529812217884,2.135159305947729,0.8310868618483243,2.1954968147951766
-221.27115418779167,-333.79289219804684,134.00670016833047,1.095377644674269,22.86793083775921,-2.763165913920942,2,D06_px-1055_py-0118,0.7082798125860681,2.763165913920942,2.154999867060931,1.7328961881617002,2.1553078032771738,1.9941642815875271
126.51422399655442,-329.3973801319498,142.97752349497938,1.0133606551010303,45.37105290816328,-1.8110704096920116,5,D06_px-1055_py-0118,0.6552469811363434,1.8110704096920116,2.788052916256209,2.670695327922509,1.313734254114097,2.126893629341785
-334.7629218414785,-272.2508813350477,144.8434476246132,1.0940916152428215,0.0197428070312639,-3.065795158200857,1,D06_px-1055_py-0118,0.7074482558265209,3.065795158200857,1.764139884160755,1.4955014035099619,2.756387960458415,1.9552064849596484
-330.4387995832394,-260.587962202324,134.07617639809283,1.1150551582893753,11.013895928902857,-3.080813897270116,1,D06_px-1055_py-0118,0.7210034478758971,3.080813897270116,2.413488192122465,2.032735653009277,1.0206709588169143,1.468788847884175
303.38339758612267,-260.3123434580973,144.9215925837853,1.062035881682922,18.12169063398659,-1.3161175361348296,6,D06_px-1055_py-0118,0.6867207660256257,1.3161175361348296,2.090766591330386,1.9684435029404064,1.8470982554378497,2.595156805085775
317.7516961921148,-256.6865514453858,142.5569165964313,1.0780537669926904,14.283071383338893,-1.2864713273187456,6,D06_px-1055_py-0118,0.6970780568288368,1.2864713273187456,1.6582182916360402,2.247429559015244,1.157673492084292,1.900996978687112
-330.37047494926765,-233.4061265487902,139.94760445650408,1.081669270250918,17.791444029533466,-3.1334983529930365,1,D06_px-1055_py-0118,0.6994158697124504,3.1334983529930365,1.0966833977695647,1.9705376765509792,1.8333280078199066,1.1327864236010734
297.0262503517695,-202.4319482335089,143.35946183275604,1.0204461640449538,41.52653502345333,-1.20520086153569,6,D06_px-1055_py-0118,0.6598285270271868,1.20520086153569,1.874922615497301,2.1484869049421,2.202124841614189,2.3992201819695094
342.1630139285889,-197.25806835832952,122.1487848816663,1.1266881704467786,31.34734326729688,-1.1299427635380093,7,D06_px-1055_py-0118,0.7285254451621456,1.1299427635380093,2.5789553722755003,1.6675411169572374,1.9746206597617728,1.9411315898903594
322.9239485029981,-192.12590072941444,124.44493743099632,1.0995643353579987,41.52664623395424,-1.1436827774834242,7,D06_px-1055_py-0118,0.7109869597578635,1.1436827774834242,2.1306953993548903,2.478170052575045,2.354864278240113,1.7178472345179394
-319.765384335642,-186.49815628311137,142.99547635709524,1.034585558260063,35.7448015193375,3.0626137146120573,19,D06_px-1055_py-0118,0.668971170693003,3.0626137146120573,2.7412442130876715,1.7834375229291677,2.231597129647862,1.8839328705707663
365.0791789883712,-136.40369429650858,141.37904484596882,1.0617586945712707,25.538664463630653,-0.9645465481080596,7,D06_px-1055_py-0118,0.6865415346560189,0.9645465481080596,1.8455797252581583,1.921291427128791,1.4022786535169443,2.093142637811715
357.6680495249586,-114.09767969194036,142.8028652880178,1.0413354321742372,32.90407976314975,-0.9157790903973096,7,D06_px-1055_py-0118,0.6733356923300432,0.9157790903973096,1.4210986592805823,1.4402992075594525,2.2779751069684178,1.5315299771857087
-351.6660281736171,-103.11055875440256,144.49977976320338,1.0255256062647966,37.03615991506104,2.819825212464152,19,D06_px-1055_py-0118,0.6631129343738255,2.819825212464152,2.6998869759634365,1.6040760725229046,2.4262229148213317,1.9700245961060152
348.5245920395106,-106.24686600501876,132.75608135609392,1.0598926398859372,44.14003607685487,-0.9028776598346832,7,D06_px-1055_py-0118,0.6853349289988472,0.9028776598346832,2.219453986838138,2.167688108340495,2.9960124618136286,2.517133248612444
-403.71780694420295,-97.20580637551753,130.13339828057116,1.121550264302024,15.99517987273498,2.770892289827124,18,D06_px-1055_py-0118,0.7252032345811786,2.770892289827124,1.5516990744798709,2.880921833800231,2.2801131544577427,1.5392939657916274
344.80871356957306,-87.60686576871115,141.57438028082035,1.0214380852765763,44.50132530716883,-0.8557886846091849,7,D06_px-1055_py-0118,0.6604699111082382,0.8557886846091849,2.397927302209605,2.4617225859523937,1.3536925946291003,2.0047003679597237
-355.5473662162925,-55.629779380345866,140.58468776101932,1.0296409576898335,42.73101198713823,2.689817154223556,18,D06_px-1055_py-0118,0.6657739530190597,2.689817154223556,2.4705564675891787,1.7196007972738545,1.620881464764456,2.099960395888959
367.9096384649077,-54.0958687864074,142.18880884893068,1.0390569380289223,35.2110271119916,-0.7529692021445078,8,D06_px-1055_py-0118,0.6718624000695443,0.7529692021445078,2.015036855371083,2.608343043637391,2.2067031519902223,0.8391539454830019
-423.9091299236039,-27.63184386975773,140.68103060024035,1.0995920243113932,5.7462522773248565,2.5997044505712426,18,D06_px-1055_py-0118,0.7110048636532155,2.5997044505712426,2.2171576911598745,1.3644067511319702,1.6721360471757372,2.3318192542005143
401.99390127425306,-4.283989932102241,135.07941409253348,1.093696678922293,21.484374352843982,-0.6176359814817407,8,D06_px-1055_py-0118,0.7071928868910242,0.6176359814817407,2.709604891337956,2.4294019656206842,2.419035309601694,2.603094365757065
-413.2586439401066,12.186646473628484,143.42506840696396,1.0805499340941158,11.030706728352982,2.505132514511505,18,D06_px-1055_py-0118,0.6986920981372176,2.505132514511505,2.4918200110239503,1.4841368618128161,2.3510428732418855,2.4611003777728664
422.0281209544732,18.06134274036009,137.58638698753853,1.1062700588857313,8.53095193539292,-0.5642090925362134,8,D06_px-1055_py-0118,0.7153229334072881,0.5642090925362134,1.5436924804209937,1.9737084885240002,2.137628585332843,3.062913949388388
-370.17306168489216,46.180316609025496,143.29110308148287,1.0370610382110514,33.992077508292425,2.4105010243184606,17,D06_px-1055_py-0118,0.6705718355269727,2.4105010243184606,1.9970490410963806,1.9129469251844837,1.6051753241467872,1.9154212522144163
360.3893445656406,61.56802219201932,141.7413399586881,1.0330009625334118,38.93709958857238,-0.4377754910662108,9,D06_px-1055_py-0118,0.6679465586153749,0.4377754910662108,3.176346223360908,2.1568186304991155,3.0279050128079246,2.143400913055604
-386.9471173992323,80.46169858880243,137.30597576862812,1.0799456289638802,24.35650205070607,2.3295949444418307,17,D06_px-1055_py-0118,0.6983013496803095,2.3295949444418307,2.0809062306922965,2.3157227072502646,2.4760454696659195,2.011510288089743
385.3789480282304,98.34030427268668,140.48582968650476,1.0730217509257751,21.41508015822194,-0.3571332427996634,9,D06_px-1055_py-0118,0.6938243156062244,0.3571332427996634,2.696483869700426,0.9566008315626893,2.646047666804872,2.4460166115733224
400.9653455436919,129.1802933423789,134.0300020835925,1.115597760365976,10.781279421839317,-0.2953064863348396,9,D06_px-1055_py-0118,0.7213542986523321,0.2953064863348396,2.0908583457639773,2.5116855334357986,2.149740410751385,1.8023962459768021
-362.1912796395535,130.64770075866232,142.70540339471998,1.0525763341907906,27.54490432245024,2.1884250275189685,17,D06_px-1055_py-0118,0.680604148110835,2.1884250275189685,2.3091255320694133,2.296435670612886,2.1562636956259733,1.3929517571664078
400.261861194382,143.4219176388075,142.74488177122092,1.0940337765953774,4.58858992732786,-0.2629118051840374,9,D06_px-1055_py-0118,0.7074108569015282,0.2629118051840374,1.959191526733926,2.200019861609216,0.8860582268037982,2.1730430812224304
361.94629616656266,188.5123452619076,137.52453335381605,1.0924997568309311,16.851314224981707,-0.1268074376153967,10,D06_px-1055_py-0118,0.7064189476394138,0.1268074376153967,2.0141309987444043,1.508354794907327,1.6107016863256973,1.1202792438344051
-346.5521147330697,195.7430508085465,133.21965941316242,1.095266449272625,24.65029826540672,2.020455409994826,16,D06_px-1055_py-0118,0.7082079127635551,2.020455409994826,2.38140776061235,1.776103212222956,2.6304292227067134,1.6956025302345847
-307.59373865767446,219.84144678788363,136.26626884054292,1.0645143242977069,34.64138470465866,1.9140803235821005,16,D06_px-1055_py-0118,0.688323346541341,1.9140803235821005,1.8636138262497144,1.4162299061727273,2.371597691105393,1.538503216350763
255.1620740397696,251.6814827186828,144.24319555699975,1.0163973706630087,41.64251413039267,0.1715515488843586,11,D06_px-1055_py-0118,0.6572105453368479,0.1715515488843586,2.7146452912752213,2.3339014954728143,1.8968126486905503,2.3278640217828475
-277.6707303240747,258.7510066871923,135.88516884694823,1.0673357737956235,33.99300385490346,1.7844705844223565,15,D06_px-1055_py-0118,0.6901477180093197,1.7844705844223565,2.595564168336104,1.0274061973515587,2.077729575095659,0.9591856686682249
-160.12820549868286,294.43120195971284,141.612795169561,0.9943933245712676,55.8094497294706,1.4619307667192882,14,D06_px-1055_py-0118,0.6429825558231235,1.4619307667192882,1.5666832343340227,1.4422446677078358,3.552218401256037,2.542199140752661
281.3736542316736,313.33582173835845,145.10329437764003,1.0833692666388457,5.828557804418608,0.2321111460813208,11,D06_px-1055_py-0118,0.700515100766592,0.2321111460813208,1.8615681094730931,2.608368411560342,3.1612045631145347,1.904802303807705
-253.51300433793824,323.04112213803154,131.09655564084397,1.1142505115191514,18.271866524812424,1.6292019597739915,15,D06_px-1055_py-0118,0.7204831569366187,1.6292019597739915,2.21665207726732,1.032819784480802,2.635561113039807,1.5215864837716184
-161.54170287109966,322.8948535981704,133.15288323312893,1.0547111559725713,45.81905420449016,1.4276979538253345,14,D06_px-1055_py-0118,0.6819845406894638,1.4276979538253345,2.315435331611648,2.359016243222942,2.7351606285213923,2.5823130799097527
211.3350782583917,329.37830780240694,137.9903674621577,1.0737550719402291,26.25088924633696,0.3933565451951194,11,D06_px-1055_py-0118,0.6942984867500378,0.3933565451951194,2.2473819968239255,2.3816751570812684,2.2324693276110565,1.6345277595664316
82.35855897380422,340.6119012526046,142.99869719027973,1.0101867965799838,46.698962727820685,0.7265744238295485,12,D06_px-1055_py-0118,0.6531947392183243,0.7265744238295485,2.1196943054920236,2.3946807614117613,2.8491596648793367,2.0210320968080424
256.1394427794086,345.12620305086153,145.7742760411678,1.089854518373267,0.534174413833,0.3253511136219313,11,D06_px-1055_py-0118,0.7047085156179562,0.3253511136219313,1.903394485327211,2.3266452026323687,1.5598395205036386,1.585195368296879
227.9712495690212,352.03082328228305,143.01111049621343,1.0876634936814735,7.798981418033748,0.3891384239454497,11,D06_px-1055_py-0118,0.7032917817950411,0.3891384239454497,2.4953510344515997,2.6585502093315254,1.5264995388148286,1.512369215652958
-24.32742988465695,358.84589143598936,132.63248942099042,1.0547482030909583,46.856044350548416,1.0315067520721075,13,D06_px-1055_py-0118,0.6820084956480077,1.0315067520721075,2.1791081555125293,1.129656815910044,1.5606664889242303,1.636874474090085
-203.32319425284427,369.0904990091723,148.0735694908955,1.075193195270935,4.278651106153632,1.4673325105092094,14,D06_px-1055_py-0118,0.695228388622785,1.4673325105092094,2.977459363313285,2.195945346958881,2.455347835200154,2.289063583090612
197.5243759062937,367.6730276010559,134.5202294599713,1.1104736029903028,12.832214007221182,0.4708319179127606,11,D06_px-1055_py-0118,0.7180409781337428,0.4708319179127606,2.405263366232596,0.6210166130438286,2.6533613911509564,2.6320134120206884
-132.02540192362858,368.69971708568806,133.9402117854668,1.08643155733288,28.000212774686872,1.3076750027423514,14,D06_px-1055_py-0118,0.7024952020489216,1.3076750027423514,2.4841586006022807,2.1668093142840315,2.3718049236948824,2.6225657987412943
52.58190998703456,373.27279160807495,144.23433286208288,1.0387591573816388,31.320642696598725,0.8238703806794495,12,D06_px-1055_py-0118,0.6716698527575966,0.8238703806794495,2.557806455435313,1.4613951467562112,1.5231375455390124,2.317444038791056
-66.16166283201044,-422.0734246144633,143.17890030599145,1.0947527935651742,3.2078013667564846,-2.3332644708523067,3,D06_px-1055_py-0118,0.707875778937403,2.3332644708523067,1.9190855965699984,1.537520132895544,2.5642225050968226,2.057126473377081
12.464468814014516,-421.22923533190993,138.99498112631602,1.101221411976807,8.477583403999176,-2.148193788639641,4,D06_px-1055_py-0118,0.7120584385512428,2.148193788639641,1.8616169167206327,2.208929417099375,2.3847321391340195,2.023959654160099
34.748362781797454,-418.2248564100886,140.62423146898416,1.0948122068061212,8.747075586469464,-2.0948808948998523,4,D06_px-1055_py-0118,0.7079141960069568,2.0948808948998523,1.5381701006400323,1.9428045660616708,1.9492012411713788,1.8254213336255063
-8.63110074988124,-405.6754181530314,134.461050860625,1.0993335743031232,19.59803346873963,-2.1990485273453797,3,D06_px-1055_py-0118,0.7108377478422342,2.1990485273453797,3.2383547814989386,2.2461020775985565,3.1778853789627917,2.474839018159176
59.7983329023545,-401.2427061294817,139.8585369668017,1.0831305423147712,17.161243256100647,-2.0298319400721367,4,D06_px-1055_py-0118,0.7003607397383773,2.0298319400721367,1.628849798120617,1.777438904517716,2.846847295145053,2.5058821798302056
-7.516531001722429,-391.2479288736012,136.38713553504994,1.0786088086458998,27.02738942290614,-2.1969851780810608,3,D06_px-1055_py-0118,0.6974369511334851,2.1969851780810608,0.6477427019248911,2.241795360879072,2.675155264428735,2.262103026189993
89.69788210673686,-383.9990025948527,140.92073942539042,1.068116103131844,23.141233784394046,-1.948301623733942,4,D06_px-1055_py-0118,0.6906522851042398,1.948301623733942,1.8500565262429154,1.3712663310662827,0.9332145651893535,1.7674470596742173
33.48878240739929,-360.54574248965673,141.27520720285727,1.0301984250953566,41.135860563268125,-2.085158009246,4,D06_px-1055_py-0118,0.6661344158342599,2.085158009246,2.393024172027534,1.3941903549178614,1.3366995796826022,2.441817907431913
-100.98945133554444,-361.2333781307663,139.54260570576224,1.0509532877305925,34.72931642773909,-2.45038432972437,3,D06_px-1055_py-0118,0.6795546734860453,2.45038432972437,2.0808691909589503,2.6825645946449947,2.2125611867779185,1.4098763316405585
16.943969304843012,-353.31174390657435,133.3467619268667,1.0452283214236815,49.85639939006228,-2.129855013863513,4,D06_px-1055_py-0118,0.675852865180357,2.129855013863513,2.5704728676475144,2.329313055249858,2.3924428014335613,2.0589399131623005
-30.281137147195786,-359.0223366395531,140.1797317679462,1.0314328369112409,42.7029325056501,-2.261920031244709,3,D06_px-1055_py-0118,0.6669325962370274,2.261920031244709,1.7632035761131728,1.7256796260374856,1.3346460234087,2.2703687394643737
-123.3800002101698,-356.75202279909246,139.68636957882546,1.053256061136584,33.303203346652936,-2.5107420731552,2,D06_px-1055_py-0118,0.6810436649077287,2.5107420731552,3.051859891999326,2.0949166586071257,2.9414575705545105,2.450733840873333
-224.66914110986343,-322.2173021487939,141.87592722692582,1.0636151216977718,23.546955995973008,-2.786660330363406,2,D06_px-1055_py-0118,0.6877419150578199,2.786660330363406,1.9566709750809648,2.323510263462306,2.3197074609721406,2.120247500589287
-208.76213996966803,-322.0684531626926,141.69019996944832,1.0542758055557508,28.738906547959687,-2.752878907379862,2,D06_px-1055_py-0118,0.6817030396809906,2.752878907379862,1.4435616571560486,2.356326497366465,2.258088756309351,1.8355667933567157
264.40662367327707,-304.82129122463925,132.11636895360547,1.1041854518767331,21.961931208581404,-1.463257851957435,6,D06_px-1055_py-0118,0.713975010096248,1.463257851957435,1.877072085980681,1.6304197608837656,2.0534300106888965,1.7572372206785278
-284.6890226781864,-264.46616068469655,136.99264776940703,1.0738165560241206,28.310736754982145,-2.99998279404301,1,D06_px-1055_py-0118,0.6943382428429501,2.99998279404301,2.424039821504326,2.007761648027855,2.66761833693355,1.3737237943143188
-348.6553872531917,-229.7405543332672,137.46206851427544,1.1019715986317635,11.415324034729736,3.1172425489602733,19,D06_px-1055_py-0118,0.7125435151510444,3.1172425489602733,1.97587024930406,2.0040282457694785,2.426648752346579,2.1765522989247086
355.3076999297327,-220.4824983716055,143.1160588781214,1.0861397480648154,8.46494191154909,-1.162364937498835,6,D06_px-1055_py-0118,0.7023065158778091,1.162364937498835,2.312234493250558,2.274516520251208,1.8771511932562928,1.4238067525075202
-320.139880147277,-223.9264413815625,142.34574954001582,1.0598961363085138,24.52607259089075,-3.1382057909423047,1,D06_px-1055_py-0118,0.6853371898132241,3.1382057909423047,2.521780523528624,3.0277463264287405,2.1775602964802068,1.6669002996127285
-334.0325651574487,-192.7823097841224,142.15623444731452,1.054944104452728,27.456074423333348,3.0580513854937537,19,D06_px-1055_py-0118,0.6821351670115088,3.0580513854937537,2.3910577789430567,3.3933333338614755,2.487300191372718,2.3806372197777987
-378.3469671771367,-175.9847100317797,139.5322154246713,1.0956581700470711,10.629642451163193,2.969986771646373,19,D06_px-1055_py-0118,0.7084612025016283,2.969986771646373,1.6251507892079287,2.207672032239098,2.815419857444309,1.5738249633178836
391.4646901019614,-159.73051865107126,141.68310368733043,1.0947856520975223,6.452130828499207,-0.9943916846968336,7,D06_px-1055_py-0118,0.7078970255232235,0.9943916846968336,2.2515106404041214,1.5672921074761428,2.0307053066135854,2.0259086842139196
339.79292323848904,-158.08241201183463,141.745039067642,1.043805592290941,33.80798564224284,-1.042427629245432,7,D06_px-1055_py-0118,0.6749329173172638,1.042427629245432,1.7974268327198766,2.406124286406104,2.9529863846390496,2.01670583651491
-391.90651335433,-143.19720702074733,136.7262174480851,1.1038489665518951,11.91755858165942,2.884928676480534,19,D06_px-1055_py-0118,0.7137574360349431,2.884928676480534,1.2252511322802264,2.4985337963121594,2.859619898284107,0.9523940252470666
373.6546042787768,-128.9934093589658,134.60679410323806,1.0882258596993002,25.57907250459636,-0.9393905462518636,7,D06_px-1055_py-0118,0.70365541209154,0.9393905462518636,1.8883795556219174,1.613513190169555,2.296024776586164,2.8682663997557967
343.3093797076612,-120.5499694820035,140.55841044665377,1.034574284044956,40.520329265737246,-0.9446703941531932,7,D06_px-1055_py-0118,0.6689638806967158,0.9446703941531932,2.749863010372304,2.5091749429994294,3.4220841616555475,2.360831980920575
402.0156213769061,-107.11540055647184,140.92313016850306,1.090400680147452,10.70132580887082,-0.8673757709526068,7,D06_px-1055_py-0118,0.7050616681228864,0.8673757709526068,2.0246114997495814,1.9773406178601,2.179405087563766,1.9528679163343257
422.224022598316,-42.27290927976093,139.15082858895133,1.1035528895216222,6.712901294540529,-0.7067666199308793,8,D06_px-1055_py-0118,0.7135659902951726,0.7067666199308793,2.354907365131766,2.2571620791564824,3.291134184637137,2.467571311187963
434.3274844942504,-35.28854974912922,138.91775261760614,1.1148146000695307,0.1683323416930306,-0.6880501672225009,8,D06_px-1055_py-0118,0.7208479010362332,0.6880501672225009,1.490026755679831,2.721143422486424,2.4080572123723742,1.5670859082409039
379.03859709936063,-7.454870850823541,141.2884216966463,1.0501970055815215,31.59005204957288,-0.6266448373990074,8,D06_px-1055_py-0118,0.6790656554917394,0.6266448373990074,2.8123457911823104,1.6788027897342674,2.1191395213691333,1.7401242899701095
-348.26862882135936,27.03722444030737,121.1891746487037,1.0805209504549913,58.27036358915211,2.4571352764595886,17,D06_px-1055_py-0118,0.6986733570878754,2.4571352764595886,2.184605463225302,1.1136659075713973,2.3424006072774404,2.170199338534121
-424.45121765933993,38.491902228297214,142.94056471884738,1.0944438115753434,3.914679330149795,2.4441742229800787,17,D06_px-1055_py-0118,0.707675988749139,2.4441742229800787,1.9967212224641782,2.6884536003614405,2.818356978981756,1.5088601131510146
-391.7923194366769,45.145725914150994,130.6696933506371,1.09939396154716,27.91146603216981,2.4198903701234595,17,D06_px-1055_py-0118,0.7108767947098574,2.4198903701234595,1.7590913431962338,2.4185479083671795,2.6569321063266966,1.6646885237300246
429.1871564479159,68.81376504014148,138.88009119413724,1.1139310967287392,0.820858517004524,-0.4479975525500651,9,D06_px-1055_py-0118,0.7202766208173266,0.4479975525500651,0.9877292952563752,2.3447071406681874,2.747143778780503,3.0045502707079628
400.6932262317941,75.21017851681624,132.84319364647118,1.1061115288688534,19.21222997462303,-0.4214382367609153,9,D06_px-1055_py-0118,0.7152204266497426,0.4214382367609153,2.1937807119105295,0.9802067371472973,2.8293111926252843,1.7729134097682782
-363.8937918599962,97.30797134845594,140.6570051927317,1.0493519568145484,33.27555600227987,2.273319100052368,17,D06_px-1055_py-0118,0.678519240303144,2.273319100052368,2.5671572363799333,1.8776717392154394,2.234137075885621,2.2066398255847215
399.2923371235848,111.5977639955762,142.43400303905736,1.084579078500162,10.831968092894783,-0.334444862566792,9,D06_px-1055_py-0118,0.7012973746449788,0.334444862566792,2.318192295082869,1.2076856357796597,2.2639410961625863,2.8379291687216344
-405.55263595103366,118.72667185984658,141.39044738371794,1.0954115634929478,6.715668915041533,2.2498183197000268,17,D06_px-1055_py-0118,0.7083017447613811,2.2498183197000268,1.6207958733097674,2.0072714243245695,2.009865459280825,2.7559493588127055
-370.2924390727225,147.49616228804476,136.82869390771015,1.084898939105729,22.65012517485269,2.1555528803583326,17,D06_px-1055_py-0118,0.7015041990318613,2.1555528803583326,1.651980056173272,2.3810839898564238,3.175011674384798,1.375987475686017
-386.71276090878416,149.04692708522336,138.37946606460488,1.0962624480865848,12.79373807381603,2.1667383357451406,17,D06_px-1055_py-0118,0.7088519334414621,2.1667383357451406,2.454879316866527,1.456426249996022,2.051306345788886,2.372732851244863
-382.5149246082521,168.1655526711146,139.13953326883126,1.0973627732507625,10.476431156627145,2.1204151447671804,16,D06_px-1055_py-0118,0.7095634123591273,2.1204151447671804,2.293599865212678,1.9304564988948036,2.989684680969789,1.6878807805766938
-362.1697561315047,174.72932320856933,141.104445549533,1.0757764217458878,18.61264451787588,2.0851026537534296,16,D06_px-1055_py-0118,0.6956055074551651,2.0851026537534296,2.7171874103788687,1.0835999863852321,2.8067342032440945,1.5376855482355447
-348.2497236115035,218.820476539212,135.67229924606727,1.1011736154976108,15.848647381350249,1.9736130497443172,16,D06_px-1055_py-0118,0.7120275329713346,1.9736130497443172,2.275786081058019,3.1702516761077866,2.5092866193986976,1.4539935731735067
-285.4013323073313,220.5845002507008,141.26676683457816,1.02852855486065,41.91339485326768,1.8766211782062667,16,D06_px-1055_py-0118,0.6650546645880742,1.8766211782062667,2.577702536402831,2.557966063747793,2.5191254715119813,2.244163384371897
283.0316656587927,224.81697087514675,140.3928908277139,1.0321767193569409,41.94767602398679,0.0642867798936668,10,D06_px-1055_py-0118,0.6674135964854696,0.0642867798936668,2.162858272338956,1.9498584850915042,2.0759710583294715,1.778182359327758
-358.2882966908381,231.6031861892181,137.32609618640612,1.1109861839931778,6.196140233130961,1.9607617362473813,16,D06_px-1055_py-0118,0.7183724170474514,1.9607617362473813,2.291524110350925,1.4863089922934356,1.8257188388403787,1.2252003736393102
282.0686467549453,280.60382814645715,138.486996765227,1.079159396519734,22.28247788338689,0.1758153137105513,11,D06_px-1055_py-0118,0.6977929655893099,0.1758153137105513,2.6546870902839785,2.7429977261187752,2.240245188232972,1.9825341801067329
-201.97417030516817,295.8422802283966,138.41715281927188,1.034447025289369,44.76954373979879,1.5628435156386806,15,D06_px-1055_py-0118,0.668881594183023,1.5628435156386806,1.6846583931927304,2.165976797677239,1.8587443580128173,2.06451422552716
280.5014383032545,294.9850263785038,135.48696149059455,1.0975420254134982,18.383409021340583,0.2035808762537658,11,D06_px-1055_py-0118,0.7096793182193989,0.2035808762537658,2.76832810417325,2.3329719572872216,1.7357231225434495,1.0584657237803956
-188.08556402598205,330.7720036674807,136.0554773733991,1.0678789718537112,33.361577464390905,1.4808476570928226,14,D06_px-1055_py-0118,0.6904989541520784,1.4808476570928226,1.9102599828297369,2.0155359920554337,2.134709204374847,1.291662938157256
243.5846120129749,340.286841150181,141.4714046138605,1.091207823730462,9.03992557997401,0.3425511569648811,11,D06_px-1055_py-0118,0.7055835735209781,0.3425511569648811,1.7961913200486193,1.7626879405737883,2.25986842208537,1.4174161720802796
114.68270303058496,351.1784513480671,134.0330880778396,1.0617020411943725,40.64024574490156,0.6481697703553754,12,D06_px-1055_py-0118,0.6865049021362967,0.6481697703553754,2.751125237069459,0.8574033431086772,1.8364193074118709,1.7570486782498698
-56.84150261732008,339.6885823252464,128.3261702696305,1.0502979289437728,57.60463727840107,1.1296148521956937,13,D06_px-1055_py-0118,0.6791309133326753,1.1296148521956937,2.047817594363002,1.3946077041385827,3.279391386334751,2.4916114917018164
209.8459459707792,360.09307215612,136.11128722984708,1.1052044050559262,12.468161911872642,0.4361741490682046,11,D06_px-1055_py-0118,0.7146338732475107,0.4361741490682046,2.1543323730933257,1.8149938040818159,2.22007230067254,2.077007878968354
6.84172980411124,363.34615884140055,131.65204955429593,1.062338694611603,45.21705804587134,0.9449892356030908,13,D06_px-1055_py-0118,0.6869165672503609,0.9449892356030908,2.5352104972885723,1.577076196971922,2.1724017526076644,1.4073839683155738
-77.80280290112894,368.59515398663183,143.51004520976366,1.0406781386777315,31.82264131112288,1.171842466837624,14,D06_px-1055_py-0118,0.6729106811781518,1.171842466837624,1.164542257149308,1.1180305120773217,2.5465501339788337,2.6932264408932745
130.46450555146538,377.024375769489,127.06577311734908,1.1151890747475832,26.86309763094306,0.6306765529643369,12,D06_px-1055_py-0118,0.7210900393125426,0.6306765529643369,2.241464969410486,2.7044699532845122,3.5564876121299345,2.07701745914839
15.208542178372593,389.4906917537916,136.53639809495567,1.0765160843097608,27.834179528005222,0.9247893672566208,13,D06_px-1055_py-0118,0.6960837790947809,0.9247893672566208,2.345542129900976,1.3468456900229833,2.0056926159675985,0.59621809522701
120.11241053987088,394.9366324495022,140.69019757509227,1.087866639169745,12.677638753273072,0.6685745591152282,12,D06_px-1055_py-0118,0.7034231372677954,0.6685745591152282,2.2551841008679347,1.3857906666465603,2.025090297203979,2.482464257903487
-48.70007028023985,395.65037960331,143.25118439364027,1.0657669864686985,19.568282004924413,1.0862894022627207,13,D06_px-1055_py-0118,0.6891333277674664,1.0862894022627207,2.091811240977461,1.4637668932797343,2.247979911235033,2.6024183468280304
5.982200259092172,403.00443867377,136.42110089328344,1.0907045433672182,20.2709885261541,0.9489738791976576,13,D06_px-1055_py-0118,0.7052581484741098,0.9489738791976576,1.6646227315969233,2.4562734891386313,2.7202185561942445,2.4629293041653852
-58.920564029803366,409.0377719790744,145.45113268079788,1.0745195115995183,10.173638724432635,1.106879475534944,13,D06_px-1055_py-0118,0.694792779454702,1.106879475534944,2.811669907810029,1.8103024834960642,2.785354552803288,2.179214374951165
59.54538360749456,414.88520721251126,144.5841806390971,1.0828886752211426,7.216529163512462,0.821267700511903,12,D06_px-1055_py-0118,0.7002043465706156,0.821267700511903,1.363560574208131,1.661096826736705,3.2384416813335144,1.7599031446877251
-2.135640272342523,416.63233492546624,140.24574855579235,1.0929580326349158,10.669457392334834,0.9689427090791825,13,D06_px-1055_py-0118,0.7067152723837951,0.9689427090791825,1.7145333584375495,2.18563659352338,3.0654790358146364,2.731009293477639
-136.15788212580006,-411.3981714763669,141.23898438508266,1.10600752848177,0.5428938854196872,-2.497392275363888,2,D06_px-1055_py-0118,0.7151531791803146,2.497392275363888,2.474408373757715,1.6127753644460128,2.5050358163424686,2.447107139413055
-119.85612535748136,-405.6310813883205,137.54474229313038,1.106915695767195,8.227757000391534,-2.4650812973987675,3,D06_px-1055_py-0118,0.7157404073000823,2.4650812973987675,1.3661592699092129,1.4208988098477306,2.724291998552316,2.818256488224356
-27.314116334662494,-398.1086241703382,142.83123724984375,1.0674417249622663,19.5388415771028,-2.2462782140536364,3,D06_px-1055_py-0118,0.6902162268681757,2.2462782140536364,1.4079662084544076,1.7064457563741071,1.8674780255807069,1.2420991778947936
-127.88602234801006,-395.656622026419,142.76107403534812,1.0848423289790947,9.97977557471654,-2.4904012898428665,2,D06_px-1055_py-0118,0.7014675944781004,2.4904012898428665,1.911619221535554,2.386356559789001,3.4502684677620232,2.431010270517545
9.577028234671948,-389.53392546193936,135.5917812970035,1.0792647880280777,28.35896214357001,-2.153194946287701,3,D06_px-1055_py-0118,0.6978611125687018,2.153194946287701,1.7300225573410213,2.3657236760541007,2.325153057603419,2.4143442334489027
-170.64973388356327,-382.3546528780412,141.21171677747728,1.09217867008269,9.030235092834287,-2.5975591878093947,2,D06_px-1055_py-0118,0.7062113304190207,2.5975591878093947,2.9895565535704156,1.9672725707335048,2.30556712262778,2.108868867943067
53.1768908751304,-382.885857563609,142.8019831262572,1.0539868717377168,26.63469999080553,-2.0397741920738737,4,D06_px-1055_py-0118,0.6815162127985159,2.0397741920738737,1.3976230381943349,1.8812644786297752,1.4737568534749252,1.8201771803420148
-81.57906505050916,-381.1663817652735,136.42338227362978,1.0768737150487313,27.88142248247823,-2.3886197351302902,3,D06_px-1055_py-0118,0.6963150259474117,2.3886197351302902,1.8332763800190865,1.309100015540531,1.5035789341882762,2.1224094032022283
-185.9370439697966,-377.4198116211248,141.4354267540819,1.0935049639598455,7.757204168231112,-2.635528700422968,2,D06_px-1055_py-0118,0.7070689224862982,2.635528700422968,2.1108838793450673,2.7039254570773092,2.677253927232126,3.0294382767400467
-208.52654773171724,-369.3579404050101,140.07043058788648,1.1007288456024915,6.401083812470176,-2.691732562681174,2,D06_px-1055_py-0118,0.7117399412540024,2.691732562681174,2.277396366831937,1.9726243619025219,2.4378604663628165,2.1834547252056016
119.08100733803457,-356.8986514177253,134.12333043411726,1.0691552160988962,36.72298279944289,-1.8557358629352176,4,D06_px-1055_py-0118,0.6913241837331171,1.8557358629352176,1.7525887143022607,2.0413118046951952,2.1705240785517104,1.68491886054285
-211.4006071681028,-355.6723268078366,140.29173887569894,1.089982411234053,12.31103073080584,-2.714044634054575,2,D06_px-1055_py-0118,0.7047912121490649,2.714044634054575,2.70557595816244,1.2922403445998976,2.1833503114880584,2.3043994616842594
-218.9852092839779,-349.31741669540423,133.66012352600936,1.1081397603705354,16.177051778399118,-2.7377364375412467,2,D06_px-1055_py-0118,0.7165318971137209,2.7377364375412467,3.578965638612502,2.6447622675988187,2.4188909135921786,1.2950742256650523
225.5409530601738,-347.4798414714233,143.08502250003937,1.082358034918656,10.719382556125597,-1.602050214831,5,D06_px-1055_py-0118,0.6998612303715374,1.602050214831,1.8054825776661183,2.122676795078413,2.242188332211284,2.156436820244861
199.27984324572645,-342.8339599994507,139.33623714974567,1.0752153091840198,22.63929995334433,-1.6512406452784425,5,D06_px-1055_py-0118,0.6952426876531618,1.6512406452784425,2.0274918724108484,1.4400133534771822,2.0095549462228743,1.645012505434678
-258.1679251801076,-342.5498302425101,137.5497415160732,1.1124893206347124,4.748158137948792,-2.8236186439092696,1,D06_px-1055_py-0118,0.7193443570390458,2.8236186439092696,2.694513646416115,2.249772500318201,2.4715874418643526,1.9949053622500643
-279.88569174241,-335.55442697317807,141.67863175250358,1.1080868186855208,1.7548055263757192,-2.872965973728133,1,D06_px-1055_py-0118,0.7164976646032051,2.872965973728133,2.28377503014058,2.788373495530439,2.621652599863157,2.741786882847187
-237.44910865039265,-334.77574974024384,135.64813330914492,1.1004043032962258,16.35565288695051,-2.7947016339031,2,D06_px-1055_py-0118,0.7115300896425736,2.7947016339031,2.852759177019704,2.462030968935868,2.2856091255119195,1.5116554804045592
157.20810676472962,-324.6826131772064,141.91244234970955,1.026547620895031,41.56285545469274,-1.7268559767317582,5,D06_px-1055_py-0118,0.6637737770834445,1.7268559767317582,0.6554959092588606,1.6549129383246919,2.224224088314762,2.264463691415906
-249.5535308837005,-321.0227935698632,140.45306484552074,1.082329113693799,16.344563836473696,-2.838564981594456,1,D06_px-1055_py-0118,0.6998425296797521,2.838564981594456,2.1032618345554193,1.9112472147421615,3.2433914508295483,2.260226844950457
-292.71670377985765,-319.53859134220545,137.40839040294054,1.116934304371217,2.240814768654729,-2.9193936759604338,1,D06_px-1055_py-0118,0.722218518533163,2.9193936759604338,1.997670601934479,3.1662663495481382,1.7213917342759357,2.7305837897775054
-261.67435555793656,-311.5676554544908,141.36957828718923,1.0798994554602903,15.761689890140474,-2.87635574903911,1,D06_px-1055_py-0118,0.6982714935292113,2.87635574903911,2.644877100785454,2.9961032585582963,3.535914958873245,1.8678088682800367
273.185292054225,-313.2328051875272,141.3717746343297,1.0886868319648522,10.73285561819057,-1.4605635673915571,6,D06_px-1055_py-0118,0.7039534803892088,1.4605635673915571,2.1757611028939214,2.2437665321726676,1.7930730915836732,1.7109143491276444
-289.5219674657637,-307.2723635157168,141.64899965871314,1.0942912158658775,6.822690843801354,-2.9334398847083305,1,D06_px-1055_py-0118,0.7075773191615063,2.9334398847083305,1.8282740518282667,2.1289442842191564,2.9932588092704764,2.010774924767997
237.28368408481225,-303.2616217109814,135.4124987614432,1.0748700817747316,31.072090141146987,-1.5138350171450692,5,D06_px-1055_py-0118,0.6950194608911962,1.5138350171450692,2.3253430435301317,1.4011419581515046,2.118752911406575,2.139796752228844
-259.43189291574583,-296.0651534572697,137.03427506263273,1.0791083439103033,25.38749647419229,-2.897322559584834,1,D06_px-1055_py-0118,0.6977599545699457,2.897322559584834,2.3962843131176434,2.5507425474071237,2.517541847586024,1.6849036786152294
242.63833534593013,-291.5038399485682,135.108111562501,1.0694551602873434,34.52128531815981,-1.483607827213686,6,D06_px-1055_py-0118,0.691518130007822,1.483607827213686,1.2418354178191038,2.317611173306833,2.027566446608642,1.7279291873413536
-321.32575752527384,-272.1561631203182,141.11713325707657,1.0947696539075586,7.696790949859462,-3.045834594273898,1,D06_px-1055_py-0118,0.7078866809675862,3.045834594273898,2.2041208398967163,1.8680562540384917,3.064325612689739,3.0178623739895247
-249.46282371808832,-274.20187074589865,142.32254529827114,1.0372723830962227,35.79577601584157,-2.915966968503376,1,D06_px-1055_py-0118,0.6707084927943435,2.915966968503376,2.5567417251563676,2.689723452606989,2.1818469054550946,1.7428756998068395
-285.30570050062414,-248.8106880216921,139.85391827506268,1.0539611239704163,32.61395086986744,-3.0313958125752207,1,D06_px-1055_py-0118,0.681499564089382,3.0313958125752207,1.8000204568278124,3.406055723678012,1.9611975185997244,1.872507573056039
-338.90950592095845,-243.0467376660507,130.8424030193554,1.121112291818792,14.63601892796362,-3.12643296102152,1,D06_px-1055_py-0118,0.7249200381239113,3.12643296102152,1.8159179598199369,1.8662703809351604,2.3175678660822943,3.087199578709824
299.55864379813,-242.8435150118817,141.67696906542176,1.0563423493260429,27.71743533265021,-1.2881934160804664,6,D06_px-1055_py-0118,0.6830392831596117,1.2881934160804664,1.7566713138765966,1.4363770511537575,1.8424787617689544,1.4615122553776208
-293.4125877042059,-235.97250730228728,140.51462891292593,1.0496164272500663,33.43144548904718,-3.071254597355072,1,D06_px-1055_py-0118,0.6786902489698025,3.071254597355072,1.385341145297009,2.740560849132065,2.2681040962614656,1.343956807676487
353.06289674374284,-206.3202506185293,139.21173239462354,1.0883368894261063,15.59227550928722,-1.135828972697337,7,D06_px-1055_py-0118,0.7037272047873979,1.135828972697337,1.8576001271332332,1.5080590348026084,2.410353557094572,1.3558781547674295
-357.36550806842456,-196.0122224363648,134.19382710845315,1.10194876626734,18.661924640104928,3.0362980374867123,19,D06_px-1055_py-0118,0.7125287515643732,3.0362980374867123,2.844259623939996,2.4931639243175256,2.0444889742939134,2.1535031279451475
-336.5271651365848,-176.97694591786947,142.90508096006857,1.04654544622559,30.15611938345097,3.0187591362914583,19,D06_px-1055_py-0118,0.6767045284513613,3.0187591362914583,2.2034442498044347,2.2189212398978704,2.150482531900914,2.3170633296082617
364.4296918348164,-166.01305834444173,142.13788972642405,1.0709874807489987,19.064685873002706,-1.0344326818163807,7,D06_px-1055_py-0118,0.6925089404873674,1.0344326818163807,3.031307947575194,2.3077839807483578,2.4372827103565036,1.9291323495141786
357.373600848516,-157.25454944568688,142.63861452259584,1.0587562699735518,24.518937386525067,-1.021510236451515,7,D06_px-1055_py-0118,0.684600143263091,1.021510236451515,1.2935852978562634,2.502762751765947,2.1084147536148032,1.666531162751536
-361.0323565268825,-156.20355353775187,142.15308778217732,1.063396047361239,23.091666164762216,2.9429522797543792,19,D06_px-1055_py-0118,0.6876002598663191,2.9429522797543792,2.0875455943230863,2.033221067347708,2.020884978346641,2.3482845706636617
391.1729705140251,-142.1607485210281,137.82132047418864,1.0996220038942506,12.027866897093872,-0.9555609347496372,7,D06_px-1055_py-0118,0.7110242486876196,0.9555609347496372,1.9721314345667267,2.5569852881815613,2.145522545623371,1.7064320179221122
334.5763497095948,-138.7225798306251,130.91578746677993,1.0632983072313684,46.26547999496563,-1.0000268410800683,7,D06_px-1055_py-0118,0.6875370603285128,1.0000268410800683,2.203770435776663,1.235845311313862,0.9968554764032289,2.0872344779247074
-416.69842301007407,-106.96926529411266,139.87634912065687,1.1069818215565914,2.9752266159291025,2.785893917941921,18,D06_px-1055_py-0118,0.7157831647563335,2.785893917941921,2.8962316223981563,1.4048858455475273,3.4553803018771747,2.6921447346051806
-410.17385726107216,-79.8002918196074,139.42351107557414,1.0965504575412737,10.337604640747088,2.726765120669504,18,D06_px-1055_py-0118,0.7090381626233173,2.726765120669504,2.4196701563775136,1.9178678543764835,1.701977818200954,1.945678737475169
363.5834299771409,-31.87194828767465,139.9874833112825,1.0377042791503386,40.18575375887042,-0.6944166405019851,8,D06_px-1055_py-0118,0.6709877601846843,0.6944166405019851,2.1530689002503514,2.190422046334196,1.9128998402972552,1.595749606666251
386.4697545321037,9.745650185613018,134.23811284328693,1.0801596742250617,30.75071298096225,-0.581767765330332,8,D06_px-1055_py-0118,0.6984397530320774,0.581767765330332,2.904054437181534,2.6349016163167693,2.928521385557423,1.7794322206818727
-401.2957664162586,37.95591240884269,141.0865072531567,1.0768367966327927,18.06573830726461,2.4403102795451934,17,D06_px-1055_py-0118,0.6962911542088848,2.4403102795451934,1.9589718835230896,1.5223410628040543,2.519927628152672,2.965806219475109
-406.7990556292252,55.0484595013899,140.29204343449933,1.0867425112657754,14.181147501136536,2.400109141893469,17,D06_px-1055_py-0118,0.7026962673111029,2.400109141893469,2.1027144726282723,2.0296083856389613,1.7837821986354347,2.362030163120961
-375.46749062968377,70.8652414556963,132.1156714472236,1.081919347593988,34.328076137861046,2.3480688216897687,17,D06_px-1055_py-0118,0.6995775716921674,2.3480688216897687,2.1983930820696576,1.6767357324888716,2.9321345238698946,1.7437701854728656
-353.055721795064,77.0125943360282,143.08696216781735,1.0236501330110803,40.6100270556862,2.3198456990705134,17,D06_px-1055_py-0118,0.6619002385961539,2.3198456990705134,2.054567624523167,1.4315833711519315,3.355378150115101,1.188270882819491
-340.92141176735805,79.48823809286742,143.53693859444303,1.0080272825027752,46.611459229958825,2.3055483555352767,17,D06_px-1055_py-0118,0.6517983804069875,2.3055483555352767,2.938326768700634,1.5910349514588769,1.5857970738747627,1.824038858854086
383.97199565361865,81.38558650832823,135.99761006459426,1.0810522613451412,26.53335674536578,-0.3981136504374548,9,D06_px-1055_py-0118,0.6990169068942185,0.3981136504374548,1.6348591574875857,2.2311631991363585,2.04806979455715,2.064190689724838
424.2451887925045,112.51777511849932,142.8358715708762,1.1066180599239466,3.408258726578879,-0.3477294239565798,9,D06_px-1055_py-0118,0.7155479536195641,0.3477294239565798,1.532767248378934,1.5756214194553562,2.6263827386801513,2.082026603997618
348.1209577131484,118.04951032231648,138.71652440090574,1.0447919336832945,39.36121396314144,-0.280043623842773,9,D06_px-1055_py-0118,0.6755706934302953,0.280043623842773,1.272576539412186,1.8849079574600789,1.952910568906388,1.0547247261895198
372.2087775865288,141.29134595219722,137.93547602100122,1.0810821208322172,22.39731778277792,-0.2441799971219258,9,D06_px-1055_py-0118,0.6990362142737445,0.2441799971219258,2.1525760076647114,1.9691695446211304,2.7973741107580814,2.689308870521005
412.1556715965137,145.36589166796637,146.82155559523946,1.0937679962929274,4.13035087867928,-0.2679044456977001,9,D06_px-1055_py-0118,0.7072390012645945,0.2679044456977001,1.8657945861216731,1.7432169751968356,1.7509538158076192,2.201090791340154
-369.2659357552693,160.45536258353414,138.17592918896386,1.085010664130304,19.702658081369123,2.124702268588791,16,D06_px-1055_py-0118,0.701576441312733,2.124702268588791,2.615087417700959,2.0687645528741605,1.827409092532755,2.3723877020291364
305.2710499263192,191.3145152509175,132.92142364818574,1.054525457384558,46.37621566116127,-0.047155977771644,10,D06_px-1055_py-0118,0.6818644665198338,0.047155977771644,2.0744419800618976,1.7726511639677813,2.625209271944762,1.11478282258888
380.0933730424556,190.17131127080373,130.1013134732627,1.130665376199749,10.283276623520976,-0.1430696537950595,10,D06_px-1055_py-0118,0.7310971377277427,0.1430696537950595,2.402396817188208,1.6638971709562607,2.95454833597474,1.1428316331091724
315.2680049378353,198.45764401057423,145.2309284233843,1.030547391976004,33.285432072299045,-0.0451589029465773,10,D06_px-1055_py-0118,0.6663600605678597,0.0451589029465773,1.9679760934879673,2.692170842004512,1.947635939527138,2.1952793490210922
373.9359952432201,203.14570378835643,127.57133081807356,1.1386714334041448,11.033263518776891,-0.1093231577823388,10,D06_px-1055_py-0118,0.7362739173743358,0.1093231577823388,1.2206847398714744,1.369253130191328,3.3099849118304037,1.5921474771284903
287.13885334564475,237.55431947747584,145.06124034281328,1.031223950966863,33.29677836061762,0.0841964928677428,10,D06_px-1055_py-0118,0.6667975289401411,0.0841964928677428,3.156642028003266,2.569733690068294,1.5101371542543358,2.5037453865029713
-310.4343148171195,236.9174657185253,126.82875341364591,1.1074246324431272,31.889580727888188,1.8827296202420296,16,D06_px-1055_py-0118,0.7160694897632858,1.8827296202420296,2.6865180598283755,1.7245389985279789,2.52006560256879,1.5538813114164531
275.9727839358678,248.76270987358785,119.95707740660433,1.1097832042548106,45.98997684960205,0.1266101965598784,10,D06_px-1055_py-0118,0.7175945608735754,0.1266101965598784,2.042552362366404,2.0917961204035023,1.887130684603042,2.538250759646438
295.068262324426,256.38687382291994,132.67855657308317,1.0895567432014368,29.00580470178255,0.1083891180117772,10,D06_px-1055_py-0118,0.7045159718464796,0.1083891180117772,1.3864169058248232,2.588038228866772,2.511606508377131,1.4787112144557235
-329.155566840362,261.3309815394184,136.76734545715817,1.10663468792928,10.13684717006231,1.8635759837635004,16,D06_px-1055_py-0118,0.7155587054187802,1.8635759837635004,1.9040834464289413,2.9615005599749034,3.5545473023697314,1.2961553762028721
301.5063285646483,267.7090871417837,131.27656048916026,1.1064317803398578,22.52080296677269,0.1191131244534445,10,D06_px-1055_py-0118,0.7154275037732956,0.1191131244534445,1.9470506630866127,1.6571073351028667,2.118983645158824,1.9660390535849965
-266.10138405977284,271.0917862154016,136.75537721660024,1.064997508935947,33.386772279630634,1.7399254534240067,15,D06_px-1055_py-0118,0.6886357775341416,1.7399254534240067,2.664865778645494,2.4883830524061645,2.3862379530536213,2.363445480151665
-231.1243804797316,276.3541071511846,135.84141368827068,1.0451424716329245,44.92411750454352,1.6603234400764726,15,D06_px-1055_py-0118,0.6757973540294735,1.6603234400764726,1.87488979471423,2.3892554185560266,2.963847623674117,1.4203966683713705
-216.8719241729676,291.1377796246905,133.2495869223826,1.0567511653675912,44.648157048133214,1.6040533988971428,15,D06_px-1055_py-0118,0.6833036268320408,1.6040533988971428,2.2499007752128755,1.14739075578276,2.4860199429683556,2.06024272454951
268.5576874775179,309.43806729099765,145.93436757682346,1.069518586592472,11.959694937639654,0.2490288676138474,11,D06_px-1055_py-0118,0.6915591419562837,0.2490288676138474,1.9935287672894295,1.4385609688649892,2.1647777878102863,2.7054080285922626
-265.528036715795,315.6302145631055,137.19463063225734,1.0978129876252911,14.477382061561968,1.6632166898986802,15,D06_px-1055_py-0118,0.709854524519728,1.6632166898986802,2.3395734727363924,2.901171606375748,3.062820394961942,1.5739241679843463
-134.07559917047462,329.10946473886565,141.56594242898657,1.020973681995771,44.722964105852895,1.3506767866162042,14,D06_px-1055_py-0118,0.6601696242890829,1.3506767866162042,1.8265995614541788,2.4510398195934586,2.8835918317641327,2.5306770230846523
-174.56683615997918,329.9797978268375,123.70629559945274,1.0993309546306855,43.2784144800998,1.4504121639171963,14,D06_px-1055_py-0118,0.7108360539414027,1.4504121639171963,2.302615895416542,1.8919812688885969,1.889204476886757,2.3180089782418216
-178.0205712816384,349.81451832503404,140.04189706818934,1.0687938544555726,24.60656283863267,1.4345589434163897,14,D06_px-1055_py-0118,0.6910905244483458,1.4345589434163897,1.2396990896472715,1.3731359387836328,3.43591328933627,2.0960182867571002
69.49042255585815,345.1326571526776,123.16612446389176,1.077039573691845,55.76535022023597,0.7651291706349438,12,D06_px-1055_py-0118,0.696422271452404,0.7651291706349438,1.78287106851118,1.9748035129109234,2.5666376348466966,2.6574183166330676
23.52696026485188,357.41249136467854,136.10503171090872,1.0417839302322054,45.95861090126834,0.8980858318353963,13,D06_px-1055_py-0118,0.6736256947068375,0.8980858318353963,1.8941308049646113,0.8217911248365208,1.636527752628436,1.6518179518165987
-180.6716549978689,368.3533040467408,138.073725288966,1.0930483923650194,15.340278063789016,1.4198232183136057,14,D06_px-1055_py-0118,0.7067736996969818,1.4198232183136057,2.073603739156769,1.9104103545103759,3.5922547920650807,1.5467636070223567
170.77073922789842,373.12445744827824,137.44811694262762,1.0949704279576205,15.586497279151104,0.5345964744922737,12,D06_px-1055_py-0118,0.708016503049716,0.5345964744922737,2.0561015503580795,2.165259842542137,2.279717901059249,2.255626766415906
40.10600579583621,376.9799091328395,141.66572893818483,1.0490401974538874,31.404784406352743,0.8578278201595452,13,D06_px-1055_py-0118,0.6783176542450255,0.8578278201595452,2.18218369924821,1.0887496919872484,2.4101101623616334,1.8451154308643982
209.93306322802752,376.1261492911932,136.8586378210844,1.1161436727289344,3.999689294766938,0.4547414686438688,11,D06_px-1055_py-0118,0.721707289885999,0.4547414686438688,2.74575053692436,2.4546495915926037,2.7341744801981447,1.8600918839205605
-171.78922533876377,383.97631444904687,135.99925114851396,1.109237402669388,10.263969104829698,1.3845025988730837,14,D06_px-1055_py-0118,0.7172416412695358,1.3845025988730837,1.8815287424275406,1.8719492021735853,2.7617838204613143,2.315535773990671
74.51841923847225,384.66500481734136,133.29216166482536,1.08862825084402,28.19116605881476,0.7724641318712234,12,D06_px-1055_py-0118,0.7039156013750753,0.7724641318712234,3.305697250044073,2.348891840037098,2.4615639187401084,1.9580043660068824
-126.06574610644202,388.83542178835216,136.73978389539766,1.0954974310865553,16.82719566320253,1.2773372908502316,14,D06_px-1055_py-0118,0.708357267423728,1.2773372908502316,2.6505967841371296,1.9347431813238785,2.6788555639528617,1.497911249437068
-19.937876981378288,392.5551001989491,127.64632622575226,1.1074572871043202,30.041757383631364,1.0145631981430785,13,D06_px-1055_py-0118,0.7160906045244115,1.0145631981430785,2.1636109186405976,2.732492573911748,2.107870936451826,1.799360638883737
173.0326050760146,393.1454428672948,142.54910076024254,1.0987346872834798,2.158600821999414,0.54920633565909,12,D06_px-1055_py-0118,0.7104505027783098,0.54920633565909,2.324467149267223,1.6363176836200082,1.986365958647158,2.5152927584892275
-83.29333316734409,400.6549697884847,137.1780272072263,1.0946530340420295,16.360438742290455,1.1687900575375745,14,D06_px-1055_py-0118,0.7078112736440003,1.1687900575375745,2.6470877225296077,1.7164738993557758,2.8035861402148954,2.3009679855416625
19.071860508978222,408.5325875067944,119.2977139428294,1.1489696004052778,24.267161525248863,0.917166847699015,13,D06_px-1055_py-0118,0.7429327932688785,0.917166847699015,2.121151194027714,1.7276816757745619,2.595551683958889,2.307261957056186
-6.100215664574937,-428.0834635643277,134.87654295378144,1.119483792491383,6.398303454922143,-2.192024955644024,3,D06_px-1055_py-0118,0.7238670376322346,2.192024955644024,2.78079218758102,2.269195306046054,3.4114138813706827,2.1661771720100287
-19.1540886690408,-415.4610365841932,129.29212736936586,1.1246885217920362,15.980266629311814,-2.2238464490148524,3,D06_px-1055_py-0118,0.7272324565921259,2.2238464490148524,2.484498920537682,1.7198970772386817,2.054240389145047,2.1111377828221314
-37.649176382929525,-415.0851725016961,138.7981964227342,1.0973294090603147,11.24489187742455,-2.2682306378416963,3,D06_px-1055_py-0118,0.709541838810797,2.2682306378416963,1.4515045821456205,2.8749574058982117,1.9635536855298055,1.8256941601231138
154.01934399562964,-385.1865216821512,137.77715940485007,1.0984207279764977,12.83895171156746,-1.7973931730719426,5,D06_px-1055_py-0118,0.7102474942175727,1.7973931730719426,2.1398160498694647,1.469483203605093,1.904343651674336,1.4268270661864897
-218.5261222018332,-376.215687222948,137.12010623071498,1.1193290295100349,1.354603668194443,-2.7039979197046025,2,D06_px-1055_py-0118,0.7237669666695329,2.7039979197046025,2.4428493689425643,2.769463644987108,2.667444166772153,2.087492552949614
19.412628837086544,-377.7190538621716,128.45201992151434,1.089311560731647,38.26702150383346,-2.126426678248971,4,D06_px-1055_py-0118,0.7043574349303791,2.126426678248971,2.0542390468135014,2.4226680899199327,1.6636921753881158,1.7364650156708936
-166.06371730601228,-369.975864488193,135.55451088089046,1.0958165301828369,19.23356751438905,-2.5996731460313804,2,D06_px-1055_py-0118,0.7085635994127087,2.5996731460313804,1.6835061046148991,2.3397884422307724,2.0885402494137266,2.520756157489581
61.06665647786616,-373.7107542578239,138.46826981762226,1.0583511076915253,33.23415721452221,-2.0158011888848963,4,D06_px-1055_py-0118,0.6843381621403468,2.0158011888848963,2.3452944050820257,1.3118118703624064,2.235558203528246,2.0381221356564976
-193.2631937485357,-362.8930949056818,140.27044675945436,1.087447750526097,13.82263662629839,-2.6671327340164543,2,D06_px-1055_py-0118,0.7031522805715137,2.6671327340164543,2.1910285700469307,1.7906283851462028,2.4929232839082194,1.2248202986626349
179.9603623746372,-364.991562338632,139.12840049863416,1.0865841896477044,16.771602913484458,-1.7197008870180444,5,D06_px-1055_py-0118,0.7025938953058672,1.7197008870180444,2.214004406387639,2.432741108664739,3.062487800657828,1.2594775881124092
-213.53650270809104,-310.9443718987642,139.34863573514193,1.0539789058591915,33.62769529423241,-2.7795438108188457,2,D06_px-1055_py-0118,0.6815110619987197,2.7795438108188457,1.7155504966745343,1.6913494146431738,1.8259420145429885,1.6590927514422336
-241.72808172212603,-300.4565133785284,130.72060344852912,1.090086381360929,32.948988641841254,-2.855276541613911,1,D06_px-1055_py-0118,0.7048584400520044,2.855276541613911,1.4644027825688806,1.8618066360499803,2.778730297418572,1.6920813830811459
-249.71181159795697,-296.9689030681664,142.26679039298304,1.0571935289984626,26.08259452732699,-2.8769447011992524,1,D06_px-1055_py-0118,0.6835896626399578,2.8769447011992524,1.9689246947074301,1.7770780821509458,2.8051061381049545,1.0009861873125465
310.0478782483352,-270.2844728825866,138.12488489228278,1.0939333081433222,14.714557065579813,-1.3239662868175093,6,D06_px-1055_py-0118,0.707345893209108,1.3239662868175093,2.4146869850707304,1.5583011170715952,2.8381440755962872,2.0741848684711393
255.6842343936925,-266.4658510073668,127.10372223619616,1.0838224373688756,44.02786846667317,-1.4130232625144172,6,D06_px-1055_py-0118,0.7008081245299449,1.4130232625144172,2.729558668967323,2.444697151136869,2.1682889980003948,1.6099628909481862
343.26573322119094,-228.11609881176773,135.63431569790436,1.1021287567184403,15.367297092435876,-1.1935130066815414,6,D06_px-1055_py-0118,0.7126451348077163,1.1935130066815414,2.4528262341581266,2.130234080038526,3.1090131285426397,2.103420688575948
-301.6739611918631,-222.99873764989647,142.45507428990936,1.0420744819397942,33.2359472751354,-3.1120160991235606,1,D06_px-1055_py-0118,0.6738135677294413,3.1120160991235606,2.5935329945117247,2.3276585923673574,2.4502540059129387,1.8438611238151748
314.08567076289955,-223.3691072077921,133.00479959947498,1.0827217335377213,32.00691454608938,-1.2251645609614257,6,D06_px-1055_py-0118,0.70009640076323,1.2251645609614257,1.641348184526056,2.2209479616672976,1.5511862518256618,1.1227036745946435
-338.712674788468,-142.7820194259162,137.2706387495279,1.0493123039137575,40.092691470938064,2.9335521753906035,19,D06_px-1055_py-0118,0.6784936004251738,2.9335521753906035,1.5738360439593235,1.3856437807558764,2.2577014166102747,1.829842246779736
-411.0468232292308,-136.84678584477865,138.6603739324951,1.1132431580098272,1.758146408939524,2.855993989741439,19,D06_px-1055_py-0118,0.7198317942232558,2.855993989741439,2.0243308092600945,2.6223611146900474,2.975099073893956,2.2109371174866435
-345.7762150725731,-127.52273264828588,134.59271608927034,1.058900009930348,40.87031484356476,2.8879383096874527,19,D06_px-1055_py-0118,0.6846930866512967,2.8879383096874527,1.595228306600248,1.8282469262354604,2.1537136201113385,2.392917296338709
390.08373882767273,-117.23450169232828,128.95473794719382,1.1175486010743096,21.1511337053164,-0.898928690835316,7,D06_px-1055_py-0118,0.7226157276197772,0.898928690835316,1.699044619853301,1.5409428234193223,2.230942153891986,2.4878712530317
367.03355268698976,-74.65258237506191,140.57386363025395,1.0471539788283948,34.5173785678698,-0.8076368315173672,8,D06_px-1055_py-0118,0.6770980104253295,0.8076368315173672,1.8853122769681272,1.7088420866695526,1.5510279963171443,2.3604697731612574
412.0600161534993,-75.37106998999592,139.10613515278266,1.0984758189838322,9.885178167196898,-0.7878924613720641,8,D06_px-1055_py-0118,0.7102831164968294,0.7878924613720641,1.882446397159773,1.2986460749439155,2.135640759424345,2.2231292609238333
403.3950355677957,-59.94477414418751,130.23865721802716,1.114127135706357,20.29206373848018,-0.7545006652510273,8,D06_px-1055_py-0118,0.720403381164319,0.7545006652510273,2.28994202158919,1.8825109213814566,2.5546811410361974,1.2602344127081975
-410.1378357155781,-55.887166437876814,140.46594344881197,1.0896451323436478,12.130597349120762,2.67004336263204,18,D06_px-1055_py-0118,0.704573124962014,2.67004336263204,2.3891660902053466,1.617626286281689,2.0578172747204864,0.9862706496789748
355.85855232653574,-49.47112844827722,143.08947849248847,1.0210781276289551,41.76062912156982,-0.7451132801687598,8,D06_px-1055_py-0118,0.6602371596581463,0.7451132801687598,1.8314942872295983,1.3072951279824745,2.5229431696528843,0.8525307632777566
-370.6576854296358,-43.96551319751429,137.76298974106206,1.0543731172001276,36.64321267209101,2.6526763576438577,18,D06_px-1055_py-0118,0.6817659621567018,2.6526763576438577,2.7983593024392253,2.412770218781789,2.18985774067839,2.634428919773546
-422.848553596461,-2.1675977570837928,137.26467796433178,1.1076229928224193,8.419286307555012,2.5397392567573536,18,D06_px-1055_py-0118,0.7161977511468849,2.5397392567573536,2.3830788748813516,1.7716079430964569,2.33286688345311,2.045582672254005
394.6915373615576,60.34111739993013,134.72557918691552,1.0919754517354645,23.22813919663787,-0.4552724836974479,9,D06_px-1055_py-0118,0.7060799278350929,0.4552724836974479,2.4409864566920336,2.6613455415726923,2.584371889694105,2.016363829075968
414.9367705901424,72.04575951784425,125.5674602324757,1.140728145363768,14.474330750888951,-0.4350627905128823,9,D06_px-1055_py-0118,0.73760380352674,0.4350627905128823,2.006605512271898,2.041497910161632,3.071197918432203,1.6015472233507075
374.5372797229717,126.80284605678584,140.63861201592732,1.0701186791421924,22.65906233229117,-0.2805335628927495,9,D06_px-1055_py-0118,0.6919471665254511,0.2805335628927495,2.7280608591939552,1.039090604725593,2.644957679102026,1.5340967746419456
314.7285170264128,186.0730455935508,140.81268526781145,1.035898302112495,39.406968062930616,-0.073042689124907,10,D06_px-1055_py-0118,0.6698200012075701,0.073042689124907,1.560776991636124,2.026581022555016,1.535117549063039,2.7307041339968303
-316.0482600861308,190.006827477588,130.0859721404159,1.0735699315605165,42.92103813749833,1.993314957939196,16,D06_px-1055_py-0118,0.6941787735222916,1.993314957939196,1.6770003262225412,2.241562346832443,2.6161153974827074,2.086981825466369
347.4671374329056,205.48046831270904,139.51852317786617,1.082095107805967,18.46688196811732,-0.0729322865101523,10,D06_px-1055_py-0118,0.6996912196295759,0.0729322865101523,1.7510580783853813,2.1591189118168503,2.1786986214471074,2.117987695573146
293.41263715917734,247.6270041021156,143.13637688742796,1.0500507082706496,27.948228601599567,0.0939944973253387,10,D06_px-1055_py-0118,0.6789710584982458,0.0939944973253387,2.741845547829588,2.0425292365129364,2.7194600740055357,2.2615230749597925
260.4735771434076,272.5444904974209,140.73539062784653,1.0494754663732708,33.05744126428425,0.2010611106278244,11,D06_px-1055_py-0118,0.6785991025566142,0.2010611106278244,1.7606884244210852,1.9834736728193378,2.373743890695022,1.909116042866841
323.79877808482115,284.85543043621664,132.01687913055645,1.130658912111855,5.791508117662488,0.1145230150974969,10,D06_px-1055_py-0118,0.7310929579975973,0.1145230150974969,2.070507631821633,1.5965541945148967,2.7131687852648523,1.9867625292791962
201.22149911261133,294.6921807757037,139.9487323043079,1.0279021246938325,44.7489241363366,0.3647148268772483,11,D06_px-1055_py-0118,0.6646496099082485,0.3647148268772483,2.525766536873303,1.6617722835480642,2.0040266866308496,2.454313871486839
270.87473079201885,308.2046711830253,131.2404253294914,1.113509400201852,18.39396484354188,0.2427938430315737,11,D06_px-1055_py-0118,0.7200039485216265,0.2427938430315737,1.2843301973008707,1.865863983011392,2.8045780607516955,2.499759706836556
195.64846640077104,327.6547912314329,132.28650579751837,1.0808685312628088,34.519498773613634,0.4255193482269478,11,D06_px-1055_py-0118,0.6988981055758662,0.4255193482269478,1.93003056817323,1.767804020506539,1.9147208856892126,1.938344588314109
-104.48204216310184,343.0102015914702,136.9422255831978,1.0395763507853697,45.31991266128074,1.2594914390887442,14,D06_px-1055_py-0118,0.6721982564489218,1.2594914390887442,2.8579455344098563,1.123497015331587,2.031099674022455,1.515979097802983
82.51651245293583,354.116193315252,134.9396936994062,1.0520104166835762,43.492671690790814,0.7348810807260177,12,D06_px-1055_py-0118,0.6802382213933255,0.7348810807260177,2.534018201869243,2.204252454572746,2.012673833365466,2.079201917165443
-70.18094234401352,359.7569408277468,140.91959114235792,1.0366666627214138,38.83821028886041,1.1564759580083073,13,D06_px-1055_py-0118,0.6703168292291474,1.1564759580083073,1.949484850578778,1.8382367684126573,2.9333318477981662,2.369705821322546
91.5689711546457,363.20043808943865,140.03960832202327,1.0488210169918428,34.77451949852042,0.7168467430976889,12,D06_px-1055_py-0118,0.6781759304319331,0.7168467430976889,2.3518035658900747,1.9009618154725896,1.6208123953912787,1.5460337857926905
119.80346916919004,366.4470112643252,129.8965513848977,1.0925778978115217,33.38169987181021,0.6478379317823534,12,D06_px-1055_py-0118,0.7064694742129267,0.6478379317823534,2.6834193263591812,1.4211506987204694,2.878835200317751,2.3195186868132547
-66.02814749150026,374.5607449392035,138.46144617949955,1.0602490544118142,32.291622503076724,1.1383056559175753,13,D06_px-1055_py-0118,0.6855653894385124,1.1383056559175753,2.1082775034998513,1.5669705020842755,2.9801639743873913,2.908077481311175
-78.65162958263953,376.9007812654763,141.48611049621343,1.0562445725919254,28.15504318461666,1.1695443426877363,14,D06_px-1055_py-0118,0.682976059953211,1.1695443426877363,2.0216184881794774,2.031773691594248,1.9411965229776293,1.7896378145062097
142.1116031552506,392.5307550215404,137.63104859763698,1.101400771201122,11.384200561958323,0.6164569618674866,12,D06_px-1055_py-0118,0.7121744136383749,0.6164569618674866,2.095678698160182,2.4985483857012865,2.45542973456676,1.2884865509679124
42.41380483082629,392.30456749907086,141.1585664948426,1.0676765739835992,22.88160838274905,0.8561206245557648,13,D06_px-1055_py-0118,0.6903680820951145,0.8561206245557648,1.8095594993326762,1.448090124350629,2.5955546206983144,1.8689565804281192
-50.10554598065937,-412.61256733238986,138.3390310183549,1.097557322062824,12.116857434148985,-2.298619026932556,3,D06_px-1055_py-0118,0.7096892091533342,2.298619026932556,2.1006719888956145,1.9510243283543647,1.177428383391345,2.572668610139365
35.84568701551741,-405.8640964111661,125.19870884116474,1.1291968878800065,22.703305328828435,-2.0896849964782818,4,D06_px-1055_py-0118,0.7301476016139202,2.0896849964782818,3.159033313972004,2.0500549826688674,2.2571180588728446,1.988870354364063
-92.74482301104618,-396.6719250399448,136.26403555174113,1.0955284414588409,17.848902033911145,-2.4074573135942345,3,D06_px-1055_py-0118,0.7083773189746954,2.4074573135942345,2.171574088850631,1.8755106165968511,1.7883044414706621,1.9138919984528242
-112.98562479209768,-390.8911113003281,131.01040111087266,1.1108752399114568,20.49391688115241,-2.459153329519177,3,D06_px-1055_py-0118,0.71830067973038,2.459153329519177,2.35957167548207,2.1828072259151297,2.0875127397446365,1.1060241595044813
-48.11462631979592,-393.02523144730105,135.30382219627808,1.0867930799228434,24.871984408818548,-2.2995909410116324,3,D06_px-1055_py-0118,0.7027289654030577,2.2995909410116324,2.2719208666959143,1.6417274481148543,2.408810239618808,2.3011957634170574
27.709425616293665,-389.7737680446034,132.7372425186561,1.0892300267102553,29.058312300086698,-2.106804212091792,4,D06_px-1055_py-0118,0.7043047143899596,2.106804212091792,3.0630042165950924,2.1268074664091863,1.7550281633087634,2.5567328579547084
-39.68376551393511,-384.93551195626577,138.88942080819248,1.0662892291246364,28.311835311863547,-2.280504934626975,3,D06_px-1055_py-0118,0.6894710139821437,2.280504934626975,1.7987332955868167,1.9314178741567551,2.3889323731725813,2.271774889595095
-13.3132097713221,-372.1315731171853,127.58234155932364,1.0856950647273091,42.03697367692314,-2.213536152238463,3,D06_px-1055_py-0118,0.7020189801293114,2.213536152238463,2.482292216059227,1.8847610792903198,2.6643603992504166,1.8545082230347258
-178.70974295919376,-333.1543055724533,138.5208912082701,1.0575019041804157,33.552549074190495,-2.670131144768484,2,D06_px-1055_py-0118,0.6837890604614688,2.670131144768484,1.57587960070249,2.3789189134759576,2.6822405316812485,2.030140794052853
139.48785936210967,-333.6786096068947,140.08420387721225,1.0333955564576751,41.99108697602645,-1.7818231594555989,5,D06_px-1055_py-0118,0.6682017061547497,1.7818231594555989,1.2635417842897008,1.9279149496092427,2.908242527312109,2.422484664906885
280.1517026058017,-294.2900801756963,137.34881951726436,1.0912339558407376,17.959642534238526,-1.4169851039657368,6,D06_px-1055_py-0118,0.705600470749307,1.4169851039657368,1.293134667231627,3.109126383860973,2.667093261862672,1.7142865275851218
-236.9981584380841,-292.54572416596454,140.24231053720544,1.050418901680273,33.58404280861714,-2.8586592402845343,1,D06_px-1055_py-0118,0.6792091352569156,2.8586592402845343,1.5281048508560795,2.4704307539372827,2.117074481772234,1.9668264755362639
291.0619764071112,-287.1198794500544,126.68277731076812,1.1259622932750095,21.24370105753121,-1.3855597091007574,6,D06_px-1055_py-0118,0.7280560872656422,1.3855597091007574,1.4097629698544565,1.8422195243181045,2.866745162782018,2.5146604344982366
-289.145537784218,-280.90428413220485,133.166225750171,1.1006075822635395,21.71411006190266,-2.9776300910347966,1,D06_px-1055_py-0118,0.7116615314239279,2.9776300910347966,2.4671677214886225,2.460571908827779,2.682684760161691,2.062997194919107
-239.81930351693777,-278.1523289315878,127.25616088729576,1.0810400319969533,45.12257357500545,-2.8893026550735907,1,D06_px-1055_py-0118,0.699008999301358,2.8893026550735907,1.702977355885837,2.3635838794385147,3.010272677256551,1.9511546425672104
306.9376820040641,-252.14802101405616,137.4061336778999,1.0817417953853348,23.160638215284507,-1.294690937654955,6,D06_px-1055_py-0118,0.6994627650355951,1.294690937654955,1.7169045014104354,2.548962330144659,1.8086675221585256,1.8663168597420081
287.49397589359364,-227.57761434808828,139.47246844364773,1.0413307410843258,39.50024913404911,-1.276571898257285,6,D06_px-1055_py-0118,0.673332659034358,1.276571898257285,1.6513697560494112,2.097983094627095,1.2623225084225997,1.1322979314379584
278.22798861978174,-221.66643253593213,137.49905258893838,1.034320638452376,46.62340465673964,-1.279709861088127,6,D06_px-1055_py-0118,0.6687998714587607,1.279709861088127,2.485729881114845,1.8092335659768741,1.8877783764423723,2.9244699257440723
346.37225512524765,-166.90906176824635,131.82852302590703,1.0854021701706724,33.087811085202475,-1.0560244687290132,7,D06_px-1055_py-0118,0.7018295922020603,1.0560244687290132,3.1515686557992146,1.4183305146084044,1.6951816620780855,1.6588352937682003
-335.43466675790563,-164.95371855425358,138.87949042244136,1.0515272420220254,35.78355105473963,2.991647908739022,19,D06_px-1055_py-0118,0.6799257968515308,2.991647908739022,2.199496157138854,2.291855296211303,2.4738698553004257,1.5521699384299688
-320.3302716795252,-163.26197403041772,140.29040050346708,1.0301520249783398,43.07048203845875,3.0059648983930893,19,D06_px-1055_py-0118,0.666104413153135,3.0059648983930893,2.24490553232909,1.2179422906162076,1.0365153826663074,2.3488274253960064
388.2747321455687,-126.29872306907968,137.02638784337654,1.09418482683258,16.962404934965434,-0.9214663332199748,7,D06_px-1055_py-0118,0.7075085271746226,0.9214663332199748,2.564871552828256,1.30860024444187,2.523824375533625,1.7472540228936801
409.8574263895412,-120.60034018250803,139.17480536738023,1.1062150143104066,5.019490726555091,-0.8931523184678305,7,D06_px-1055_py-0118,0.7152873411513349,0.8931523184678305,1.8651311894992293,1.7157815388280366,1.2399794153405548,1.5853728016302782
360.93908138881454,-116.33460050893028,127.7992905665726,1.0924861196809688,37.988159131333305,-0.9187773135114292,7,D06_px-1055_py-0118,0.7064101297508377,0.9187773135114292,2.0615097488093226,1.2377987568897617,1.856957195219758,1.7308703750618988
-349.2274951812664,-90.87890507017664,136.69725727416065,1.0431298898291284,44.15983651696644,2.7891950868028346,18,D06_px-1055_py-0118,0.67449600278341,2.7891950868028346,1.9765729669390137,2.1155233731806264,2.6779765654970022,1.8018692556425462
-387.024882067425,-81.67454191734237,136.32306886856384,1.0832663604769703,24.63202998410952,2.7425932915701474,18,D06_px-1055_py-0118,0.700448560831802,2.7425932915701474,2.026896236653493,2.4877329951247438,3.2844395972391442,2.1401335279355385
355.6678953750903,-69.8017670670341,138.6058883560168,1.0390059022875504,42.30118108910625,-0.8007719951968775,8,D06_px-1055_py-0118,0.6718293999571997,0.8007719951968775,2.1811427889044683,1.9901327997209086,1.5185769665901248,2.271000788975992
-364.6656803210173,-63.10919050610157,137.24889844537265,1.0523139029027777,38.68815741037105,2.7059762109216927,18,D06_px-1055_py-0118,0.6804344579730143,2.7059762109216927,2.3023880456911843,1.9322021800237816,2.261075052580825,1.4493821959561988
-381.97858552370025,-34.35058009845761,139.13600357519925,1.0617299967959852,30.155992485902686,2.624299899605507,18,D06_px-1055_py-0118,0.6865229784484865,2.624299899605507,1.775663986856172,1.749361464359016,2.4451678522244005,1.7721586266706015
-400.8004545802645,-32.27035293253047,117.62278021667495,1.1479129106067156,29.032787225809045,2.614954574280692,18,D06_px-1055_py-0118,0.7422495293223061,2.614954574280692,2.4984026859155284,2.0147347197626617,2.35197299036228,1.9979306050567462
-413.0215090498957,66.0965108420474,139.61783880368745,1.0963853484564658,10.010373298285684,2.3759270061981166,17,D06_px-1055_py-0118,0.7089314017886293,2.3759270061981166,1.5441529711117816,1.7033501240666031,1.6258208746455016,2.130614534605712
-370.02659521134905,117.6187053066011,138.2831857508963,1.0695469127159871,27.866654080497085,2.226847564491776,17,D06_px-1055_py-0118,0.6915774578508541,2.226847564491776,1.6842544261859393,1.7528887264626858,1.5234071187879572,2.37998058306047
342.87631492849835,135.67349547936706,128.27696016941604,1.0793913323207802,43.7929702510213,-0.2301922523556449,9,D06_px-1055_py-0118,0.6979429371050659,0.2301922523556449,2.708455216541239,2.4520511068028616,2.0302525828866376,1.3773620329071703
335.9999427801059,155.13653651328477,140.09063987363868,1.04344629186095,37.26934985335663,-0.1744254372319673,9,D06_px-1055_py-0118,0.674700590829268,0.1744254372319673,1.6233809958811196,1.3001693974905657,2.8952479735837433,1.857070998450484
-350.68001316871937,179.95869824089692,139.8949505800894,1.071005890592475,23.73487092163259,2.060484576845405,16,D06_px-1055_py-0118,0.692520844437161,2.060484576845405,3.7994173000931744,1.2025535779888297,1.8427920046729898,2.3293395929637963
324.37207020522953,192.6708303393285,137.48949454395685,1.0598114165912456,34.500313070882385,-0.0709975584308998,10,D06_px-1055_py-0118,0.6852824093767593,0.0709975584308998,2.8132493574165194,2.6484176090928173,2.890463280246294,3.6538118678822338
310.6825600565188,219.21786681529247,142.24357586768312,1.048566777216066,30.48018535856187,0.0074954848196951,10,D06_px-1055_py-0118,0.6780115369904433,0.0074954848196951,2.0870878934154296,2.0086616718621615,2.676836145736356,1.7678341951531265
320.0579265289618,225.4063244466041,136.69945969131317,1.0778102653954258,26.79653939647494,0.0066046391307256,10,D06_px-1055_py-0118,0.6969206067781502,0.0066046391307256,1.9644633976872494,0.9037585452868997,1.4694535296476277,1.6274441636698684
349.5482171263377,269.12300300391263,139.27793886832222,1.118638626292467,3.1374677511363416,0.0491468772506327,10,D06_px-1055_py-0118,0.72332054651122,0.0491468772506327,2.462998500411522,2.668174570577076,2.629873360020752,0.7341974181505042
-320.4935768266534,282.50960968056336,138.9044057212802,1.106993841348446,5.140371673491188,1.8121231623609464,15,D06_px-1055_py-0118,0.7157909368484183,1.8121231623609464,2.946654033726652,2.5526743686338387,3.2497394034198464,1.9857370540497645
312.5736781830523,292.1852014974474,138.85486468990612,1.107734408569198,4.7907922704852695,0.1447179978632482,10,D06_px-1055_py-0118,0.7162697934462976,0.1447179978632482,2.0637009603501504,2.7942898012621207,3.1334874414079454,2.0674578101117556
237.2413476082368,293.34062720385174,135.35522814327226,1.06644710699302,35.543221837822045,0.2837588533034384,11,D06_px-1055_py-0118,0.6895730990553364,0.2837588533034384,2.8309929221932006,2.9597340308894586,2.8796351129872075,2.6220292407432857
245.84520184983955,303.95824428831475,131.52902455741648,1.0931596085153503,29.513218294493072,0.2837254796337446,11,D06_px-1055_py-0118,0.7068456129357592,0.2837254796337446,2.1940836801683945,1.514383980462376,3.0542824744578456,1.8925598506887993
288.6154159247812,310.798054762613,139.57447015297254,1.1021436846395332,6.635200588814371,0.2154089922999205,11,D06_px-1055_py-0118,0.712654787319072,0.2154089922999205,2.1062032745467354,1.1412979626470356,2.048341090820001,2.2655727464972113
279.1324608129295,321.6486735484124,134.327319975095,1.1190187626998649,7.952750895347492,0.2490690682846512,11,D06_px-1055_py-0118,0.7235663457063177,0.2490690682846512,1.275579202482541,1.4578977056719107,2.3366779316755526,1.598299486926118
262.0202725115314,334.54148754798933,138.04963590637752,1.107309011196206,6.856522324832554,0.2993903597584085,11,D06_px-1055_py-0118,0.7159947281543572,0.2993903597584085,2.801763736262136,1.8073850776035774,3.322762241514028,0.9788280378563932
200.18050485512896,346.5565919849288,136.6878489656738,1.0870065356918128,21.77834410899692,0.4400103656654029,11,D06_px-1055_py-0118,0.7028669875845184,0.4400103656654029,2.413659623735209,1.8641904461410574,1.6788823045807244,2.715134431786594
-41.94498276558297,351.865583280236,139.8090514168183,1.025253400112461,46.20117528297578,1.0824643033067098,13,D06_px-1055_py-0118,0.6629369237317437,1.0824643033067098,1.7901031567121914,1.7917309368472487,1.9436150954921265,1.9842244733464098
-135.94025163136794,349.21637778173414,134.04707598391056,1.0677114422472094,37.61319529605288,1.3350410568456068,14,D06_px-1055_py-0118,0.6903906281889983,1.3350410568456068,1.721560144095878,2.797168960486588,1.6933927117283973,3.0178529078277383
-164.21703350359897,371.27161452348565,131.7062631278436,1.107856165587702,20.722375270175743,1.3802570847235165,14,D06_px-1055_py-0118,0.7163485224934589,1.3802570847235165,2.1302421736425172,1.34286471848689,3.459798186024739,2.3736428648445966
-114.68538133923008,373.7553646010385,136.30129003715777,1.07848224300494,27.277116068157568,1.2615425337301094,14,D06_px-1055_py-0118,0.6973551127931696,1.2615425337301094,3.272229942704066,2.025439335741977,2.516573342711184,2.120945927848539
48.41251520817029,373.0930329069436,136.49755918501978,1.061700158144598,35.584688878367444,0.8347779064054662,13,D06_px-1055_py-0118,0.6865036845414809,0.8347779064054662,2.3638733886701275,2.7160490626237173,2.2315960673793205,1.932622415100818
-145.5613479315175,394.629365622296,138.62722878968466,1.1015289188570732,9.104503224145446,1.3171899577428494,14,D06_px-1055_py-0118,0.7122572749220442,1.3171899577428494,1.3646547703152718,1.5929841618884766,2.677565857679789,1.886978696883529
-45.22324186871489,408.44674754116863,135.24383205449374,1.1021075714849693,16.244304694200196,1.074087701595265,13,D06_px-1055_py-0118,0.7126314362688924,1.074087701595265,2.047643627220771,2.6882045423906233,2.9439998901203452,1.9020677308011948
-96.17924923957985,-410.7769861225916,130.38392291547103,1.126971738916973,11.999404164669784,-2.407772499573152,3,D06_px-1055_py-0118,0.728708802768448,2.407772499573152,2.2916379103983613,2.3076793675549796,2.789538999652203,2.6545121412010704
44.481424851255376,-408.98954213661176,139.7439635364194,1.0892471522876208,13.920604289619178,-2.0694423429350413,4,D06_px-1055_py-0118,0.7043157879231705,2.0694423429350413,2.013941065208252,1.9146420462594125,2.513124927401688,1.0531724485777714
41.86794360306381,-389.1202691266992,137.2347290642269,1.076073449863194,26.599527570652867,-2.070591803254502,4,D06_px-1055_py-0118,0.6957975681753025,2.070591803254502,2.685262483274592,2.135621188900425,2.18731958738343,1.440459550462677
120.649679719136,-386.5796615350852,138.47389837944652,1.0865214556002576,18.213063102594106,-1.8752597644424949,4,D06_px-1055_py-0118,0.7025533309766749,1.8752597644424949,2.3677928975564217,1.4241457605400127,2.416932629164326,2.8264653076225996
-127.9953086716322,-372.1268680585531,121.00481778188907,1.1289304786626135,32.675649286426506,-2.50905624948982,2,D06_px-1055_py-0118,0.7299753393156309,2.50905624948982,1.7541524119255616,1.359656283202698,2.9225001836257,2.098376744738217
157.0416528033357,-370.5338972946488,134.92317248472906,1.094596842947707,21.31195963768897,-1.7769005843763472,5,D06_px-1055_py-0118,0.7077749400398327,1.7769005843763472,2.728430835094406,2.4700265041671026,2.7086705630229604,2.029647131018223
-66.88645427529939,-370.169414625118,136.01101064906587,1.0631539125790197,35.85396093706373,-2.35653848182372,3,D06_px-1055_py-0118,0.6874436936090063,2.35653848182372,1.9838139020098768,1.6851138332543123,2.016959389387641,2.0652096993626934
133.04102081085122,-365.14547180365264,136.62840049863416,1.074988280030337,28.45410611492298,-1.828374059261205,4,D06_px-1055_py-0118,0.6950958888142372,1.828374059261205,2.076764328478281,1.2689599486227416,2.4258014149441323,2.026672277139004
199.5672306698177,-362.2935640665674,140.2506456608433,1.089971577487124,12.40617848369061,-1.6742849052978648,5,D06_px-1055_py-0118,0.7047842069629705,1.6742849052978648,2.087113792405511,2.2942644919031014,1.8824333138232268,2.57816503256285
99.83073379749516,-345.2264017816556,135.3206373504334,1.0457322510537137,45.68746730487595,-1.896279900939743,4,D06_px-1055_py-0118,0.6761787100482445,1.896279900939743,1.7971896138132792,2.081116451759258,2.4360461958259503,1.2912304455895252
254.0975358216837,-335.15108725351905,137.82226348108426,1.103841277280272,9.487449832403172,-1.52907393251364,5,D06_px-1055_py-0118,0.7137524640913485,1.52907393251364,1.4350866008122452,2.03926379793457,2.6366129783718306,2.472786504404408
180.63421702166403,-329.6226713562695,136.18749034160425,1.0622730210985434,35.9337558225086,-1.676467135940482,5,D06_px-1055_py-0118,0.6868741022395513,1.676467135940482,2.364565289862945,2.1895943575020578,2.1721384614189136,1.778613775788215
194.14068844903707,-302.12208337969145,137.50534386834738,1.038454647806656,44.72535615149144,-1.606627289079769,5,D06_px-1055_py-0118,0.6714729544679993,1.606627289079769,2.0278777873516187,1.332651575025559,3.1491023570741623,1.8455084696876498
-366.5184539846093,-224.47939224098084,137.27395805804102,1.1140753938537875,4.370373460334918,3.0841470231610795,19,D06_px-1055_py-0118,0.7203699244749124,3.0841470231610795,2.3777872182275144,2.1569422780106233,2.032912698143996,1.9205094237342497
333.79946222346143,-203.7382245136924,137.21988869673064,1.0757961978180224,26.779230700786968,-1.1549827148928995,7,D06_px-1055_py-0118,0.6956182948191699,1.1549827148928995,2.67102277826129,2.34145263828879,2.7276261432719924,2.175997859721713
-369.69594679097474,-195.483535923705,135.43002048940895,1.108574375029912,11.946913673000438,3.021009703376877,19,D06_px-1055_py-0118,0.7168129223756359,3.021009703376877,2.4943586094601518,3.0391641487163192,3.1405483920730415,2.010253862142847
-361.72290947855817,-175.09800504819745,138.29876444352692,1.0838767553481752,20.074150757575296,2.9854330123801063,19,D06_px-1055_py-0118,0.7008432469631855,2.9854330123801063,2.161168563793236,2.0848750256170407,1.6296666664120152,2.0874161059023315
320.3544890831204,-173.0232644481204,137.91061803943057,1.0431680539160664,41.73213528996428,-1.1021897439235917,7,D06_px-1055_py-0118,0.6745206799826166,1.1021897439235917,2.069453072418987,2.8904665299546366,0.9433854188660427,1.9061173726390959
-391.74643129642845,-168.54874624667804,137.3272475257379,1.110833550807212,6.288890899380135,2.9409218135746937,19,D06_px-1055_py-0118,0.7182737232272188,2.9409218135746937,2.379262047299137,1.8918618504778741,2.7559590887572174,1.7435061317745908
-363.7303404978748,-130.11931090377612,133.4669969429666,1.082240668622859,31.27889449396121,2.87816270100755,19,D06_px-1055_py-0118,0.6997853404002611,2.87816270100755,2.2518796662068965,1.9989027446415806,2.024315547238732,2.0277740795307446
363.0566882768785,-116.3758948726048,141.27895857069504,1.0526519985433815,30.38681048861895,-0.9171764961177572,7,D06_px-1055_py-0118,0.6806530732771766,0.9171764961177572,1.8479592448230668,2.926213205442809,3.183211535321959,1.828825029825254
374.6399041162672,-113.83958020574536,137.33153861721058,1.075979196522198,26.44615269039366,-0.9019775005651351,7,D06_px-1055_py-0118,0.6957366232226454,0.9019775005651351,1.954027923754088,1.400556953679358,2.4082110653868662,1.985659265867736
355.9733921432225,-51.369724916794524,135.39817229062817,1.0458335702392334,45.48553838436669,-0.750297907346633,8,D06_px-1055_py-0118,0.6762442238316233,0.750297907346633,2.4351530462148983,1.9846550064039246,2.554674271964315,1.7762829508779812
-379.9399424049242,-51.72178607772943,137.06933787135006,1.0679900389515429,31.200629183661988,2.6699129089142324,18,D06_px-1055_py-0118,0.6905707710123359,2.6699129089142324,2.1491478906086408,2.8430771275973887,2.8594106779706956,2.044315237548334
394.4741255204992,-49.03436069254142,137.82862912231957,1.080763190347685,22.79967795657797,-0.7306482992037303,8,D06_px-1055_py-0118,0.698829991310449,0.7306482992037303,2.1994115285776097,2.2365527611020455,2.3781952892359173,1.8835978036950387
429.2690612856518,-15.31851310726403,126.83669941829716,1.144387100286015,8.981893287823539,-0.6426495046221647,8,D06_px-1055_py-0118,0.7399697125985475,0.6426495046221647,2.0547773169053616,2.1659977869914977,2.311710641980189,3.484175339190408
-399.4162994505866,-5.496529658893398,130.94611049621344,1.1036929971393392,24.847566519594466,2.548373658657155,18,D06_px-1055_py-0118,0.7136565849843203,2.548373658657155,2.3086262561595214,1.5804511126343106,2.736512574275623,3.0869971613943563
-387.187860103556,-1.0426920568669664,136.8804955229514,1.072662155952779,29.155530533779825,2.5373061027187265,18,D06_px-1055_py-0118,0.6935917986644016,2.5373061027187265,2.7456952874025102,1.7166334649528698,1.4848348866975019,1.6281933125326566
371.9621921415868,5.350012817820978,132.9942526478669,1.0679403683818327,39.68207995607372,-0.5925973068517493,8,D06_px-1055_py-0118,0.6905386536307402,0.5925973068517493,2.2028008066,1.5102097988208447,2.6237510244619355,1.439268225754989
405.36229949442605,47.81524623624722,137.05564374429528,1.093970891141127,17.022362928062307,-0.4895652696991035,9,D06_px-1055_py-0118,0.7073701946715042,0.4895652696991035,1.9505736880127496,1.9639690345150964,2.417996181856072,2.0385220229477143
-384.1576768893427,57.706498065912136,134.58216936864022,1.0811061646232385,29.513437397463804,2.3855122687185344,17,D06_px-1055_py-0118,0.6990517611783953,2.3855122687185344,2.5901974607866096,2.1926109627666017,2.780971339058314,1.711951896860729
-397.7847971353749,71.78237676081739,132.12738129024535,1.10483959854998,21.555468562370606,2.3560792027986395,17,D06_px-1055_py-0118,0.7143979864874348,2.3560792027986395,2.6695686094795494,1.9564247146252705,2.098879862403034,1.858771341619929
425.52647985208927,85.27958705915056,131.9991026277394,1.1331329397790375,4.196154585299723,-0.4091901671675026,9,D06_px-1055_py-0118,0.7326926837734193,0.4091901671675026,2.4924343899297847,2.6492638083494233,2.1115424306295796,1.7456991572157756
-333.8444278368096,133.07928013212833,133.54665132438683,1.0514617505873314,46.56074961184362,2.1552912423196746,17,D06_px-1055_py-0118,0.6798834495740264,2.1552912423196746,1.9187704583984182,1.9169493319528135,3.1622636335594088,1.637421993333799
271.8955293894842,238.55437857020985,138.50704842244463,1.0384231265038215,42.76635943121693,0.1131940983254385,10,D06_px-1055_py-0118,0.6714525725453148,0.1131940983254385,2.4072538505845786,2.5080492151645926,2.863851763868687,2.859655697664195
266.30061238505925,267.80821254478985,127.86925796648951,1.0905858910549602,38.85012646357961,0.1812412701075347,11,D06_px-1055_py-0118,0.7051814269544607,0.1812412701075347,1.5172165471335175,2.1698098849800846,2.524398384111062,2.697207932250568
-126.47909476889542,337.0214941408896,134.8667024668995,1.0479128674467564,45.57581095232922,1.3228372615006585,14,D06_px-1055_py-0118,0.6775887137832081,1.3228372615006585,2.0822189670303644,2.1472707049505293,2.2772017410061736,2.051135300689935
-207.0130613446369,346.7147424139893,122.23332678234549,1.1349729785564169,26.09912890038356,1.502079289869807,15,D06_px-1055_py-0118,0.7338824673395984,1.502079289869807,2.8419049083244445,2.7108069858765855,2.6354090243073984,1.8946681032792823
-212.7439661828314,359.5726145472839,135.672352216982,1.1074755987770868,12.072807935850392,1.498079793364291,15,D06_px-1055_py-0118,0.716102444996251,1.498079793364291,2.391723974871512,2.1072601589023403,2.799862477202991,1.2857440777875486
42.77348078173916,359.599995157729,139.32814891274452,1.0363472140308163,42.11196676496337,0.8454256656200633,13,D06_px-1055_py-0118,0.6701102711897284,0.8454256656200633,0.6857321734103281,2.177484834499489,1.0654121893496848,1.8189849220704133
233.40872894812475,363.2874576751706,134.3429931702317,1.1243797156833084,4.474649095833115,0.3927388101655873,11,D06_px-1055_py-0118,0.7270327801299682,0.3927388101655873,2.5300420817794187,1.8767424974433164,1.511653223897674,1.7548083849270053
-43.53089693692036,378.1195222964399,135.01846577351102,1.07122398998939,33.797707306677125,1.0784368933155073,13,D06_px-1055_py-0118,0.6926618692250258,1.0784368933155073,1.8721882605830586,1.6597309296759064,2.0817219923140766,2.210772498622128
57.90424125054231,400.4324424147846,135.3105311735753,1.095606946712809,19.887596126185088,0.820207975558309,12,D06_px-1055_py-0118,0.7084280810902431,0.820207975558309,2.507962275753079,1.5981859035557304,2.334994989400828,2.660889254806303
107.0310859372658,408.55493247354144,129.78514430630534,1.129171338100175,11.98835144383338,0.7075998959454523,12,D06_px-1055_py-0118,0.730131080925043,0.7075998959454523,3.1435314590165317,1.6946110752356274,2.084241212098422,1.3788543575805254
23.45940803017417,-414.1097596073421,130.96011254979717,1.1186120797831596,15.916874406023169,-2.121186126029165,4,D06_px-1055_py-0118,0.7233033813292131,2.121186126029165,2.8853642904908297,1.7743990333985515,1.9740091964741484,1.8746706629101149
-22.312659427927795,-399.7804681222666,133.1940351257713,1.0977774336341024,23.27971050189529,-2.2335302947593467,3,D06_px-1055_py-0118,0.7098315350289909,2.2335302947593467,0.9940390796392822,1.0877852002267976,2.1991982288619827,2.7654578575264903
130.21214359738548,-378.5047361078478,138.9779720394297,1.0801942062765697,20.67225520915917,-1.8464408287391496,4,D06_px-1055_py-0118,0.6984620817285678,1.8464408287391496,2.1496910648383185,1.6189898407408447,1.9751416746426644,1.2253479661699926
151.9050730984329,-353.0689666336834,130.5197239415916,1.0893697934632445,33.77064511891513,-1.7714736419353263,5,D06_px-1055_py-0118,0.7043950886732894,1.7714736419353263,2.5891428451999534,1.8645790393740396,1.9736482798468051,2.0539339510257566
212.01562398545445,-347.6443761914459,131.8237134161693,1.108704881390804,19.95647171245901,-1.6301353167927295,5,D06_px-1055_py-0118,0.7168973088164979,1.6301353167927295,1.7400853145184492,2.2152719234480562,2.3296634124151336,1.7266183491023546
-252.948215578706,-332.2781523769462,132.0866812778541,1.117916264253455,13.770853662466097,-2.8284409786749767,1,D06_px-1055_py-0118,0.7228534615272437,2.8284409786749767,2.519988253672089,2.6803513661209903,2.482148932735253,2.1139833636115353
-236.55641638355104,-316.6293637211982,138.73379712777046,1.0756472347197383,23.672833025074794,-2.8194236903865715,1,D06_px-1055_py-0118,0.695521974106539,2.8194236903865715,1.3007503487595669,1.9111719402263379,2.45042946098465,1.7173225448016156
220.71540950801668,-309.15465705001446,131.7387924556444,1.080666285007893,35.789579933976654,-1.5577606132837662,5,D06_px-1055_py-0118,0.6987673315544823,1.5577606132837662,2.983817719704179,1.6355222398762288,2.460722406010448,2.2438316667940414
-275.4292354177472,-303.980132417744,134.66029940663415,1.1031217851044892,16.937617921672825,-2.913937982803354,1,D06_px-1055_py-0118,0.7132872347835402,2.913937982803354,2.5761766297882516,1.9971795538191919,2.4826588168622257,2.166735049749609
-301.333799519018,-298.25219002075806,135.20139530720624,1.1146987237354478,8.680523795400461,-2.968313538990855,1,D06_px-1055_py-0118,0.7207729744859367,2.968313538990855,2.170976486384972,1.9756769192054964,2.18620191910413,1.7741231484667712
-273.5831648816906,-286.6945151544615,127.07414433988792,1.112499760540412,28.419466884584267,-2.939776770750472,1,D06_px-1055_py-0118,0.7193511075642992,2.939776770750472,2.6555677696873623,2.620580559614461,2.5091959190544184,1.8754660366716847
-268.92776111070606,-272.9470745290531,129.1275190978154,1.0924954133206948,35.097431411216576,-2.9557567377296405,1,D06_px-1055_py-0118,0.7064161390914842,2.9557567377296405,2.3259320678124045,2.1770913863347205,2.374103036386888,2.1080357777698007
274.142824562655,-239.40880620587592,135.87508426754016,1.0494609601985276,42.82347452907538,-1.3248456345700346,6,D06_px-1055_py-0118,0.67858972274977,1.3248456345700346,2.0327904650516633,2.9893968853831026,1.903594186309805,1.514059757777168
303.9487131185435,-216.5184854155551,134.0790969215528,1.065846329796143,38.48563461797613,-1.2259474395341723,6,D06_px-1055_py-0118,0.689184631787925,1.2259474395341723,1.9424684211627241,1.756753006460015,2.4710093114500493,1.960730091195518
-329.67976288585965,-202.61515565548223,125.623067908983,1.1075955171736918,34.49090420207477,3.0856855378273105,19,D06_px-1055_py-0118,0.7161799851760108,3.0856855378273105,2.3968544441931794,2.3424227027622773,2.8430058991783107,1.5233977548692024
-356.39724035577274,-184.78447377427983,137.38051299203113,1.086194103491773,20.74505974244215,3.0129343834234783,19,D06_px-1055_py-0118,0.7023416625250004,3.0129343834234783,2.1337174327944597,1.9828032265936688,1.9609661060317252,2.6039711520959608
333.10102081085125,-170.5052660423357,132.9588120212679,1.0705418587625253,38.44356930088975,-1.0800799992131271,7,D06_px-1055_py-0118,0.6922207978010544,1.0800799992131271,2.679854030962625,2.0719999194329333,2.401485240754017,1.4724011715577703
305.44647502815,-160.01108615238263,132.17594885799545,1.0379696467109474,55.43974887056692,-1.0895321667513498,7,D06_px-1055_py-0118,0.6711593489394925,1.0895321667513498,1.8356620708416884,1.3633854393205138,1.8828106072350903,1.4954762218140676
-348.589503611454,-158.18833831759977,137.5813049874595,1.0657058927038234,31.31836880920048,2.960618878409406,19,D06_px-1055_py-0118,0.6890938240579044,2.960618878409406,2.433462844230755,1.7874432990710225,2.614735542247894,2.5276871065608915
326.91921840391035,-159.20102217630344,138.3926892486212,1.0410842901380593,41.75345816034599,-1.0601518036078528,7,D06_px-1055_py-0118,0.6731733019113767,1.0601518036078528,1.9953534537595896,1.9401997582456483,3.0493073856772037,2.6914151608717125
-344.74611369207275,-116.60793660763784,138.61555666064413,1.0407551843112204,41.46647592143785,2.8607757885958742,19,D06_px-1055_py-0118,0.6729604994916014,2.8607757885958742,1.8486633981640035,2.3047766397665015,3.253338009207802,1.9242887563914286
368.863767142088,-101.7221178941875,136.54215933084163,1.0687223042520335,31.916757491451165,-0.8760628674802591,7,D06_px-1055_py-0118,0.6910442595231855,0.8760628674802591,2.3311610359949686,2.0311651885823534,2.7147426405771484,1.1095724270222833
410.11800515009816,-95.87399673879835,120.13680088737392,1.1572671019211214,16.67978637509367,-0.8366271882649896,7,D06_px-1055_py-0118,0.748298023102761,0.8366271882649896,1.5422197761759273,1.3502655230967662,3.9757044992447517,2.3480931905191573
354.26784309292543,-92.18282393497248,135.0798116935065,1.054465176797036,42.03288361718046,-0.8615410802991792,7,D06_px-1055_py-0118,0.6818254886171532,0.8615410802991792,2.5687537010527484,2.1427959896777438,1.744871553229468,2.105781430762719
-414.83251711091305,-44.52038014557161,129.13836175964684,1.1263756516129375,15.276646195134504,2.641525244773162,18,D06_px-1055_py-0118,0.728323368022687,2.641525244773162,2.2710115822071453,1.7394579571210167,2.3978022128076084,2.5078500930295484
378.5557209753495,-38.50727940159004,131.82221215087262,1.0811149160264144,35.37668424918735,-0.708352409436709,8,D06_px-1055_py-0118,0.6990574199046177,0.708352409436709,3.169571310450528,1.3873231294369481,2.0512586334372256,2.198865642354309
412.6081666014056,-33.44294267173723,129.27182669919017,1.1229262975243597,17.12677884065431,-0.6878552828573046,8,D06_px-1055_py-0118,0.7260929885008123,0.6878552828573046,2.6002522464725013,1.299103494368318,1.5698756835367278,2.162693205681537
-366.5584805533411,-26.817058622383893,135.43562984671402,1.0550601269371112,41.02430595407054,2.60764203611741,18,D06_px-1055_py-0118,0.6822101880637407,2.60764203611741,2.5333225481608883,2.043682423009463,1.6040060432110108,2.943683487692398
-374.6313207431133,-10.938207790766752,133.26515958601644,1.0702332927500326,37.96161216531482,2.5638020885433077,18,D06_px-1055_py-0118,0.6920212765870135,2.5638020885433077,1.4337868959335296,2.267356212656056,1.9981651330958254,2.8954177794808578
-431.7826124685072,4.8604462973460505,126.41557532864188,1.1476131004828156,7.8124688193914835,2.5233568995776925,18,D06_px-1055_py-0118,0.7420556697347934,2.5233568995776925,2.194570243983315,2.3030313227000643,2.583680642351096,2.470429255242073
-372.60054157064286,16.639656849839813,138.546916559253,1.0516051419056096,36.41567517705107,2.489984608278573,18,D06_px-1055_py-0118,0.6799761675298204,2.489984608278573,2.3987921011591844,0.44426388806671024,2.282746272390671,1.4424059003643748
438.5317800436932,46.96976275250764,139.00837560767886,1.119303831956026,2.956890518792932,-0.5002794461580616,8,D06_px-1055_py-0118,0.7237506737326468,0.5002794461580616,1.9478145551873252,1.5648451243079102,2.4140190295195847,1.8008091734463973
431.9799048730194,54.89701764013043,129.9911700352332,1.140269012596702,4.175930081407273,-0.4805747603618264,9,D06_px-1055_py-0118,0.7373069246632807,0.4805747603618264,2.382981755702325,1.809828686194826,2.8272339382618816,1.781750208499674
405.6643671143531,105.07412435973956,127.92467597861044,1.1317228126304069,14.71619687582256,-0.3535320876896777,9,D06_px-1055_py-0118,0.7317808844525088,0.3535320876896777,1.7945395040521177,0.9673447382183753,2.9772026007189343,2.1710612551563298
-375.34667647200575,133.58771285557518,137.6665169200927,1.082190037823423,22.35932674674939,2.192687548410706,17,D06_px-1055_py-0118,0.6997526021265618,2.192687548410706,2.1042692114965673,2.320937300105948,2.324327083438924,2.534275725590465
-347.7598832340852,148.69775198316827,137.09816201739025,1.0620833588154397,34.159132976952094,2.1305529473733107,16,D06_px-1055_py-0118,0.6867514651134565,2.1305529473733107,2.6522257580580257,2.08968118670934,2.340237497935458,2.0356463463144108
-333.2632010484604,214.931053036678,114.9723572540347,1.1512425358321212,33.40130936860231,1.9618111219208292,16,D06_px-1055_py-0118,0.7444024912182315,1.9618111219208292,2.413351113717214,1.8547508823757373,2.963152294185159,1.6208321711126874
370.8750428312926,221.23124768023013,133.88662372163785,1.1257390335965232,4.648209403390354,-0.0691290143718431,10,D06_px-1055_py-0118,0.7279117257990694,0.0691290143718431,1.9369791625228525,1.946327631893762,2.0466940654406987,1.8527032750097816
-284.38482162995024,279.5965296467961,135.56003166304083,1.0889646011900047,23.112349527181777,1.7577049144999508,15,D06_px-1055_py-0118,0.7041330881579905,1.7577049144999508,2.4919675084934156,1.7195071858563995,1.6048484431463192,2.044624715384719
272.4214531202938,280.7364998532528,131.58280013907856,1.093254273179786,29.343871848263007,0.1934494568180542,11,D06_px-1055_py-0118,0.7069068238533921,0.1934494568180542,1.2782329127304382,1.3883779701625878,2.899601241973766,1.7984205365493424
-256.95988823514455,287.86586565405617,133.51486837553236,1.0816251754311346,31.50586495082973,1.692549335466607,15,D06_px-1055_py-0118,0.6993873576546737,1.692549335466607,2.592044710846057,1.8922747835056168,2.7261982326724534,1.336704388946972
263.8024593165108,298.68942847401706,134.86759008667914,1.0907528884728883,23.607467609799528,0.2403614596529167,11,D06_px-1055_py-0118,0.7052894088002174,0.2403614596529167,1.9290511016447658,2.5664128635478227,1.9149802918625,1.5338961810231715
-220.3241392644784,314.2626984899932,130.6702040488887,1.0882992239981415,34.02261012725563,1.5752690300392644,15,D06_px-1055_py-0118,0.7037028500250111,1.5752690300392644,2.5947747623203217,1.5150046861242463,2.5837584532603284,2.3610802554110384
-192.4803546061362,346.48336709426513,134.19045773164342,1.0906003273554448,25.158812675487525,1.4708923516186787,14,D06_px-1055_py-0118,0.705190761580059,1.4708923516186787,2.4010137083548972,1.7936363641758035,2.481804589214287,2.43842346839377
233.92121655063244,349.723348427056,134.20275176411957,1.1146035896482356,11.006931920313832,0.3742868796548607,11,D06_px-1055_py-0118,0.7207114600358392,0.3742868796548607,2.8976275167625194,2.526722880844641,2.2501670799614084,1.5716245940369182
-87.05058605024708,350.09814092395254,131.76194515440105,1.0588614511913343,46.667846332501085,1.2075209248751655,14,D06_px-1055_py-0118,0.6846681542669497,1.2075209248751655,2.5941826425526187,2.3241043888534403,2.504855808890345,2.2087730822276126
-93.79403272609808,365.6857941647908,123.38947552837688,1.1048868543950334,40.97844239999927,1.2148924656542897,14,D06_px-1055_py-0118,0.7144285424890483,1.2148924656542897,2.8653818325701965,2.2351339625781836,2.4704731419054635,2.0059091953304033
78.64748448606493,372.09518979812015,130.10938538309128,1.0863143387453935,36.28934644269663,0.755518682666335,12,D06_px-1055_py-0118,0.7024194075870022,0.755518682666335,2.4068877544431695,2.2686368020869665,2.730383615141309,1.5353161960660944
28.12351656691292,376.6417838065908,119.87000651642607,1.1165754997190789,42.44354391617111,0.8892859686876947,13,D06_px-1055_py-0118,0.7219865126190319,0.8892859686876947,2.0319900167949676,2.638070690770741,2.5997005542373315,1.053408770115051
54.52736772368824,385.680576265957,136.43332514366182,1.0765405130792127,28.03841299898517,0.8233680255342765,12,D06_px-1055_py-0118,0.6960995749295172,0.8233680255342765,1.9598007090793501,1.4659271260815205,2.7015657508423097,2.021586842357988
34.47975730295428,401.9022586644159,132.23858388789762,1.103674799868238,21.98792418779692,0.8782349502450769,13,D06_px-1055_py-0118,0.7136448184854987,0.8782349502450769,2.476647139298396,2.283722144662077,2.235839434235605,2.4723753649626485
-64.29733185566953,404.48807580246375,134.4052522829347,1.103261377564554,17.42093799712211,1.12145762891496,13,D06_px-1055_py-0118,0.7133774963676922,1.12145762891496,2.7309415089250932,2.326222122670701,1.4001625005129321,1.721086019112628
-65.55759119458615,-412.81760512320665,128.6195587241846,1.1286552791717732,15.043533779308971,-2.335265948465085,3,D06_px-1055_py-0118,0.7297973931572956,2.335265948465085,2.0148883102035624,2.210012521471315,2.847602983845755,1.844845967588789
115.85381217894276,-398.7246197474121,125.555911656114,1.1353644006953023,17.978414006574155,-1.8950010622927576,4,D06_px-1055_py-0118,0.734135563977566,1.8950010622927576,2.3600531245047076,2.3489226004700554,3.6821825517913407,2.448263717984829
-70.61378754669687,-387.8064371137807,126.76851959933164,1.111344256199219,29.77964460637793,-2.357887757181968,3,D06_px-1055_py-0118,0.7186039493561672,2.357887757181968,1.782417008219743,2.682277308275924,2.4267332362049188,1.8086532143083929
61.40205622510612,-384.7585525722533,132.24651815914504,1.0895612613166883,29.9367062903346,-2.019524344768076,4,D06_px-1055_py-0118,0.7045188932953873,2.019524344768076,1.6914096054747847,1.9046820860778522,3.999044389545695,0.739072479962794
-22.04643352932277,-383.0299232338967,136.01219959294,1.0714931276812565,31.583227714026293,-2.235270415662355,3,D06_px-1055_py-0118,0.6928358957763999,2.235270415662355,1.7169699595771282,1.9749909639637395,2.359235314680498,2.156319645364351
63.48979738525958,-351.5540974369072,133.59204239966073,1.0487252893794683,47.75061465580745,-1.999104214918637,4,D06_px-1055_py-0118,0.6781140322037909,1.999104214918637,2.098634505617519,1.975347634710194,1.6014900170979876,1.3281578898336726
84.6930523199723,-344.5053890384661,133.51695809644755,1.0459551113512218,49.183182764273226,-1.936716723184377,4,D06_px-1055_py-0118,0.6763228132719311,1.936716723184377,1.3188613460892764,1.826747774284534,2.4846198366985917,2.260278409688662
199.7965302211812,-347.01961863580726,124.8479249342402,1.123542116970769,26.972466354183723,-1.6553781495008657,5,D06_px-1055_py-0118,0.7264911822052486,1.6553781495008657,1.7934682220595317,1.0344808601336628,2.2939738616093273,2.286598155921122
-209.3874541634625,-332.6104380174813,136.66966529197586,1.0795624624479954,25.91408547605556,-2.7396243603692905,2,D06_px-1055_py-0118,0.6980535911931981,2.7396243603692905,1.9571752189569251,1.6928473904110484,2.252501774988567,1.8125013669840446
-193.28270348871203,-331.9016081466644,134.49976830833157,1.0766313265481415,32.06661639482053,-2.705115868777203,2,D06_px-1055_py-0118,0.6961582956338022,2.705115868777203,1.4094561156026835,1.355644453594725,2.838103313433485,1.9471474980002217
-267.68251303507066,-335.0585606802572,134.10539375904366,1.1223960149896035,6.306400542650863,-2.8518534133372286,1,D06_px-1055_py-0118,0.7257501036371665,2.8518534133372286,2.5831369593263993,1.5942747670324464,1.7188222607509287,2.375365459392728
-312.9680846037836,-289.77363782439824,125.9410395621896,1.1443951657947693,11.14198676683128,-3.0016366123182485,1,D06_px-1055_py-0118,0.7399749278200345,3.0016366123182485,2.0920996111675576,3.5096581452279625,3.2298863518446943,1.804129162154523
-271.7607539460637,-258.5217143257933,137.01749637256907,1.058787971259144,35.9758468782004,-2.988134851020364,1,D06_px-1055_py-0118,0.6846206415640442,2.988134851020364,1.3992254454452033,3.0684603385931846,1.4839544448505961,2.54157886536023
-350.8781001318221,-252.5056084602253,134.91236102244866,1.123166662671279,3.945587847647971,-3.124786841998629,1,D06_px-1055_py-0118,0.726248410498002,3.124786841998629,2.3844044595754403,2.8456140857341845,2.9306959128512746,2.01166126236394
-302.7172363411022,-238.13713017417115,133.21526462204716,1.0817920934718908,32.05453541165565,-3.082015242176592,1,D06_px-1055_py-0118,0.6994952881745258,3.082015242176592,2.445227325752408,2.691598394345923,2.705191607912246,1.100762049036042
-310.5600327873315,-221.09396434916792,135.74815537506103,1.0696235603826711,33.102709611509795,-3.1298907987510987,1,D06_px-1055_py-0118,0.6916270188358332,3.1298907987510987,2.4132870106073874,1.8912456825601254,2.2472227589260156,1.91495714852861
374.57500361464463,-197.99042576532665,137.97588817413947,1.1063381062954418,7.619699035953829,-1.0932237946238612,7,D06_px-1055_py-0118,0.7153669333983699,1.0932237946238612,1.4229151323031113,1.8334609588374893,1.740936694563067,2.923202348912218
306.97384375782207,-194.9456479814636,134.6022038789041,1.0531359534165547,43.63694364180651,-1.1727776233777738,6,D06_px-1055_py-0118,0.6809660023099515,1.1727776233777738,2.4284815577573715,2.362303836025335,2.434696592737593,1.6598489289161358
307.9585731457949,-185.92682803911512,132.2091662885787,1.0561937341115613,47.02923168560682,-1.1501443026297578,7,D06_px-1055_py-0118,0.6829431873913876,1.1501443026297578,3.0431366511467255,2.033622257876018,1.5088572832711742,1.9834597900237543
367.2160011277492,-168.4420027480405,118.35880496815632,1.1473495889743384,27.59982462620973,-1.0370448335718596,7,D06_px-1055_py-0118,0.7418852811179123,1.0370448335718596,1.6233500627069202,2.2012063778560043,2.577774122379692,1.6537203276724066
344.4389475154797,-153.50414811757778,136.16884219598927,1.0637129925933486,35.24742577274924,-1.0262220561270228,7,D06_px-1055_py-0118,0.6878051991497618,1.0262220561270228,2.534540103757963,1.8979322995539913,2.165129367767702,2.061618541446262
-361.1965347447043,-102.14289567196532,135.84496016941603,1.0627655360335748,36.390494333635104,2.810207439592202,18,D06_px-1055_py-0118,0.6871925662757455,2.810207439592202,1.2290656532655935,1.5631828526543647,2.661284749988451,1.4521234592703376
-399.7714975676407,-91.00370264529025,135.37074298815162,1.100801503055593,16.734148182242734,2.7584382605402844,18,D06_px-1055_py-0118,0.7117869221354509,2.7584382605402844,1.1195208188571022,2.791674872361832,2.541528856794638,1.151869263860342
-394.4750705509897,-55.014299759205606,137.1157889518306,1.0837275293112152,22.68495503818383,2.673181409841694,18,D06_px-1055_py-0118,0.7007467562323358,2.673181409841694,2.1248869670994637,2.233566342208723,2.5728530972294146,1.8013174180900997
-386.3765676896621,-20.61509700226312,135.76057697223737,1.0758185269698013,29.83943854391748,2.587917514584334,18,D06_px-1055_py-0118,0.6956327330245816,2.587917514584334,2.568323019700242,2.1205661507489486,1.920099716854052,3.0958281976599262
441.05813658104927,-15.369335480502372,131.23632064598735,1.1417314368086893,0.1876144218069839,-0.6418119447230156,8,D06_px-1055_py-0118,0.7382525396772658,0.6418119447230156,2.7333776701296557,1.9557560947280388,2.926382273792761,1.4410322704362581
-375.7233318721729,5.043666067511961,131.77376846784014,1.0760340297408226,38.12170455455413,2.521190044946074,18,D06_px-1055_py-0118,0.6957720788136917,2.521190044946074,2.3068355455605243,2.0723514916109766,2.012648140399773,2.102351658063677
428.5458271280807,6.903768134538425,128.76663871197653,1.1378376725611243,8.73387973031123,-0.590871170583048,8,D06_px-1055_py-0118,0.7357348010462754,0.590871170583048,1.7848381860259055,2.0322577442919147,3.9901347151219153,1.9012470820033962
404.807310574156,31.36484178792137,125.2774232221179,1.1275997714798125,23.50573121341085,-0.5296531052278695,8,D06_px-1055_py-0118,0.7291148935701625,0.5296531052278695,2.0772958778901076,2.3551342925592023,2.6547162509756848,2.2833201315265423
-360.50615513844485,47.48327079839196,130.6058064311245,1.0659681718343992,45.60583379711517,2.403654165041186,17,D06_px-1055_py-0118,0.6892634158095279,2.403654165041186,1.9473784292378402,1.0874759790278035,2.9105423907369103,1.6987059889666138
-393.90286443106464,92.60401266744628,132.27319163063655,1.1048257550723433,21.239028991037685,2.3037125333881687,17,D06_px-1055_py-0118,0.7143890351857592,2.3037125333881687,2.1245558010548065,1.607733538746766,2.867641910811342,2.3939443221444003
392.876448010334,110.88683182532208,129.48818209152515,1.116797287314345,20.388268503660868,-0.3318916269794569,9,D06_px-1055_py-0118,0.722129922225,0.3318916269794569,2.116693126393847,1.6569289730820635,2.3593192136586776,2.412135273975196
-402.7201060920608,135.50165982042304,133.22936368151258,1.1213388146125056,9.000805634429128,2.210045740344386,17,D06_px-1055_py-0118,0.7250665095464915,2.210045740344386,2.984498215145538,1.7234216930825934,2.2206305997598847,1.3981245722113276
356.3305514967718,145.84040717600897,130.021444726175,1.0916404754817302,33.62021941065888,-0.2184953829848512,9,D06_px-1055_py-0118,0.7058633295510497,0.2184953829848512,1.3900797397219065,1.5542818144609942,2.6638987940109495,3.078006746281961
-333.9469146691512,150.36362144742068,135.54250553129168,1.0531984867282445,41.706680364516615,2.1115412983437785,16,D06_px-1055_py-0118,0.6810064368418222,2.1115412983437785,2.361971925723156,1.4196056147565819,2.327105131390002,2.4570276854296744
362.12187302228585,161.22569763979308,138.7092686915304,1.0769381495557735,23.024706546269897,-0.1881036175879876,9,D06_px-1055_py-0118,0.6963566898071717,0.1881036175879876,2.0846651542851493,2.1613151855219614,2.3249829566960614,2.178706882442386
-341.6747410188771,167.46336770959408,133.07228557647332,1.0771846884358385,34.78778295264772,2.078896591973537,16,D06_px-1055_py-0118,0.6965161037888397,2.078896591973537,1.7749704893946978,1.8035805439517054,2.3212401712088635,2.0420168617239347
343.2024689434554,165.3101376062575,126.29898314622729,1.0991252092217514,37.68223824762646,-0.1581036216344364,10,D06_px-1055_py-0118,0.7107030173394702,0.1581036216344364,3.0052472332331472,1.977285877438433,2.6826134128434287,2.2394725959766
333.7606022757242,178.60338866618446,130.21094123568412,1.0840641352660565,37.26077638618807,-0.1156289379850347,10,D06_px-1055_py-0118,0.7009644082939508,0.1156289379850347,2.156389004544545,1.8201034181924292,2.5425951769056674,2.0124672636134004
-292.6598856338044,228.88431959732875,128.87119421614094,1.0806050176581738,41.91268517960839,1.8708930633919567,16,D06_px-1055_py-0118,0.698727715603593,1.8708930633919567,1.283630944916831,1.9964384658135488,2.043098530472096,2.207425937605424
-298.0468249296261,263.1199280991742,126.95129239637988,1.114168893095783,27.722592455374183,1.8113745594923536,15,D06_px-1055_py-0118,0.7204303818212162,1.8113745594923536,3.0481485824383405,1.7950957412043582,1.3604647852382246,1.6848267098731113
-192.73197391040537,300.8083571927185,114.32601063935294,1.1133064181140655,56.81063603409609,1.533635990629783,15,D06_px-1055_py-0118,0.7198726987049129,1.533635990629783,2.225088188724624,1.991790729778006,2.7887897859767414,2.167749255309949
-161.9446187454857,338.7989067199949,121.3519965263434,1.109412957587855,43.05747646597917,1.4097069905299375,14,D06_px-1055_py-0118,0.7173551564625426,1.4097069905299375,1.5033305930928476,1.3286365159269646,2.396681559099795,1.7060203688038782
-118.6966404138134,356.75083814129266,135.4477833257772,1.0647062737896822,36.232500458228,1.28501146618213,14,D06_px-1055_py-0118,0.688447462594707,1.28501146618213,1.396022093615278,2.140640015616863,2.591216179074379,1.8919027061320652
-79.13960094064429,365.6558241475895,131.93367292807056,1.0737011992959613,38.98044671709715,1.1769612286243127,14,D06_px-1055_py-0118,0.6942636522739363,1.1769612286243127,0.8363323760861863,2.220767345841396,2.1913260208104943,2.1074890683074905
183.61094656899903,366.5520893538305,132.98188026504965,1.1079223076112032,17.826499486183195,0.4994385296783711,12,D06_px-1055_py-0118,0.7163912904468103,0.4994385296783711,2.2396671922549922,1.6634341004622812,3.702867260665127,1.5560408602496243
-144.53245381984885,378.7982578283558,130.98903467166397,1.109511510106583,21.351982266721222,1.3283220883182154,14,D06_px-1055_py-0118,0.7174188812973827,1.3283220883182154,2.25147249909711,1.6159318614580422,2.557985240455263,1.8693410453162294
149.45719922204148,402.33116133516063,139.69105359776125,1.1065671048038928,3.648066765706517,0.6081374226310231,12,D06_px-1055_py-0118,0.7155150056375987,0.6081374226310231,3.0425340516360055,1.7111147285336303,1.834798943010447,1.5524390961645607
91.27408443555832,402.54703252363976,132.12271778536865,1.1132078759158115,16.578879235742022,0.7408454665792746,12,D06_px-1055_py-0118,0.7198089805433724,0.7408454665792746,2.917223028594962,2.238485768593357,2.3442236878774096,1.5305714217454893
4.290830250898195,-411.6685778765974,129.4681064608262,1.1201814329845898,18.37082583373677,-2.167353215008973,3,D06_px-1055_py-0118,0.7243181374699785,2.167353215008973,2.824094894581288,3.0167098866872526,2.2988790859966715,2.215500760169019
84.99071493519321,-402.91369920020543,134.151302181082,1.10618448063347,16.24969340386707,-1.9698833021460025,4,D06_px-1055_py-0118,0.7152675978353348,1.9698833021460025,1.957815117161024,1.40758207892949,2.164744233687653,2.0197197468362376
-199.8651050869097,-391.0815214993136,135.3294175697822,1.1281243447856408,0.2839839876515384,-2.650230206109184,2,D06_px-1055_py-0118,0.7294540868014158,2.650230206109184,1.7673191518349056,2.5076664108215696,2.402350364511576,2.0836373950991325
-157.8833732716165,-381.64683460806856,133.8310363419058,1.108338036804404,15.674865134243134,-2.5700277326115795,2,D06_px-1055_py-0118,0.7166601042175481,2.5700277326115795,1.7917828493790602,2.0018622754487048,3.0061925078042955,1.4704791046059142
77.52113659798108,-381.1326890364721,134.50597375213707,1.0818415398842989,29.28025629282689,-1.9771163711410589,4,D06_px-1055_py-0118,0.6995272606142444,1.9771163711410589,2.521056383242485,1.4972030968124774,2.902383014524143,1.813892323399072
-177.41667088825312,-374.5345288882063,118.8215185415164,1.1553743781600845,21.22224232794423,-2.620162245960512,2,D06_px-1055_py-0118,0.7470741730111854,2.620162245960512,2.042337178580277,1.0135074741627668,2.4481509577979086,2.3494552495747287
-203.82124790948205,-376.1444151914848,128.31599920845508,1.1384751758546658,9.385488454717631,-2.6743555470348244,2,D06_px-1055_py-0118,0.7361470156970563,2.6743555470348244,1.829073661121912,2.534821462595542,2.2348803079098936,2.3459854726528544
-96.4346419833102,-371.21675596389264,131.94861641010715,1.0840024755329465,33.578596438709326,-2.4319377181483746,3,D06_px-1055_py-0118,0.7009245386248704,2.4319377181483746,3.1322071732048364,2.2599151543029965,1.8759143052385792,1.9189763001814184
66.55833021112235,-369.8578457023491,134.0539666668685,1.068878123421446,37.00799859286815,-1.999725037737238,4,D06_px-1055_py-0118,0.6911450134254085,1.999725037737238,2.1596621061913046,1.3931540552968458,1.9022092410733948,1.1466450515656872
-214.46477397915407,-365.9670009351232,133.7200755335841,1.1192265631043696,9.212478378116655,-2.707854133813412,2,D06_px-1055_py-0118,0.723700711084572,2.707854133813412,2.0562295183697956,2.868086564353645,2.4472301429004197,2.1962369535872313
186.74499611387,-357.5099509618259,127.0002704758509,1.1196967995260214,24.329023926476907,-1.696409253372889,5,D06_px-1055_py-0118,0.7240047696585423,1.696409253372889,2.3975609438752277,2.1889563403303125,2.821917485861401,1.8957496957793216
171.6832913422522,-349.744275084823,133.564213978409,1.0854638951997335,29.334095526533872,-1.7214489390302656,5,D06_px-1055_py-0118,0.701869504092017,1.7214489390302656,2.41313976717863,1.4425039958265133,1.2620345093671281,1.8430364851056675
153.35331322653343,-339.5874876938794,132.75941180441006,1.069374483730985,39.448936944555896,-1.7536029210018094,5,D06_px-1055_py-0118,0.6914659639110468,1.7536029210018094,1.8128039378648033,2.6051345600775653,2.5525304243789986,1.9613721628366156
166.89905906888953,-324.763072310142,135.05249944495534,1.0534640821886545,42.56961384247586,-1.7030621078984065,5,D06_px-1055_py-0118,0.681178172958437,1.7030621078984065,1.789816376988919,2.3745737827351823,1.2884211476836263,2.479711192484598
277.8710232421666,-302.94206075827697,127.88442430751476,1.1244094481392344,19.41577729176577,-1.4355163302971397,6,D06_px-1055_py-0118,0.7270520053701521,1.4355163302971397,1.631412447432179,1.929618372315357,1.7402603849604525,1.5657143297321698
-226.45676123222825,-304.58560157940826,136.2065293739373,1.0663397535155452,33.83636893548078,-2.817098403565264,1,D06_px-1055_py-0118,0.6895036834512513,2.817098403565264,2.653131372494152,1.375114006538673,2.3495009605493147,1.6588647293622458
299.5676064115964,-300.43236410811267,135.28569645117835,1.11472035676958,8.475580421571976,-1.393818957131686,6,D06_px-1055_py-0118,0.7207869625761951,1.393818957131686,2.655914822226366,1.5393218408964875,2.969434410828716,2.1683025591575396
215.8530484680309,-272.01658243832645,130.90667957768105,1.0452397091654675,54.71486148935736,-1.5069931178088418,5,D06_px-1055_py-0118,0.6758602285838893,1.5069931178088418,1.8949804410009476,1.4203785255824892,2.6564735870533043,1.3053065122618337
229.9773162095519,-285.5052517930061,124.37272239635068,1.0897634284429845,46.8432881938765,-1.4996842197151548,5,D06_px-1055_py-0118,0.7046496161515824,1.4996842197151548,2.2004976976144404,1.7756954370414844,2.059267432381391,2.626881125283183
329.6338398682988,-256.6996720737541,132.44083185844255,1.117044402611149,13.502702852498317,-1.268623122189913,6,D06_px-1055_py-0118,0.7222897089222715,1.268623122189913,1.4015402685108795,2.3249520784810587,2.5130950575078668,1.9278417311169678
-341.5896249974119,-191.03768003962333,134.0806103900338,1.0857423177196652,28.075321374505503,3.044538522559685,19,D06_px-1055_py-0118,0.7020495342863483,3.044538522559685,2.696499421553351,2.1413966226494567,2.300342235464859,2.0840323020151423
-382.2274557489909,-175.157130141585,121.61684245831852,1.152102672070343,16.512986450600692,2.964309556032594,19,D06_px-1055_py-0118,0.7449586620845698,2.964309556032594,2.7916345588956313,2.863165116496443,2.1079188123246784,1.7937304953161892
-409.4018892208184,-121.67148561799326,132.66660734368787,1.125000346935474,7.958525281024208,2.8234929482797626,19,D06_px-1055_py-0118,0.7274340851859058,2.8234929482797626,2.260453653989683,2.469336414957323,2.6035580017595903,2.1969847167951713
-372.38424628316585,-117.53253456085416,128.95425717796306,1.1007259032126904,30.944648035991804,2.8403393909294232,19,D06_px-1055_py-0118,0.7117380386815818,2.8403393909294232,2.051370654586986,2.357944771760555,2.914415321026886,2.191787500949129
403.6371033208184,-112.2528901250768,126.86040617392293,1.134841006998646,15.223695259983742,-0.8782287440624276,7,D06_px-1055_py-0118,0.7337971334908943,0.8782287440624276,2.002370128671723,2.2007111679904385,2.408697776386853,1.9570651017830172
395.4143847468212,-95.40167297893328,135.63242156301305,1.0968083680918188,18.489931085252977,-0.8437251041121958,7,D06_px-1055_py-0118,0.7092049296166846,0.8437251041121958,1.7803858719109977,2.539471323306273,2.939157659943393,1.496821688062564
414.410870963186,-64.79913244371188,122.18349191100651,1.1494825408186424,16.87731030456206,-0.7620880048832486,8,D06_px-1055_py-0118,0.7432644645802405,0.7620880048832486,3.20246957513616,1.7611734108901507,2.3042720474082485,2.5162083356850555
-417.70020620753405,14.764992417563182,131.0577355491123,1.121322044863507,14.009549767691167,2.499279532800049,18,D06_px-1055_py-0118,0.7250556660947053,2.499279532800049,2.3437668683565525,2.6000746398810093,2.284958208503889,2.0487677686585117
388.8035604933909,35.414613707544135,123.41707560953152,1.1181385768792678,33.45558361209771,-0.5161440542526161,8,D06_px-1055_py-0118,0.7229972106220985,0.5161440542526161,3.128934391982006,1.6568923238145403,3.006508986052828,2.049482365661933
-365.1154600586501,58.87870277115728,137.58161611419098,1.0509753173473158,38.66634279320834,2.3747290621625727,17,D06_px-1055_py-0118,0.6795689180097307,2.3747290621625727,2.39398929160519,2.4455670176747466,2.8210623057246025,1.9686666694408554
383.5411841509573,70.45047981108321,128.20706255577517,1.1025175228464397,31.59212515899992,-0.4253202603138675,9,D06_px-1055_py-0118,0.7128965140481253,0.4253202603138675,2.467860952099084,1.6558995835840953,2.2624197722773793,1.2924687017553844
-408.1189811265701,90.30283851383336,134.26630435230862,1.1118132249230843,12.58477653090108,2.3168556210044726,17,D06_px-1055_py-0118,0.718907188226764,2.3168556210044726,2.9193058094251496,1.2037916174718117,2.5104527938078505,2.022855302605988
400.7092854241978,148.7564588569302,124.28548807138654,1.1501529526043737,11.282068599678894,-0.2515156325665815,9,D06_px-1055_py-0118,0.7436979581212689,0.2515156325665815,3.069636506654728,1.991536398272096,3.197095384302871,2.2646848094201797
-390.739161610376,168.47191195655864,134.4126359571441,1.1184299977426009,8.1303858937477,2.127534731222207,16,D06_px-1055_py-0118,0.7231856456476523,2.127534731222207,2.5948613566962546,2.1482705777739897,1.7315853102541032,2.2706894016164547
351.7596939304317,180.39516885717367,134.8493537971636,1.0875120569040095,25.45169959654669,-0.1331156303994771,10,D06_px-1055_py-0118,0.7031938615819692,0.1331156303994771,1.3827900496407666,2.195893750646793,2.3402743944287714,2.2170821946896466
-357.6704224258637,188.28626072900087,126.95736475878805,1.1206622459058737,23.84574387778156,2.0500505328040783,16,D06_px-1055_py-0118,0.7246290348919149,2.0500505328040783,2.24545507101673,1.4751839586018343,3.230371407843074,2.996996237940136
310.7405144063234,202.70650140876148,134.20263785782834,1.0629812457298908,39.659649013555736,-0.0289655161668888,10,D06_px-1055_py-0118,0.687332045864381,0.0289655161668888,2.3290747326665553,1.8588119703106183,1.995823055306433,2.9276362528323316
-337.7675446804144,229.4354653904413,131.43531460801597,1.1109829033319245,19.47226614505655,1.9379355991980545,16,D06_px-1055_py-0118,0.7183702957460455,1.9379355991980545,1.827113712830434,1.5691224494243485,2.6951737111591867,1.7989377544125342
299.3639892883107,242.10311677161616,127.05859509775756,1.1009970262824036,34.98001658128862,0.0730588843592385,10,D06_px-1055_py-0118,0.7119133489939092,0.0730588843592385,3.240779601779667,0.7769123559681712,3.583455853925365,2.0583455446968255
-338.3620206120057,245.9962322992073,133.76975331960284,1.1136086530644167,12.604097171434546,1.9059816187310008,16,D06_px-1055_py-0118,0.7200681262043077,1.9059816187310008,1.9905037251834328,1.9935467653875014,2.439594982080477,2.794297928550228
333.9252893758986,264.707739727253,128.02437781319048,1.1378259494750511,10.510767342659506,0.0633038079787234,10,D06_px-1055_py-0118,0.7357272208064858,0.0633038079787234,2.412119047254361,1.8285026475769859,2.6851369560607434,2.447559142591375
202.29141388080265,313.0219672793141,129.1562851906969,1.080986992083395,41.11060193242628,0.3900801167449399,11,D06_px-1055_py-0118,0.698974703275492,0.3900801167449399,2.284653265691608,1.0032678262443695,2.5770740977632554,2.318787060127699
259.28459757633686,314.7570035808667,135.11771697828567,1.0993838676477827,18.12288590634768,0.2747543231366774,11,D06_px-1055_py-0118,0.7108702679150174,0.2747543231366774,1.2474864639703656,2.442980381209945,2.9031898936301204,1.4042676135990202
181.7322982687315,318.6327285549487,138.04194204188354,1.0459893621376126,40.13634373929909,0.4454838475919908,11,D06_px-1055_py-0118,0.6763449601001814,0.4454838475919908,2.662514081550155,1.0871394085059807,2.4993087297655157,2.7238349619751965
-227.62738175987687,361.8997515154725,124.93988337885092,1.148283373186456,10.952383768384436,1.5252723732728688,15,D06_px-1055_py-0118,0.7424890733442463,1.5252723732728688,2.4514678229662845,2.058334194660384,2.485650802350487,1.0709008988123614
36.076122819075806,366.5564034856185,127.8904667769938,1.0801770496199243,44.21347623199074,0.8657137107891609,13,D06_px-1055_py-0118,0.6984509880992497,0.8657137107891609,1.2911837595533964,1.5192233562825095,2.9913506621254085,2.0950276566644677
-75.03286271898088,382.28503644664846,130.2940734241499,1.095587632229705,30.86305730938681,1.1576277372698738,14,D06_px-1055_py-0118,0.7084155921933412,1.1576277372698738,2.1739509789699785,1.775709812110018,2.6105454705780993,1.9434646429079887
54.20406829817256,-412.82498788035633,124.81061623211777,1.1386928072552531,17.611394744047175,-2.047222321601351,4,D06_px-1055_py-0118,0.7362877378748096,2.047222321601351,3.141612605907077,1.738510639162999,1.8205855252099692,1.3353292096752052
-78.82636663141065,-401.37407084073845,132.8614228870446,1.107380376763842,18.41899884149444,-2.371699097452879,3,D06_px-1055_py-0118,0.7160408736924883,2.371699097452879,2.631085190172788,2.6441553331916876,2.509059712020373,1.2751765828508357
138.93504539403247,-399.6806337758962,135.4550665342694,1.113174489664976,9.056761043208382,-1.8432272007304624,4,D06_px-1055_py-0118,0.7197873927306215,1.8432272007304624,2.48306394631025,3.4834565944494846,3.8255673552935296,1.8307511385235329
-156.86721948686278,-394.1443002440016,127.9260829764336,1.13641100461877,11.675243183674295,-2.556552064876253,2,D06_px-1055_py-0118,0.7348123063178627,2.556552064876253,2.2965880871574598,2.260578110776243,1.8515116425378029,2.455900781005975
-180.79041813693053,-391.5843087069084,133.70550355378984,1.125776749402247,5.044360200950621,-2.61030825627982,2,D06_px-1055_py-0118,0.727936113136112,2.61030825627982,1.6689869667746842,1.4246565238931201,2.1555094798800774,3.1931919206864157
106.80504915398404,-378.2421879982129,129.1788899146294,1.1026391063331722,29.37015743937536,-1.9025688452609124,4,D06_px-1055_py-0118,0.7129751308882764,1.9025688452609124,1.4744402792014804,1.8077692357148032,1.8133997310021355,1.913530781099317
-25.957336301124595,-370.8420595284288,134.80039294070875,1.0619363459946527,38.94976448273536,-2.2476575456874563,3,D06_px-1055_py-0118,0.6866564054656162,2.2476575456874563,1.1060509854285752,2.665068693378653,1.8682425662194557,2.1054952528333812
-231.13762752820944,-348.3520663477958,125.2595489437574,1.138868926410715,16.425122963210697,-2.7635949710327257,2,D06_px-1055_py-0118,0.7364016179079013,2.7635949710327257,1.7930602454887894,2.508003861037895,2.392783967480712,1.537435446226696
229.05695717800705,-346.84901843267346,117.9272962831668,1.1592416644880903,20.851191848830467,-1.5941285590444338,5,D06_px-1055_py-0118,0.7495747908108404,1.5941285590444338,1.9135699949028584,2.4961366846867072,2.693565788979304,1.987869984125049
232.1242531340835,-319.7446936517633,132.08766724012312,1.0957691879967777,26.8409297027572,-1.5498337971912035,5,D06_px-1055_py-0118,0.7085329875823209,1.5498337971912035,1.91144039862855,3.179383682931517,2.37175535945184,2.1969279047141526
-218.92983747258185,-316.9725337291842,129.74868338964228,1.0927208018962815,33.625260677286235,-2.7822263010545787,2,D06_px-1055_py-0118,0.70656187711969,2.7822263010545787,1.540569615000099,1.9141848834930535,2.113402926042463,1.4563961372792107
259.36051342485246,-289.5526413367052,121.8466454616447,1.1214642550623164,35.12652489474431,-1.4473257962751247,6,D06_px-1055_py-0118,0.7251476203293478,1.4473257962751247,2.177398525602067,1.8415502266829415,2.1624089631934424,1.544991358875258
-310.48896704075145,-278.9863104930101,134.31223724632474,1.111131871397321,12.898438414623511,-3.016565093991116,1,D06_px-1055_py-0118,0.7184666196704503,3.016565093991116,2.2833711633065152,1.921564128898677,2.841615911862692,2.131727200506022
-315.46641444395243,-264.6614036084732,134.70185574168005,1.1045440608904258,16.001297572922397,-3.05052670719739,1,D06_px-1055_py-0118,0.7142068895090192,3.05052670719739,1.7417045834041807,2.264586342448384,1.882851608186852,2.350637762676724
-321.8493881648998,-244.44365328062523,133.08045110482882,1.1018921298736404,21.158844703121645,-3.0990206352389587,1,D06_px-1055_py-0118,0.712492130026121,3.0990206352389587,3.0363904498490335,2.786822796933575,2.1274380870662415,2.229884405363635
-383.1153629020542,-198.7632669625105,136.46911239262417,1.1180520950080757,3.668088350185144,3.0131935696492924,19,D06_px-1055_py-0118,0.7229412907630273,3.0131935696492924,2.5166067528602376,2.136993199758132,2.5273704719092382,2.5135008858260477
-321.3647699962425,-175.70325253045246,132.4052627390867,1.0632343507202482,43.23199691678781,3.034950675101202,19,D06_px-1055_py-0118,0.6874957055446808,3.034950675101202,1.3278957874212063,2.072002527863913,1.951939746572436,2.54187739619799
-348.6076645156967,-176.950171329302,136.44354201844067,1.0780378879370176,27.21508223282507,3.0043152061048564,19,D06_px-1055_py-0118,0.6970677893063704,3.0043152061048564,2.8490090050226717,2.2289567552841034,2.5849401171085953,2.412080702621421
356.737137229818,-135.2818312699837,132.52355429538918,1.0800199944704716,34.463033924528816,-0.9694447219436771,7,D06_px-1055_py-0118,0.6983494350025977,0.9694447219436771,3.3912710374000934,2.144478804631362,1.503822163303677,1.2450657466436046
364.2202951296428,-102.4753121621531,119.38051798390146,1.1188849339148377,42.26539820059389,-0.8812445659290795,7,D06_px-1055_py-0118,0.7234798109598414,0.8812445659290795,1.712318289514652,2.3751630437210767,1.8997493656233089,1.2189318802288178
418.6596911205052,-85.66314703808555,133.10710588890603,1.1239232434898871,7.630961555765225,-0.8088065515360683,8,D06_px-1055_py-0118,0.726737621614383,0.8088065515360683,1.4521559548492777,2.245918333786063,2.8392445940663635,1.8459972697332128
386.6691973127119,-76.49939062146026,120.14437112103757,1.1323076491267603,32.666015133327505,-0.8022991915873617,8,D06_px-1055_py-0118,0.7321590443374075,0.8022991915873617,2.636932973674769,2.14985814635832,2.4806103836644713,1.0808939760519083
-427.12809063747113,-76.8826768218558,131.0872619734963,1.135792036408148,4.578829863899784,2.712705199394602,18,D06_px-1055_py-0118,0.7344120765976856,2.712705199394602,2.253426870685283,2.358463525563555,1.9618962787558312,2.481900069584979
-410.60164455006606,-68.5156819779186,127.7972400894389,1.12954810272536,16.400910228181544,2.699956278986704,18,D06_px-1055_py-0118,0.7303746998992046,2.699956278986704,2.025488872722457,1.4828456942658126,2.5533106865567623,1.143411590068341
-382.7885707344216,-40.42852320695531,131.50632320854774,1.0868694510656722,32.99185937942883,2.639838830570594,18,D06_px-1055_py-0118,0.702778347585534,2.639838830570594,2.164481903351836,2.540850380137955,2.6928391920322805,1.5187603088161041
-403.1961759991979,14.805231182296945,123.01860307673394,1.132187899930191,25.97026275749852,2.4979099402586384,18,D06_px-1055_py-0118,0.7320816135637235,2.4979099402586384,2.4206685210393655,1.5434103624980167,1.7110226462979792,1.6430267317101248
430.2482300267561,26.318805554344543,131.45180223556247,1.1321218306370984,6.156080756056724,-0.5458844485079836,8,D06_px-1055_py-0118,0.7320388926384271,0.5458844485079836,2.03701837783166,2.4540180734316275,2.948435927356271,2.5819348148993786
431.6601956096871,38.830077791482765,130.82618119321336,1.1360347154878283,5.036144707871756,-0.5172658011587422,8,D06_px-1055_py-0118,0.7345689948020239,0.5172658011587422,2.053465552836904,2.2473677587054635,2.413118107447815,1.846710634768315
374.49810020131736,40.58171057442503,128.5242834623211,1.087417638399124,39.11283229421679,-0.4990377919881579,8,D06_px-1055_py-0118,0.7031328098330404,0.4990377919881579,1.6967708335158536,0.9900854637024545,1.8253169850629956,1.9172511573725606
-378.7080768190684,43.62157095121364,133.56582731444755,1.0764120542866262,34.15028508084083,2.419933302110451,17,D06_px-1055_py-0118,0.6960165124624489,2.419933302110451,1.9387514130156176,2.2472326496687867,2.036633480185891,2.1420958511935893
-422.438314855884,83.59296857894412,135.41164550329842,1.1202170197588464,4.7009325985993655,2.339254859138415,17,D06_px-1055_py-0118,0.7243411481585055,2.339254859138415,2.0864098299278617,2.34093203198496,1.9206979981019208,1.6612356897102485
-405.4726554413427,152.8123258752198,134.61900148168823,1.1249354117011192,3.4728773542043427,2.1742000212322616,17,D06_px-1055_py-0118,0.7273920975519217,2.1742000212322616,1.8737443169004209,1.8785489018041,3.0488535042203178,1.49847891012391
387.9871851570157,155.70157542723302,129.923437224984,1.1248098670497368,14.440640226163111,-0.2253478219011287,9,D06_px-1055_py-0118,0.7273109193915086,0.2253478219011287,1.919631213358734,1.633576285707087,3.6456619938449317,2.414882118222106
-372.4165431904763,171.93818440265045,122.58560278051,1.1398481852699582,22.189060304433724,2.102086644866574,16,D06_px-1055_py-0118,0.7370348143992395,2.102086644866574,1.790539060650172,1.9130895426851626,2.702042155104528,1.5743887989751593
-356.859580873866,202.72749101074632,132.62814348269322,1.1094285651826608,17.71912597155847,2.017989235605222,16,D06_px-1055_py-0118,0.7173652484562743,2.017989235605222,2.012486953090496,1.4930816080935068,1.7932566621963404,3.1750200738559506
-369.5001121066395,206.4917684590758,132.10456298903165,1.1231581561248545,10.438064786148402,2.025007634031301,16,D06_px-1055_py-0118,0.7262429100980836,2.025007634031301,2.096176715310118,1.5495781764641787,3.94526335257223,2.141745892941745
304.5287723419098,222.4410710821904,132.11589280283687,1.0764607403521336,37.18090997966152,0.0238875039372273,10,D06_px-1055_py-0118,0.6960479932558727,0.0238875039372273,2.1919684204390566,1.7624291930730747,2.2811322595478107,2.5276016752896195
327.85298690208543,237.2359567668157,127.35585976824704,1.1198994648036216,23.391091663085035,0.019413466936219,10,D06_px-1055_py-0118,0.7241358146232942,0.019413466936219,3.4179073432427316,2.8545244696755923,2.3286842656041897,2.2521948118925086
-296.6872850401627,243.95661332310107,124.40239397735871,1.1085351100658776,36.697955299326,1.8464405369941448,16,D06_px-1055_py-0118,0.7167875333406281,1.8464405369941448,2.153096368470366,1.8598215915931062,3.002787998030602,2.744684252594765
249.18873479277585,263.9698677517455,136.02921960588603,1.0478326646868068,43.28578826866135,0.2072148887720105,11,D06_px-1055_py-0118,0.6775368540469224,0.2072148887720105,1.5376093701817535,1.6299335254192528,2.5075726824738718,1.7669366894344782
-308.44764486375186,288.31285234390754,132.19238675671764,1.12190972666697,11.02696142703735,1.7829423202705277,15,D06_px-1055_py-0118,0.7254356657775916,1.7829423202705277,1.8104914077744794,0.6236261174693127,2.90719374432778,2.7185570804483947
297.43235659753856,298.37339343643424,134.07962657783494,1.1154870996945712,10.73733469924298,0.179998065894902,11,D06_px-1055_py-0118,0.7212827445906035,0.179998065894902,2.624072997990676,2.0721734140720356,3.0457638440599566,1.9651956953847973
323.5273377097989,302.1655387021934,125.0909720727459,1.1607184303209612,1.88164585394685,0.1442908577452809,10,D06_px-1055_py-0118,0.750529679229848,0.1442908577452809,1.8170157357462444,1.433529700599916,3.5091437326875283,1.9427064205305724
-201.65212767217065,330.6145055737651,126.58929691846166,1.1048309686329296,33.886942362339994,1.5115067213518083,15,D06_px-1055_py-0118,0.714392406315098,1.5115067213518083,2.6258154363809716,2.686326605841332,2.5628198996242224,2.1134184523126374
135.11801983208608,332.6819897274133,134.46154249206808,1.0481329556255037,46.28427901898328,0.5780219501390033,12,D06_px-1055_py-0118,0.67773102453307,0.5780219501390033,1.33755132577767,2.456179612246168,1.9135222133892733,1.73727683638228
-148.1037840121591,364.1844573306281,119.91656476340076,1.1320447005190484,33.36084716960568,1.3500620132637375,14,D06_px-1055_py-0118,0.7319890196965949,1.3500620132637375,2.5988026280340963,1.555004767562417,2.709453529456197,1.9183070864895322
154.08256565399088,389.9722006995057,131.94739229055494,1.1199326948143893,12.83378318573392,0.5875315897695758,12,D06_px-1055_py-0118,0.7241573014099867,0.5875315897695758,2.1790654863540255,2.7124824441471427,2.291858001663852,2.3341588111505422
78.69377694360738,397.6705444434749,129.59127474373062,1.113721628577644,22.00251760448816,0.768453919881605,12,D06_px-1055_py-0118,0.7201411770609911,0.768453919881605,2.666959681915071,2.0513229309541567,2.135232148867953,2.3206516629807767
72.74627754947784,404.7577119631121,134.55949462483744,1.1044423750853505,16.378444384285274,0.7859873724968894,12,D06_px-1055_py-0118,0.7141411386665482,0.7859873724968894,2.854141314913849,1.6939066121595268,1.8299645685278703,2.8427940828717326
84.94825595297016,415.6428045864326,133.9107456991318,1.1187194443274815,9.096034442520022,0.7622151606925914,12,D06_px-1055_py-0118,0.7233728040892087,0.7622151606925914,1.8016907372846296,2.259837344678326,1.5885929943248804,1.1989056328813994
-87.78749684506421,-420.5679521097285,125.38803599222167,1.1487748972778993,9.52476343767114,-2.383556734378167,3,D06_px-1055_py-0118,0.7428068966931723,2.383556734378167,2.938631828260598,1.8160986397326522,3.032680781940567,3.4651406527904802
86.19904133438904,-417.3330515008108,124.37291976537566,1.1487643169414583,12.010196972155144,-1.9740927569651312,4,D06_px-1055_py-0118,0.7428000553642955,1.9740927569651312,2.6562057446681644,2.2102499077981843,2.2989793571950328,2.811721218957217
-157.1864524477597,-409.8280022792636,130.20006268233894,1.142677262876642,2.0299818861998915,-2.544014721582048,2,D06_px-1055_py-0118,0.7388641182624283,2.544014721582048,1.2813781585740907,1.560679486675408,1.8128265233885617,1.779642246112698
99.7464711338064,-393.3438520548668,131.20768808871352,1.1091991495801024,21.045855079132025,-1.9294250495966128,4,D06_px-1055_py-0118,0.7172169065207104,1.9294250495966128,2.0929145813975927,2.7608821181616294,2.278787480861502,0.8574620643465583
134.84413377124585,-389.3863689344095,119.79713276920036,1.150224889009279,22.226384473974576,-1.844401887032568,4,D06_px-1055_py-0118,0.7437444727672745,1.844401887032568,2.348356058032974,2.5859218797079873,2.2632368764022575,2.8474563699599686
-133.62542335546777,-389.8406514778338,131.23850932808662,1.115232762585877,17.35317617035838,-2.5079946453863555,2,D06_px-1055_py-0118,0.7211182882128825,2.5079946453863555,1.7723700867035685,1.8332035212528546,2.649847904322362,2.065954560242869
-38.79755751903146,-371.76533735588526,133.8062907422249,1.0673895552052437,38.27483729916736,-2.281759791024076,3,D06_px-1055_py-0118,0.6901824934923795,2.281759791024076,1.86710249889442,1.9703569981769018,1.9926955807525162,1.3609300672664144
119.99121922354963,-371.5919095608542,125.52497604243194,1.1115160522443337,32.48552316080844,-1.8654342935614867,4,D06_px-1055_py-0118,0.7187150340320582,1.8654342935614867,1.34507271079188,1.9483238992542078,1.5060220050043795,2.4709532205671105
9.173592098953542,-370.5893745313557,132.0237644958664,1.0695556975217595,40.88855389608938,-2.1530268515868505,3,D06_px-1055_py-0118,0.6915831381754585,2.1530268515868505,2.6315317749893907,1.7042577895144295,0.8294633489795373,2.665700865131325
88.71862033550961,-371.697920033225,131.77113723418137,1.0830474727974646,34.465209509314775,-1.9434748783569176,4,D06_px-1055_py-0118,0.7003070263342052,1.9434748783569176,3.1961022260165084,2.9969289043789162,2.099807956407707,2.4993074198503957
-137.82180072768492,-361.7370371610433,125.55699265662722,1.1079483430881991,34.44011381491339,-2.541796373458198,2,D06_px-1055_py-0118,0.7164081251912994,2.541796373458198,2.672012132952079,1.5545886560428133,1.6909384334178281,2.965626018240095
182.33002744157565,-340.69151276312226,134.4852082948421,1.0792015322627448,30.73717532504287,-1.6863847852972138,5,D06_px-1055_py-0118,0.6978202108926151,1.6863847852972138,2.2437788507409175,1.0922024522213367,2.126941329792718,1.920556068894172
-179.363178155557,-341.6164977391488,134.36093949758143,1.078969414376254,31.12377322740513,-2.66125617234963,2,D06_px-1055_py-0118,0.6976701216389766,2.66125617234963,2.786137670020832,2.1065698221821805,2.478551882024507,0.9430408737410132
188.4531656177604,-326.0305653367973,128.07078036899543,1.0887475104061963,39.388443200692166,-1.653672681552934,5,D06_px-1055_py-0118,0.7039927155473045,1.653672681552934,2.226507785264886,1.2280056359610452,2.0563909501720574,2.2411721101584563
-254.03033200700548,-313.5576247384347,132.1988370962874,1.1039629693150506,21.908344714939005,-2.8586783788393446,1,D06_px-1055_py-0118,0.7138311511195212,2.8586783788393446,2.9085708306401212,2.57040644759062,2.201416700359086,2.104852063534321
204.18546525529564,-311.9248598296714,134.37624332353792,1.064487550879294,38.552294215098186,-1.598174918505262,5,D06_px-1055_py-0118,0.6883060346381193,1.598174918505262,2.247878151595263,2.1837370284269855,1.7874738427286974,1.4269456248847088
267.2540378940081,-277.0065842220148,131.03038385994267,1.088355299497075,33.21611180014787,-1.4102946679622486,6,D06_px-1055_py-0118,0.7037391088842899,1.4102946679622486,1.596384676225857,2.406025550339205,2.3195897880781464,1.4570139635026835
-302.2736571465519,-266.292268009661,133.4815085399575,1.099363558075804,21.73742744082693,-3.0263742041126496,1,D06_px-1055_py-0118,0.7108571355858114,3.0263742041126496,2.971993739491214,3.212382658486486,2.192594117401107,2.1638593103154102
-296.76429518276046,-250.95149845544705,130.67075437429855,1.0934344114914798,31.22930678216209,-3.0466231480145223,1,D06_px-1055_py-0118,0.7070233027045594,3.0466231480145223,3.0681554827622888,2.5631189117272344,2.7442591728817307,2.0292623156161964
271.97184809572457,-239.89446921040465,115.76862593332751,1.1142804409122486,53.02487332064982,-1.3297920456446906,6,D06_px-1055_py-0118,0.7205025095179287,1.3297920456446906,2.406226403186727,2.6926231649143695,2.9763202082444984,1.7796010185033722
-326.2422852500465,-216.70576646479105,131.31438757660956,1.0945780439219372,29.194884630897548,3.1209393535631995,19,D06_px-1055_py-0118,0.7077627844417028,3.1209393535631995,1.5494290874974492,2.6832144412648447,2.1994540011983714,1.677930625858802
-346.8238433349468,-217.3459206478541,131.39979431754205,1.112039556944276,18.91901269246512,3.0944162083077305,19,D06_px-1055_py-0118,0.719053536294329,3.0944162083077305,1.7180757468137045,2.582158453367474,2.7067528026819154,0.926107448578791
292.3908976278012,-210.62538840416545,132.3464046138605,1.0564898814157306,46.60947568873996,-1.231236666953358,6,D06_px-1055_py-0118,0.6831346785708131,1.231236666953358,1.542276640676823,1.9240460032778404,1.8042628605677051,1.9534733885186735
-323.55963180791986,-190.2704628419228,133.58178291152103,1.0698706552366053,37.486246582574495,3.066202322027092,19,D06_px-1055_py-0118,0.691786792314584,3.066202322027092,2.3212146558004765,3.9189047785723092,2.384540387067264,2.43041963282795
336.1236538325177,-184.836134453836,132.2474269186932,1.0831257024090042,33.40726237923906,-1.1097499324525684,7,D06_px-1055_py-0118,0.7003576102171878,1.1097499324525684,2.4971586791667155,2.5151699917533996,2.2088459984960083,2.0235393143437017
-380.57703994653536,-131.28844124000526,132.2755036567236,1.1027712248669934,22.43112771982362,2.86680169421627,19,D06_px-1055_py-0118,0.7130605597728524,2.86680169421627,2.029695343271362,3.078599320851114,2.345479862144695,2.4916513664128574
-396.6621364648498,-128.39309870794872,134.14631364462466,1.1111537181164892,13.259092288656008,2.847654082353841,19,D06_px-1055_py-0118,0.7184807459311361,2.847654082353841,1.5087014328975399,2.120372767494601,2.4452926107165274,2.3431859800786157
346.615845928795,-126.67325259404107,130.9483445845779,1.071103362924629,42.35434210108849,-0.9573577680541344,7,D06_px-1055_py-0118,0.6925838708148545,0.9573577680541344,1.0999946660865854,1.837147543983988,2.7567371726040713,2.8957932024256596
-335.6682757705671,-107.26797249154068,129.55424779351625,1.056051384725864,52.48958497742052,2.8439218011566743,19,D06_px-1055_py-0118,0.682851143157407,2.8439218011566743,1.7158958331261225,1.7955823727532148,2.6149433060638665,1.829386276303677
-402.582981745526,-49.48680565096652,130.10677848403304,1.1123737225988888,21.63994527060788,2.6569227893722025,18,D06_px-1055_py-0118,0.7192696104385956,2.6569227893722025,2.277658101995079,1.175225667290525,2.656433206888061,1.2946519535487346
367.88898305881344,-44.75381030087996,131.89279028524618,1.0698582121382356,41.00948124731213,-0.7280350256836832,8,D06_px-1055_py-0118,0.6917787465091724,0.7280350256836832,2.3741350875236944,2.469367018512303,3.229711776273116,1.879357551804733
-413.2900606914084,-1.3439622139631304,131.30064725060663,1.1161805404598482,16.63337477059264,2.537864972222562,18,D06_px-1055_py-0118,0.7217311288511896,2.537864972222562,1.7986836518355531,2.5675449425514048,2.6775782277647506,1.1307415683658468
-376.0346611935979,23.053654849050925,130.5287456746262,1.081076487513562,38.14673104450344,2.4733824981379366,17,D06_px-1055_py-0118,0.6990325717255321,2.4733824981379366,1.984965644211463,1.3071126459080964,2.2635111640174133,1.2790342567973267
-401.6220532149347,57.60420761645999,131.09537245393005,1.109479762105222,21.131885284257805,2.392155794186107,17,D06_px-1055_py-0118,0.7173983527896454,2.392155794186107,1.4290758257213638,1.7159984695292947,2.3418527652272463,2.172744954324248
-372.8837041317191,87.48567136950486,130.46659866536575,1.0880904461452707,34.57344797453783,2.3041620755241974,17,D06_px-1055_py-0118,0.7035678526209447,2.3041620755241974,2.3821949069577544,1.8349351456626364,2.289531808533786,1.5187220123556313
-347.5162874224064,90.7593410477146,131.64399468202018,1.0573611241325085,47.62396278614119,2.2791534674480287,17,D06_px-1055_py-0118,0.683698030973664,2.2791534674480287,1.9143849329019638,1.6178861504848427,2.4714859878114837,1.7964433666218793
421.1188465502596,101.97173102667568,130.30572116062308,1.1374550965018813,5.322375144202738,-0.3694075701708669,9,D06_px-1055_py-0118,0.7354874243530792,0.3694075701708669,1.9168446582276633,2.3898018624798145,1.667334425819551,2.221483337081785
-362.779508420765,103.65474026623367,131.07089361974468,1.0799680279589374,37.57224658821752,2.25630466512419,17,D06_px-1055_py-0118,0.698315833046935,2.25630466512419,1.7973665876935612,1.0400598341256164,2.680611655072643,1.3723341637222075
-410.2877404863311,104.7260194947393,131.02318178405872,1.1265025816975447,10.811423923660982,2.2846992497741,17,D06_px-1055_py-0118,0.7284054420151355,2.2846992497741,2.3462471190198935,1.711066760111464,1.8879797170696997,2.3393747251926897
-393.6683900234706,158.81776941304852,131.0458411500408,1.1274002535947598,10.18256803553021,2.151153064034121,17,D06_px-1055_py-0118,0.7289858837342216,2.151153064034121,2.220218930840718,2.0734554730025954,2.6387021161584627,2.917526045087407
399.1749674477125,167.06634612438347,130.22733703583626,1.1371889171878136,5.687356055153316,-0.2106025232953995,9,D06_px-1055_py-0118,0.7353153107120909,0.2106025232953995,0.7072824648224931,1.74516644827084,2.067118736018752,1.3824034164058103
-320.77992564488227,163.17138314070846,117.09750759508714,1.106699048067383,54.04114583625199,2.0640529538854167,16,D06_px-1055_py-0118,0.7156003211909983,2.0640529538854167,2.581810336653066,2.017064989901285,1.968588968730657,2.3122446761804736
-374.8020805322501,192.409658662589,129.06499435745025,1.1303704338857885,12.905206886073016,2.060332060220143,16,D06_px-1055_py-0118,0.7309064257044772,2.060332060220143,2.0926311144077645,1.7938152745158575,3.4801155480659287,2.331928498979678
-324.92233063414443,199.7740727507451,131.9081516018123,1.0818406597755554,34.811492221436254,1.9833558765089323,16,D06_px-1055_py-0118,0.6995266915289988,1.9833558765089323,2.6052946945091113,2.4213208275292484,2.22217007740357,2.2558515798936023
-378.3344563557328,206.19417146924,131.1247699334983,1.1329205176859485,6.399493350882153,2.035612928310565,16,D06_px-1055_py-0118,0.7325553299749247,2.035612928310565,2.9153011438352747,2.747473200306214,2.0987351099011935,1.4577098421032564
345.5164522292436,235.47126887935943,121.44973627718718,1.150551697533127,17.961154260002502,-0.0087743072647681,10,D06_px-1055_py-0118,0.7439557897328415,0.0087743072647681,1.716596942032556,2.049828949993917,2.391512902775638,1.8594728308543718
356.1245568412972,246.5222045183218,133.38856768161924,1.128330911979342,4.1111921211837625,-0.0014833987995679,10,D06_px-1055_py-0118,0.7295876547758514,0.0014833987995679,2.4440241256713895,2.0110727819124143,2.5082595092140734,2.1717053388398524
261.5820316772706,255.3995077274084,134.79350975238762,1.0548157345727758,42.44408371782521,0.1664603143457793,11,D06_px-1055_py-0118,0.6820521620360501,0.1664603143457793,1.9103311363313944,2.253402722258195,2.472188883354641,2.39127280630444
-244.7839116190796,296.80833028975115,124.2009114449168,1.109823980156561,36.427255843517685,1.6534505037989686,15,D06_px-1055_py-0118,0.7176209268928111,1.6534505037989686,2.349060187917771,2.1451030920911562,2.5351374886120315,1.7915296601916864
313.6621875935003,298.3240720849356,128.7902981420442,1.1415350355546003,6.200023435977755,0.1533610343543633,10,D06_px-1055_py-0118,0.7381255450794537,0.1533610343543633,0.4222723831343742,1.8833355170454622,2.419478247924137,1.9572002269730757
213.1376415191507,300.32117083249534,130.03567874200323,1.0731629432641614,43.23074372602776,0.3466110360371093,11,D06_px-1055_py-0118,0.6939156116843003,0.3466110360371093,0.8331836316635455,2.327583869075368,2.720103184186858,2.2193226388679457
-173.07459572031405,315.9669064960564,133.06134363825075,1.054070761678186,46.3084952843048,1.4649399803309122,14,D06_px-1055_py-0118,0.6815704566947669,1.4649399803309122,1.4974348398084296,2.1347222652769755,1.6566219691816157,2.5594296760024005
164.88655067294548,334.0594418037832,128.00951221178406,1.0844998290914687,41.74176614354286,0.5053147737937881,12,D06_px-1055_py-0118,0.7012461313531243,0.5053147737937881,2.375159457940006,2.217185318306263,1.7714668560531757,2.027751038929466
-261.18656783410927,333.13649648697685,128.83928561926933,1.132878471544073,11.816860252229048,1.6287392567899324,15,D06_px-1055_py-0118,0.7325281426084193,1.6287392567899324,1.9411605671230918,1.4131103945218995,2.937932481285065,2.7319238315501693
-178.6635307286401,340.7338727349959,133.2019936366182,1.0813760302601374,32.30430895179961,1.446753472035553,14,D06_px-1055_py-0118,0.699226258424761,1.446753472035553,1.939452196684821,2.1160778661394835,1.8020201765800083,2.38535413966068
250.40474166962912,354.1824362019065,119.6389642405456,1.1694882980839651,9.366402905181928,0.3484124954167189,11,D06_px-1055_py-0118,0.7562003447996499,0.3484124954167189,1.9474240870544128,2.4799203512515415,2.1221958553189864,1.514322645888339
26.735001465470287,351.14438409348304,122.0988603953896,1.0807829024996003,56.21109898799091,0.887826625734729,13,D06_px-1055_py-0118,0.6988427373431365,0.887826625734729,1.9419301791709065,1.3680090858278953,1.3923190776982632,2.2053100576221514
114.50878458302677,402.4900669797621,129.07084438977083,1.1277359908291753,14.573340093164347,0.6866393085322234,12,D06_px-1055_py-0118,0.729202974074367,0.6866393085322234,1.632173269147132,2.209735657985439,2.9686550974464003,1.5994830984072994
40.81578932936972,-430.53548594974313,134.570073595342,1.124315643109265,3.9903968650591537,-2.0832559673626654,4,D06_px-1055_py-0118,0.7269913502989359,2.0832559673626654,1.9659142946990302,1.8292141038486014,2.044817199350797,3.1070445675126224
40.68516314049213,-419.88110580959545,125.0223864869723,1.1430040255540737,14.285690106759432,-2.081180550870452,4,D06_px-1055_py-0118,0.7390754055833415,2.081180550870452,1.9448894487670239,1.8775009217387835,2.618221336022022,1.8792599340100726
-30.009271586809604,-412.0692231573455,131.36596601736926,1.1158584688749946,16.681611926326525,-2.250473322361529,3,D06_px-1055_py-0118,0.7215228748276861,2.250473322361529,2.56583681121284,2.4515145959129083,1.3018570350732672,2.6059704365283247
61.7363203698488,-404.6620581975112,121.02004933796503,1.1439277254395532,23.34076584355336,-2.026380588271856,4,D06_px-1055_py-0118,0.7396726772046441,2.026380588271856,1.858905295915987,2.2367281549218196,2.200744502766448,2.228563843115425
46.92743142865713,-396.0269980915096,124.25875486051304,1.1237973046423575,28.18179604400705,-2.0598303027296248,4,D06_px-1055_py-0118,0.7266561885636363,2.0598303027296248,1.91918734333067,2.3485080142528605,2.128249849642942,2.1788009241877937
-119.80140625308422,-379.37505085508144,132.14389064738006,1.0983848597946653,25.24006570465548,-2.483651754567834,2,D06_px-1055_py-0118,0.7102243015686908,2.483651754567834,2.2684142935515785,1.4336214200953685,2.127004709078946,2.075085719200726
50.75308091365872,-374.95423533191,133.60147578823774,1.0731720727726413,35.75601326642237,-2.0432354882897674,4,D06_px-1055_py-0118,0.6939215148963902,2.0432354882897674,2.068951947027,1.5415169283490155,2.6419585280650955,2.4818029815418825
-245.527958869218,-367.5566509681176,132.98307776561148,1.1373073236291855,0.952603043601755,-2.766701189403836,2,D06_px-1055_py-0118,0.7353918732496884,2.766701189403836,1.658109515979226,2.4448934976411305,2.4396615819873944,2.37385591679672
27.176618070309097,-364.8657815361756,130.38948050579697,1.0692820977788149,44.42509300315896,-2.103429266467252,4,D06_px-1055_py-0118,0.6914062264267126,2.103429266467252,1.7601302022220393,1.9933189154884423,1.9561964773760523,1.7489741061313138
-122.47807774855538,-363.59936436402063,130.05773324030466,1.0900907290180275,34.38015947941773,-2.5026871576301946,2,D06_px-1055_py-0118,0.7048612512813278,2.5026871576301946,1.8256284012123771,1.7746172740388562,2.1814218889429533,2.886098497224793
139.36171350541233,-341.76009036268965,132.04781618642232,1.067630134699557,41.80037328431388,-1.790583680683488,5,D06_px-1055_py-0118,0.6903380540882823,1.790583680683488,1.5901636331535824,2.4944417991781913,2.5796664249875727,2.646549829238497
150.58433760531827,-324.6355707584185,130.80349753221864,1.058534647289396,48.77959590215284,-1.7434587554735033,5,D06_px-1055_py-0118,0.6844568402899458,1.7434587554735033,2.5053341905757813,2.5895090471872058,2.2804194575500256,2.0297777928644916
192.84133773851724,-309.96708433714053,129.83885427829003,1.0701215547287402,45.15619305939845,-1.6212395010487533,5,D06_px-1055_py-0118,0.6919490259023618,1.6212395010487533,1.6379508396302256,2.523753054242493,2.9516028705182196,2.118689711707315
311.0354780397497,-285.8825308320551,116.8872189835869,1.168361876372707,17.202948206578696,-1.3502645819197332,6,D06_px-1055_py-0118,0.7554719916490978,1.3502645819197332,2.689073950727509,1.5250388318111496,2.6405583001282515,2.4903425162218182
-329.10917619466494,-276.25649535675643,132.77144401496372,1.127039158405567,6.395376181407869,-3.05026023123366,1,D06_px-1055_py-0118,0.72875239674079,3.05026023123366,1.7937752570941359,2.057971641074036,1.9912291010014054,2.9754876729202646
240.35829294307177,-268.9310648750417,130.12641197763074,1.064095974883274,47.50501821272837,-1.4484221613195314,6,D06_px-1055_py-0118,0.6880528385149168,1.4484221613195314,2.257607478770177,1.7316341899231964,1.8009980165183332,1.7749209930824676
308.00323873996115,-237.692445109836,116.22949444723407,1.139977194122685,37.32670382569631,-1.264237521838152,6,D06_px-1055_py-0118,0.737118232539527,1.264237521838152,2.1382898671059785,1.8778233602020604,2.718994137927533,1.337832306944469
-335.26405812191723,-229.0252840312733,128.88822258934846,1.116495561894105,21.9378639727064,3.13391955635034,19,D06_px-1055_py-0118,0.7219348241917883,3.13391955635034,2.3669778444050067,2.505838291365598,2.9795127974654,1.2167905955307503
-296.9552159178358,-227.58127115814207,130.99671208784346,1.076695264206539,39.41962479591115,-3.094668477253048,1,D06_px-1055_py-0118,0.6961996382273151,3.094668477253048,2.124385225425525,2.0604212383217755,2.5485495882592515,2.654954756272636
358.1249139244972,-162.44169964323697,131.6120890245069,1.0953021936915115,28.141780089320832,-1.0328144736964495,7,D06_px-1055_py-0118,0.7082310253863414,1.0328144736964495,2.379379274089868,2.1979533263969877,2.1481437776805694,2.023929326464294
-411.0796141097837,-146.7196046666743,130.4489178413737,1.1398263884106712,3.380056702265108,2.8774330763824816,19,D06_px-1055_py-0118,0.7370207203783454,2.8774330763824816,3.697229541263101,2.016867407834286,3.096087272143885,1.1703562464841701
417.08861273731,-104.8718481100149,129.21645857069504,1.1378131243543388,7.678108755685628,-0.8533109711070819,7,D06_px-1055_py-0118,0.7357189279824184,0.8533109711070819,3.287869267339378,1.886486228732354,2.520669006335078,1.9348183427014674
405.5191522579482,-80.75074300470926,133.77489709838747,1.1089553582320038,15.428875485120386,-0.8035377355763745,8,D06_px-1055_py-0118,0.7170592691148523,0.8035377355763745,2.6828161563242263,2.931595529482112,2.2268938235895037,1.2735591104578488
-369.85438116108656,-77.47083803070635,130.50894727597654,1.0823927147198904,37.501753657528525,2.7410910190720297,18,D06_px-1055_py-0118,0.6998836546041647,2.7410910190720297,1.8783798113823973,1.944011302100353,1.943144994067369,1.4250880177743102
395.5584249406447,-67.66897957888108,132.44362683608273,1.1009740912931227,23.098059538771,-0.7764114148801091,8,D06_px-1055_py-0118,0.711898519049197,0.7764114148801091,1.7200887154795517,1.7183958064369003,1.1742266916881958,2.7292088842247217
433.07020666229846,-61.99135175220231,130.52866449179174,1.1404682984164969,2.752276817674669,-0.7491575822077905,8,D06_px-1055_py-0118,0.7374357844439979,0.7491575822077905,2.932413778482383,2.9380304589485657,2.7734800010088834,1.2681628749417329
-418.5995058429703,-58.56346801805216,131.0232212942899,1.1257991433448469,11.26104262117292,2.6736142578201445,18,D06_px-1055_py-0118,0.7279505932357787,2.6736142578201445,1.7280374027283156,1.6675771426228407,2.5944735330928457,2.074133810713319
403.2356719617724,18.84879391104907,124.64974636856884,1.12730199387432,25.1516447258652,-0.5602696669712584,8,D06_px-1055_py-0118,0.7289223482250607,0.5602696669712584,2.8912967034162254,2.074456514813224,3.2894344830588857,2.4128766498817917
-416.3223200810611,57.16421997429314,130.4179276675264,1.1253415079834912,12.957640732834648,2.398158790852025,17,D06_px-1055_py-0118,0.7276546826066458,2.398158790852025,1.6366903096357401,2.0936362817252467,3.154054493219004,1.431721455536361
-358.497074427244,70.72960168253206,132.87431466677054,1.060737944913129,43.48772355092132,2.339820082353232,17,D06_px-1055_py-0118,0.6858815098873182,2.339820082353232,1.4760842056682089,2.53799907364735,2.365309876720208,1.9646763138511352
-413.5117291334819,74.97619539906562,131.03102385233746,1.1235388274907614,12.678079212937403,2.3552460046600765,17,D06_px-1055_py-0118,0.7264890552015668,2.3552460046600765,1.6108085073008747,1.426642219734857,1.8210621914351008,1.366623409598493
439.4561120214647,94.13735971775272,130.78936481286547,1.1498446927383503,4.424687163855538,-0.3959554004787455,9,D06_px-1055_py-0118,0.7434986348639463,0.3959554004787455,1.6729466401902524,1.8429261738975249,3.6225717912186863,2.07315038292288
407.0159635098181,118.88709346728504,124.82089683855104,1.1455494336238523,13.081295160684364,-0.3227912467037521,9,D06_px-1055_py-0118,0.7407212864896969,0.3227912467037521,2.0298333376845226,2.438934699865893,2.043235164377164,1.1149508132955186
419.1293401466945,122.71565360885327,128.32175213775278,1.146245311080935,4.116558083230302,-0.3221531654195346,9,D06_px-1055_py-0118,0.7411712463343968,0.3221531654195346,2.132297639628112,2.314762530420135,3.0311837299383404,2.24169900564452
-356.1650330835748,163.5884302785699,132.48984315206647,1.091230389587548,28.49275947585363,2.104048038663465,16,D06_px-1055_py-0118,0.7055981647819056,2.104048038663465,2.5256129430164407,2.219461781147584,2.915673409692559,1.667556270854124
384.841231876734,178.69562294706077,132.5911468119609,1.1226638006468312,9.628927198881,-0.1722679818687073,9,D06_px-1055_py-0118,0.7259232559522942,0.1722679818687073,2.925062155630153,2.7828969491614592,1.825358974338506,1.9208289190735355
387.5906507359498,212.21341262037168,135.69787050935312,1.1294341582894536,2.022135631000197,-0.106042782962529,10,D06_px-1055_py-0118,0.7303010225294853,0.106042782962529,1.9696153609032168,1.8882219669812612,2.4976825969147214,1.7810364765553715
289.12939290387453,247.4895746122724,133.0121022882791,1.0774616772036634,34.770194404110725,0.1009771934791913,10,D06_px-1055_py-0118,0.6966952069077661,0.1009771934791913,2.164373369150929,2.474030050955412,2.6443961635197972,2.0396964372590136
230.77377694360743,306.24564648429106,132.243204242803,1.082997390584692,33.484530574293785,0.3180426188791347,11,D06_px-1055_py-0118,0.7002746427809631,0.3180426188791347,2.0389486918451087,2.8093774478761295,2.2743046107644784,2.6845729506326803
287.436055032491,304.297705172654,126.83936005291687,1.1345693619436503,15.44857329832547,0.2069062550515091,11,D06_px-1055_py-0118,0.7336214856587718,0.2069062550515091,2.570362368672186,2.3935139406196932,2.8700490088361184,2.4166106161646503
229.2860674382088,329.91106802978686,129.98881146369115,1.1089397404630883,23.934687961297755,0.3564587666008934,11,D06_px-1055_py-0118,0.7170491705424611,0.3564587666008934,2.2916991986820334,2.8751355982836664,2.6050840213063786,1.9008480139353148
250.7151527552957,331.0802258558124,133.5104671138605,1.1114887565610978,14.488529491704185,0.3156828807405833,11,D06_px-1055_py-0118,0.7186973844282885,0.3156828807405833,1.871756441066635,2.294818175614238,2.522474374543245,1.4558858988880434
-72.03174172724796,342.55811901354315,130.53761409016974,1.0499315991637008,53.325471061397366,1.1710732909801855,14,D06_px-1055_py-0118,0.6788940416115519,1.1710732909801855,1.4383022680453512,1.7489600487217691,2.6485849246704394,1.3509079273335867
174.63908727067414,358.89327061249,129.21897644712638,1.1086844271338565,25.810934509974857,0.5109428837844378,12,D06_px-1055_py-0118,0.7168840829328516,0.5109428837844378,2.084643791059297,2.5165969490953284,2.224930761782648,2.2404527865896275
-60.64232888514766,363.1822573964652,125.0301164414841,1.0893876932480775,45.61686934961011,1.129265380906101,13,D06_px-1055_py-0118,0.7044066628151467,1.129265380906101,1.180979298750317,2.2264561547844792,1.8731023940499751,1.782607971457798
-122.98074164125602,377.93012348512286,131.5037034644352,1.0999378522096042,25.76564297224718,1.2784158917449375,14,D06_px-1055_py-0118,0.7112284786960481,1.2784158917449375,1.4489688430331726,2.3694794852637626,2.0851900872131206,1.5490617015830048
130.17075477016272,389.8649321840597,128.84542652309366,1.121432762513873,19.03318552147408,0.641568202997368,12,D06_px-1055_py-0118,0.7251272569994789,0.641568202997368,1.9955901020517475,1.4424814228009901,2.534720205692227,3.056629338820684
-120.4950702313172,398.2068557564711,125.35293882550522,1.1367390866863365,17.578563400209646,1.2576518529804055,14,D06_px-1055_py-0118,0.7350244467668289,1.2576518529804055,2.954838905954709,2.6193315419634318,2.244497654670548,1.8469985750710372
-79.90281313298274,409.74189309482335,129.30418849664437,1.1261056753058316,15.061347976155048,1.1564074644028852,13,D06_px-1055_py-0118,0.7281487992160939,1.1564074644028852,1.6226336195912148,2.4819968433004496,2.7533369277987263,1.9228629435967788
22.049298520518573,-433.62071822111847,133.29230776057076,1.1295505679391429,3.532333317993164,-2.1269703433243845,4,D06_px-1055_py-0118,0.7303762939258535,2.1269703433243845,1.8279307776969982,1.8473011369386472,2.875577871699728,2.468715836755364
-28.405275485445056,-424.8063771534468,127.24415593661185,1.139826368687148,11.051511221808994,-2.2445428748264007,3,D06_px-1055_py-0118,0.73702070762496,2.2445428748264007,1.9945578191689994,1.5218270251572046,3.6398559723952606,1.195135147416799
-39.42768875002492,-401.2711498185151,130.7753508154567,1.107960374024976,22.74575377739501,-2.2757184461824456,3,D06_px-1055_py-0118,0.7164159044897788,2.2757184461824456,1.4441002760013593,1.9790818679036646,2.5686205116269694,2.8039697619461
89.1458359967787,-383.0758253090172,125.690592990614,1.1138541534000697,30.76432048364416,-1.949134509855244,4,D06_px-1055_py-0118,0.720226868654979,1.949134509855244,1.604660367194351,2.4232411450572338,1.7625208840114244,2.0347652901966367
165.44269002593794,-376.9342738574903,129.20076241202565,1.120946594527426,18.514674208666747,-1.764177064925812,5,D06_px-1055_py-0118,0.72481289695023,1.764177064925812,2.1394134323472977,2.2693368928369653,2.190503736522597,2.092345472205519
184.24904550220933,-373.08374340859086,130.74403835871647,1.120512899536192,15.23531533190868,-1.7190568113153328,5,D06_px-1055_py-0118,0.7245324663529795,1.7190568113153328,1.8350589718515935,1.62169116163732,2.099519541050161,2.0349708550280776
-150.25590827904264,-368.2884914285259,130.2351399572441,1.104173260313208,26.1507287482682,-2.5651462140333603,2,D06_px-1055_py-0118,0.713967126935248,2.5651462140333603,1.9467356525925372,1.6839785735717734,2.584246287451858,1.5391527597226151
47.01822013598985,-359.0816870127046,130.27760654641818,1.065314796938597,46.60246806400818,-2.0475764125669254,4,D06_px-1055_py-0118,0.6888409384557155,2.0475764125669254,2.3327470490833795,2.124438611021394,2.51333481261234,1.5577410345104146
90.70982363140396,-354.6737627845281,127.194339751518,1.0799128746323343,45.824339742305085,-1.9273874792470933,4,D06_px-1055_py-0118,0.6982801704715486,1.9273874792470933,2.152197556595216,2.5703720939770047,2.543406481777327,2.2889107547838314
-250.9890245406227,-343.806301567657,132.55915971590133,1.1240141795181826,8.840700037959607,-2.8083733954199137,2,D06_px-1055_py-0118,0.7267964215665198,2.8083733954199137,1.5550835169012052,2.1278886514873303,2.601888408528444,2.31401381084331
237.51780760964843,-327.0822198805894,117.91504546174748,1.148957687866545,27.651882053007512,-1.5497001689524077,5,D06_px-1055_py-0118,0.742925090527507,1.5497001689524077,2.4636061448941344,2.1856723452426703,2.8482975045663603,2.527801986385625
-243.5612500731715,-326.9595266533117,127.08016373794808,1.123657550020354,21.740388964982746,-2.8180228663044486,1,D06_px-1055_py-0118,0.7265658221242974,2.8180228663044486,2.6606013025964903,2.74261313582983,2.7437019155903606,1.8363708371030163
-203.69416349291947,-322.5936671564436,130.7216425957739,1.0856825517656574,35.31123530116645,-2.7409830762584804,2,D06_px-1055_py-0118,0.7020108891497514,2.7409830762584804,2.054327817102771,2.5497869832621767,2.8346136132285285,2.788308991224087
-230.10758493775447,-310.37083548933373,122.575881539766,1.116729666167802,36.18824157158798,-2.8157473970052807,1,D06_px-1055_py-0118,0.7220861978590397,2.8157473970052807,2.2361175942177276,1.3631332119450845,2.734468710970251,1.7765366757782393
-252.1328053165314,-288.55423086489884,129.76638369335842,1.09049296408251,34.79359361524229,-2.89591424968564,1,D06_px-1055_py-0118,0.7051213396421524,2.89591424968564,2.053482207833925,2.21792670085857,3.0402402108958864,2.2858801888622815
301.3002344860648,-274.05419481726443,129.167866152322,1.1168723721200038,21.07332023384265,-1.3450578188770157,6,D06_px-1055_py-0118,0.7221784726517306,1.3450578188770157,1.8696412386179508,1.8305732290288501,1.3700948327142066,1.1323438857346342
285.8600249421841,-270.8085660350877,129.61749071953565,1.1020268548318004,28.745501721264247,-1.3653458259493632,6,D06_px-1055_py-0118,0.7125792442452036,1.3653458259493632,1.8321652164239803,3.5942203040207166,2.3703720055136763,2.6372753684313337
336.75451251255146,-212.91207762675103,124.29464576262212,1.1233111432781273,28.390061533581843,-1.1707733081709988,6,D06_px-1055_py-0118,0.7263418327963649,1.1707733081709988,3.238661498603574,2.126086938268327,2.1736353850877785,3.0410045248531423
-304.563437566021,-211.3074104751698,135.01555299421577,1.060039287511738,39.44685540876179,3.141168756812732,19,D06_px-1055_py-0118,0.6854297525087328,3.141168756812732,2.3127901788179255,2.7761891146352973,2.0727700002544043,1.1349541407878112
361.2275234208437,-208.4668046950824,130.44176255569496,1.122325544937199,14.801272390653992,-1.1303955712024636,7,D06_px-1055_py-0118,0.7257045371462374,1.1303955712024636,2.118745402765925,1.8628667262746037,1.901359947261277,2.174146565625659
369.23718175584935,-191.0315032762473,131.36426175671764,1.1183034644771703,15.182781665515847,-1.0844248061713273,7,D06_px-1055_py-0118,0.723103828241609,1.0844248061713273,2.502778801489023,1.64077751040971,2.9272620114592263,2.417781117195309
-369.20620141137096,-182.4051075849092,127.15997849702202,1.1273034022059032,19.30075055649138,2.9934867632812763,19,D06_px-1055_py-0118,0.7289232588633549,2.9934867632812763,2.6035067289081457,2.5790225077348943,1.920175656580852,1.331285009281866
-333.45552216901734,-172.92559949642325,120.70021225242591,1.1116761614354431,43.28101196789879,3.0130192875709185,19,D06_px-1055_py-0118,0.7188185618961,3.0130192875709185,3.1698821978213636,1.9874685010087523,2.3994901698629145,2.3501730331643733
399.1123671296066,-131.09485769573106,127.13783239776348,1.1350410493663057,14.437369129661477,-0.9243431421972036,7,D06_px-1055_py-0118,0.7339264824614197,0.9243431421972036,1.1864952071859736,1.7935624333233102,2.2758528371615134,3.1253492037501447
-417.6630435938292,-97.528109387294,114.05957807626392,1.182442279934921,14.429321943112996,2.764011712498491,18,D06_px-1055_py-0118,0.7645764914941232,2.764011712498491,2.470529319364622,2.0221120583953907,2.3332215804710907,1.1328512289686534
-383.98388103445694,-90.98536877757974,128.47847175166967,1.106437233257106,28.76543963783928,2.7672731821757,18,D06_px-1055_py-0118,0.7154310296725371,2.7672731821757,1.8004544051407452,1.9606827223467502,3.152419314979614,1.2030465835025836
-361.4258661894635,-88.4271462227994,130.7649598546537,1.075142173921685,40.7006920453515,2.7745614333931146,18,D06_px-1055_py-0118,0.6951953978164997,2.7745614333931146,1.2646564282291775,2.4712395212325693,2.9326857360355216,1.4281420971631316
-432.9476277984396,-53.642170318827134,130.55249897821176,1.1393336058119816,3.466643835256832,2.657884800417276,18,D06_px-1055_py-0118,0.7367020832687217,2.657884800417276,1.0029584824904998,1.0180551199684562,2.306706462223052,1.0852825309947902
371.9332033943173,-14.034502962227249,132.99337960466593,1.0681669342520863,39.5701626167496,-0.644695572001853,8,D06_px-1055_py-0118,0.6906851529069504,0.644695572001853,2.9726305176566434,2.2638588682576835,1.6401877141645547,2.2043808574792605
392.2666126011658,-7.573016489760063,127.56632249055652,1.1069733196939986,30.49694495183365,-0.6262829229502885,8,D06_px-1055_py-0118,0.7157776673850177,0.6262829229502885,1.1746566029056957,1.8730600884445767,2.4652404305369133,2.15807560929324
-390.3696306074692,20.10293255989924,127.86217151597958,1.1045578237840248,31.20831089787299,2.483161398847195,18,D06_px-1055_py-0118,0.7142157887044213,2.483161398847195,1.6774666498487516,2.4981280102052192,2.7417076895397496,1.5141793055510515
392.4883149962284,24.58552459285924,129.3761973599745,1.1022550437217118,29.150486647489743,-0.5444211243053384,8,D06_px-1055_py-0118,0.7127267929787079,0.5444211243053384,2.0910020858249676,2.508598676480849,2.7582909441850325,2.328904568980704
-369.0013002581585,36.52904904705355,128.35676979782536,1.081449558419211,42.57309254165125,2.4359402472567435,17,D06_px-1055_py-0118,0.6992738023115489,2.4359402472567435,1.6636532953988672,2.288820383151168,1.9989113728481902,2.268018428033893
376.26623345298566,57.50031697016923,127.74651876911167,1.0941699498000863,37.198101839255,-0.4553345743766954,9,D06_px-1055_py-0118,0.707498907568236,0.4553345743766954,1.9361673468831218,1.9393294735047029,1.8504368499441792,2.986036087648945
-358.2314981169163,138.03041433417337,125.06302524001153,1.106205789011229,36.52072605946654,2.1668337525830665,17,D06_px-1055_py-0118,0.7152813760002251,2.1668337525830665,2.28177833840199,2.0409453384462015,2.468992124003437,1.4867285201522198
411.33524063714657,137.21562544214075,130.367855647104,1.1375629508556664,5.102009674003341,-0.2850017087438486,9,D06_px-1055_py-0118,0.7355571638277316,0.2850017087438486,1.5138420553032046,0.8954239742716417,2.1867062356109876,1.9709006484369311
-329.75932283176047,186.609926779352,132.34568869175283,1.0777019876415586,36.052451380719845,2.0196466322785582,16,D06_px-1055_py-0118,0.6968505935296699,2.0196466322785582,0.8991559973892589,2.371524385704535,1.7639918320589651,3.0649523369719143
-343.1875924457493,254.6819597977707,126.42722015225216,1.143690497802223,10.439850076028163,1.8961826158763035,16,D06_px-1055_py-0118,0.7395192839458669,1.8961826158763035,2.0211042394258065,1.866485703110299,1.7067953528444364,2.1994502036961583
-328.81586758439335,272.3294833646056,125.62977188524148,1.1457033526279727,11.017067081297,1.842904468499997,16,D06_px-1055_py-0118,0.7408208117300757,1.842904468499997,2.390356845822935,2.1737721171519446,2.900901375237069,1.7837730619624392
256.6693327766632,274.64593766136795,132.1904217078776,1.074885656538351,37.83534551321032,0.2122398880149477,11,D06_px-1055_py-0118,0.6950295316560242,0.2122398880149477,1.2359385064152688,2.5612985607621823,2.0830821443040346,2.0042779560783246
306.88158176015,278.2181200882893,128.0516201004814,1.1268634849321053,17.49886606807553,0.1294687440520261,10,D06_px-1055_py-0118,0.72863880488919,0.1294687440520261,1.7675213140778667,1.3957620504270594,2.114182725347436,1.614920276777328
-278.45730444631107,286.20605731621794,123.02706643482456,1.128170035941621,28.40829182569621,1.7354930365056038,15,D06_px-1055_py-0118,0.7294836310627505,1.7354930365056038,3.22193281623684,2.224319580425436,2.4469869801384982,3.0891984342536576
-231.93844184852944,290.0736471331349,131.39831718216652,1.072343814250141,40.790490458639,1.6383044367751922,15,D06_px-1055_py-0118,0.6933859564121163,1.6383044367751922,2.946069197147391,1.5183519894186313,2.8030832273238357,1.7782475432620575
224.13405226570725,288.6811418975825,131.6348899881788,1.0648006500136715,44.05176162322732,0.3036283089413145,11,D06_px-1055_py-0118,0.6885084870044754,0.3036283089413145,1.8765954765710404,2.133000291842177,2.137979949120752,1.826694702829128
-293.23843985419336,290.77696969705323,132.10917833648824,1.113440224125225,16.468360635650072,1.7534296683505015,15,D06_px-1055_py-0118,0.719959218725627,1.7534296683505015,2.0705944440471424,1.5899482705098982,1.8047425822199588,1.7750520006458443
298.6743810476014,312.7760997544538,131.31287623075585,1.133793671558736,5.377109349808109,0.2014772761492225,11,D06_px-1055_py-0118,0.7331199181463043,0.2014772761492225,1.4055293539165632,2.385575700497582,3.0718884723817848,0.4054723309420506
150.81146355606026,331.8708090386928,134.23839696730144,1.0553439906752102,43.31553586315374,0.5372864599317705,12,D06_px-1055_py-0118,0.6823937365925958,0.5372864599317705,2.649923981679888,1.2076608154580244,3.3894748047292906,1.8118196716750243
237.149117581898,337.653760068938,124.03856879296498,1.1376063423516765,20.150924307213643,0.3515193581473625,11,D06_px-1055_py-0118,0.7355852211108168,0.3515193581473625,2.6303041174422988,1.9340215778272822,2.008784066342428,1.7178129879656538
189.39323518466003,338.87185284244214,129.5335472307458,1.0965323506293376,32.0044171019872,0.4541713035530076,11,D06_px-1055_py-0118,0.7090264545514436,0.4541713035530076,1.9749448025216914,2.9442251146351373,3.2935580737103467,2.351201786143312
162.54865543934477,345.23186983587385,134.64701811079303,1.073447299529363,33.4226586852804,0.5237688674967201,12,D06_px-1055_py-0118,0.6940994786850592,0.5237688674967201,2.0239498998703205,3.516396207468736,2.0455680566628507,2.6936484357430306
127.53968385548748,345.59919083064466,126.22955418241278,1.0856508532099791,44.960799299825965,0.6102821560756105,12,D06_px-1055_py-0118,0.701990392613982,0.6102821560756105,2.627699784267806,1.8853299707909388,2.3150911513139993,1.2748973993063408
273.37256010300734,348.6796479454347,129.4416663001627,1.1483929160709931,0.103070132681978,0.298894672289607,11,D06_px-1055_py-0118,0.7425599046361824,0.298894672289607,1.8362871472418587,2.406229776375556,2.1411076858039184,2.732101803205685
63.32716267226977,357.8392289692811,132.0894857946723,1.0609139616943084,45.01007323643728,0.7886593484227965,12,D06_px-1055_py-0118,0.6859953237243925,0.7886593484227965,2.868196043854816,1.9891599542215934,2.7745310314475438,1.7341793737910975
-42.94534611067477,360.01303273915727,124.93092190246026,1.0833478660771378,48.91009385959552,1.0825440744865458,13,D06_px-1055_py-0118,0.7005012629948341,1.0825440744865458,2.244407532112796,1.942294832877141,2.4936919883365833,1.7868004508216768
167.23417831535286,382.7100794366038,130.22712434693963,1.1235179918078118,14.54990887616674,0.5518483197156286,12,D06_px-1055_py-0118,0.7264755826848631,0.5518483197156286,2.5738605589597823,1.823452518598872,2.292976362752757,2.110805377577294
35.75567802125323,384.8775379255872,132.81276881911708,1.0845212177709385,31.45273321458233,0.8711812455238185,13,D06_px-1055_py-0118,0.7012599614417334,0.8711812455238185,2.4926574733819686,2.2632512148101815,1.8073194713880336,2.073314248123368
-98.76600189609356,399.487470524405,128.99211352063796,1.1214570090508986,18.68057217843761,1.206188390540571,14,D06_px-1055_py-0118,0.7251429350012931,1.206188390540571,1.5939289807239123,0.9171769303970432,2.8570524420587518,1.9894158083238955
134.21264904285687,401.65742438393966,128.12951083328747,1.1351492437984156,12.017393763290611,0.6413340619435456,12,D06_px-1055_py-0118,0.7339964418333954,0.6413340619435456,1.3988519998738675,1.476652459095516,3.367094238984184,1.5542834295153147
7.567698757833778,414.55425991581967,127.97811237310634,1.127459527957268,17.29605503863837,0.9455637964455568,13,D06_px-1055_py-0118,0.7290242110038829,0.9455637964455568,2.1519181235872726,1.1861870158500398,1.503893061679482,2.6732949510242716
-14.257857409819245,419.1749459211552,124.67897419973966,1.1418602326166725,15.865286193079328,0.997817783755156,13,D06_px-1055_py-0118,0.7383358200611441,0.997817783755156,1.549811620829611,2.0425109145692106,2.256917234668754,1.7887696628914904
31.327746153205783,424.9864161214656,128.60981090955156,1.1361053376723884,10.25181222618869,0.8902351797468203,13,D06_px-1055_py-0118,0.734614659662803,0.8902351797468203,1.6772519024182806,2.985621451004304,2.5978863752926835,1.7515617559602243
-57.80657792743122,-434.9831301559495,133.34242287322343,1.1334855745072423,0.7893364896327171,-2.309895548197693,3,D06_px-1055_py-0118,0.7329207001661389,2.309895548197693,3.394135849376955,1.6347534444438239,3.0725327644370375,1.6295009041192254
27.398823557417963,-423.4376297543624,130.56784656142605,1.1286561069913192,10.489602353382736,-2.1131602473348368,4,D06_px-1055_py-0118,0.7297979284319343,2.1131602473348368,2.146727247223091,2.3750726846922188,2.151525684177929,1.4214246401415302
-109.1203165863964,-417.2759993941414,113.8853927915644,1.184934627311866,13.045012741712128,-2.433554351740725,3,D06_px-1055_py-0118,0.7661880629385696,2.433554351740725,2.7183400265442916,1.758695869029387,2.118537133804912,0.9663975777776628
96.55156695021088,-408.39992102326187,126.48574620447329,1.136611760250351,14.967552015434876,-1.945624071782764,4,D06_px-1055_py-0118,0.7349421164904575,1.945624071782764,2.2202826456218334,3.0980413696673015,1.9723886765482528,1.5051004937000159
-83.64722910040192,-395.89557369823433,127.8231085542226,1.118415478484488,23.21485298121649,-2.3859995057806564,3,D06_px-1055_py-0118,0.7231762573809983,2.3859995057806564,2.3809671428411177,1.696763867589619,3.0032919571977477,2.0989288265356487
173.24829609534171,-386.59826864217376,126.86102870285173,1.1390827348831734,12.458888617444927,-1.756473775555892,5,D06_px-1055_py-0118,0.7365398681502158,1.756473775555892,2.6740440836703296,2.6886134666294277,3.023081027063391,1.245232262151053
122.08516957226782,-386.6290516611893,114.35534902545126,1.161394707238283,28.3625396807671,-1.8719163087327004,4,D06_px-1055_py-0118,0.7509669652111586,1.8719163087327004,1.0928711484301283,1.7563379566719326,3.1090479455078466,1.4790488572894014
-190.7792905833456,-366.7337420980092,123.0857358240516,1.1412484463330348,20.09138676870248,-2.6574620065748644,2,D06_px-1055_py-0118,0.7379402342315223,2.6574620065748644,2.2913228731052677,1.6984500865184051,2.6412625996171784,1.8632525433278966
80.63159991863716,-364.0279158991751,123.52133660207178,1.099438595092976,43.6282062401645,-1.959796781028455,4,D06_px-1055_py-0118,0.7109056551121299,1.959796781028455,1.9995099376043042,3.009933382036322,1.3685747946565232,2.561086499634194
140.79823658290795,-358.8201113318453,131.8286736698928,1.0864362802206884,32.53231116785349,-1.8038450283491956,5,D06_px-1055_py-0118,0.7024982559053774,1.8038450283491956,2.874083532372458,1.382851908621873,3.05866959303464,1.7959497882864308
-254.1116968059441,-355.5748998209985,130.7658407602384,1.1393958621537323,2.9142114767644216,-2.7982666954665434,2,D06_px-1055_py-0118,0.7367423387096483,2.7982666954665434,2.421320700554631,2.310145288442995,2.389994273230066,2.065189568076061
214.6809403684178,-323.17879210233235,128.13000189892838,1.1007146241458403,32.77068060853509,-1.5914279579697608,5,D06_px-1055_py-0118,0.7117307455481191,1.5914279579697608,1.54616121329141,2.4874192916259603,1.5972161478649005,2.481712751958697
-284.3228392429742,-313.7260106277516,128.75023967729763,1.133213680485977,11.809317292681271,-2.9140484122314807,1,D06_px-1055_py-0118,0.7327448913504657,2.9140484122314807,2.1437699421931544,2.3921349472017854,3.446676239486343,1.9796946244071696
-299.9955264802415,-310.8334815305512,128.37347072956297,1.1419860995825446,6.897249211914129,-2.945432857467673,1,D06_px-1055_py-0118,0.738417206632645,2.945432857467673,1.5207198103818793,2.2940119254575713,2.960939532147325,2.7031998939805817
-289.69724687793195,-299.7967610345524,127.4791365726234,1.1310809734091771,16.17348086570098,-2.9460431843104296,1,D06_px-1055_py-0118,0.7313658661567336,2.9460431843104296,2.6487131154735626,1.8618592452903158,2.5344930310071065,2.1351853153085547
314.7139246146332,-292.8267430848609,129.66572799586095,1.1363155873133235,7.604977535643002,-1.356367397974355,6,D06_px-1055_py-0118,0.7347506087366241,1.356367397974355,1.512478048920293,1.614322879917652,2.746267650923585,1.4203673612777994
223.82514960593275,-297.35529435359047,122.4997845339974,1.1020646923925186,44.47973871483424,-1.5325364952438614,5,D06_px-1055_py-0118,0.7126037103099845,1.5325364952438614,1.87368577364573,1.3063114431567922,1.7575515752983133,2.3493461387351386
276.3010341175711,-287.37057098799994,127.81371998312198,1.1125613338101208,26.71174874147385,-1.412013444250737,6,D06_px-1055_py-0118,0.7193909213254633,1.412013444250737,2.7557872255549736,2.163988940044317,2.4006617266006756,2.0216902319702954
-339.86091329612486,-266.28909468490383,128.3826691196628,1.1417567787497886,7.029918083544885,-3.0839587953976104,1,D06_px-1055_py-0118,0.7382689259759818,3.0839587953976104,1.5006597452875803,2.3968688114105654,2.0449540687181726,1.7839726250413293
321.9778504031875,-236.8040090206822,130.13455754022928,1.106416598287424,25.07955045277282,-1.2411143050762898,6,D06_px-1055_py-0118,0.7154176869386132,1.2411143050762898,2.454015253459663,0.8980621031074103,2.2766970025170954,2.2516417060365637
-316.99420309365894,-230.6985959042813,130.36343777896505,1.097944654429813,29.3994067826784,-3.1194513004106126,1,D06_px-1055_py-0118,0.7099396613125811,3.1194513004106126,3.1121905461638915,1.4077574244669657,1.832175667592641,1.4169461043807516
352.0333750097748,-220.2061092677775,125.61058842275231,1.135214286910705,17.944845064895503,-1.1659571689681507,6,D06_px-1055_py-0118,0.7340384992221017,1.1659571689681507,1.3041994178226515,1.1317622387706998,2.66879245971254,1.3925103025440728
-344.40151492348394,-200.7548131915057,127.945073482885,1.1121421985990418,26.66034950838849,3.0623710635256094,19,D06_px-1055_py-0118,0.7191199051967386,3.0623710635256094,2.4828176563956883,2.2692622498177393,2.5722718048780058,1.1543646535251204
355.8651380711675,-192.96702739645005,119.823562636833,1.1434801140839657,26.515180712825497,-1.1038513495855249,7,D06_px-1055_py-0118,0.7393832481765931,1.1038513495855249,2.5166712632141257,1.4523512189600924,2.2106991524489414,1.9252482634238373
330.79850330894504,-154.21424203642087,131.67243393388546,1.0641022975557275,44.316189940625975,-1.0432134281461072,7,D06_px-1055_py-0118,0.6880569268047246,1.0432134281461072,2.189026972344646,2.6217313164861364,2.175401464183838,2.236140721350929
398.4990385586327,-148.9571666380945,129.11116839338806,1.1339779091207145,10.45894400143976,-0.9646938265852072,7,D06_px-1055_py-0118,0.7332390476049927,0.9646938265852072,3.375121067851985,2.1180623492774537,2.1362343216301776,2.3108889831261563
-376.4520392742369,-144.0230449385165,118.18323575288692,1.1470296518129317,28.23110318335221,2.9000127096920307,19,D06_px-1055_py-0118,0.7416784072294208,2.9000127096920307,1.819343882018539,1.2585281959514152,2.4581419908532856,2.2940201868718617
432.6667282934143,-102.07658878362427,130.64554646859216,1.1461704802277026,1.472434143903513,-0.8386672250584796,7,D06_px-1055_py-0118,0.7411228601153054,0.8386672250584796,2.1813333473712184,2.082094307079526,3.1442012605948415,1.6609044105130346
366.0874895467936,-80.37883179432251,132.03854361521002,1.0741355827671786,38.5386428279852,-0.8231118376212847,8,D06_px-1055_py-0118,0.6945445280477666,0.8231118376212847,1.8222836342115647,1.9842910139419898,2.161507064311583,1.2062288217942645
-361.2189432268472,-39.11637012633037,129.88072381028908,1.0679856588289922,46.12042883109905,2.6424826997079305,18,D06_px-1055_py-0118,0.6905679387905953,2.6424826997079305,0.7825793878657747,1.8300032399800505,2.752108244018866,2.353142930835293
383.5445924002761,-20.1009349459374,123.88780104677494,1.110150283682734,36.948044064577175,-0.6593399673846102,8,D06_px-1055_py-0118,0.717831917322904,0.6593399673846102,2.622607789136419,1.952372526594007,2.808619239476629,2.090524167223749
-425.964999716806,20.25437001653787,119.10162780046927,1.164972639349364,13.949449147978784,2.4870995325074587,18,D06_px-1055_py-0118,0.7532804842951049,2.4870995325074587,2.2464261299885107,2.084916967653892,3.0244651731552907,2.0974055345552065
-430.52400776854375,55.09453831660293,129.0330420040738,1.141834605302963,5.413732932112225,2.407334025593851,17,D06_px-1055_py-0118,0.7383192492382509,2.407334025593851,2.1424010239503017,0.8104978948478463,2.261524464994562,1.2229645193244196
-347.61797483960345,105.7845547036772,133.5381305925082,1.0562045815602916,44.32391643357232,2.239204458968251,17,D06_px-1055_py-0118,0.6829502014371746,2.239204458968251,1.2628238347285228,2.370354708829617,2.312074899855119,2.6004612997887104
-376.9352051357658,111.59254691028175,123.9880712805272,1.1190269461308575,31.63111964311105,2.246781963459143,17,D06_px-1055_py-0118,0.7235716371772528,2.246781963459143,2.642270661779432,2.135516326550953,1.957350949281177,1.5471577301115254
377.9277546829389,114.62526401033624,119.65179701576002,1.1346270645803596,32.424582848431385,-0.312498513657497,9,D06_px-1055_py-0118,0.7336587966381523,0.312498513657497,2.1854502169692527,2.415015357527394,2.970859174877841,2.553445708627203
-367.79801300557386,126.73335641411286,120.6897050091174,1.1254790912657928,35.45507837024638,2.202780980602548,17,D06_px-1055_py-0118,0.7277436450406314,2.202780980602548,2.677849664439319,0.933578247152431,1.4301781568723781,1.3699912463333925
386.4143572609058,126.21459318575629,130.58746351989134,1.1117814791362384,20.90740345096248,-0.2912738930084654,9,D06_px-1055_py-0118,0.7188866611509497,0.2912738930084654,2.3057963663272667,2.237586857402535,3.153905453599311,2.2286488893191416
344.8615658842265,151.10445443285644,133.3870230624978,1.0717770405351803,36.92078958052991,-0.1940154744846257,9,D06_px-1055_py-0118,0.6930194760639342,0.1940154744846257,2.435909820869589,1.7459550921018017,2.2638037576217744,2.6706586730863013
367.2944638039168,153.58103885472386,133.91226092735832,1.0932540117519438,24.27553999888613,-0.2109324521815489,9,D06_px-1055_py-0118,0.7069066548120903,0.2109324521815489,1.4976056168781124,1.8315926161264233,1.9366359335303582,2.388656945793894
-388.1903329862592,177.04760677031965,128.2551852709637,1.1376230901346769,10.094754123878433,2.1067108307365645,16,D06_px-1055_py-0118,0.7355960503592157,2.1067108307365645,1.8084583952214606,1.6469349737539367,2.3461973132396627,1.7197282187330765
-342.7234778341352,181.39971137410524,120.79018510166534,1.1239018403567365,36.14508516883899,2.047809910467659,16,D06_px-1055_py-0118,0.7267237821799101,2.047809910467659,1.8261465853369927,2.6870013819265615,1.9412912967511557,1.665427505796574
-319.4335187019236,222.7790853143686,127.67568268872682,1.1036605128429913,32.128574234201096,1.9256213045660016,16,D06_px-1055_py-0118,0.7136355803824451,1.9256213045660016,2.2319652750864796,1.8182300606412796,2.5529126450410384,2.112393598039259
-307.6412207006358,251.50576436710784,121.17666835746166,1.132127231700032,30.34439064214672,1.849274498320564,16,D06_px-1055_py-0118,0.7320423850082605,1.849274498320564,2.2339054430050176,2.4090376791598263,2.0048720221631364,2.284469795379468
-263.186662804968,259.7776467009161,128.07404114870042,1.081237823918634,43.2828606081784,1.7557335061011576,15,D06_px-1055_py-0118,0.6991368931157882,1.7557335061011576,2.2879936705623845,1.3751507585417968,2.9698295598977236,2.8919155617428474
347.72998666587506,262.4050861360392,124.5501199790998,1.1564070891852694,6.303228811161716,0.039473811444153,10,D06_px-1055_py-0118,0.7477419320940276,0.039473811444153,1.672856912590293,2.8514085337071986,3.065550245538533,1.8858107979931633
338.0077276519899,278.1381610314322,126.11809882873648,1.1535646069628906,4.4188497279489525,0.0815548746579307,10,D06_px-1055_py-0118,0.7459039607007514,0.0815548746579307,0.8318389652800262,1.2757285928095603,2.053317735039825,2.470292997842727
-257.5307996582666,281.22288454067984,122.8021204648466,1.110797267960815,39.02968218419352,1.7052675463119005,15,D06_px-1055_py-0118,0.7182502624529633,1.7052675463119005,2.852544384535476,1.5330779650485933,2.305184074800245,2.445238549042914
-257.0591070308473,306.0804292126993,122.93342729186614,1.128842935145207,28.218809251443474,1.6623837986631165,15,D06_px-1055_py-0118,0.7299187329877554,1.6623837986631165,2.125228486394398,1.5100361902110702,2.924047763270668,2.607466167922529
239.1158074115255,317.5321590586853,132.51707924265327,1.0968885303158515,25.26988718741672,0.3183701293522449,11,D06_px-1055_py-0118,0.709256763142127,0.3183701293522449,2.705500380435242,2.1019227291486757,2.7535852807324597,1.704075678606311
-276.2481864479835,331.7232418638514,127.96363108101534,1.1429294787103517,7.246435687399355,1.6582207796798154,15,D06_px-1055_py-0118,0.7390272030070364,1.6582207796798154,1.9031689772321303,1.8478759037068075,2.7051940762616558,2.2006997437300737
206.0078465665241,337.4968911487664,128.69615970052214,1.1065567164007577,28.21079926123236,0.415785861316959,11,D06_px-1055_py-0118,0.7155082884143092,0.415785861316959,2.700021352866157,1.0309320697301865,2.079513949102929,2.7747216148272855
-116.97129308291376,346.9951875475912,126.22433030139706,1.0831909607160195,46.22834119177213,1.288951479536958,14,D06_px-1055_py-0118,0.7003998067524989,1.288951479536958,1.5136559072316267,2.6703380160837793,2.5969495056012324,1.8046448313672094
-238.27386758748088,347.5893550025501,118.79020520252864,1.1616091044328596,17.073849194016987,1.5647474536285984,15,D06_px-1055_py-0118,0.7511055961258316,1.5647474536285984,1.8009439983512574,2.2475980809356515,2.4857960718328718,1.772309817018363
-101.62404310507372,351.0651606184153,126.0202566228448,1.0830662228705004,46.727170747498974,1.2455884458326856,14,D06_px-1055_py-0118,0.7003191502791116,1.2455884458326856,2.242963759133799,1.9346553760923189,1.1377523965821925,1.9857567471298105
223.8120570155954,356.1538184354005,129.6521162243474,1.128005459716573,13.045618002457047,0.4027662115841725,11,D06_px-1055_py-0118,0.7293772147793802,0.4027662115841725,2.381839135542029,1.9701117453384875,2.4515002275514206,1.7212337552136876
-181.45159356823376,361.8093526940477,127.37434579033108,1.1199170162403858,23.338073958900736,1.4286729663366509,14,D06_px-1055_py-0118,0.7241471635205465,1.4286729663366509,3.3189121865998508,2.447774631945846,2.3714935175157033,1.4811111987512282
-51.52072943496985,380.44934228280346,132.43821877315253,1.0828838741546707,33.12888326666604,1.0984187038639392,13,D06_px-1055_py-0118,0.7002012421632201,1.0984187038639392,1.8451330386205063,1.776563889743001,2.439568967460574,2.1451849622042287
46.041392306967474,394.18125090013865,127.73052315489394,1.1110306474943137,27.79275805977153,0.8475410688862087,13,D06_px-1055_py-0118,0.7184011674974944,0.8475410688862087,2.5791135397195903,1.3403623842202226,2.7481280259291925,1.7694062479177635
-41.07963793419773,395.8123567774823,131.64729579584923,1.1000072745371714,25.409535282897195,1.0672321819086457,13,D06_px-1055_py-0118,0.7112733677198453,1.0672321819086457,1.808188772547798,2.1827952912825914,1.9128006197778753,2.2062963535664837
-55.29561549461243,409.7335094799088,112.62637949438984,1.17394320520508,24.25670067013368,1.0979613993396824,13,D06_px-1055_py-0118,0.7590809228324158,1.0979613993396824,2.1676280897857545,1.4787206491408624,3.2260589384794516,1.7078854094181422
-55.55295499010308,-421.2970795506292,121.5095564543513,1.1563635034421444,13.884868313609672,-2.3088811988792197,3,D06_px-1055_py-0118,0.747713749209228,2.3088811988792197,1.4126066698354003,2.05582581643859,2.6879590996407234,2.209731981877807
-41.45309798842399,-419.4052933018561,128.85075675136602,1.1311420969270578,12.911974610806,-2.276293689652502,3,D06_px-1055_py-0118,0.7314053891048233,2.276293689652502,1.9792346084692651,1.813451352671804,2.4843208952401876,1.3190419530200828
113.17902540110376,-411.9263576095148,131.44515049131232,1.1286720017056768,8.42891226772764,-1.909636987313713,4,D06_px-1055_py-0118,0.7298082060794296,1.909636987313713,1.9270604238536784,1.7007257652751189,3.1071202896898216,2.3359122368092473
-101.73838795571352,-397.2425307382243,129.91590002670455,1.1172685649218077,19.12660582294604,-2.4284982169181752,3,D06_px-1055_py-0118,0.7224346540379164,2.4284982169181752,2.8584827471617356,1.7964006367099556,2.662467780367235,1.596454768740476
-191.85867321834712,-381.6224916156667,125.11309095007871,1.1474162473577951,11.117208687727556,-2.643616791304588,2,D06_px-1055_py-0118,0.7419283829536779,2.643616791304588,1.9212226271486834,2.210622846949258,2.0902552155418195,1.8479074665492319
112.71730198998966,-345.4238525880651,129.61079236896254,1.068885385596077,46.23972784402724,-1.8623542163561664,4,D06_px-1055_py-0118,0.6911497092047241,1.8623542163561664,2.684759452501458,2.6602910119166845,2.384176360505708,2.5836646468036912
227.2468597033266,-334.41146048080253,127.88505858416389,1.1179147951260753,23.37419245484989,-1.5809119866237986,5,D06_px-1055_py-0118,0.7228525115779086,1.5809119866237986,1.622321945735893,2.471801132679686,1.976172141120331,1.7408661744120228
-285.793234686666,-329.0859455204208,128.6508880729435,1.1445386603382344,4.491790145226162,-2.8928815399339096,1,D06_px-1055_py-0118,0.7400677125220473,2.8928815399339096,2.524916969811006,2.88716479124171,1.6146450266201433,1.625162110620221
-230.26759003083424,-325.14731188060847,128.66272372152295,1.1097035311825971,26.466763873910622,-2.793980448062497,2,D06_px-1055_py-0118,0.717543043637552,2.793980448062497,2.519752042419736,1.950187689634353,2.0168368501469973,1.7091308576406377
-263.3069398079955,-321.7711685270989,131.0526282425525,1.1192799581891153,15.292102841686358,-2.8635791219552176,1,D06_px-1055_py-0118,0.7237352367669251,2.8635791219552176,2.357327445323532,2.4534479391433788,2.337067384823311,2.5227548384261094
177.3101227895423,-315.896158990078,122.56893886043584,1.0908543130006996,50.18672101934243,-1.666304194644761,5,D06_px-1055_py-0118,0.7053549906987517,1.666304194644761,1.628007902536325,1.8411716400463662,2.0032261383580114,1.8190253901648479
245.787810187217,-285.7094476975158,123.65635166378485,1.1033382835903214,41.22916272710268,-1.4673485703053486,6,D06_px-1055_py-0118,0.7134272244096895,1.4673485703053486,1.7489340088270058,1.4876753926772233,1.1978829221685332,1.9734274952696618
295.63312880669764,-233.4250885216909,126.19897470731846,1.0948785496001954,40.19315233724842,-1.2753325308367929,6,D06_px-1055_py-0118,0.7079570937801419,1.2753325308367929,1.8721767545256671,1.9507006473207584,2.411372711212252,2.8080564811582107
-358.0803411963172,-231.4855049909617,129.1730175170863,1.134657553684845,9.86757359147748,3.108497487306324,19,D06_px-1055_py-0118,0.7336785111332543,3.108497487306324,2.0624241082518813,3.5944327660558644,2.501666291463139,2.194280483487388
284.2518765332607,-231.5466275478805,125.56679229390954,1.0858490059402084,46.280753354141154,-1.290549258211008,6,D06_px-1055_py-0118,0.7021185197300617,1.290549258211008,2.6471127789055866,2.052221798281704,2.130676425538097,2.9762199762143293
-386.6029003956739,-185.11858603823188,127.4725588151532,1.141704296193368,9.252846569348549,2.981184949465041,19,D06_px-1055_py-0118,0.7382349903416311,2.981184949465041,2.411918502755622,2.1502966214600674,3.0552806076673003,1.2982567216562315
-327.2846611935979,-162.28889871610534,126.664766046948,1.080762820930685,46.51970180132605,2.994946993092673,19,D06_px-1055_py-0118,0.6988297524425071,2.994946993092673,2.3148570786924365,2.675480913220866,2.4261084278285576,1.8681151374462772
-391.5675092489536,-158.38252865906003,131.63075305578684,1.1237316074052963,11.169031582138018,2.9189784504112843,19,D06_px-1055_py-0118,0.7266137082127004,2.9189784504112843,1.8834726238712796,1.709864986971374,2.697827366249805,2.7864649883251635
-357.7472270523966,-160.21250250957218,130.4617892292451,1.0975648455895894,29.39595770060879,2.9556669741583144,19,D06_px-1055_py-0118,0.7096940739249983,2.9556669741583144,2.4598354648418077,1.9906828909859255,2.810939882839449,1.9984334012656468
-401.31163619397967,-79.38827731447742,129.30314374429528,1.1181921885275554,19.96472474934302,2.729913592726641,18,D06_px-1055_py-0118,0.7230318763361436,2.729913592726641,1.8016022581953604,1.9936179270453516,2.794828316652097,2.6094652032710473
-383.64790168018817,-55.77453724902625,125.80406590418308,1.1077592066410042,33.99350509414279,2.678981201398912,18,D06_px-1055_py-0118,0.7162858280748449,2.678981201398912,3.1437012342743778,2.268791227286598,3.5310029312321447,1.561309254569024
419.1463390893654,-53.39228235172308,130.11683907630527,1.1283594777684105,11.734081720029335,-0.7336805581650867,8,D06_px-1055_py-0118,0.7296061256400561,0.7336805581650867,2.4638632944040957,1.44267517425468,2.551468620371982,2.3782853592762554
392.63065106610645,-41.47338478607944,124.66608366791452,1.1185877522959735,30.336240023002176,-0.712218797802348,8,D06_px-1055_py-0118,0.7232876509843877,0.712218797802348,2.2740313391620477,2.4602692766699636,2.102472693732405,2.3649839767341403
372.9862589060893,-31.2826337672034,130.35136493132083,1.0789353590354194,39.631915633599874,-0.6906544409436062,8,D06_px-1055_py-0118,0.6976481011873623,0.6906544409436062,1.38145156135629,2.575775058530287,1.7038262774955943,2.8825100896920874
400.9105749044185,-19.35588982401205,130.8842335612289,1.1058110574017348,23.75847192792236,-0.6552218903246709,8,D06_px-1055_py-0118,0.7150261394324957,0.6552218903246709,1.4977714781581746,3.217590155948571,1.7252294402426553,2.3312061806988447
-430.1335679773328,-10.407037330239833,128.75916896431366,1.139328301134136,7.758403553628,2.558803299138311,18,D06_px-1055_py-0118,0.7366986532222454,2.558803299138311,2.264721957419436,1.1475551877994337,1.5329417858823726,1.3543459251259324
-386.3463850271902,-11.279674391362802,124.78567015058366,1.1097964848452155,35.12818649051121,2.5638005855570127,18,D06_px-1055_py-0118,0.7176031482079334,2.5638005855570127,1.670455897945304,1.6256784898484178,1.9143042096159593,1.9470485784513323
420.4283360230591,-1.9360544702486164,127.7178280759492,1.1336087679491786,13.990908116228184,-0.6115844564296875,8,D06_px-1055_py-0118,0.7330003580160053,0.6115844564296875,1.9579889084318798,4.065113562161921,2.7752988342428813,2.0130480895620706
440.3590998546857,2.470181800849874,124.6042712620446,1.160219525869438,3.460657773821368,-0.601370119213333,8,D06_px-1055_py-0118,0.7502070836819644,0.601370119213333,2.077152757009126,1.3119125056670566,2.054222025159622,2.640009170630189
-362.6064721694937,17.8692479301205,124.63945515537674,1.0848616190471183,48.770021573780696,2.4853729534905638,18,D06_px-1055_py-0118,0.7014800675880191,2.4853729534905638,2.6780687022914273,1.4162262637751994,2.069826519298937,1.887580319833618
422.32767015507306,56.38172397663643,131.47530216397186,1.127569643123395,9.072170285432437,-0.4742619677895379,9,D06_px-1055_py-0118,0.7290954123376024,0.4742619677895379,1.7497977538952911,1.4944652676608277,2.288657215579592,2.012767690723958
-377.8381656124141,156.2410755624269,113.8984138599487,1.1659061264576989,26.501327258583444,2.142511969766991,16,D06_px-1055_py-0118,0.753884084411793,2.142511969766991,2.3676709848977517,2.095368506589402,2.285330786357183,1.826629170362059
-363.40522375773975,216.2757871337455,127.93462621535024,1.135194163847997,12.44994907302896,1.9977772479446083,16,D06_px-1055_py-0118,0.7340254874912592,1.9977772479446083,2.6267809853298365,2.4713291826803783,2.6849652048728405,2.18921490293862
334.8388683966569,224.807855927802,129.28109047773484,1.1126363667302717,23.35018764712754,-0.0157132540770815,10,D06_px-1055_py-0118,0.7194394382026158,0.0157132540770815,2.8265709313897682,1.4307462050803053,2.4632956305021474,1.5768388494038805
313.10976875262827,234.2874404934828,128.23978042891682,1.103551254536776,30.937617138387168,0.035406892857463,10,D06_px-1055_py-0118,0.7135649331010935,0.035406892857463,2.1055205093738114,1.5204346042257728,2.1345391515977665,2.242434988119797
-286.3196296497992,248.1808541337845,126.37025576271164,1.0967297008259227,38.824646748140935,1.820448281970115,16,D06_px-1055_py-0118,0.7091540627429479,1.820448281970115,2.790942020404673,1.5622536006597447,1.6610013485226696,1.316114831409353
366.53977685355096,256.4588322232489,125.02220989291206,1.164733901679505,0.8720284607991289,0.0035284869756609,10,D06_px-1055_py-0118,0.753126114637401,0.0035284869756609,2.2388081743364374,1.8231256165575347,2.4612043093693385,2.310504032224718
-287.85455781275505,273.2035164772081,120.18241960809344,1.1348041718984645,31.060446114312185,1.775322260225877,15,D06_px-1055_py-0118,0.7337733156249919,1.775322260225877,2.422868740359201,1.66972524529931,2.1888315631887085,1.5298249628824054
-298.7113183704353,300.3804649518163,126.223841261034,1.140976011203993,12.736332781585816,1.746428837251612,15,D06_px-1055_py-0118,0.737764075531299,1.746428837251612,2.437659387239191,2.4780980311634795,2.9263877449693045,2.5932023234324024
-282.9793215859262,319.767350048075,125.53996789012773,1.1460185324000152,11.02272223678483,1.6882565959955969,15,D06_px-1055_py-0118,0.7410246094531336,1.6882565959955969,2.8551174012772096,1.6210138160528638,2.3954812040905127,2.265466480456071
276.33185767399044,334.6966038374516,121.71462020722686,1.163491730304199,8.38916031297805,0.2736485781968336,11,D06_px-1055_py-0118,0.7523229168423946,0.2736485781968336,2.6458732514227328,2.043108787174984,2.032628828505267,1.6813355795739326
67.4255355540655,361.47127695056935,123.5784637819917,1.0936055095325776,46.57719818913069,0.779405268566815,12,D06_px-1055_py-0118,0.7071339360455554,0.779405268566815,2.8024801254343803,2.3820306218768668,2.3990383854882644,1.7325543158363403
-115.82916082015107,363.3279317418151,124.90671235707693,1.1040237365309162,38.07741189898269,1.2724313666331095,14,D06_px-1055_py-0118,0.7138704436799217,1.2724313666331095,2.3220738046567106,2.074342211291266,3.019295020968155,1.6008085957623708
96.38273756227676,363.0481664331355,124.63518177521048,1.0988046654166832,41.516226077808994,0.7043207862109316,12,D06_px-1055_py-0118,0.710495751190409,0.7043207862109316,2.698920453672795,2.6615516017560665,2.5802701280749405,1.7982513516486018
-101.49379341978312,384.664514597926,118.61316328893938,1.140735843257122,31.149216386987177,1.2217878282471046,14,D06_px-1055_py-0118,0.7376087810452137,1.2217878282471046,2.3362423127513035,2.036798468582914,3.155527619297029,1.4698125406342593
-134.64259347227363,385.73428504219095,119.19122516850972,1.1489197345409286,24.55959758373757,1.2996497558115585,14,D06_px-1055_py-0118,0.742900549608231,1.2996497558115585,2.3757324656587144,2.3131810854424675,2.7051790734771837,1.5402549671003318
174.53535921075704,384.9519277049641,114.365625186501,1.176339300605778,18.05463317914229,0.5381430015759944,12,D06_px-1055_py-0118,0.76063025699091,0.5381430015759944,2.728831065682166,2.1678680193445055,2.321397161060605,1.9057121806251343
66.75640101237062,392.8377612630113,123.2238834405492,1.1267293763740251,28.82025348667424,0.7954910101070006,12,D06_px-1055_py-0118,0.7285520892392541,0.7954910101070006,2.294210045190391,3.003691755298476,2.8644701747842447,1.5860712446545175
-9.516952706707729,399.8884606895775,126.63625780902458,1.117553822997606,26.44272502046101,0.9876113213681618,13,D06_px-1055_py-0118,0.7226191041565102,0.9876113213681618,2.489080307651996,2.2571555604389966,2.1589695097489985,1.6390957671371638
-33.78117064687322,416.5192872742481,126.55158458617244,1.134796503392361,15.983647628945164,1.0447431633081623,13,D06_px-1055_py-0118,0.7337683571085459,1.0447431633081623,2.6240765523198752,1.9433468382128782,2.728931508139735,2.0663054323848487
30.012374644838577,415.9572894422483,127.25808679289143,1.1318803388176584,16.183822862970715,0.8917890745182909,13,D06_px-1055_py-0118,0.7318827421259115,0.8917890745182909,1.8592676451550976,1.9605973172848414,2.193480441066037,2.90138269312843
8.300503569471926,-426.5367730666013,127.44362683608271,1.1399999677178196,10.458795746635415,-2.1583180849270853,3,D06_px-1055_py-0118,0.737132958125513,2.1583180849270853,2.3525954539481715,1.2670614649387497,2.7987731715835396,2.281244085150102
-73.11096331613288,-420.8140491111187,121.03555805301394,1.1596747928235005,12.780645220284724,-2.349795776389067,3,D06_px-1055_py-0118,0.749854855003972,2.349795776389067,2.0282978017686837,1.9881324463132963,2.4870190693743193,1.942851715790682
-52.21058464075414,-406.0265357736054,125.95362914608506,1.1286957009506289,21.249014569447525,-2.3056631559505743,3,D06_px-1055_py-0118,0.7298235301978784,2.3056631559505743,2.2289277778688112,1.196416330115979,2.968822550956503,2.7532504112221217
224.53408591416544,-358.8533226973301,122.27140014997336,1.1526270015699849,14.548217281705831,-1.6186742082008307,5,D06_px-1055_py-0118,0.7452976976688228,1.6186742082008307,2.6709588332429828,1.420271250162614,2.2600087793255557,1.9878534349155792
-245.5939679120731,-349.3088183920811,124.460776502026,1.149255834610417,11.462697657838191,-2.7905696331517595,2,D06_px-1055_py-0118,0.7431178745603924,2.7905696331517595,2.164649802580584,2.2513663815451412,1.844957935068217,1.782072057793549
-301.2163125224821,-279.847562338632,126.95740461386048,1.1273045153629533,19.772150615542728,-2.9999326741578964,1,D06_px-1055_py-0118,0.728923978639471,2.9999326741578964,2.855807105000851,2.130371953371449,2.67851874261961,1.9663158002370604
321.11775365654955,-255.4135755744383,123.786608375616,1.1362448860215713,21.616437099466907,-1.278902646790902,6,D06_px-1055_py-0118,0.7347048927245114,1.278902646790902,1.7373009518121774,1.7238828807686468,1.9451122149434061,2.270725327949846
-371.4706820010137,-206.43023898703308,123.6481237618114,1.149922414454453,12.998864907459051,3.0418301849949265,19,D06_px-1055_py-0118,0.7435488903377391,3.0418301849949265,2.2398039261969314,3.1518183829111583,2.7837988467263033,2.077671155798349
315.7293331798241,-194.9084386489045,127.32281970820009,1.0850646002100774,42.9196755379308,-1.1600425979393665,6,D06_px-1055_py-0118,0.7016113168067322,1.1600425979393665,1.7662545824594467,2.0684932087943633,2.2775539622906598,1.7184919419973554
382.7209243235905,-163.4497863699904,124.94822505709884,1.1380853379298954,17.67524193162717,-1.01060474668059,7,D06_px-1055_py-0118,0.7358949434244133,1.01060474668059,2.0116957824859645,2.382866242570201,1.8477620901133582,2.5027313832042744
409.354581678176,-146.44522706293526,122.89330376952704,1.1605916618152907,7.483855941094987,-0.9505388533914678,7,D06_px-1055_py-0118,0.7504477097156128,0.9505388533914678,2.64934916543346,1.3244062560007253,1.942305612018162,2.7452578818053635
-349.4661526183561,-142.9372565690719,125.78342310384504,1.0971792475501914,39.86847892381672,2.9228676896344146,19,D06_px-1055_py-0118,0.7094447431956318,2.9228676896344146,2.333623506659647,0.7760675742007686,2.359073863753397,1.901389889093402
-337.4555300902109,-140.025599813271,125.30053100125758,1.0852932075610169,47.135116929864296,2.92793665345579,19,D06_px-1055_py-0118,0.7017591361204332,2.92793665345579,0.8416968060242234,2.660535292748246,3.417188532485556,2.70605777842754
387.7663163191255,-134.23465588810856,130.92049275975717,1.1144972172758112,18.52198479692277,-0.9402419202409306,7,D06_px-1055_py-0118,0.7206426788220073,0.9402419202409306,2.808109521321268,2.328576584411988,1.8880056069766988,2.4142184463847416
-416.0631141578389,-32.15568799199848,126.71278793943104,1.1337738039381364,16.25895637546023,2.611745394985004,18,D06_px-1055_py-0118,0.7331070715863409,2.611745394985004,2.832948854413563,1.6480203987495705,3.0686314881859005,1.4965814670077229
-414.548766866627,-12.794949078243882,128.12468714609966,1.1271306914341206,17.161033171696204,2.565468088542545,18,D06_px-1055_py-0118,0.7288115827179957,2.565468088542545,2.641628195742373,1.2141867579932986,2.8168250592630115,1.7359110573050993
-339.13945419403063,70.0331911274878,128.13711931801984,1.0532818284333878,56.63537017599299,2.330972917917955,17,D06_px-1055_py-0118,0.6810603262447934,2.330972917917955,2.2805127634168727,2.763166492920522,2.6846758651587392,3.178866058851508
-385.3835612933769,127.05225935917208,116.51393165417514,1.1548325526457073,27.29424963009609,2.2161564874296915,17,D06_px-1055_py-0118,0.7467238243660006,2.2161564874296915,2.677942906856096,1.7908921067462416,2.048760310328932,2.8575545577558765
429.670088250137,138.37608187968,126.11915035621088,1.164836001052893,3.724968151862697,-0.2954163661404324,9,D06_px-1055_py-0118,0.7531921328964005,0.2954163661404324,2.427329705340314,1.7858588202291608,2.3238367782349227,1.8065841538921972
-392.65548216533927,145.0499555185109,117.74831433608271,1.1623670151846577,19.17434086976607,2.1807542879415784,17,D06_px-1055_py-0118,0.7515956671874884,2.1807542879415784,2.631538762350841,1.033560277704931,2.5955083123489913,1.883324823132742
419.2093461092902,158.11095717468288,122.94996866344728,1.171312324816508,0.4691676120314696,-0.2463124154094326,9,D06_px-1055_py-0118,0.7573797748515217,0.2463124154094326,2.0380763764197187,2.0295734007130903,3.498864452045366,2.4621216885506647
354.973893690106,158.89578934202535,130.5793899501691,1.094001248105727,31.11632592406454,-0.1861010034946604,9,D06_px-1055_py-0118,0.7073898237239156,0.1861010034946604,2.104673288757545,2.4572719752248178,1.1302673941111627,1.3783342814324184
-357.1169955948162,175.7675353496603,126.9238654639724,1.114707792407496,27.468630302424344,2.0772372454895303,16,D06_px-1055_py-0118,0.7207788383607108,2.0772372454895303,1.4152415846569084,2.404669477441579,2.746509591701269,1.6793579608802691
-357.4391782834941,246.9419805676964,122.22421139504384,1.162319906047241,7.938314490049947,1.9300448262278376,16,D06_px-1055_py-0118,0.7515652060481882,1.9300448262278376,1.9385217220014803,1.8664766826779082,2.212096965806216,2.841648506749522
-344.1316631258435,266.6726581947231,112.3277215215993,1.1929328330932123,11.179522665382876,1.8753563950519605,16,D06_px-1055_py-0118,0.7713597657931786,1.8753563950519605,2.601755486531108,1.6712035762035247,3.604977497474425,2.06926123408238
319.6212570123456,269.61817494746094,126.72899680474988,1.1345035651783413,15.752100211620473,0.0937610772254068,10,D06_px-1055_py-0118,0.733578940952087,0.0937610772254068,1.4367532455721053,2.0379486868332846,2.3987870119450663,1.435873074644362
-239.5236030333413,281.70015885449925,125.01681517509904,1.0911589066309912,44.72662271460479,1.668472550484923,15,D06_px-1055_py-0118,0.7055519433391738,1.668472550484923,2.4808498194858135,1.5027112364503223,1.4500011877695338,2.171841305690995
-188.528836420682,320.7887480276001,118.49749399933536,1.115221127993176,46.31849994996037,1.4951460699369732,15,D06_px-1055_py-0118,0.7211107651936044,1.4951460699369732,2.75595567589009,2.4810033812261185,1.7470327785415558,1.7513465857760702
260.9042750321289,324.3152979754548,121.2449611140376,1.149491810538633,19.16610023933185,0.2863517859650596,11,D06_px-1055_py-0118,0.7432704584541976,0.2863517859650596,1.7305687129399079,2.802498759666251,1.9067921019421643,2.4739895882727785
299.04996495571504,328.03319966123473,121.70987076125412,1.1716125538967814,2.4965086854219862,0.2246048867279541,11,D06_px-1055_py-0118,0.7575739053395254,0.2246048867279541,1.562184048373911,1.6591042543232668,2.7923401240625845,1.151791369824406
-176.29530915044515,346.8248061602302,117.02376670086905,1.1373919906248595,36.99119680922735,1.4340920967898634,14,D06_px-1055_py-0118,0.7354466195959551,1.4340920967898634,3.037814845232412,1.9288577904010387,2.6027502834119454,1.8258182033709525
162.55712114788645,349.9407985652853,123.55730714991222,1.1130519385074782,36.05555605152034,0.5289476968945598,12,D06_px-1055_py-0118,0.7197081501869319,0.5289476968945598,1.7761893743759294,1.15087527256818,1.9548118887308523,2.557147343114848
-49.65493209569768,371.5406304501833,126.07041123637704,1.0933044019381493,41.31124351370107,1.09667555427704,13,D06_px-1055_py-0118,0.7069392375033796,1.09667555427704,1.757035264354873,3.091816460379351,1.6936293170466312,1.6619870131390932
-154.1256961323363,387.8170349464358,116.7902834474452,1.1642345502889435,20.31151575564286,1.3420958328190076,14,D06_px-1055_py-0118,0.7528032300952149,1.3420958328190076,1.9869624741570622,1.8582354507419399,1.457399878508936,2.3269372362875704
-54.909826092555946,397.32563078150406,129.5816165032072,1.1095342398738588,24.500702375235,1.1011454809221193,13,D06_px-1055_py-0118,0.7174335785439301,1.1011454809221193,2.532504082847803,0.8658402341902971,1.9297562014336616,1.9942451300779633
127.72532539515588,415.49091504061954,129.1792209910317,1.1419678098685233,4.9717953294833706,0.6655773959344357,12,D06_px-1055_py-0118,0.7384053803595032,0.6655773959344357,2.412599019714239,1.973895521029045,2.5618813187594824,1.6909057149147964
-55.55999700085373,420.8531365587385,135.87204074617603,1.1132324424881723,8.076794500122674,1.095075297876948,13,D06_px-1055_py-0118,0.719824865482555,1.095075297876948,2.132274141796807,2.153464881520271,2.303676878370778,1.7331030707681587
31.69910703922124,-429.3816993394535,116.26433330453544,1.1770500197776397,12.5965512545622,-2.104084533234664,4,D06_px-1055_py-0118,0.761089813605284,2.104084533234664,2.7278279078924266,2.004832107795773,2.512589409942441,1.082592861770944
52.97156879753,-428.8452105372393,120.68679970922838,1.164957842261113,9.944602977499926,-2.054876961952686,4,D06_px-1055_py-0118,0.7532709163812953,2.054876961952686,1.9978527029614193,2.188172238699514,2.423117683974956,1.3756653191545314
107.03580551646915,-412.4731064908401,112.83920854985462,1.183944005012342,16.553987991911868,-1.9238783906249688,4,D06_px-1055_py-0118,0.7655475187572438,1.9238783906249688,2.357835465988652,3.1420610821501587,1.5770180529569204,1.1562101369894746
-132.44700227717186,-403.2500760471457,128.713468105924,1.1342721248765968,11.207149876334029,-2.495123907264661,2,D06_px-1055_py-0118,0.7334292898300822,2.495123907264661,2.5229848489694917,2.037791864370594,2.2764402340842436,1.3233215850703364
74.28646927135998,-399.2886841592478,119.52742871024606,1.1456408183620783,25.85404708170273,-1.993831912025196,4,D06_px-1055_py-0118,0.7407803765812089,1.993831912025196,1.9063324097471206,2.6518549554063893,2.655643818636244,2.18173024910994
-167.6737541449052,-386.3247330470072,118.3257237414254,1.1627997557601315,17.422292903035384,-2.5872640349689955,2,D06_px-1055_py-0118,0.751875480651991,2.5872640349689955,2.195338949484927,2.4626233158030564,2.5832093850471187,2.4071045190502804
-44.60867791173253,-384.56946062737626,129.0034002754657,1.0970895649828096,32.85828166972016,-2.2932561811325383,3,D06_px-1055_py-0118,0.7093867537411946,2.2932561811325383,2.1512192502389738,1.8958467219646629,1.6530106612466433,2.6415282170937253
75.53767379982874,-382.0828166631954,121.99511931335364,1.1217431080957587,34.62219267554747,-1.982593061740546,4,D06_px-1055_py-0118,0.725327928897106,1.982593061740546,3.1233939893154985,1.5466259642871598,2.400550405967292,2.220688396165484
154.3926858289851,-367.2442494471055,119.84969343680812,1.1373189342565788,30.30725070558111,-1.7798004826707563,5,D06_px-1055_py-0118,0.7353993807728099,1.7798004826707563,2.0626449724752463,1.8979844195740558,2.116257206644205,1.105529509156347
48.7699216793747,-370.0443326291382,116.57037137037445,1.1228806312381017,46.48282001598693,-2.046736281690109,4,D06_px-1055_py-0118,0.7260634603204358,2.046736281690109,2.856340166235286,2.2959271604504137,3.144773015344412,2.1579316842885454
-266.345763330118,-347.1028692402473,124.680533346117,1.1576133137112152,5.127572953466938,-2.832282241703908,1,D06_px-1055_py-0118,0.7485218863731089,2.832282241703908,2.7348949378823426,1.213697716095129,2.165965557625561,1.1701265093478408
167.59154570431352,-333.76339478848126,128.5132661667136,1.0839186395535505,40.96581901735624,-1.7124282567137112,5,D06_px-1055_py-0118,0.7008703296202744,1.7124282567137112,2.165188053836922,3.310294195785696,2.688618179548598,2.0299734208950744
199.6836282862945,-331.3199460610455,126.65117881975412,1.1042016968685746,34.10144230849261,-1.6353798565839797,5,D06_px-1055_py-0118,0.7139855142359233,1.6353798565839797,2.9318662852528705,1.8586915256969383,2.3377157086087688,2.565067995919756
265.0496427637612,-324.5342503126513,116.77068281738929,1.1657649590139867,19.307392011064792,-1.4929299573213486,5,D06_px-1055_py-0118,0.7537928044308094,1.4929299573213486,2.110522674299547,2.3260060284909887,1.6190974368824909,1.8029558310653762
-267.4230782760306,-308.14451415130713,127.96835335267257,1.121222738445336,21.18049549853333,-2.892541666965756,1,D06_px-1055_py-0118,0.7249914537825471,2.892541666965756,1.98158392306728,2.1092102342114485,1.5762663509396457,1.6626850677133285
-327.3854625797559,-280.70505603851745,123.44655925303572,1.1559635482998298,9.352927207274943,-3.0397893167237786,1,D06_px-1055_py-0118,0.7474551350640346,3.0397893167237786,2.6902158866010355,2.560330570169657,0.8402120152034906,2.531215253065274
309.00973375787737,-261.89731869740046,127.43769836027474,1.1200168592168744,23.132363543576503,-1.3100422147067392,6,D06_px-1055_py-0118,0.7242117227755389,1.3100422147067392,2.3136461942070445,1.8607563836795928,2.157164698320627,2.175863365990007
-311.5751738331363,-256.20889644261456,123.4022319609004,1.1309135217829849,25.853978029647635,-3.0603796084074246,1,D06_px-1055_py-0118,0.7312575906163359,3.0603796084074246,1.8539919487124763,2.5653610990138747,2.826144898138965,1.7028418732653074
250.4687026747064,-241.0982753516753,128.7850323236091,1.0527965595144344,55.54740621428988,-1.3733176423787814,6,D06_px-1055_py-0118,0.6807465475396671,1.3733176423787814,1.5986771052583553,2.7359081768640583,2.8778258318344,2.1273823938032437
-285.56863070112587,-245.50592786695103,124.3282556509441,1.1008435551443971,41.09413980403946,-3.038468469886752,1,D06_px-1055_py-0118,0.7118141133472872,3.038468469886752,2.280090928785912,2.088085007576033,2.239549854998325,2.140245613148542
336.5426622249926,-231.69446637903604,125.21155612901202,1.1302387437510342,22.02598569396264,-1.2099150524721594,6,D06_px-1055_py-0118,0.730821273826112,1.2099150524721594,3.4896013771590293,2.375596923534703,2.545626285781027,2.355686462714024
-401.9745503331688,-171.5427531241174,130.16232433326817,1.1411544558159663,3.1632533618908383,2.9379653401010044,19,D06_px-1055_py-0118,0.7378794592228869,2.9379653401010044,1.59015093289243,2.5463333812794735,1.345334397072558,1.8295959227234464
369.4056192091095,-151.33452167305387,127.5429581478003,1.1139478038840014,26.5108313820661,-0.9957945021017518,7,D06_px-1055_py-0118,0.7202874237955099,0.9957945021017518,2.1678550373244487,1.7308615045642135,3.019944732302333,0.9808726925390467
-386.9956158257854,-117.05875325836526,122.50404318463468,1.1345983470469103,25.69109687003169,2.8283443458419466,19,D06_px-1055_py-0118,0.7336402276548356,2.8283443458419466,2.0622964937569614,2.2533643550065388,1.8068811110746406,2.3480286277326186
-391.44420315657175,-106.01203936015614,126.75107302572786,1.1225955251250377,23.14911818245281,2.7990917484127813,18,D06_px-1055_py-0118,0.725879108462143,2.7990917484127813,2.71127069868487,1.8393842061688395,1.9331653260211448,1.6491569615704897
394.00188667966296,-101.61433390360484,126.85118683869864,1.1235831724093424,22.31544908351418,-0.8593825259299217,7,D06_px-1055_py-0118,0.7265177289751958,0.8593825259299217,1.4703201478650016,1.634860610754029,1.3491985060983844,2.49156431756869
372.30440878899327,-87.36679002533509,128.6949929563013,1.0930592968248196,35.732667727848934,-0.8374739394625931,7,D06_px-1055_py-0118,0.7067807506065755,0.8374739394625931,2.421876877241517,2.6262940534733046,1.5571466114297332,1.5080222260965537
396.3816070696857,-84.37075362585242,124.64893328956438,1.1288218967041326,24.22081978384324,-0.8167020201652928,8,D06_px-1055_py-0118,0.7299051293660513,0.8167020201652928,1.8060802642332612,2.259845870504157,2.554018570404799,2.247789402374157
420.9816560979274,-83.01314328857005,104.59816490628066,1.212000820887123,17.76791311216698,-0.8016711896269777,8,D06_px-1055_py-0118,0.7836892768862049,0.8016711896269777,2.3625498042997792,1.6130431540098253,2.623523469710979,2.810987449299629
416.8150308788362,-76.4395980436504,123.55255828037149,1.149147824417838,13.755089542747442,-0.7883538732480226,8,D06_px-1055_py-0118,0.7430480343191483,0.7883538732480226,2.516820723725516,1.9456081495034674,1.90206558888935,2.4009344983349514
-392.4398010034852,-67.42642902040555,123.09382700225842,1.1268668983468215,29.040133068068428,2.7047652449136703,18,D06_px-1055_py-0118,0.7286410120300306,2.7047652449136703,1.6576518644191145,3.4242303293289043,2.8945369269953405,3.047263441827541
-359.27470728244697,-62.50240186255557,125.58445278064698,1.0835848915140442,47.39482535938055,2.706857547947,18,D06_px-1055_py-0118,0.7006545255092248,2.706857547947,2.1385355508792547,3.077088945751898,2.833771438505419,1.6368991788698573
391.6919532665793,-55.57278785187446,128.57119304827518,1.1071597799325386,28.143601244644685,-0.7479176882835956,8,D06_px-1055_py-0118,0.7158982340438772,0.7479176882835956,2.0392555900784215,2.109738762558841,1.8055192901387371,1.7040308967740838
-394.08254549739246,-22.23575076669136,119.8078101438144,1.1339153730293032,32.487568445083866,2.590977451599098,18,D06_px-1055_py-0118,0.7331986112757322,2.590977451599098,1.2847699649999396,0.5965052823174426,2.8649126700641685,1.3351590130723305
411.21424863808494,10.146650651806532,125.5727399254332,1.131715628366405,20.25336729100195,-0.5823096859316123,8,D06_px-1055_py-0118,0.7317762390508196,0.5823096859316123,1.2757991192398095,2.11450064800421,1.4555342055566658,2.773133067851637
-413.5695099639189,30.5964581637615,125.4436691963996,1.1352316275671988,18.32936820364381,2.4607662366770926,17,D06_px-1055_py-0118,0.7340497118271712,2.4607662366770926,2.1561142430901525,1.2221068257590586,3.6729549518356848,2.4151597023268945
407.46895030080935,57.35106155964856,117.64026027055756,1.1564288947705277,23.45051400372336,-0.4671485485710102,9,D06_px-1055_py-0118,0.7477560317572033,0.4671485485710102,1.7493420369407404,1.370679207492992,1.7674825571407689,1.6726584214321063
-401.59536263141456,82.56927644132439,115.744688927586,1.1610593554107482,25.09679701617995,2.3318357571198463,17,D06_px-1055_py-0118,0.7507501240781378,2.3318357571198463,1.2206101844047301,1.8978023868701241,3.4377020995694307,1.1456620076612594
366.70878205189376,102.15500825747792,124.4903627995444,1.1046556929533011,38.65519304481802,-0.3352949731368694,9,D06_px-1055_py-0118,0.7142790716801238,0.3352949731368694,2.470937563196082,1.5996971580969497,1.6490682272012778,2.0197394294267697
-402.3581616652843,121.41159234169209,120.9911514219107,1.153863436202362,16.869318745638054,2.2415515581298924,17,D06_px-1055_py-0118,0.7460971860406669,2.2415515581298924,2.273268330322906,2.141081488435626,2.707544910590136,0.8840844416046405
-346.0921293494252,130.09911665058578,127.04156197616852,1.0845197093807697,43.80266751111293,2.175045833178141,17,D06_px-1055_py-0118,0.7012589861047698,2.175045833178141,1.3117515494190848,2.2104685882394115,2.7532768051020566,2.530391206487378
365.9984026027326,135.25499764690292,131.10423618424292,1.0937015447032037,30.1383457882796,-0.2529947915877329,9,D06_px-1055_py-0118,0.7071960331432855,0.2529947915877329,2.3199529823797853,3.111780809270151,1.7925945064320552,1.9024681271045853
-375.3205916050257,141.88047790309304,118.9425109179396,1.1429189196705651,28.99433200349921,2.173193244663618,17,D06_px-1055_py-0118,0.7390203754487441,2.173193244663618,2.9844753513795728,0.9480618501940428,2.966478519200648,2.2442273184650023
-352.1345551737135,149.62101285147136,119.69433617667973,1.1222240924014537,39.64664701441552,2.132829486713194,16,D06_px-1055_py-0118,0.7256389371375523,2.132829486713194,2.480060276755232,2.1511089495228943,3.070201959496455,1.7013448728199954
409.0081392193301,182.00722143341207,128.05791751456417,1.156224885215024,2.277274095962582,-0.1882942385900192,9,D06_px-1055_py-0118,0.747624117571771,0.1882942385900192,2.3962076256647444,2.1407301919954937,2.6697092725996017,1.8153818286284555
-332.5020426711469,192.18966079953464,122.19160118963732,1.115595377361568,37.71007966199198,2.0105193397179706,16,D06_px-1055_py-0118,0.7213527577829127,2.0105193397179706,2.369305753840624,1.8451704225347758,2.5693454427079625,0.48991666930583366
314.00093574971345,213.2892457421761,124.95558855857078,1.1020108544981275,39.07300332291953,-0.0103069512644674,10,D06_px-1055_py-0118,0.712568898303427,0.0103069512644674,2.52275985064876,1.755965373600191,2.391661576596826,1.9249225350123682
323.31537596958134,222.89841782009813,125.45354747100332,1.1139894992592143,31.22328652012203,-0.0033930858136963,10,D06_px-1055_py-0118,0.7203143843535286,0.0033930858136963,2.565439953709838,2.005264856694915,2.3064085733746906,1.099428984120626
372.7282079659653,230.40584589946843,123.30246837547534,1.1622489176478117,5.27465242415974,-0.0533136521582685,10,D06_px-1055_py-0118,0.7515193043899903,0.0533136521582685,1.7277119017601659,1.86329711132189,2.5521402942680864,2.211847890973888
-318.498830743365,279.8511074532091,113.95303026261324,1.178712384800643,17.427340034024326,1.8137158627990104,15,D06_px-1055_py-0118,0.762164711922469,1.8137158627990104,1.9464867917820998,1.175786399460784,1.5941437441533233,2.7530920946875233
-298.86153121113546,284.4547405013105,114.705896172557,1.1666313026485662,23.957817978190576,1.773908016178055,15,D06_px-1055_py-0118,0.7543529890485241,1.773908016178055,2.499843445737778,1.6666421868322188,3.4295584965807184,2.36385647524284
262.71065726758445,288.52000960197233,129.07317112691734,1.100057554217482,31.056428390673148,0.2252057908821256,11,D06_px-1055_py-0118,0.7113058789571527,0.2252057908821256,2.73495005148137,2.2979933582505367,2.720269961629069,1.6572816082009818
232.00592374782784,293.6528821058125,123.42216876808077,1.1012702199152706,42.86584895637861,0.2951609848492761,11,D06_px-1055_py-0118,0.7120899981486802,0.2951609848492761,1.868225487909386,1.962602875050929,3.895439727527968,2.7739590757073778
-307.1914145760465,306.8843648886657,128.72639407275017,1.142892403137644,5.433365940713429,1.7497149775288698,15,D06_px-1055_py-0118,0.7390032296497048,1.7497149775288698,3.159610601606796,1.8452538277343167,1.9162291119437913,2.273745410486307
252.7918507734973,311.2735306039226,118.13168907775544,1.145261110009105,29.47793395196544,0.2817284196697243,11,D06_px-1055_py-0118,0.7405348541694736,0.2817284196697243,1.720187154615381,2.2595117398334255,1.543378262047191,1.4600673977354743
156.7042401160754,317.8264700135292,125.92037040542768,1.0704991361730478,53.13824083329087,0.5057448835234802,12,D06_px-1055_py-0118,0.6921931730382017,0.5057448835234802,1.8793971897389334,1.2876412795370655,2.3474177234082934,2.919545465584819
-68.25146924841805,353.15592059332084,128.4205943505249,1.0685076428838045,48.89721813382624,1.1547247834716878,13,D06_px-1055_py-0118,0.690905457791748,1.1547247834716878,3.122353172001011,1.8179580619006774,2.8864458816455265,2.9243495480232315
-193.12575718959408,353.842060462526,123.25707595654586,1.131105952438931,26.076451599140057,1.4634270212432674,14,D06_px-1055_py-0118,0.7313820177941152,1.4634270212432674,1.8007959131630547,1.3086374111913694,2.6072142179518174,1.3492525465944447
-165.30395129830003,360.2975806908095,118.59919100657224,1.1394236721769948,31.99391249902789,1.3939633317589697,14,D06_px-1055_py-0118,0.7367603208897303,1.3939633317589697,1.8881713405914393,1.8770190493956922,2.4438860000178515,1.782763874394083
-207.04920692426728,364.2642229209336,121.5795459802712,1.1509291265640818,17.39105099854413,1.4806798056242747,14,D06_px-1055_py-0118,0.744199838317007,1.4806798056242747,2.4941130103302047,1.772963483363691,2.2237950627133416,1.1467091212588096
102.55088027505856,371.4236330939548,129.54551528579725,1.0934573378160737,33.665975045252026,0.6944261714113146,12,D06_px-1055_py-0118,0.7070381270466167,0.6944261714113146,2.6095007181979377,1.9737617619210015,1.9746047184357567,1.805930762113479
-192.596172461826,372.5273237931572,124.27847657415823,1.143031835166684,16.060563345251353,1.4409707655252713,14,D06_px-1055_py-0118,0.7390933874978927,1.4409707655252713,2.7073443938376798,1.6222120105435685,2.865116874514587,1.8965381293728965
-3.604860717364667,380.97938052852544,128.88701975581634,1.090926746792919,36.46430832593933,0.973278601360476,13,D06_px-1055_py-0118,0.7054018269593122,0.973278601360476,2.174283243246476,2.442122806376428,2.555269212300739,2.0095077248961326
27.430202097401047,391.1726189479178,128.70693092965,1.103190443544023,30.10468502528755,0.893808382590329,13,D06_px-1055_py-0118,0.7133316298713182,0.893808382590329,2.2984632758589485,0.9678687498469105,2.245398163231669,3.099785584739096
64.87879858862898,407.8932987724791,124.25307128052717,1.1373240579888568,19.82046940620387,0.8060799001434119,12,D06_px-1055_py-0118,0.735402693818457,0.8060799001434119,3.0580643742843128,2.091677364730308,2.3645540601247452,3.0268686861053844
-97.34093289016938,414.3831052295447,129.40584390681906,1.1333141500982264,10.19657446675876,1.1945393417484187,14,D06_px-1055_py-0118,0.7328098557930766,1.1945393417484187,2.399117739847237,1.706074654435949,2.576620040596784,2.6554894805874882
55.318346611228,417.1864414278464,123.14513342741986,1.1477903759967782,15.658161635754084,0.8319872114799406,13,D06_px-1055_py-0118,0.7421702974783995,0.8319872114799406,2.1538294958574378,1.6233054850863622,2.0112620179943477,1.852999191968598
8.630591609086283,-416.628706341841,125.90371508317456,1.1356883978724224,16.94580435256603,-2.1570635138855447,3,D06_px-1055_py-0118,0.7343450631041957,2.1570635138855447,2.4278017617118035,1.7696264718071417,1.9600771375572354,1.9451468392617017
-130.64810898911952,-415.7643320860403,122.5597751789065,1.1624619690407858,6.992205314528405,-2.4822414704741624,2,D06_px-1055_py-0118,0.7516570650987473,2.4822414704741624,2.3334114486781266,2.409126239991344,2.7689038056358646,1.8986672490873153
-178.3076660578357,-407.8638855709552,126.92584905830496,1.1573996127609525,0.3103764255413352,-2.5899130112341804,2,D06_px-1055_py-0118,0.748383705655493,2.5899130112341804,2.3807789294222337,1.998526492961316,3.246187042936405,2.011856533837082
-121.5301000597896,-405.2647973957706,109.45519074398,1.1920134141840342,19.650996951324714,-2.469120956259676,3,D06_px-1055_py-0118,0.7707652622848707,2.469120956259676,1.9366340530312058,2.655943871998441,3.5462206873356923,1.9166514654207671
-106.2162588826354,-403.7460642543408,124.18117472880304,1.1416256961614168,17.21523333101942,-2.4350238136550764,3,D06_px-1055_py-0118,0.7381841669418928,2.4350238136550764,2.225175130137006,2.1505546397777797,2.141292757809076,1.6914936462218955
105.95879925669858,-388.8481701038278,109.06427464091728,1.1762936515809936,31.880323648028764,-1.9117409310636009,4,D06_px-1055_py-0118,0.7606007399719383,1.9117409310636009,2.6412082284643557,2.230381639792894,3.5738614958309425,1.7642625854500302
-29.41453474470432,-390.3402450419539,127.3021606276062,1.1068912481474107,31.13410059441173,-2.252989846343626,3,D06_px-1055_py-0118,0.7157245992765726,2.252989846343626,2.2483887440886585,2.6941990876138555,3.245083901895267,2.308084504284137
-98.27081004834808,-384.02952905028286,125.6734963817417,1.117000784398616,28.966865038365995,-2.428293973468444,3,D06_px-1055_py-0118,0.7222615050424969,2.428293973468444,2.115833135173708,2.453194790255811,2.7357829215359803,2.5484197926465093
133.86405893575844,-371.53826164140605,122.608810043322,1.125195612534753,31.168701328181555,-1.8319575259915768,4,D06_px-1055_py-0118,0.7275603454603732,1.8319575259915768,2.3083843902874683,2.812860686482274,3.5768937890885804,2.039395166549375
-308.2057492534006,-318.9557101344135,127.0920750464456,1.1555893444678074,0.5755057554389964,-2.9460350411174017,1,D06_px-1055_py-0118,0.7472131719189015,2.9460350411174017,2.611775179385847,1.3341182833055738,3.364681259597219,1.5942256998789668
225.3058140925049,-317.648862080234,122.56384647432564,1.1198831552803632,34.397148815982234,-1.5608408011300223,5,D06_px-1055_py-0118,0.7241252687570964,1.5608408011300223,1.8434026300514716,1.4416533315587938,2.320960449126914,1.978720071866413
-253.73401396353256,-308.0974934575325,121.02661242557808,1.134305023992357,29.36813113414206,-2.866713139884659,1,D06_px-1055_py-0118,0.7334505626574567,2.866713139884659,4.081098906783112,3.400007179528952,2.1382132142023624,2.16325649842297
233.70325767704213,-308.9077988387235,123.1187137846458,1.1159905314134522,35.375015241364565,-1.5300978427123135,5,D06_px-1055_py-0118,0.7216082675052189,1.5300978427123135,1.6069714775145825,2.0922521788919055,1.8065087649036626,2.381136919920657
-277.93080435539576,-258.47640319343213,122.61623320189072,1.109539503232521,40.14756572586344,-2.999426103895524,1,D06_px-1055_py-0118,0.7174369818730969,2.999426103895524,2.4444402496607847,1.5424631185569333,2.6085912909823583,2.0816728317442883
283.9480102733028,-250.17144762608032,119.97470593438872,1.117006624490963,41.96324461356022,-1.3292239466918296,6,D06_px-1055_py-0118,0.7222652812922069,1.3292239466918296,1.2486511558544628,1.515611840137776,2.9755759272510205,1.6812913983100017
-310.4190776180717,-213.5992473660785,125.04139325667704,1.0987616516214171,40.64595985117336,3.1373075186037376,19,D06_px-1055_py-0118,0.7104679381315998,3.1373075186037376,1.851682913230623,2.7678492802096013,1.5743134773736234,1.5947872701450512
-329.42044872319894,-185.29873079741333,122.71280246332287,1.1075527963047274,41.02776622311296,3.0470019557349235,19,D06_px-1055_py-0118,0.7161523615256554,3.0470019557349235,1.660445729187709,3.072726321437905,3.1749669766738533,2.0755293905170697
-315.42977789958786,-185.5650990956587,115.70003150393,1.1180995200847412,51.12154555940151,3.066379985836753,19,D06_px-1055_py-0118,0.7229719561911341,3.066379985836753,2.3520490298558463,2.1297262621000486,2.365544272104421,2.657439126514167
396.6541833675407,-169.93608473092226,123.9227757873299,1.1547762115301674,8.997891248906399,-1.0117465741624314,7,D06_px-1055_py-0118,0.746687393756932,1.0117465741624314,1.6767199841161935,1.9200846427355032,1.745774661781462,1.8302391498598776
388.27620095011855,-142.8205511366944,123.1291021615444,1.1414092098579969,19.88345331020264,-0.9594514835881744,7,D06_px-1055_py-0118,0.738044185192987,0.9594514835881744,2.601800561273353,2.5471594095995576,3.0731712290826136,3.3223835436290767
-411.7678862247996,-110.91601888091768,117.3780905614617,1.170232051122626,14.626582312846663,2.7977333751211724,18,D06_px-1055_py-0118,0.7566812613724815,2.7977333751211724,2.209375341023621,2.160008031050019,2.0152612565103585,1.6471896465173694
-369.6464000296784,-55.819052263790354,126.7835807796636,1.089896043850625,41.563176056820566,2.6844873899560544,18,D06_px-1055_py-0118,0.7047353663186836,2.6844873899560544,1.2772302537117814,3.680752119057958,2.556718946843078,2.4358988163932205
-426.7437464912267,-37.92555684318288,126.33886983797174,1.144887635517252,9.848562401961146,2.623252215963663,18,D06_px-1055_py-0118,0.7402933626214385,2.623252215963663,2.575469366764982,1.2533250354899856,2.081800241087609,2.2725689038572083
-363.5883315361482,-19.780272974401388,127.37060247482307,1.077095707831076,46.86593663434411,2.5889624817828625,18,D06_px-1055_py-0118,0.696458568228961,2.5889624817828625,1.9055597719576498,2.0972657390327707,2.7391057659374694,2.5952551188487707
438.1056518864135,19.435399721504783,120.10028482715322,1.1720362352402474,6.327112028984232,-0.5626462416154017,8,D06_px-1055_py-0118,0.7578478610332584,0.5626462416154017,3.2622001163590806,2.437719332538703,2.384339402848204,1.5664378656351
409.82394990149066,84.78923057043184,117.54900808515558,1.162908354746735,19.305430075569063,-0.4029660717296727,9,D06_px-1055_py-0118,0.7519457016120885,0.4029660717296727,2.778100628280231,1.7019714952357832,3.0011253443973693,2.4900227071696723
-392.87241166165313,114.60538160790362,108.85842911097262,1.1823619229872944,28.22124254071213,2.2507777389954517,17,D06_px-1055_py-0118,0.7645245320588712,2.2507777389954517,2.5949404983394997,2.1333520900705114,2.765016681419418,2.550430744001805
-404.8154714463791,135.3434867041663,119.80215965218012,1.1631782166672748,13.436544137143985,2.2119624359114147,17,D06_px-1055_py-0118,0.7521201964554273,2.2119624359114147,1.3579110024258962,1.2076876780933155,2.761466285454173,2.680021653597432
-337.3265989828556,162.34383392719914,125.41568585162,1.094899446560589,41.89171489189204,2.086064694873435,16,D06_px-1055_py-0118,0.7079706059193236,2.086064694873435,1.7921482303114067,1.9094776778212805,2.077121032815123,1.471227915558222
391.19160469338095,182.4614148841684,114.0971850509052,1.1845643298227275,12.758347149445685,-0.1705511108458663,9,D06_px-1055_py-0118,0.7659486256655129,0.1705511108458663,1.766122782987978,2.0752587742505293,3.1007573327188904,1.5736918873329842
-324.4370347447044,239.1698821058125,122.29790461386052,1.13406019570251,26.512755380278406,1.8993646535727315,16,D06_px-1055_py-0118,0.7332922547568967,1.8993646535727315,2.647447381375543,1.7619161317940457,1.8892657053632402,1.7697833565145058
286.78292758677867,264.6516925736952,128.61434672329744,1.1015276489006818,31.246195709518474,0.138306235315776,10,D06_px-1055_py-0118,0.7122564537582389,0.138306235315776,2.093281569535417,2.1873252370817466,1.9137549063469281,1.2698613842664308
-272.0096725701254,271.9472925192888,118.35119021876092,1.1286707541551109,39.032981835538806,1.7493296366410984,15,D06_px-1055_py-0118,0.7298073994034076,1.7493296366410984,1.8833757399592632,2.3097603757281773,2.7330912894798036,2.1818632146563397
306.20532052440467,290.3539223590916,127.72524902815267,1.134993813792474,13.076395685254056,0.1518535093708198,10,D06_px-1055_py-0118,0.7338959395673379,0.1518535093708198,2.671075514518524,2.13267209949155,3.4530723237525303,2.196463344188323
188.24438326036767,316.80757356819623,128.79621441943954,1.0774502714793728,43.67840163618564,0.4276791600436901,11,D06_px-1055_py-0118,0.6966878318766048,0.4276791600436901,2.3048751545241846,2.3754892929119347,2.395770831539967,1.1635653698642248
-189.08532556103088,340.2389790445879,112.98977196079927,1.1507922460478506,38.54801472989072,1.4710582871885909,14,D06_px-1055_py-0118,0.7441113302970978,1.4710582871885909,2.225273783691325,1.9239712116760876,2.9638140775349546,2.56003372547966
-79.19257961649927,355.20469834512875,120.53630846001434,1.0995331720063952,50.15249601664709,1.1831783375442244,14,D06_px-1055_py-0118,0.7109668092892644,1.1831783375442244,1.592883917401402,1.6475969844615554,2.531045401895504,1.9297614058239279
49.49465105905347,358.98064828535325,128.24158554635875,1.0722267167418034,47.45130322738112,0.8268050785785906,13,D06_px-1055_py-0118,0.6933102402409284,0.8268050785785906,2.041134649663503,1.9185644480825728,2.2522704235095414,2.9499444361092158
149.7707943784436,363.6294427081928,117.14270653273346,1.1410909669518456,34.45840619294779,0.5731132925903882,12,D06_px-1055_py-0118,0.7378384068232882,0.5731132925903882,1.4771063317952264,2.222315448566593,2.594134752771599,1.80755416937534
-33.17505254405703,372.72666851357945,125.27156642615827,1.0951946452174246,42.04958004470734,1.052589248479273,13,D06_px-1055_py-0118,0.7081614836959111,1.052589248479273,1.7127636871576917,2.243453774911928,3.146063605381136,1.8505258571427907
91.34483386760552,378.3546763370184,121.77738916984508,1.122187335860842,34.8648811807754,0.7269234713897489,12,D06_px-1055_py-0118,0.7256151700688868,0.7269234713897489,2.06059118968206,1.5044358633941415,2.194048472399227,1.660150732517136
-58.03055564152627,384.6276317792997,123.65044248935028,1.1159460864257698,34.19016295109839,1.113562026678145,13,D06_px-1055_py-0118,0.7215795290261207,1.113562026678145,2.3869759861212647,2.3935253177522418,1.8983882562104089,2.7465991360186006
-85.54986981868174,390.2581910701292,114.8104675671532,1.1545283320725122,31.70552808605953,1.1796167997817215,14,D06_px-1055_py-0118,0.7465271129472354,1.1796167997817215,2.7444240004564513,1.989236956925608,3.437546388189949,2.3195005767678962
189.8103283712738,395.82212053289066,125.90781576368629,1.155233965125209,3.7627538614905234,0.5166752911810116,12,D06_px-1055_py-0118,0.7469833808368976,0.5166752911810116,2.659046486337648,2.386996024266107,3.8066901827453794,2.51964228074876
-120.77296724367844,409.3150350260696,125.07860609108658,1.1471900975715748,11.353845192683425,1.2507364031675756,14,D06_px-1055_py-0118,0.7417821527206807,1.2507364031675756,1.8302861129327996,2.241465279153922,3.0230039065303016,2.3936731546215073
68.03754740019014,-420.90330728380536,122.43418270855533,1.1547992850140971,12.665580701259556,-2.017515606193974,4,D06_px-1055_py-0118,0.7467023132533751,2.017515606193974,2.3748892961866357,2.4232606293038,2.33471713765226,2.8098935430729375
-170.54187194650962,-399.8461507761992,124.74945103552398,1.155026686342668,6.777173269649268,-2.580932179434986,2,D06_px-1055_py-0118,0.7468493527435135,2.580932179434986,2.0033890882612786,2.8134762067946655,2.2098188745092178,1.9350077335940115
-188.4427887129584,-394.04743535450496,123.92997604243196,1.159219027718511,5.86185846407426,-2.6238510870205074,2,D06_px-1055_py-0118,0.7495601536973361,2.6238510870205074,0.9702843540854975,2.452786256822125,3.277389478957856,2.036191461802156
-31.845714868927907,-375.47506820474655,122.04078349584805,1.108543481972862,41.9887670214477,-2.2623878204285264,3,D06_px-1055_py-0118,0.7167929466816239,2.2623878204285264,1.8918275230573887,1.6275312644596,1.7369970988355075,1.4130119330830688
-236.19534834519,-370.06660787597264,122.6925642981349,1.1647373075133345,5.023422390493124,-2.7458472210980776,2,D06_px-1055_py-0118,0.7531283168763805,2.7458472210980776,2.925263799653405,2.0154538799172306,2.0281746753813823,2.2241130998526324
-176.23936777445533,-364.88445851349536,124.228083423818,1.1300859791011482,24.42656190391409,-2.6277315975434745,2,D06_px-1055_py-0118,0.7307224950002732,2.6277315975434745,2.6115123642936684,1.9448367774432693,2.8998524198145836,2.3018890334375457
-206.21263114000607,-361.1506820902183,126.39232401442754,1.1334311061918636,17.23501191025906,-2.6965896311476056,2,D06_px-1055_py-0118,0.7328854805244054,2.6965896311476056,2.5269357724219734,2.559700747285177,1.7584145342004582,1.6847586801479584
-217.5526136469341,-361.0812516849251,125.86119878195656,1.1402113986256466,14.109457748382797,-2.72003392286876,2,D06_px-1055_py-0118,0.7372696710158104,2.72003392286876,2.0033265077429956,2.31742202264432,2.2366678576212458,1.3964280182782791
-156.5097428153222,-358.184444502006,124.6009758622842,1.114850727261965,32.66020112399707,-2.589727028655173,2,D06_px-1055_py-0118,0.7208712611634104,2.589727028655173,1.8774306487391468,1.8352514062491418,2.6205154838412357,1.3010690019208728
181.80846374472165,-350.1360151751543,116.82525657760677,1.1433249690997505,33.84595842126964,-1.6988463530658318,5,D06_px-1055_py-0118,0.7392829302078286,1.6988463530658318,2.438323866098825,2.401130501686322,3.364594835229322,1.7648481907789524
163.730238106965,-345.76857383288484,125.3565989214686,1.1038733991208178,37.16075798439982,-1.7355312661091036,5,D06_px-1055_py-0118,0.7137732343264472,1.7355312661091036,1.925132214909453,1.862845454947471,2.2762676202535594,1.551204673036049
126.518316711403,-339.8248048835024,124.25576455519716,1.0856404079601176,49.19861731937789,-1.8213704254442065,4,D06_px-1055_py-0118,0.7019836386331515,1.8213704254442065,2.220808108122319,2.2621695951596292,2.099194697875861,2.0140971422183203
208.67176097914933,-322.48519105235346,112.55641234183574,1.1472624791962638,41.77375537487586,-1.6034603780388728,5,D06_px-1055_py-0118,0.7418289552493051,1.6034603780388728,1.1482475077922982,2.0006052303883255,1.8933963279149353,2.293686407737331
246.90441009942035,-313.3687006280005,125.7040185227334,1.1194241880886298,27.464550808774675,-1.510454251907876,5,D06_px-1055_py-0118,0.7238284969559512,1.510454251907876,2.215962335227667,1.3833194226978553,1.671576575153171,1.541983456272804
-331.201008174656,-291.69848665425195,126.21303102287824,1.1563203268697828,2.2349351054596696,-3.026506378233392,1,D06_px-1055_py-0118,0.7476858308974667,3.026506378233392,1.4228142503506103,2.4138095250490004,2.944489318624954,1.6757833192316567
268.7284280191079,-261.4271017629871,115.48891368766078,1.1282362942669346,45.970183237438505,-1.3786065200078683,6,D06_px-1055_py-0118,0.7295264742177697,1.3786065200078683,3.5310574652848867,2.055237744090161,2.439400686224429,2.112563230454254
296.5994695048611,-243.51323726834244,117.13699279234226,1.1317670439211265,40.066993636115,-1.2944050482004763,6,D06_px-1055_py-0118,0.7318094847534676,1.2944050482004763,1.981198319658206,2.5970973833997224,1.853088078884823,1.90877726364696
-377.1627788716116,-194.59366669535004,117.16618543246064,1.1691569725271735,15.930755018151046,3.0109318945974897,19,D06_px-1055_py-0118,0.7559861070850039,3.0109318945974897,2.756562833076784,1.8246989032203151,2.5359769952589555,2.0830951703021334
-346.7828475019059,-182.4560342179186,127.60027978532828,1.106369612706316,30.764805036418977,3.018952721448538,19,D06_px-1055_py-0118,0.7153873056917955,3.018952721448538,2.5500397254159326,2.4205571870807407,1.9924658832067883,3.4412827735925764
373.78290115273154,-184.3505366976064,125.5758205682764,1.1367335475786045,17.05216125621712,-1.0651741004980315,7,D06_px-1055_py-0118,0.7350208651361416,1.0651741004980315,1.5259276088902447,2.3888155007739806,2.130623534509153,2.1648160695153043
-356.0298870936976,-170.222956820362,130.79103548634373,1.099270281717,27.71413301910973,2.9805993252608425,19,D06_px-1055_py-0118,0.7107968223575346,2.9805993252608425,2.204371461239151,2.693881218755924,1.4283760991002206,1.8473561445243503
373.75352371041066,-140.38887154763222,126.5686558316754,1.1170235300688631,26.91142901070725,-0.966292651649069,7,D06_px-1055_py-0118,0.7222762125720307,0.966292651649069,2.792508247125884,1.08609642866342,1.8739299487535779,1.849310554927817
-387.4231839186596,-132.43011109146647,116.65736185389936,1.1576759364925773,25.067740411035857,2.8639847164674146,19,D06_px-1055_py-0118,0.7485623787567743,2.8639847164674146,2.7030680073814586,1.6224895891825246,2.7668586654196696,1.5955809748884662
408.8534421187109,-129.94630285540745,107.04945772283908,1.2042547590832733,16.947522995697454,-0.9147137239522722,7,D06_px-1055_py-0118,0.7786806123134107,0.9147137239522722,2.30244771223833,1.599735576961784,1.8308698799767977,1.4160908684697922
422.6412619866542,-125.38567764903948,124.54328918995851,1.1607989176948112,3.1975345578685506,-0.8953799976236088,7,D06_px-1055_py-0118,0.7505817229997234,0.8953799976236088,1.9357549459876782,2.313106294018896,2.4075284060043347,2.7481934317056025
374.6547785600167,-119.08660287272832,119.63191963531968,1.132936548244769,33.49454789643613,-0.9147372287573978,7,D06_px-1055_py-0118,0.7325656954605198,0.9147372287573978,2.4555858975431173,1.7527003986135303,2.1537840153455967,1.6559847675749935
-358.2439465094102,-114.52298516417244,124.92608033030088,1.0983773476252814,41.10620244726658,2.8440246501161104,19,D06_px-1055_py-0118,0.710219444140799,2.8440246501161104,1.9339227520231828,3.5244110897974115,2.688619930968958,1.590577434873051
-349.3521347447044,-102.88151789418755,125.2986046138605,1.0839771520400712,47.80707763368355,2.8210093635011004,19,D06_px-1055_py-0118,0.7009081642549214,2.8210093635011004,2.5085578606937977,1.7768828539132207,1.5598878843717516,1.782376014256612
374.7853605066923,-53.06883577128255,121.1681574071566,1.1131889965238713,41.38547540769662,-0.7476423527270573,8,D06_px-1055_py-0118,0.7197967729798438,0.7476423527270573,3.0243492525743734,2.258769741705832,2.4079017955104733,1.5117676971367644
420.7959074502877,-45.18107278674663,108.98725437411622,1.1935800880009757,19.7513103510899,-0.7139402719610171,8,D06_px-1055_py-0118,0.7717782859145221,0.7139402719610171,2.903732968451287,2.0587518506395375,2.3872039561385265,2.282362383852343
444.9079060473236,-42.88264267741519,123.5516750939951,1.16870331731379,0.0662575484042804,-0.7030681425454841,8,D06_px-1055_py-0118,0.7556927700508986,0.7030681425454841,2.806588773966361,1.4310834088455993,2.196876230183542,3.3332004633943866
-383.297260576717,-31.30337779910038,114.84596879769568,1.1401248040438892,40.551271240718,2.616100945283588,18,D06_px-1055_py-0118,0.7372136782771999,2.616100945283588,2.89774152657407,2.378802333377126,2.722611371015332,2.1738103954549697
415.1830810897536,-7.556744524866784,122.27808477580382,1.145428332954247,19.324239151952327,-0.6251785157963256,8,D06_px-1055_py-0118,0.740642981842903,0.6251785157963256,1.6838294631103636,1.8176046303312836,2.7597358598893083,2.319109640959501
-384.2660948312042,34.09094203784828,125.3888436005766,1.1071109014862694,35.28711560709553,2.446127766050375,17,D06_px-1055_py-0118,0.7158666288555376,2.446127766050375,2.969248943997971,1.3531734149441244,2.2319875211246307,3.4551343964880283
394.59993868892735,45.04785449202463,112.70759771993552,1.1591522164417254,33.95703265834851,-0.4933108056702278,9,D06_px-1055_py-0118,0.7495169529995398,0.4933108056702278,2.1135156588277066,1.2762750374675869,2.017000115568502,1.5943857833381083
-378.2652703877988,54.36526938630593,123.9404364126265,1.1079831539705085,38.04126869235375,2.3918680189050066,17,D06_px-1055_py-0118,0.7164306341819822,2.3918680189050066,1.986319268095838,1.439138700898301,2.3774386208783516,3.0173593744875857
-417.9774822387377,65.40109212967886,121.8043401747197,1.153829629384491,14.884194071184368,2.3794012670290168,17,D06_px-1055_py-0118,0.7460753262859583,2.3794012670290168,1.9052492045064735,2.3300186890550094,1.8872708032438177,2.2443294458630025
-424.6763934087895,79.08140743656443,121.14363759224062,1.1634781853096092,9.840141897882404,2.3505061521663206,17,D06_px-1055_py-0118,0.7523141585422083,2.3505061521663206,2.1655122827674957,2.9595307403801487,2.284234087790605,1.7957711164002683
-417.7123934170812,94.4057728981036,124.88778577017744,1.149062277812671,10.550775015728448,2.3123407554676536,17,D06_px-1055_py-0118,0.7429927192104554,2.3123407554676536,1.5042574010788259,2.1440820732110266,3.2383322437786646,2.009579012934407
-333.84420992603515,144.21358850757838,123.13026617172868,1.090568801664061,49.11718776313285,2.126846331531268,16,D06_px-1055_py-0118,0.7051703768197038,2.126846331531268,2.318103849346971,1.9268843379985006,1.9353352716102052,1.3638966381095505
382.4774092132641,171.1299398991575,122.17762177673264,1.1491172141554742,17.134985583859475,-0.1862690725117108,9,D06_px-1055_py-0118,0.743028241482408,0.1862690725117108,2.316593241622881,2.687783701592732,2.877245744485443,2.060610844211884
368.4314013652836,178.8075525465727,118.07947173881,1.1532901251703214,24.43630324333259,-0.1551438081615855,10,D06_px-1055_py-0118,0.7457264786117709,0.1551438081615855,2.2743718444373915,2.452687958102988,2.8442837549846023,1.2693302451607527
391.2430966147618,203.2981420446505,121.65287528386328,1.169364374809949,4.301683517203173,-0.1277585913150099,10,D06_px-1055_py-0118,0.7561202150346122,0.1277585913150099,1.772935697902993,0.8997469918147587,2.9037053304068743,2.150807376443897
377.2380153463704,215.30315532985608,122.83661408562732,1.1604181632863526,7.748841529782339,-0.0883559867713679,10,D06_px-1055_py-0118,0.7503355242002723,0.0883559867713679,1.7928148541317002,1.5645159721341233,3.5546491421434974,1.4492992607254727
358.4614800154433,220.6403359803512,124.51513155112984,1.1437106216062722,15.04247247606827,-0.055226103295079,10,D06_px-1055_py-0118,0.7395322961560664,0.055226103295079,0.7865292601514025,2.257690909121682,2.03648211517783,1.8255963644376867
-338.952758465896,241.4850912120519,119.1171325509038,1.1560099435145377,20.06379816146034,1.915583757575436,16,D06_px-1055_py-0118,0.747485134575288,1.915583757575436,2.144907708838924,1.8359242081625209,2.2231111383216122,2.4346967859470965
297.1373085732681,254.81647657585845,123.2444460885149,1.1197161072734605,32.93291418094117,0.1018937669361619,10,D06_px-1055_py-0118,0.7240172542001103,0.1018937669361619,2.687126562564222,1.4702259912404894,2.5967299180420387,1.9183187671128181
291.14475379284505,279.2925902237816,124.11194885223082,1.1287563749565264,25.51643534698104,0.1576442930334376,10,D06_px-1055_py-0118,0.7298627624879792,0.1576442930334376,0.9795737094579773,2.3980587105966746,2.3792795852641895,2.2226327166053936
256.7647893487074,279.9824814982559,118.795355629619,1.1223917347502426,41.62411271643356,0.2216479663432483,11,D06_px-1055_py-0118,0.7257473360006832,0.2216479663432483,3.242256495007477,2.1369522448238487,3.0389658201478373,2.251330424160012
293.56474293439567,319.95572402410727,120.45615890634122,1.1674222029059906,8.76789843967373,0.2214077787477997,11,D06_px-1055_py-0118,0.7548643913843546,0.2214077787477997,1.6827998168140172,3.2739691295351987,2.21493988198761,2.258605964226403
145.51549376709718,335.9347080368551,110.15779684219008,1.1372502451010025,53.42051162394756,0.5550498538723762,12,D06_px-1055_py-0118,0.7353549658237968,0.5550498538723762,2.146211057675221,1.4767154764550177,2.729001202215972,2.1054248851260144
-129.11164745986244,358.36970609248647,125.5495556410676,1.101506684481269,38.034674413159,1.3096158071573485,14,D06_px-1055_py-0118,0.7122428979995243,1.3096158071573485,2.710722074812037,2.110373718220862,2.2690611092455413,2.125387055678173
-32.578954343520515,388.0448584293902,116.61502513342644,1.1390661942772549,36.95580452493607,1.0475770331920478,13,D06_px-1055_py-0118,0.7365291728641498,1.0475770331920478,2.89724424770257,2.010272130435996,2.518947614103047,1.538533356536034
146.9019414860757,397.45059687517335,109.31634042991354,1.1929641414934773,19.31850042134721,0.6097794563452988,12,D06_px-1055_py-0118,0.7713800100513848,0.6097794563452988,2.216456612097888,2.9191139830923385,2.4154577146805,2.4436217709729013
97.09766037724692,400.2159786063427,122.68640991608744,1.141044749779642,21.181180727872743,0.7258024507499322,12,D06_px-1055_py-0118,0.7378085224357204,0.7258024507499322,3.215130200471131,1.912287219400727,2.4952181730031535,1.044511340885047
-109.29259079717905,-432.5379348291905,125.71439805452836,1.161732225881329,0.4193123272938237,-2.4252729010782983,3,D06_px-1055_py-0118,0.7511852074241553,2.4252729010782983,2.1714534042030667,2.308531789903236,3.1559490639017276,1.429182990321479
-45.42817320979907,-431.3910383750013,121.87420165500706,1.1628030000863412,8.476600329729536,-2.282695418578122,3,D06_px-1055_py-0118,0.7518775784588715,2.282695418578122,1.9551991359368766,2.5432988025568926,2.054150301294,1.6055106699782309
-78.36643450218206,-409.90734424827,124.8341774513706,1.1394989278531815,17.033067074361497,-2.366677264515516,3,D06_px-1055_py-0118,0.73680898180269,2.366677264515516,1.5628294529891074,1.4178357168726046,2.0006507183263635,2.5506785586871636
4.528993697175302,-401.6076290236187,123.4691375075126,1.1290217033934662,26.857178179322773,-2.166499176130887,3,D06_px-1055_py-0118,0.730034325945115,2.166499176130887,1.8290723172418435,2.0127742899407597,1.91070485018464,2.116747424029216
128.54210315089796,-400.7466246759385,121.6221444412341,1.1524464668253778,16.268642261821583,-1.8673867931032144,4,D06_px-1055_py-0118,0.7451809624810113,1.8673867931032144,1.882453723221564,2.560760005430606,1.960985451052058,2.1721027143350575
86.16173192196224,-394.5636512275209,125.18993794719388,1.125802468334352,24.810440174762903,-1.9627787361446245,4,D06_px-1055_py-0118,0.7279527432001814,1.9627787361446245,2.3464764238447273,1.3556384335237623,2.365750649836774,2.3832848530745694
20.266047779567508,-396.7039140106924,120.6840259730838,1.133553659161742,30.637445305860467,-2.1267341507122968,4,D06_px-1055_py-0118,0.7329647242399947,2.1267341507122968,1.4637162249972229,1.5105054998681104,2.9767077247147693,1.6189583331491793
-206.73266661283617,-387.1355794326491,122.6395364819924,1.1647762912345556,5.129518343305676,-2.6682566292362493,2,D06_px-1055_py-0118,0.7531535240575701,2.6682566292362493,3.142715972532147,2.125017194902438,3.285227466838301,2.218221875868897
-62.378568856680566,-376.5284304637093,115.54917621193243,1.1349015402971394,41.97444154274041,-2.34195233323175,3,D06_px-1055_py-0118,0.7338362747984793,2.34195233323175,1.3424325037185092,1.923155544412259,3.2282929612275644,2.095027857131922
168.73167546825644,-369.1350730121175,117.7018259557428,1.1511476674480785,26.76225066238908,-1.7490332054985815,5,D06_px-1055_py-0118,0.7443411485738962,1.7490332054985815,2.0415138799483454,1.5413075297324448,2.4700759700413197,2.3024893590320072
-257.77928356394006,-354.7691874519376,119.5992491823448,1.173527154920277,6.523331225104073,-2.806139368496844,2,D06_px-1055_py-0118,0.758811901441319,2.806139368496844,1.4856554205278363,2.3002703487408227,2.590452700867109,1.8694813844408897
-284.33805405800905,-345.00136682122616,122.7096449572081,1.1712428553863676,0.2006262011443027,-2.867078865134934,1,D06_px-1055_py-0118,0.7573348553708299,2.867078865134934,2.504675953171837,3.0679154744019166,2.903216026447076,1.0913726682258227
242.49692358862907,-340.7904049312246,123.9245296138605,1.143110921823022,16.86195145480457,-1.559325572520855,5,D06_px-1055_py-0118,0.7391445255527922,1.559325572520855,2.085352806727195,2.2294204588975193,2.3916466415793365,1.7649484546165266
-204.9393010998445,-335.8807627540006,122.88916162320628,1.1228710423008652,31.898391484586853,-2.7256287743339094,2,D06_px-1055_py-0118,0.7260572600380932,2.7256287743339094,2.2471076188037546,2.6435241657328366,3.2421975860588392,2.49556169400078
188.57051896851377,-336.54235376527583,116.8757717320296,1.1346328590077777,38.99207677621678,-1.6670459833298592,5,D06_px-1055_py-0118,0.7336625433605595,1.6670459833298592,2.290100717549264,1.8925106488432357,2.5171099731125253,2.7204730520295928
275.0643697704696,-311.53124076613426,116.32133059461547,1.1641831660890871,21.532476561295823,-1.4544647629638123,6,D06_px-1055_py-0118,0.7527700046668695,1.4544647629638123,2.2460772818941077,1.4025544098605076,2.476225330762394,2.3512651409407335
355.5268213945748,-242.1002231680625,122.44355896124397,1.1580096834111075,10.422777915445238,-1.204813656620352,6,D06_px-1055_py-0118,0.748778182142992,1.204813656620352,2.542551252432344,2.360151507777104,2.7082407578292047,2.4408220181700737
-382.0072665742782,-222.79559202068032,125.46289068197194,1.1592513506622597,2.0068779573094844,3.062605573120213,19,D06_px-1055_py-0118,0.7495810539673498,3.062605573120213,2.9422577990348153,2.805669810839987,2.793242307248893,2.454897103737404
361.63985607808047,-211.21954669165584,115.0993713860124,1.170779478704988,20.088255903486925,-1.135596340312175,7,D06_px-1055_py-0118,0.757035232358949,1.135596340312175,2.7210908114528682,2.015768676787326,2.7821280843459175,1.5153317275329274
-342.7696325100675,-161.89215979362882,124.3530386920728,1.103413187287592,39.642137325632405,2.975861115858033,19,D06_px-1055_py-0118,0.71347565773031,2.975861115858033,1.9165417920752987,2.2114813065318577,2.052273294812446,2.282697808655487
-397.5898831189578,-151.87598318947616,118.46725730131902,1.1661964603480914,14.698971908227977,2.8994992531861503,19,D06_px-1055_py-0118,0.7540718165920821,2.8994992531861503,1.3907636835279205,2.215770198247047,2.644882439056728,2.2301366876034012
-363.6395843150943,-144.29886938129926,123.3509485662729,1.1191641980021023,33.01059555586181,2.9123737142178667,19,D06_px-1055_py-0118,0.7236603853182387,2.9123737142178667,2.011077727609141,1.9076335597862828,2.2900215854926187,1.7100589619803004
347.2246008384809,-120.61295566801827,124.1071358157551,1.0917175758925948,46.40872519653345,-0.9413031418656383,7,D06_px-1055_py-0118,0.7059131832839819,0.9413031418656383,1.7830792117114929,0.5491148072199847,2.557417554877272,1.9975569418629884
-425.0980422940655,-113.03962660498892,123.1348773200161,1.1641346370512329,4.339920911875026,2.7945129172408456,18,D06_px-1055_py-0118,0.752738625408763,2.7945129172408456,2.1642705487730747,2.0829406244154143,1.826701760578422,2.284357436528885
374.2307437056589,-39.14372806367912,121.32067822160867,1.110319470205312,42.62991710519231,-0.7111983999509487,8,D06_px-1055_py-0118,0.7179413146609694,0.7111983999509487,2.507304371102416,2.0239289555651006,2.537863788039531,1.9520904324668515
-369.6004851579274,4.988773487158456,122.77394298458071,1.0983876265928632,45.83031448441557,2.5211161953345878,18,D06_px-1055_py-0118,0.7102260906021977,2.5211161953345878,2.1970567335822713,1.678673289302509,2.8016066142094123,2.488874490773081
-398.7446042330177,31.710367892293856,122.92197315460596,1.129166857391926,28.048692541034256,2.4552546266646478,17,D06_px-1055_py-0118,0.7301281836637977,2.4552546266646478,2.8760254254425504,2.491491765668154,2.666892746701026,1.6761451589254344
441.38414640347264,39.588491105036624,121.86841780237872,1.170554120390396,2.87319262590728,-0.5175271963914441,8,D06_px-1055_py-0118,0.7568895138977406,0.5175271963914441,2.1430115860036247,1.4756656636588523,3.533980819324755,2.516655464393129
-384.8005319517628,87.28789543576025,113.89539217257575,1.1528760686336796,35.017002300200375,2.3115486683203925,17,D06_px-1055_py-0118,0.7454587463939386,2.3115486683203925,2.9036302773512523,2.449070881097632,3.1887216302371435,1.6596542017053282
-401.6478140312872,95.77408194367229,123.7370106130498,1.1388051912530297,20.10301046765608,2.3005315037777003,17,D06_px-1055_py-0118,0.7363604062529437,2.3005315037777003,2.0461465546963,2.2337093734830518,1.7053942870133485,2.4690864779542276
363.7486563319203,123.68561731434792,122.8399788136665,1.1136589248245796,37.3357877782239,-0.2792137354690274,9,D06_px-1055_py-0118,0.7201006323203852,0.2792137354690274,1.4863124127603702,2.262448070295557,2.674292748961284,2.4576815578973417
-352.12248505526327,163.43250943500502,116.23755368218347,1.1391170517904172,37.82722271362974,2.1000665744200187,16,D06_px-1055_py-0118,0.7365620577327304,2.1000665744200187,3.1499050685811327,1.9638965666212163,3.168950541867158,1.5558305516485842
-398.894016386173,167.57296849890105,120.29699856634431,1.166597199729832,9.764570494426096,2.136905258850233,16,D06_px-1055_py-0118,0.7543309378326651,2.136905258850233,2.344757252335052,1.668622097104636,2.729078064550097,1.8789790976718432
-381.5338183671418,184.1192033493358,116.4946643570459,1.1705722717887497,16.65190038768901,2.0850013270326846,16,D06_px-1055_py-0118,0.7569012507348822,2.0850013270326846,3.1386102326269905,2.195232377326722,1.9094552462266465,2.6036006426296305
322.74587555647435,198.0348113943328,122.57059710622195,1.1087543660450527,40.68437183462868,-0.0566246331735459,10,D06_px-1055_py-0118,0.7169293059836919,0.0566246331735459,2.0548000332273118,2.8139076020114873,1.8350082803722219,1.762572563431899
-347.98636375661744,211.72120726348592,121.3163590637554,1.141143314751601,24.406839951313657,1.9880268127227576,16,D06_px-1055_py-0118,0.7378722553229178,1.9880268127227576,2.208993750213142,1.0760098151102477,2.306352745407173,1.6420200715805486
257.3488331722949,292.18201219360185,121.71462089478626,1.1225210306523468,34.81490090542553,0.2417210632046809,11,D06_px-1055_py-0118,0.7258309397493591,0.2417210632046809,1.5218166201936254,2.387655811751455,2.5473386637725306,1.8834410613334351
178.2796201324364,327.57842194200015,121.35990051855146,1.1066493739792578,44.54561098794875,0.46541051217274,11,D06_px-1055_py-0118,0.7155682015343677,0.46541051217274,2.1711878778306257,2.499420729293414,1.961539894969423,2.0336201450528817
-184.5180445602902,358.3215317191378,113.59618153236138,1.1616531109129749,30.099651956324067,1.4393535683514402,14,D06_px-1055_py-0118,0.7511340510624831,1.4393535683514402,0.841474202954752,2.39858067152809,3.08458429338255,1.8157458179358428
166.65574955132448,366.212448892816,116.9102584044742,1.150416409299906,29.174492761593,0.5367468562359964,12,D06_px-1055_py-0118,0.7438683112956681,0.5367468562359964,2.253496994697721,1.9093673175127854,1.8158257317455386,1.915153118171979
-208.63299440240604,380.57036376840415,116.93204031068204,1.177853159982229,10.265685260578948,1.4652857280717324,14,D06_px-1055_py-0118,0.761609130387357,1.4652857280717324,2.524915134580314,1.6706276332528223,3.5094665987504143,2.102058203642648
120.834151954182,393.5953069849888,117.4752394531124,1.1571611652306797,23.373717292130152,0.6659495070023344,12,D06_px-1055_py-0118,0.7482295236043306,0.6659495070023344,2.7110155564425904,2.114655670390496,3.0346360804904786,1.363837866237112
-41.70348464175303,401.96259384225726,116.83447942511653,1.152290201925178,28.154614162973928,1.0671965926981333,13,D06_px-1055_py-0118,0.7450799203657504,1.0671965926981333,1.7834422350265418,1.596156421384101,2.843381209666002,1.8956608426817314
-69.11092330408215,409.1261917143535,111.52745443592454,1.1786852520473996,23.794253847785622,1.1311602539784236,13,D06_px-1055_py-0118,0.7621471676705157,1.1311602539784236,2.1572698302450437,1.4977829041303066,2.182829189370349,1.7895473902805632
77.52574961548528,413.350512437566,121.63183115414486,1.1521525159318249,16.442606978278036,0.7784161942538813,12,D06_px-1055_py-0118,0.74499089151799,0.7784161942538813,2.5695801776286338,2.658639339751934,2.3633415699739264,2.0882705446031555
16.20368086867853,421.62363799180986,115.70864129291874,1.1715564185301892,17.976686368801325,0.925404075855515,13,D06_px-1055_py-0118,0.7575376077693471,0.925404075855515,2.9774446099918586,1.9337676581317145,1.9688511096748476,2.5494568692520247
-83.3269087261986,-434.0220246750189,121.81842160046456,1.169721622756578,3.6153804064680335,-2.3674555889497477,3,D06_px-1055_py-0118,0.7563512143707001,2.3674555889497477,2.8906958579670645,3.015552877552256,2.7575874213985863,1.3449509979760466
-36.10126693143649,-408.1886412357109,123.53712942958528,1.1365252810856863,22.03163133005552,-2.2659889381700595,3,D06_px-1055_py-0118,0.7348861983814482,2.2659889381700595,0.7377374633324931,1.1017569748175298,1.8374836909689338,2.116867465946237
-55.34132045899005,-391.08967741799705,122.53271413767,1.1255037194392654,31.16173639827969,-2.3183480034479467,3,D06_px-1055_py-0118,0.727759569811578,2.3183480034479467,2.44901507871187,2.031801796682597,2.766224580582743,2.4127759301282246
147.75045316826908,-394.5894627773463,115.2433627121683,1.1724969795727065,18.511095585936744,-1.8194954047446688,4,D06_px-1055_py-0118,0.7581457819475941,1.8194954047446688,1.3469213808078488,1.9395284415055505,2.322668920146899,2.548569230594717
-114.0182847447043,-375.59211789418754,124.46452961386048,1.1169272671796089,31.7674576281238,-2.4725041329366224,3,D06_px-1055_py-0118,0.722213968229642,2.4725041329366224,2.293944178667515,1.8606152164913157,2.057583859873443,1.4260142083431688
-159.87759684320542,-372.0259187507186,119.070708682383,1.1459530555363298,26.76211677246414,-2.583661680358298,2,D06_px-1055_py-0118,0.7409822715973582,2.583661680358298,1.8995210102714304,3.103734635714077,2.90332259742578,2.897300630846556
-262.5147001706762,-363.6773081340552,126.32165275281837,1.1619261510025007,2.088170131768834,-2.803005809747525,2,D06_px-1055_py-0118,0.7513106009349204,2.803005809747525,2.480859609063743,2.525240678479448,2.35388796386206,1.5250536702326176
66.0883061643866,-361.0269068552265,124.11669682165272,1.0910727984330348,46.72173884706013,-1.996723970973648,4,D06_px-1055_py-0118,0.7054962651001598,1.996723970973648,2.5565407544018024,1.9574348743174697,3.087356369312766,1.289152946956621
-171.39032106522356,-346.7475172950862,123.65824934676118,1.1136909049642514,35.46368569976511,-2.63683690905014,2,D06_px-1055_py-0118,0.7201213109305827,2.63683690905014,2.9383958635026044,2.04496805905619,1.9517371391810023,0.9387924408103429
-214.77423410046663,-343.8656099008685,117.6902664606751,1.150777576496302,27.03001268146028,-2.736078641385303,2,D06_px-1055_py-0118,0.7441018448495245,2.736078641385303,1.8698415233633492,2.264068569914434,2.2230759685558037,1.9111211043457739
-272.6462287337754,-328.1864621564826,121.63943740074576,1.1574576960628666,12.808896701891172,-2.870997206943017,1,D06_px-1055_py-0118,0.748421262775993,2.870997206943017,2.4446951895817843,2.6583683728965672,2.7156520633540686,1.8697308342351842
-274.4193168913568,-313.33861630013865,123.3053578550932,1.1434243355898996,18.150209200957026,-2.89705400196527,1,D06_px-1055_py-0118,0.7393471813630009,2.89705400196527,2.280727632857084,2.917934245280819,2.4729030060698483,1.711120546790868
-308.25998929015884,-303.47136031843,121.40208643204237,1.163204354870073,9.382104405879602,-2.9710018555460533,1,D06_px-1055_py-0118,0.7521370976232292,2.9710018555460533,2.991801278376129,2.502320644088942,2.5744364439676293,2.7891847971310453
-264.6044572253245,-297.245696705557,122.73658549241348,1.127767360635784,29.329699623849024,-2.905143263323127,1,D06_px-1055_py-0118,0.7292232580383987,2.905143263323127,1.4780865680593762,2.5377833347591396,2.410908087095227,2.2535572623464644
-280.31296503094626,-297.75847523490773,121.9360860543037,1.140708424567139,23.196639168553418,-2.933004365384174,1,D06_px-1055_py-0118,0.7375910519043125,2.933004365384174,1.9447306785624079,2.1627903482631865,3.178197518480165,1.8634226213844687
299.6016737083117,-281.1673887189721,114.88820806072138,1.1645424030664735,24.91347904251529,-1.3606471863846603,6,D06_px-1055_py-0118,0.7530022901259112,1.3606471863846603,1.4895441803134961,2.1332866538695416,1.7389110782184285,1.7748842775881308
-294.6735527807765,-267.35563492825565,121.4769156359046,1.1316780381612848,29.911031958662647,-3.0117416689635466,1,D06_px-1055_py-0118,0.7317519329281166,3.0117416689635466,2.3919013751561726,2.799387547395038,3.2053890269914724,1.614651633157092
-338.45036362170964,-255.875103633938,120.83744739460916,1.1578369494907943,14.545165343860615,-3.101229660222099,1,D06_px-1055_py-0118,0.7486664910296106,3.101229660222099,2.738297079036087,2.0561056318031,3.4264498117379083,1.0899556866563191
313.5537334517819,-246.95773101717063,121.4792031079444,1.1328721054245925,29.177200245497943,-1.2741191641197238,6,D06_px-1055_py-0118,0.7325240262254216,1.2741191641197238,2.070222388540508,2.1177000395586063,2.1599230149990034,2.1027580707895823
-308.2728093925916,-236.8004629646101,122.48636940259291,1.1194095173747691,34.849583136009926,-3.0935544730786435,1,D06_px-1055_py-0118,0.7238190107568178,3.0935544730786435,2.2636232195188484,2.407320358864853,1.596446469480698,2.1677106671967534
-370.5962777121615,-221.27155253290792,121.4651994290839,1.1622186697019017,9.920671885890556,3.0728746950661696,19,D06_px-1055_py-0118,0.7514997458299225,3.0728746950661696,2.7310180907741772,1.9387380537642578,1.9322293966915542,2.5659028011026153
326.4200264687301,-176.85957726580182,116.46365813498728,1.1211483190725362,47.69486198566244,-1.1035176983280477,7,D06_px-1055_py-0118,0.7249433336299443,1.1035176983280477,2.2161934642494474,1.9437742955126922,1.4457556500012911,2.5192831462906335
-392.9920541245493,-165.65162370814102,116.10391430378294,1.1741637926174826,15.101417941619673,2.933527331865683,19,D06_px-1055_py-0118,0.7592235563906914,2.933527331865683,2.265398530412404,2.2675276506692637,2.6349135225209146,1.528662394116272
334.1858211271819,-160.59622821447223,125.50752561030174,1.0906669529381967,43.920191485067335,-1.0549542767192674,7,D06_px-1055_py-0118,0.7052338422066304,1.0549542767192674,2.1641277556661747,1.365004320169152,2.1679958183230394,-0.08861485471574015
-397.7217028416251,-139.47735514809972,122.2940951741836,1.1509385995664771,15.6317884421519,2.8719032496733568,19,D06_px-1055_py-0118,0.7442059636349682,2.8719032496733568,1.9026972553417345,2.1664758218469835,3.2395392394329456,2.188539408773987
425.3442986234747,-101.29631296004582,111.96466198371206,1.1955110283774448,10.178518756981532,-0.8407758003540934,7,D06_px-1055_py-0118,0.7730268471706422,0.8407758003540934,2.8529389861704426,2.352185997288693,2.3726183078248617,2.5400906870615736
-411.6678299449033,-85.3421440070948,118.95803729229873,1.1602275888058018,17.601197990895514,2.7390258829147145,18,D06_px-1055_py-0118,0.7502122972401234,2.7390258829147145,2.407794455503902,3.141599324052007,3.0360809036612144,2.547007156186703
-391.9603333821002,-85.35544491916862,116.33968621870532,1.151122363022362,30.12161412436637,2.7490311040234987,18,D06_px-1055_py-0118,0.7443247865329222,2.7490311040234987,2.3154145944166182,2.746691793897469,2.6582263303556903,1.6578429883103094
-378.7830501642596,-76.11761753559327,120.33089540993988,1.1239626403672858,37.17251450369781,2.732924928759664,18,D06_px-1055_py-0118,0.7267630959456113,2.732924928759664,1.7064014908351863,2.046562057141844,2.6352675408062174,2.411592756210822
382.6930601920045,-31.980029286592508,122.45241727208838,1.1147290454347794,37.608818979981606,-0.6903515644873487,8,D06_px-1055_py-0118,0.7207925807355477,0.6903515644873487,2.8384564069628793,1.9014709341332772,2.0074572312212564,2.3740560079306547
-432.8697762052462,-22.320812436786703,123.46757658088048,1.1577702912107,8.038293772902989,2.5861322207320567,18,D06_px-1055_py-0118,0.74862338926068,2.5861322207320567,2.0255390572384426,1.5990590435042622,2.6845012579627827,1.8660343864814946
361.8522089042564,-17.877429672478492,127.34409514503832,1.0750745614917867,47.92679632836638,-0.6563447281826491,8,D06_px-1055_py-0118,0.6951516790867907,0.6563447281826491,2.0014862398328073,2.4212359140149515,2.6526134037385845,1.1931571424988232
380.6862818382102,-1.6244420147905625,125.01349004099616,1.1029890356778151,38.40923866803564,-0.6112466468648883,8,D06_px-1055_py-0118,0.7132013979586763,0.6112466468648883,2.1723754063734058,2.0056490759476917,2.1252384820350225,2.2814042788061215
-386.7947628815865,2.9016146786895765,122.9533437773586,1.1159643674435644,35.76644033347441,2.527111571763121,18,D06_px-1055_py-0118,0.7215913496762137,2.527111571763121,2.161777093321413,3.220193153222853,1.697764128877132,2.965543758537388
-421.7570634803365,48.93219245063995,119.38462300466507,1.162520561595257,14.947711903719949,2.4191096704666224,17,D06_px-1055_py-0118,0.7516949515059618,2.4191096704666224,2.243820563749667,1.8177377126588854,2.593668126527738,2.421924139547406
-360.07734613260465,75.45848708801888,117.725853012437,1.113327634724958,49.10193113861106,2.3280405755141778,17,D06_px-1055_py-0118,0.7198864175326247,2.3280405755141778,2.2077399789738354,2.0977534496323837,2.268639510231451,2.9579046759649654
416.7486898504612,95.44917405605884,112.48308027685042,1.1861932308153835,15.841913589424166,-0.3818298186950433,9,D06_px-1055_py-0118,0.767001885877102,0.3818298186950433,2.9047610930448045,2.4334784068243143,2.776108848475812,2.564989119300721
-352.9670774356407,101.74351824767776,120.8487268131474,1.1022564637985677,48.033147937897866,2.2539687134020308,17,D06_px-1055_py-0118,0.7127277112115878,2.2539687134020308,2.9106420794798806,1.1785959899130538,1.9943246518239568,1.8678194378028408
-424.5077159329146,108.66498595871828,115.83805434129285,1.1845304519663502,8.162602921547489,2.2840152942018,17,D06_px-1055_py-0118,0.7659267199767467,2.2840152942018,1.3793404227008454,2.3917621002543608,2.962195806383452,2.189895644287573
-407.5431198307464,108.04102742130009,120.9656684761932,1.155122050482538,16.08072095710986,2.2754708686249643,17,D06_px-1055_py-0118,0.7469110159474714,2.2754708686249643,2.097529904589999,3.2497289142784354,2.7021760282591183,2.1864601910471135
375.1912897015632,129.0266310803818,114.40827910114518,1.153253812162244,33.513294076791226,-0.2757532537208386,9,D06_px-1055_py-0118,0.7457029983347354,0.2757532537208386,2.7938829302517805,2.265612773304695,2.271501494367433,1.0526611112081832
-347.36670196706905,227.9350057272539,117.0352030237092,1.1618565517631043,21.316961568380805,1.9539058525735724,16,D06_px-1055_py-0118,0.751265597518541,1.9539058525735724,2.9156068265132475,2.2469510769989407,2.7792541006533416,1.6583722215567573
364.5586402772834,248.2746938912126,122.27725333857468,1.167651602430277,3.9609066755537583,-0.0091001578093276,10,D06_px-1055_py-0118,0.7550127229235811,0.0091001578093276,2.3499013399417636,2.301289263601323,2.6920272121665754,3.115767200465415
-273.7524813979504,257.6674769724456,120.2304634965983,1.113556086420903,43.304880963220285,1.7794736921106442,15,D06_px-1055_py-0118,0.7200341361985804,1.7794736921106442,2.203439301185097,0.18881225528068835,2.5696598717772146,2.1183701138286617
306.90693690788925,304.53587366190413,123.82695346790156,1.1557756437604263,8.54013652557586,0.1745408341307478,11,D06_px-1055_py-0118,0.7473336345088608,0.1745408341307478,2.4655829575260615,1.870412419994424,1.4854340248977693,2.2755196061110317
275.33622861407434,320.7834164569574,121.57674812531089,1.1542420485849498,15.166366003575945,0.2545098043546208,11,D06_px-1055_py-0118,0.7463419997893186,0.2545098043546208,2.058747359547671,2.343524351681162,2.3368665634039916,2.5842518105754255
242.2057597174004,322.60352624166654,116.85048274670304,1.1515824088153233,28.57198857706112,0.3198137306367141,11,D06_px-1055_py-0118,0.7446222557661167,0.3198137306367141,2.3580081180207206,1.8417748271217196,3.2861807109253824,2.668989545709982
-225.50642663659625,337.0169747699051,120.27816137061724,1.1426916088617238,25.919835083678663,1.5535192750900872,15,D06_px-1055_py-0118,0.7388733944893757,1.5535192750900872,1.626280286053241,2.359405798988906,2.7934170227524633,1.4443557632490722
-253.14483719124644,342.22945694688354,106.0090177905124,1.20491692766768,19.339468030819543,1.6006889189063815,15,D06_px-1055_py-0118,0.7791087757355367,1.6006889189063815,3.4874645873737,1.8632646339718515,3.13676239673332,1.2949328915834668
292.3653551346874,336.4913718803275,127.64418909209856,1.1558378934421467,0.9717376925678992,0.2484724417284251,11,D06_px-1055_py-0118,0.7473738856433594,0.2484724417284251,0.7088919091476225,2.372612084556182,2.8667481707669626,2.209993715039998
-144.48046125285916,346.5000033477066,117.26267008841349,1.1228334376247011,44.91089298421599,1.358867220795346,14,D06_px-1055_py-0118,0.7260329445582993,1.358867220795346,2.319011661733687,2.117124290180598,2.495468231971172,2.4202707942351624
134.2508931593092,359.8643919805204,121.2366944843213,1.1187274878083446,38.1048164483214,0.6067483156453107,12,D06_px-1055_py-0118,0.7233780050672878,0.6067483156453107,1.3444784024817833,3.0082416601505573,3.3742268432112628,1.6072036656240227
221.0308566694372,364.175451550257,116.7185637047696,1.1718803195819425,15.14788840095963,0.4183135695306025,11,D06_px-1055_py-0118,0.7577470447405575,0.4183135695306025,2.9847166667000433,3.119768084924362,2.654483784891334,2.5622738197271757
240.70825553890245,371.6953595317313,126.63880255357812,1.1563197659377604,1.1780711131848989,0.3891337406388455,11,D06_px-1055_py-0118,0.747685468194403,0.3891337406388455,1.5641047367639938,1.8956476784449767,2.7460722395159785,3.4913405051554687
177.808906870748,373.22092424804254,124.6006846840976,1.1366200085871367,19.443368224193705,0.5192127002861061,12,D06_px-1055_py-0118,0.7349474499299897,0.5192127002861061,1.8457239663460232,1.9638945374535486,2.120168030606916,2.294313601110063
-82.57363313233186,375.8279396905443,119.4155474239954,1.1253568646877878,38.48408995873689,1.1800916806196748,14,D06_px-1055_py-0118,0.7276646123725983,1.1800916806196748,1.9357104145167974,1.964282444059615,2.5448932808596774,2.028618290721488
41.86685053668104,376.8152197681502,126.6618808043367,1.096033272993445,38.56185035046906,0.853163524889014,13,D06_px-1055_py-0118,0.7087037470211827,0.853163524889014,1.8916869004685375,1.9925256119502386,1.9850448582297378,2.036316708861091
160.9198154688406,380.5268906476062,120.6841867981192,1.148448018785786,21.22294718522141,0.563737371157765,12,D06_px-1055_py-0118,0.7425955344855738,0.563737371157765,2.1742266251071265,1.5028645685234907,2.563012556787881,3.0223184487193313
12.214260103501848,394.23491215794365,124.79760823238244,1.117783477205167,30.50722476656324,0.9328445146363344,13,D06_px-1055_py-0118,0.722767600375948,0.9328445146363344,3.1289843247421243,1.255080140616525,2.1944700112906537,1.942998781416653
-109.1762378209415,401.5993823287282,115.18618392728,1.168243674482467,21.62773874134456,1.2292554761584182,14,D06_px-1055_py-0118,0.7553955613758733,1.2292554761584182,2.235579439045105,2.2231648122875995,2.29932311187612,2.5229229332166794
10.20656149493876,-432.6912861542258,115.33166592679864,1.1817375554378595,11.59357199405332,-2.15419167884802,3,D06_px-1055_py-0118,0.7641208110836909,2.15419167884802,2.3596549172778056,2.7158018653356875,2.453735303905916,2.7342195498281923
-100.20286647083742,-427.7000590706581,116.77082602176792,1.1825917186294297,7.156634131433691,-2.4079082646727947,3,D06_px-1055_py-0118,0.7646731197310188,2.4079082646727947,2.8308550634056573,2.6018226428002387,2.5421823544959614,2.3994670543484498
-4.953323982372502,-418.55743179553286,115.03059743897262,1.1708074440202367,20.245317619601902,-2.18960958176382,3,D06_px-1055_py-0118,0.7570533149520524,2.18960958176382,1.8186181336288558,2.0477534936281114,2.526181322839447,1.5067271887786355
0.5440573878008064,-385.3529840087493,122.57130109419174,1.1157079706073156,36.78227772935031,-2.176364017929721,3,D06_px-1055_py-0118,0.721425561462433,2.176364017929721,2.2402574927418435,1.9583764424749117,2.635022115701634,2.6415510719727746
-131.85691630680418,-381.58271328471255,125.65418310297702,1.124228043220569,24.692123125058288,-2.5104831892066715,2,D06_px-1055_py-0118,0.7269347075209407,2.5104831892066715,1.9471252636172163,1.871954490214951,1.8152258709563207,1.8669532297390763
196.1364878148572,-377.2136580586404,122.08710143022144,1.1547994756782984,13.524345241697915,-1.6982870637863463,5,D06_px-1055_py-0118,0.7467024365383493,1.6982870637863463,2.2150085263031354,2.5012739450754973,2.8487565085734357,2.640341847961277
95.9873863877526,-369.5392311398903,123.19865436107996,1.1100121793261644,38.57544029183555,-1.923643071708883,4,D06_px-1055_py-0118,0.7177426179581926,1.923643071708883,2.3279131046118344,1.7596732468424106,1.8773447178138993,1.490329821720492
190.90399973805444,-368.1617730666013,115.49812875179154,1.1659962177035357,22.378640746524297,-1.6994120762848794,5,D06_px-1055_py-0118,0.7539423381209381,1.6994120762848794,1.7841285921427068,1.4811874226723245,1.9845715992531794,2.3388095733918446
4.558706214694701,-356.0235056370959,119.68670748466025,1.0935213831420096,55.093089451654805,-2.164972049258169,3,D06_px-1055_py-0118,0.7070795392588082,2.164972049258169,1.2558054164702812,2.0100815659340228,1.7916819179110537,2.253071725317667
112.42842554410424,-362.31643197361,121.38145274863786,1.113365443403996,40.80421543750316,-1.8768923935880064,4,D06_px-1055_py-0118,0.7199108649222836,1.8768923935880064,3.3233428503448854,2.5914104578021435,2.768968925675317,1.69724791800984
205.44156605105164,-360.2559375228348,120.60104652367482,1.1501157529927553,20.32942762842663,-1.6595068899659622,5,D06_px-1055_py-0118,0.7436739045594005,1.6595068899659622,0.8496422076711552,2.2642895403995116,2.166696575052413,1.8865044902051311
145.07070510769424,-364.2408448314569,123.8014784145985,1.118578407022626,32.320404211561936,-1.7987510777953593,5,D06_px-1055_py-0118,0.7232816082570348,1.7987510777953593,2.1114027164093643,1.8863323277405994,2.8268940340474593,2.184141863673939
-186.1289186201052,-355.6531188103579,120.04504181037905,1.1395870883199486,28.433943285725377,-2.6599237725118585,2,D06_px-1055_py-0118,0.7368659870548813,2.6599237725118585,2.6496802774789083,1.9142742503002261,2.4690142696247293,1.9081372806336174
130.55256576144163,-354.47040061291494,121.34721806288437,1.1117884706885677,41.75880401590968,-1.824889285026507,4,D06_px-1055_py-0118,0.7188911819437535,1.824889285026507,1.9921583850821536,1.4440434021610584,3.309298229962109,2.5562891284046088
248.1985139624515,-350.9270337089801,117.16896925607338,1.1736982528234778,12.681172581601343,-1.5621904782888243,5,D06_px-1055_py-0118,0.7589225346931496,1.5621904782888243,1.4757247762856252,1.8273691233644287,2.440981410981799,2.393643355165324
174.267245793598,-337.71026489211715,117.64086631158308,1.1263283606714332,42.04622701396937,-1.7013898749788292,5,D06_px-1055_py-0118,0.728292789327432,1.7013898749788292,1.8429422840531149,2.5982224892301184,2.546409146098218,1.6520620658753085
-255.207874729738,-341.543925078024,115.9607411067515,1.1745054625571023,15.226941291278138,-2.8194943079353454,1,D06_px-1055_py-0118,0.7594444828647496,2.8194943079353454,2.399902819980565,2.626042220888108,2.581717647270975,1.956314044226561
253.55475781813573,-327.9656719237289,122.75107551305716,1.1433372761811158,19.544102207971605,-1.5196453371092855,5,D06_px-1055_py-0118,0.739290888063574,1.5196453371092855,2.100799916410288,1.5317678734419506,2.1308173605914575,1.9927117335162292
290.4820749861444,-305.7174595090944,109.45108887887083,1.1909022420623578,20.48595094476593,-1.4179263054291802,6,D06_px-1055_py-0118,0.7700467696390529,1.4179263054291802,1.8677840885008408,2.151384554440246,2.2469315608156637,1.3139822055868324
257.0677208943934,-303.6611028565936,115.77268280934922,1.1498794101873688,32.30226230948455,-1.4752815603826577,6,D06_px-1055_py-0118,0.7435210834399273,1.4752815603826577,2.577760403578187,1.3700669943926247,2.9355335906923887,2.15796185799025
214.0035057640097,-292.4827749832125,121.60011398738853,1.094274704516852,50.541475342587376,-1.5461036641678578,5,D06_px-1055_py-0118,0.7075666427931778,1.5461036641678578,1.6538336052686227,1.8142727217109402,2.6456234018181957,2.1310829148854644
330.88466144463786,-280.1169898798976,123.00169636735852,1.15923219425251,8.17296186988608,-1.3094788639964845,6,D06_px-1055_py-0118,0.7495686672819236,1.3094788639964845,3.1085152872302375,1.6351790649557163,2.590727045298901,1.7101445682419345
-312.61568908416564,-271.295956429174,117.44186919986596,1.1592183107298228,22.08036135165856,-3.0338199321871184,1,D06_px-1055_py-0118,0.7495596900868031,3.0338199321871184,3.2204234791373967,2.220506375779801,4.385893792638015,2.0254557660079096
-282.68417467923786,-273.0864795963152,121.59701836181466,1.1265705917316402,32.701475259197764,-2.9804414705536035,1,D06_px-1055_py-0118,0.7284494178388501,2.9804414705536035,2.2000963279735433,3.126182757487288,2.5690068364817313,1.8121206218454837
327.14690388569755,-263.03412603998345,110.3729992569642,1.1864061336648226,21.311102909264207,-1.284169624867448,6,D06_px-1055_py-0118,0.7671395505364393,1.284169624867448,1.7043255224226401,1.6698798541097208,3.0995285018432663,2.1932773375799406
301.3004099047421,-257.128713835147,116.96748394965384,1.144370907890608,32.85346839372255,-1.313442134634755,6,D06_px-1055_py-0118,0.7399592424681408,1.313442134634755,2.124032564202147,1.6088558799343153,2.4746708555528594,1.6990861586308084
340.64402568799795,-254.3373404862408,118.9682321570267,1.1642476201860226,14.794914947121526,-1.248324668843907,6,D06_px-1055_py-0118,0.7528116811936088,1.248324668843907,2.282272765377306,2.505202147307619,2.4872714876962765,2.335153004241438
-323.78289502184055,-245.5424329717197,120.8396824099674,1.1417257194118908,25.18192348978556,-3.099745176682658,1,D06_px-1055_py-0118,0.7382488427634639,3.099745176682658,1.8828059464349047,1.650808868025849,2.7065422644868384,2.1039596280544552
-368.709191841993,-245.0643228383661,113.20794767606144,1.1959942031012545,6.407244145315588,3.121221579615924,19,D06_px-1055_py-0118,0.773339271752694,3.121221579615924,1.853162597500833,3.45460641313014,2.694533208555149,2.507441498387305
-296.2886311302465,-237.584467291778,121.04309136084844,1.114909716406748,40.70751014140637,-3.0726930606439824,1,D06_px-1055_py-0118,0.7209094040090442,3.0726930606439824,2.4323738794625323,1.90695540093995,3.0146655229896924,1.5256151067557262
293.3997509695814,-222.48245624005216,123.7071188995748,1.0937447131813371,46.224540009697535,-1.2557659401123846,6,D06_px-1055_py-0118,0.7072239462212551,1.2557659401123846,2.254234849570545,1.5501210957862528,2.300649190816179,1.6800279191923155
372.9204615792112,-219.26624403639948,117.74036270649782,1.1742598023224613,10.795482840247246,-1.1385068801390283,7,D06_px-1055_py-0118,0.7592856370221333,1.1385068801390283,2.2739474301533176,1.1766730750693166,2.531931239073102,3.03514584291035
-340.7485137153739,-211.5175661509667,122.1976082663232,1.1324610282163337,27.735822147465854,3.0901460250101485,19,D06_px-1055_py-0118,0.7322582204647877,3.0901460250101485,1.9500747347849168,1.6151199859188374,3.170647667747663,2.2371482807869505
365.0037751144506,-198.937258739258,124.94182714907174,1.1376785045765363,17.952672191653505,-1.1059974159966346,7,D06_px-1055_py-0118,0.7356318817737836,1.1059974159966346,2.0314023253728193,2.31746485869206,2.144712943095347,2.0182479389923333
359.9305507253811,-179.89946832153797,123.9959772634332,1.128098320166162,26.1899358416656,-1.0704808640519277,7,D06_px-1055_py-0118,0.7294372590774827,1.0704808640519277,2.0282613736137467,2.461672411219418,1.2909097280159236,2.413108011801306
-400.13275832816527,-178.96044101823043,111.62320400130308,1.1973978912013743,9.64395643201084,2.9551800113631788,19,D06_px-1055_py-0118,0.7742469075341215,2.9551800113631788,2.6419436276611,2.9900532568472324,2.227054571155737,2.271302157932289
343.6295147143374,-177.26777734807726,121.93237833874454,1.119097657741242,36.29927603185576,-1.0832415114074423,7,D06_px-1055_py-0118,0.7236173598614744,1.0832415114074423,2.4770944647311497,2.2245570996332678,2.5423047606031104,2.175652996176001
370.9501467479455,-70.16845223267227,123.46867185848922,1.104635202525949,40.93962375677205,-0.7939293782312541,8,D06_px-1055_py-0118,0.7142658224084087,0.7939293782312541,1.230272080915636,2.0595765422487435,2.3017401387224083,2.3741428545926375
-405.7981181261238,-61.39126099863067,110.95885412338156,1.1766294258556027,26.71796546251585,2.684759778884441,18,D06_px-1055_py-0118,0.7608178542625645,2.684759778884441,2.082847145644589,1.5648712025774256,3.5091749564287125,0.7752994983573032
-368.8700359671983,-36.675235253600775,121.9588129268189,1.1022304931368507,45.588799771184256,2.6337133260063545,18,D06_px-1055_py-0118,0.7127109183771686,2.6337133260063545,2.56875152276437,1.5434632072883934,2.858212118079735,1.9367731875010974
-409.6174424564616,7.826080588745474,120.53746023965068,1.1457508257266733,23.33424012501348,2.515509617540077,18,D06_px-1055_py-0118,0.7408515082096087,2.515509617540077,2.636660719497935,2.4040641537079486,1.4866072393421135,1.544162524054117
-383.1107329795991,17.669514828147786,118.76926612098882,1.1261766283468075,39.50987722879535,2.488524613570952,18,D06_px-1055_py-0118,0.7281946780112374,2.488524613570952,1.942025345373747,2.2925379359829137,2.427515604805059,2.1904307605809277
-396.5215706728481,58.46725336329751,119.60613515278266,1.140404632361818,28.974545566684185,2.3882176250415315,17,D06_px-1055_py-0118,0.7373946174715886,2.3882176250415315,2.5369280237565928,1.8212033716332376,2.6685262428523147,2.4294103421669906
445.15676824416073,75.28532984951224,115.91079707332524,1.194625964831146,0.1212846801668661,-0.4394438700457892,9,D06_px-1055_py-0118,0.7724545581105658,0.4394438700457892,2.7035662815698966,1.9132570496971044,1.6645696817463345,2.2445572473316098
-369.82681544645874,97.91783937076984,119.62536322834546,1.1224153822944236,39.69600832921259,2.2757853603447686,17,D06_px-1055_py-0118,0.7257626266890062,2.2757853603447686,2.263231964651501,3.028990436165323,2.2523459458026722,2.78017691963072
-410.35086248409226,127.01192878470115,103.6178931204181,1.2154425356094765,17.824634362558697,2.2344451386671413,17,D06_px-1055_py-0118,0.7859147167337089,2.2344451386671413,1.9944848406284394,1.786278596260489,2.98154881799202,2.474942023624213
374.2383838152397,149.6757761987869,119.65377091934808,1.1423737628946462,27.62445555578444,-0.2265182524759185,9,D06_px-1055_py-0118,0.7386678727836083,0.2265182524759185,1.737520059312422,2.2268684261792164,3.038524698854073,2.774433875830585
369.1766602238492,198.99564940141,122.46983228681653,1.148560876989166,16.79163516841828,-0.1126010336916628,10,D06_px-1055_py-0118,0.7426685094887862,0.1126010336916628,1.6085227141810696,2.012872379286206,3.2862948089096276,1.7161960429560574
-361.02538380130807,200.68289925847108,113.17766533427218,1.1718578486913824,24.27958686001256,2.0272749606813925,16,D06_px-1055_py-0118,0.7577325148857336,2.0272749606813925,2.400898722213465,1.8895804253083521,2.1732889007843434,2.4387292914208603
-371.8110746556327,221.0968697728217,119.66676261317532,1.1684258895375377,10.060155133230351,1.9981378954187767,16,D06_px-1055_py-0118,0.7555133830656652,1.9981378954187767,1.296823158499444,2.3283317227741773,3.0405071533817667,1.8199380811807178
-331.19943036484347,227.0016336408104,120.53454419634107,1.1381457850215717,28.16308818721916,1.9337582139161311,16,D06_px-1055_py-0118,0.7359340289899916,1.9337582139161311,3.1060820835885457,1.6324857651752849,1.1857461851052622,1.551297366121997
313.7011876971052,247.7047046793741,125.5916285927801,1.1205181043835115,27.07082124173121,0.061399963792431,10,D06_px-1055_py-0118,0.7245358318482514,0.061399963792431,2.417444336179164,1.463037670491468,2.3755226471504685,2.5587989647713334
263.02293744043146,339.67424392156664,116.00044333215158,1.177075672735567,13.265718778648647,0.3049199640753262,11,D06_px-1055_py-0118,0.7611064010099305,0.3049199640753262,2.5773518762008285,1.9403259051848663,3.409771295718315,1.8997930226684179
106.19259356486798,355.4593994174215,120.75745349369755,1.106525080869295,45.95833407649548,0.6735095133117753,12,D06_px-1055_py-0118,0.7154878326304941,0.6735095133117753,1.9309795009620843,2.2912265697414433,2.3512246763286218,2.2882225772205462
80.97522424564002,363.4140012421312,102.97370446940678,1.1685105990737132,52.6355734197474,0.7445800660350362,12,D06_px-1055_py-0118,0.7555681569189554,0.7445800660350362,2.3979215407452577,1.8046552704303402,3.6525524909521585,1.4170676146877743
18.32494237947877,368.7192873345706,118.36493402562522,1.112553175537901,48.07583700381036,0.914158754517656,13,D06_px-1055_py-0118,0.7193856461223889,0.914158754517656,2.715222185697369,2.6811188688878587,2.8769415014201036,2.519780875381059
198.2299965052957,377.5055383558125,114.03171711386052,1.1804651556314465,15.9505749004652,0.4802875865462311,11,D06_px-1055_py-0118,0.7632980673470422,0.4802875865462311,2.5765478743314607,2.5031606045389836,2.426643891240023,2.033390075934297
-70.0062468777259,377.6980886529675,112.8550756972588,1.1462892528690096,41.63844688703108,1.147086717416124,13,D06_px-1055_py-0118,0.7411996594406652,1.147086717416124,1.7686774061020256,1.5559201851573343,2.1664544270760446,1.0098740752010786
106.45845560899348,376.8753901443976,115.19653859028064,1.1458312192831306,36.236627893720936,0.6885130783357306,12,D06_px-1055_py-0118,0.7409034913164189,0.6885130783357306,2.650815458128701,1.6516820170180024,2.4704801649516965,1.4914831533055586
-116.39474843682942,385.8372904952069,115.85179638275642,1.1544023078797527,29.2118592186568,1.2568031248995646,14,D06_px-1055_py-0118,0.7464456247115909,1.2568031248995646,2.7547588389496593,2.312454046421666,2.373777704169956,2.267561575053648
-88.07125503531158,407.9139096097044,120.65005017691186,1.1522860275130038,18.768599479285854,1.1764592195804235,14,D06_px-1055_py-0118,0.7450772211579597,1.1764592195804235,2.0857004587294377,1.7271183970178763,2.3419649098845565,1.0370494089786955
155.26363875310705,412.6679039920042,123.1955391144574,1.1648125199665542,3.6954717820226506,0.6039563316907935,12,D06_px-1055_py-0118,0.7531769498410293,0.6039563316907935,3.0478098302205447,2.2755421940037897,1.975231115461181,2.0542519955124416
-66.16268289285253,-431.2332777382421,113.08066387311972,1.1913603360025256,10.347747100769368,-2.3300153698345887,3,D06_px-1055_py-0118,0.7703429767888577,2.3300153698345887,2.1952210413584465,2.773796872565593,2.645339755906231,2.599266617184076
70.16054559417975,-433.3845119929314,121.79779958902849,1.167393303556106,5.370923839280465,-2.017278482270866,4,D06_px-1055_py-0118,0.7548457048370987,2.017278482270866,1.6131690355288824,2.221371446790826,3.514093875438512,2.2445059811224963
-89.80912933929892,-404.0160368131064,122.89775596521189,1.1422735430064996,19.880736292523807,-2.396510345903967,3,D06_px-1055_py-0118,0.7386030698145694,2.396510345903967,2.3714194664674633,2.2073308487366905,1.6994052164696378,1.5119572800818408
54.16453084379537,-384.6907836623816,120.12976040900878,1.126750604117144,36.00985124555592,-2.0378952074521384,4,D06_px-1055_py-0118,0.7285658152651511,2.0378952074521384,2.4310380112626433,1.6079707998735249,2.1774954790028804,1.791552476797403
-76.86006989353271,-377.81703556359855,120.20810505717908,1.1235529139712597,37.69432904372809,-2.3784692165269448,3,D06_px-1055_py-0118,0.7264981636308065,2.3784692165269448,0.8057227128111524,1.9279117938834331,2.984943754491154,1.1558256259872186
33.124510808441016,-370.65243242781,119.51587316049827,1.1118769847146623,45.84389365260341,-2.088644523286568,4,D06_px-1055_py-0118,0.7189484158101906,2.088644523286568,1.5178481323659927,1.1324498033424268,2.5027639000158923,2.2989294392751987
104.23437887479751,-352.359306553435,121.74392713638306,1.0994028119532988,47.56119544629752,-1.8901597630146372,4,D06_px-1055_py-0118,0.7108825174521753,1.8901597630146372,2.456825087715608,1.678571011248775,2.293259019244033,1.4393314596851008
272.4668946636143,-332.21759241088347,103.34969986869352,1.2163636747233773,17.856201790608736,-1.49087097820337,5,D06_px-1055_py-0118,0.7865103325399393,1.49087097820337,2.747408867619439,0.9870309383452376,3.0145878261263626,2.341744089151537
-212.80022076053547,-315.2393342530266,112.3487133209845,1.1442524987207687,44.0909721495708,-2.7715553156008697,2,D06_px-1055_py-0118,0.7398826781662948,2.7715553156008697,2.4333546985059624,2.1141135870816226,2.4653690632613396,3.1275273907328884
-238.2740388769357,-316.4554950542176,114.35326036141872,1.1528449614304437,33.908595770920954,-2.82316002452586,1,D06_px-1055_py-0118,0.745438632231316,2.82316002452586,1.9352166926420633,2.2807472240100375,1.3055186618993877,2.4088380030736056
194.027708088348,-316.3416372871049,119.06752603038665,1.112274288293799,46.63968597872196,-1.627598967052026,5,D06_px-1055_py-0118,0.7192053154337487,1.627598967052026,2.597931931473946,2.101666094171571,2.0632405929113435,2.242200613165105
-295.5086481167973,-291.7192109174433,121.62874473013956,1.1474168289686324,19.59776477200535,-2.9696270275195498,1,D06_px-1055_py-0118,0.7419287590278262,2.9696270275195498,2.2111780157517664,1.7738573286659216,2.3370850974436075,2.711287192460374
275.44095938107324,-274.72500317407696,111.4721302531141,1.155591983171713,39.29657104145582,-1.3910763500889751,6,D06_px-1055_py-0118,0.7472148781256301,1.3910763500889751,1.9187372947248913,2.6873130702286976,2.1393984817777527,1.7937338860483099
314.845863541154,-272.2563692176057,109.76614875300852,1.185376509784853,23.67241094778496,-1.319962670406774,6,D06_px-1055_py-0118,0.7664737876260087,1.319962670406774,1.7579417177083285,2.395236225754271,3.627601804546693,2.245686281153059
-355.2126890277143,-270.7951380866469,122.42758855454514,1.171737076957098,0.5568773016139517,-3.097216052295702,1,D06_px-1055_py-0118,0.7576544229311091,3.097216052295702,2.463301191516348,2.380799009240878,1.550106091940554,1.8808899877457836
-357.02050664165984,-241.5426682454756,120.0811821314249,1.1658979303206796,10.811578795003925,3.1294277119907896,19,D06_px-1055_py-0118,0.753878784725041,3.1294277119907896,1.9190808432164428,2.6617050899650807,2.768582433484202,1.6398763396661828
-359.4648682801804,-221.00266671165264,108.39105288554036,1.194447775315422,20.723943237038725,3.0858513596945305,19,D06_px-1055_py-0118,0.7723393393662219,3.0858513596945305,1.8865580463362095,2.8928190552099498,3.089315264509708,2.6597317914249414
-392.15012017095125,-192.38036869008425,114.1414612109599,1.1885478562096496,9.640849359331582,2.9906950621706176,19,D06_px-1055_py-0118,0.7685244052028065,2.9906950621706176,1.905326323712623,2.8820854857940867,2.6233904252213236,2.568886703938264
-359.3112586759868,-180.74543990777127,119.993677885934,1.1405019013451383,27.984743691970607,3.000684229231142,19,D06_px-1055_py-0118,0.7374575123623248,3.000684229231142,1.695140927144009,2.848534517152128,2.283319402915927,2.4346041059235013
382.8160588626016,-175.85230676923945,120.6153440077999,1.1558891786208427,16.428160580753627,-1.0375940628723983,7,D06_px-1055_py-0118,0.7474070470438424,1.0375940628723983,2.2385614641563563,2.0169929445115233,3.1890302184600188,1.8799234637930196
-351.59114794873267,-168.30385045666424,117.2889167362029,1.1372519704055444,36.44430994960459,2.9810694409153093,19,D06_px-1055_py-0118,0.7353560814193026,2.9810694409153093,2.3283783365382478,1.7807583673886929,1.8571736543988737,2.630467569461386
355.6515159840917,-154.60110618754234,110.28200371864644,1.1583821036123605,40.50449711027841,-1.0170359575269954,7,D06_px-1055_py-0118,0.749018991978421,1.0170359575269954,2.7993573966787526,1.4812669848037148,2.1162232383438813,1.7324839555319675
363.3039663414652,-132.6499781403859,117.796169277148,1.1326089759833902,38.018362668638815,-0.957061329494242,7,D06_px-1055_py-0118,0.7323538846562497,0.957061329494242,2.478473104406101,2.5508993773769677,2.511457079102345,2.5104712933112445
377.7322420267394,-105.5453064930155,124.51069603634323,1.1164633660796424,31.93192369876499,-0.8794487569331937,7,D06_px-1055_py-0118,0.7219140061245723,0.8794487569331937,1.9460298453710734,0.9781055636593143,2.6197960919434777,1.9285267678310656
365.2110183526408,-91.19059134551496,120.6589046138605,1.1126528438515029,42.835111737265095,-0.8516691209031031,7,D06_px-1055_py-0118,0.7194500924389828,0.8516691209031031,2.6509017927731726,2.6107439288694794,2.1036620047156167,1.9209578158410037
-425.0577524103195,-62.15910527589104,120.805631743198,1.1624686518829794,11.405099956540823,2.6798207073852507,18,D06_px-1055_py-0118,0.7516613862771458,2.6798207073852507,2.1211399468475003,2.3994508520298066,3.341909471741959,2.516778300297763
-391.34620585243175,-47.309051658938166,120.9853939553146,1.1296509560782748,32.289446873530096,2.654917328582391,18,D06_px-1055_py-0118,0.7304412056873048,2.654917328582391,1.1241070990451516,1.7405066269697875,1.8701669329045814,1.6310437213337334
-441.9459244020782,-40.336477332365874,119.22246867004267,1.178870103265779,3.5180938978814424,2.6256311115059026,18,D06_px-1055_py-0118,0.7622666939242663,2.6256311115059026,4.006456877871483,3.036691007466997,2.1424119087614497,1.9020548698719275
438.3334652552958,-28.553117894187537,118.4766046138605,1.1774693204209326,6.518158423576153,-0.6720278038291061,8,D06_px-1055_py-0118,0.7613609367037812,0.6720278038291061,2.424392312243629,1.8608612221613967,2.620903123399093,1.9668431782499636
393.2195401967477,9.440938311901428,121.74482381760755,1.1263805002811886,32.47064055277781,-0.5829748120675167,8,D06_px-1055_py-0118,0.7283265032097679,0.5829748120675167,2.654556797034238,2.059451993318175,2.3427294716120466,1.7205334068432971
424.95224434467184,33.18913842958986,123.90605891402912,1.1502589517760555,12.139332159219975,-0.5290368853167097,8,D06_px-1055_py-0118,0.7437664980205613,0.5290368853167097,2.300037138107724,1.5245973696246913,2.6644429349277647,1.2254666442061461
-429.2940517230954,38.545927320993066,116.6911703665389,1.1761381372740578,12.150019581599338,2.445064155132319,17,D06_px-1055_py-0118,0.7605001831961938,2.445064155132319,2.073358688067704,2.1327555674950656,3.001281274085364,1.2497251084884
420.7638278283952,46.19893473739152,124.76014730391898,1.1450835432889646,13.539300650661744,-0.4976198105774191,8,D06_px-1055_py-0118,0.7404200381296593,0.4976198105774191,3.134819155446441,2.2411936792834,2.31615692952372,1.842810387863081
387.9322548293581,57.38841929589503,120.2455622743818,1.1300145923777802,33.80510463513582,-0.4601106080580941,9,D06_px-1055_py-0118,0.7306763357826791,0.4601106080580941,2.632780023403017,2.3229240693673727,3.3799283696067954,2.452005873463418
-357.21560119261244,59.84730376290844,119.8104119969614,1.100047406841288,51.48472461293903,2.3686164636571165,17,D06_px-1055_py-0118,0.7112993175837817,2.3686164636571165,1.738134659741761,2.095568001959705,2.275104441374064,1.6853952872194313
434.4413056597008,67.7099321148393,112.15027264058013,1.196846874651296,8.630821137391365,-0.4523682141768922,9,D06_px-1055_py-0118,0.7738906158928608,0.4523682141768922,2.6065769339165517,2.3599159404387775,2.2612138902370145,2.1750532993741984
-378.6686235297511,77.38594285347604,120.0818018101222,1.1249103819240116,37.19809621831888,2.333025690727136,17,D06_px-1055_py-0118,0.7273759131009015,2.333025690727136,2.0982393222802576,1.955163035431637,1.6508345623783915,2.436245005820604
427.8431011746604,81.6260036696487,111.233622084844,1.1964313106161963,11.462266317170076,-0.4184601412340023,9,D06_px-1055_py-0118,0.773621908914652,0.4184601412340023,2.3837069040446086,2.1405172464425943,2.3203807515679076,1.3814453908772952
-388.3526469441701,194.95697827678305,122.0148151214295,1.1630245275309563,7.96450963712482,2.06935867022314,16,D06_px-1055_py-0118,0.7520208198493796,2.06935867022314,2.1015323095481993,2.0960658532253644,2.880445044022774,1.6630740984361188
297.34021810700665,228.29293280289733,124.33724745289726,1.0989617764423243,42.08731769553481,0.0478062484944967,10,D06_px-1055_py-0118,0.7105973404170445,0.0478062484944967,2.492463736539913,3.707622752290083,2.6657095677504286,1.5055864595308823
-276.90707470918034,243.81913432606115,118.6267332106633,1.1114362428466198,48.089707503339525,1.8126715612720687,15,D06_px-1055_py-0118,0.7186634286468924,1.8126715612720687,2.2573309848408916,1.276483972034024,1.6192402541010997,2.429668286382139
-334.97443534632606,254.2118671960557,113.8847580012526,1.176018600031174,19.53400089868165,1.8854407426616968,16,D06_px-1055_py-0118,0.7604228894734323,1.8854407426616968,3.314448673263866,0.9841387484562154,2.29285437604302,2.161288199706667
-257.7853794313528,264.991301724341,118.94838009069969,1.1111589886928288,47.51453289597259,1.7354318914450846,15,D06_px-1055_py-0118,0.71848415392731,1.7354318914450846,2.3558870985824814,2.7177848214598415,3.1566043185865045,2.121074211727553
356.9729914293908,267.2735820758992,116.81637918759664,1.187701402171473,3.1275219395008094,0.0357032448184891,10,D06_px-1055_py-0118,0.7679770813547825,0.0357032448184891,2.284590517288886,3.0047380014440366,2.8782096155965142,2.4553720779678176
332.2702154417238,287.33017517068936,114.06611005755924,1.1907286312768182,8.174256071335378,0.1060147347879307,10,D06_px-1055_py-0118,0.7699345115377096,0.1060147347879307,2.6897591704641197,2.0830040838870207,2.09451862102987,2.2682391293251767
-227.4773574641536,289.2656187667418,120.32639600800847,1.1047171328509202,47.88724185466151,1.6302074625468443,15,D06_px-1055_py-0118,0.7143187992018443,1.6302074625468443,2.298451133165381,2.8368087360290204,2.3454028304051358,1.366973401262686
232.64062749718363,315.5195487724791,123.7104901595832,1.1188127944509956,32.391961407882434,0.328476798698234,11,D06_px-1055_py-0118,0.723433165014328,0.328476798698234,1.3232239871493912,1.9775323586260662,2.372599176749735,2.7752552674177817
210.3574516729525,320.6209635998701,114.1842229500235,1.1412244472848565,41.47999331912212,0.3831695741097717,11,D06_px-1055_py-0118,0.7379247162579462,0.3831695741097717,2.5983811484255623,1.3550959466326673,2.7483803678458343,2.351080233136731
207.9732475778994,340.63154118459613,114.06543804797042,1.1565408877786991,32.2574524749744,0.4156746221722246,11,D06_px-1055_py-0118,0.7478284473183792,0.4156746221722246,2.0054670944136865,1.79611837093002,3.1526590058079274,2.1376159646004407
-177.6955139700932,371.9980120776257,111.06335053723453,1.1778838950368218,25.57077058298512,1.4094484119850983,14,D06_px-1055_py-0118,0.7616290039157356,1.4094484119850983,1.8593678918469252,1.6238524946334842,3.3661730502184644,2.0722067335259977
184.3468088027324,375.9693228836557,113.0348990157462,1.1771695541795382,20.929392658153915,0.5079398490615706,12,D06_px-1055_py-0118,0.7611671054910422,0.5079398490615706,3.2513943868842303,2.2845131841976203,2.168962708633165,1.4022459496378203
-175.18561475905676,393.96666036200185,121.14731060596672,1.1627790873820896,10.325520666279488,1.3822304339192255,14,D06_px-1055_py-0118,0.7518621163159583,1.3822304339192255,1.9275079640246517,2.835108599324335,1.9715046477613716,1.4055959090209686
-143.74518140025367,402.1989262043857,120.38186412840562,1.1616520027186965,13.04340335167251,1.3070671951178854,14,D06_px-1055_py-0118,0.7511333344953343,1.3070671951178854,1.8310874998550766,2.1845470467416455,2.8272509957287686,2.104229202398641
-31.68213082609082,-433.59926559577,107.4438612830391,1.2074658775798035,13.31660443767339,-2.2507140084330697,3,D06_px-1055_py-0118,0.7807569468250488,2.2507140084330697,1.398793713827184,1.7461481235764116,2.259872719494446,2.177194209277951
-74.50486028344804,-397.3152517777272,115.35895619570373,1.1570990719404182,28.67947403184587,-2.3631438691101483,3,D06_px-1055_py-0118,0.7481893735937811,2.3631438691101483,2.13430792228303,1.5379229445440412,2.7731314760183547,2.511107411500117
-13.509040957915554,-396.0004861087068,119.26097295918429,1.137135420788078,31.821399078444983,-2.211876332569509,3,D06_px-1055_py-0118,0.7352807195186672,2.211876332569509,2.5075740008651928,1.7944191463474062,3.1684609569814945,2.1882675018452007
-126.677754360909,-388.4525549944007,109.01767327057688,1.1812818424182985,28.55832939617284,-2.493010204087536,2,D06_px-1055_py-0118,0.7638261434559034,2.493010204087536,2.8539126992032298,1.542340314950096,2.8691559514969676,1.9800995818927076
216.6683485124623,-349.767142821483,118.76398874348244,1.1528725062614635,23.02361327554297,-1.6231669923517345,5,D06_px-1055_py-0118,0.7454564429360052,1.6231669923517345,1.9401650821431935,1.1552050165168692,1.332005688967387,2.26069744547046
-182.34728019672485,-326.6488537642056,116.83804119211352,1.1228780941595011,45.86619469470219,-2.686920601178134,2,D06_px-1055_py-0118,0.7260618198254298,2.686920601178134,2.463071538320861,1.7900198474347442,2.5932151349310306,1.0321053036545744
-283.4385648547217,-335.23015205747646,119.42001492075109,1.1744369968416566,6.315689939060519,-2.8796541920939167,1,D06_px-1055_py-0118,0.7594002123938849,2.8796541920939167,2.4129217626606163,2.785857737960792,3.3038599782149394,1.7369330711418494
-255.629087419313,-325.1992552452737,113.20738919690186,1.1722746800660813,23.914571515683747,-2.843964441541952,1,D06_px-1055_py-0118,0.7580020413357091,2.843964441541952,2.9319129332709544,1.459840884667091,2.935567213876486,2.6789614642464943
-291.6534660424142,-308.36772858121043,119.34125194210483,1.1625306539814473,15.049938340127028,-2.935325103552392,1,D06_px-1055_py-0118,0.7517014773223633,2.935325103552392,2.7921334216714504,2.914997916737663,2.8700594123820005,2.307914913196951
345.2721231586805,-231.0390337666817,112.44634710482332,1.1762233759770575,23.1302184562112,-1.196699781424334,6,D06_px-1055_py-0118,0.7605552992129204,1.196699781424334,2.5432810213565817,2.1164948132252235,2.116120253711225,1.8983232602172544
-349.4550957757885,-228.0324855969928,120.36469498535403,1.153129879275131,18.9076785587456,3.1127699673961886,19,D06_px-1055_py-0118,0.7456228623537936,3.1127699673961886,2.1503545141671525,3.1000197117840482,3.0892378819354898,1.8263942267291104
346.6489381020616,-211.30803107301844,110.83382246235588,1.1731607489430027,29.42869582981433,-1.154408700953674,7,D06_px-1055_py-0118,0.7585749804504844,1.154408700953674,2.5547025876850045,1.8717258600447435,2.9430035116983744,1.3146804373537648
-409.7309247861981,-138.63722854425671,119.88772549906103,1.1677341433371236,9.992625924140723,2.8608823069525373,19,D06_px-1055_py-0118,0.7550660945240663,2.8608823069525373,1.6427726616639005,2.3724962497798048,2.0145129501648253,0.7691769378558773
-353.456568842294,-129.33124487831458,121.11969973437785,1.1110875930628303,42.659391729087815,2.88538564895284,19,D06_px-1055_py-0118,0.7184379889506185,2.88538564895284,1.2478782260306605,2.7055235190172144,3.156406073424268,3.059385033141333
-404.4296551957551,-125.17643619249613,122.3597951827995,1.1524014519890942,14.483392710703129,2.834774880118035,19,D06_px-1055_py-0118,0.7451518555333193,2.834774880118035,2.366785637700379,2.326271569249573,2.494708608479988,2.7387627304857984
414.0196077145078,-112.98619469482428,113.29860318130974,1.184994895628548,14.559470555204996,-0.8733928910974509,7,D06_px-1055_py-0118,0.7662270329068285,0.8733928910974509,1.2911057725028303,1.9814452488080545,1.9931082603980448,1.5954201767510947
-371.3044167611505,-90.39198739722652,113.20728233999566,1.143169377325394,42.66621813337292,2.7734123715903145,18,D06_px-1055_py-0118,0.7391823233410398,2.7734123715903145,2.012704057460798,1.6410584313148426,2.4952033320590745,1.7552657849497808
443.4837990225437,-77.6022597843203,118.91744731107477,1.184823736458214,0.2391668501317099,-0.7802089969632571,8,D06_px-1055_py-0118,0.7661163600391868,0.7802089969632571,1.3233370967666962,1.4527426705487718,2.527532633616624,2.3809293132793927
406.1506480851844,-74.05617989736723,120.1904030240354,1.1497019777673103,21.60688569184316,-0.7873349376490972,8,D06_px-1055_py-0118,0.7434063542396038,0.7873349376490972,2.0360905971096694,1.8070084022058936,2.303352003287425,2.065680063871882
421.166367841977,-27.59918173568456,121.1113330673553,1.1550704064563009,15.75507981438176,-0.6724163273505674,8,D06_px-1055_py-0118,0.746877622513342,0.6724163273505674,2.455950236897565,1.8661098409650454,1.7711548479634982,1.9111275482156687
-445.34361156411137,-14.551127328149784,120.97359464081468,1.1751366629522868,1.7667039233131732,2.56727543479252,18,D06_px-1055_py-0118,0.7598526220118093,2.56727543479252,2.2980203927122513,1.508103098962203,2.5258050358592863,2.8416992394705622
-417.6636212246069,-16.42304156450835,115.00865593338956,1.1703608805226149,20.6132614757355,2.573914091167566,18,D06_px-1055_py-0118,0.7567645634772152,2.573914091167566,2.5247395200374694,1.7364601481567037,2.7891179664315158,2.4183163708435806
-418.35247058849785,4.65762408628673,115.4512511968452,1.1693175048596818,20.205917234718697,2.523480328258694,18,D06_px-1055_py-0118,0.756089908555607,2.523480328258694,2.596346830597786,2.2059112680733817,3.676635003391297,1.796247744361096
419.12229443803847,24.74127214439538,119.93483849670866,1.1567279518607236,17.548571931009974,-0.5480168043375606,8,D06_px-1055_py-0118,0.7479494044271919,0.5480168043375606,2.393019314902957,2.1924756690990908,2.7738227423763013,1.9125422734602262
-442.0998563282898,31.017080448571924,119.25060361425506,1.1783118604919838,3.865497052679189,2.464569354935614,17,D06_px-1055_py-0118,0.7619057297498342,2.464569354935614,3.2273126096872673,1.189865230303715,2.810440610899403,1.3822862226621342
410.14918719591833,39.39582200443659,117.02842850958822,1.1588390107188742,23.367767764990617,-0.5112208826652107,8,D06_px-1055_py-0118,0.7493144317122372,0.5112208826652107,1.931887529125564,1.9333639204439454,2.1141532142125654,1.1370243677449128
-385.8045003589588,63.294957754452696,121.09730333221005,1.126103777975754,34.140322594815075,2.3720020521597904,17,D06_px-1055_py-0118,0.7281475723875216,2.3720020521597904,2.3026370563029213,3.015859140435354,2.8358016644249435,1.7760404303949406
385.48627732026085,87.30988133241706,113.98977274997802,1.153201455524658,34.57850065375942,-0.3842446389467444,9,D06_px-1055_py-0118,0.7456691441204949,0.3842446389467444,1.9170989100750586,1.6756780600720105,2.936084709139685,2.208341849786178
427.3200958249516,124.3110885355925,116.6810774847009,1.1873963100552265,3.725612240158,-0.3238842040870152,9,D06_px-1055_py-0118,0.7677798063894159,0.3238842040870152,2.158056708977168,2.3961898298886757,2.294412037165822,1.59064036983996
-363.5781537923234,154.90278686771717,119.0354998519557,1.1368647400495724,32.523477132918856,2.1318527191407246,16,D06_px-1055_py-0118,0.7351056952211827,2.1318527191407246,2.7357020903126736,2.3151736220862005,2.2807787459189433,2.6886464737017928
355.520511795158,187.70306421831745,120.42294245279211,1.1389746748414649,27.912750172487502,-0.121209526929965,10,D06_px-1055_py-0118,0.736469995676132,0.121209526929965,2.300236768557888,1.9401556967488047,2.270629986523094,1.6375073125468569
315.86862149299753,222.07240197987767,115.75229796293569,1.138664139632216,39.25873227769068,0.0057925307803026,10,D06_px-1055_py-0118,0.7362692011639584,0.0057925307803026,2.462953937257018,1.564005103951984,2.882746737107997,1.6166179990034022
379.2168674383351,227.1509929370467,109.7824877372862,1.2058331914314948,8.05656101296313,-0.0672954767016213,10,D06_px-1055_py-0118,0.7797012391020016,0.0672954767016213,3.2784782440206053,2.4261422464656297,1.949764444109854,2.3119634268749376
-340.5822715023287,283.3224533050786,119.15903359803843,1.1784515180138402,3.999763336400349,1.840735118925649,16,D06_px-1055_py-0118,0.7619960334034532,1.840735118925649,2.2080834516635246,2.0564160987732834,2.6924034735192093,0.3299822582825447
294.8728446765176,293.272255096166,120.89383226659362,1.1502579610142365,19.51835631812213,0.1756972187190547,11,D06_px-1055_py-0118,0.7437658573861655,0.1756972187190547,1.8807984721186286,2.4702720073185045,2.1849544215082353,2.5694274536853925
-312.4931152263266,298.360528916121,113.9453167389133,1.1853539539464566,12.572920117390026,1.7723466294142138,15,D06_px-1055_py-0118,0.7664592028432446,1.7723466294142138,3.1082673077293093,1.0222425109804099,2.683748921649278,1.5976236244456468
-218.00669610908605,303.834908999876,118.58414649644492,1.1169092846129232,45.18929776002972,1.5862026123942932,15,D06_px-1055_py-0118,0.7222023405603867,1.5862026123942932,2.5807916928392833,1.7251545960507084,2.2973930173874537,2.19424788658596
220.0417773975072,307.8086519159963,116.9005248307933,1.1270875835434355,43.333854755308266,0.3431835202701825,11,D06_px-1055_py-0118,0.7287837088163475,0.3431835202701825,2.237157471743259,1.9244375707874843,3.5776375636334583,1.523469170490685
311.8282118703828,314.1060459632317,118.02715205790582,1.1814823570038857,4.680993430498802,0.1820577102836051,11,D06_px-1055_py-0118,0.7639557977662601,0.1820577102836051,2.507304114105864,1.6615587318871583,2.050585213892748,1.97314072446063
-272.2045353023977,311.4681182889589,93.95544064085286,1.2346196301911456,30.827058770302585,1.6820462853308946,15,D06_px-1055_py-0118,0.7983147771350594,1.6820462853308946,1.6791367396807986,1.5886940567181453,2.028990628532995,2.485014763084104
-218.4013318866738,319.9340253179901,118.79176808077573,1.1299736587535414,37.236752756910846,1.5627998342979217,15,D06_px-1055_py-0118,0.7306498677788401,1.5627998342979217,2.8103736854250734,2.5684500707748024,2.524955978549607,2.712984207480467
-270.1022011156005,326.2105573498231,116.9077400175872,1.1692009128989718,16.560920782683752,1.6553990078082284,15,D06_px-1055_py-0118,0.7560145192754969,1.6553990078082284,3.2397291884425945,0.9485242260263607,1.5807052029190862,2.5503666602696042
230.0143355481828,350.04200344472457,120.94943808666386,1.152731214709392,17.733708443250748,0.3824630813614029,11,D06_px-1055_py-0118,0.745365082705579,0.3824630813614029,2.748687473191408,1.948713806152513,1.8672323548388237,1.6181352377961602
-106.4763457683264,373.396582893214,118.06116839338809,1.1332501905628996,37.01245280908466,1.2416003997577771,14,D06_px-1055_py-0118,0.7327684990537687,1.2416003997577771,1.6086735747860064,2.5490641250233494,1.5534105958099909,2.0031929658655807
-153.02840242918268,376.9105156935988,117.26179901589607,1.1533798536246709,26.3943370143312,1.3494910856504854,14,D06_px-1055_py-0118,0.7457844977370829,1.3494910856504854,1.801970924447109,1.550336836078416,2.5530158970837147,1.7372474802457272
102.9907127061784,392.0475600466231,113.9978283890408,1.162449963612881,28.562378808419908,0.70692179920465,12,D06_px-1055_py-0118,0.7516493022945056,0.70692179920465,1.858914982742769,1.7624436033448245,3.3934195022420752,1.7846455308045583
86.84402214706255,395.22210813109774,118.55350452135356,1.1473320471785675,27.137222459845475,0.7475195303103094,12,D06_px-1055_py-0118,0.7418739384546021,0.7475195303103094,1.755263667023081,1.8137970685915157,3.1327657776680566,2.347072064615963
54.29184424216242,398.8648896105029,121.24391868515504,1.1368739922557298,27.265097514975423,0.8285323254408058,13,D06_px-1055_py-0118,0.7351116777705574,0.8285323254408058,2.1242948360848004,1.7763986741463487,3.417142124444456,0.9024887269485822
91.10690638007598,413.9432160249689,117.6772921358289,1.167117708798452,16.061113723040876,0.7471757064396197,12,D06_px-1055_py-0118,0.7546675030961284,0.7471757064396197,2.481752297790966,2.1854864613091163,2.6172784288128597,2.0128292004921753
-80.71780478689841,424.45654771762673,120.12449005689852,1.1666147234586466,10.190694520259116,1.1517403191512812,13,D06_px-1055_py-0118,0.7543422688137392,1.1517403191512812,2.9242462097207715,1.9158623716372265,2.771632955667858,1.9120611408342203
29.64773663658819,-443.7993039244959,122.38043614146888,1.1703691033308945,1.6964042390951022,-2.111070593709536,4,D06_px-1055_py-0118,0.7567698804098143,2.111070593709536,1.910999694497914,1.3914968450625844,2.914757965569712,2.9025195664811756
-1.3065079888513782,-441.9879205697728,120.32865099067207,1.1741587060391825,4.169197281500885,-2.180731831230528,3,D06_px-1055_py-0118,0.759220267369099,2.180731831230528,2.280578413214925,0.9924859047685188,2.0590732018108113,0.7737219021005421
-141.48864383561343,-428.1491542578239,120.02067734113322,1.182137474926387,1.0771207031299357,-2.4969433978801305,2,D06_px-1055_py-0118,0.7643794021748649,2.4969433978801305,1.947349724392244,1.9128695687866786,2.4610577018599353,1.9547920113049049
-123.28202591078208,-421.5288442949952,118.21231829382008,1.1781983379989225,6.664804482634793,-2.462304663229064,3,D06_px-1055_py-0118,0.7618323252116819,2.462304663229064,2.3681635604246383,3.0334284183083695,2.7331941419637413,2.6583833609246557
-43.55255557803773,-413.3549303941876,118.2044775305272,1.158367268090961,20.748945223560725,-2.2827521186296265,3,D06_px-1055_py-0118,0.7490093992134348,2.2827521186296265,1.9172353788683334,2.6011158154348126,2.124280014932678,1.4208108572565301
-167.52200762537925,-405.9969772754652,103.4123447504616,1.2232593839771555,12.010612805467533,-2.5691130048341013,2,D06_px-1055_py-0118,0.7909691524562125,2.5691130048341013,2.073483894131127,2.1717645961409895,2.3309324510548124,1.747936282585436
-28.53816930279768,-400.2140493738301,117.60074920174527,1.1471745139212854,29.555791786936084,-2.248962631782318,3,D06_px-1055_py-0118,0.7417720762096619,2.248962631782318,2.2100757249783927,2.949617635793417,3.6870481151394356,2.4979542236365146
-38.72095589673458,-390.4236051463122,120.62839233812868,1.128969021486595,33.53293017721916,-2.276629375306574,3,D06_px-1055_py-0118,0.7300002614091928,2.276629375306574,1.3523944992510835,2.5449981615378965,2.6104485154459645,2.9979383022389805
156.485309066307,-380.6106868125788,117.71183803830412,1.1562395784244897,23.39851518781677,-1.787700756620961,5,D06_px-1055_py-0118,0.7476336183167399,1.787700756620961,2.4798809883781834,1.8296905326262607,3.0977347174210212,2.2170698193116443
67.30802778719968,-373.8529882361988,120.65529945816884,1.1162631976251651,40.829512483358656,-1.9996453787142612,4,D06_px-1055_py-0118,0.7217845756253175,1.9996453787142612,2.9926008961886197,1.6297465928550208,2.359954209000142,2.0149235837836734
-241.4038680780377,-340.63645122752087,118.58473794719389,1.1588275377787476,19.48869248053387,-2.7943067833248434,2,D06_px-1055_py-0118,0.7493070132187869,2.7943067833248434,2.530464166504185,2.2457735074819465,1.970932055955837,3.0123594516635928
-269.0125945244631,-338.3188011663427,118.38763429398637,1.171996834582537,10.766532193423984,-2.849549581512448,1,D06_px-1055_py-0118,0.7578223842576508,2.849549581512448,1.7807739951536288,2.3566555990545868,2.451478481776649,2.089109686540459
-229.3435104096732,-334.5955615840574,119.84619238975183,1.1441851897531283,26.01205714816388,-2.7786596278375684,2,D06_px-1055_py-0118,0.7398391556576719,2.7786596278375684,1.8528956778372816,2.8664913274545216,2.922236437094508,1.7633521574208904
218.49194091334363,-332.6410848170853,112.79163522182694,1.1596331216312774,33.43611289013302,-1.596607282162628,5,D06_px-1055_py-0118,0.7498279100828651,1.596607282162628,2.617951313978324,2.1522179330806948,2.5438142104408614,2.6461456780637995
204.0788906333365,-303.4089193406044,117.40828824305184,1.1119745312519134,50.5493050542093,-1.5856630713352842,5,D06_px-1055_py-0118,0.7190114901694844,1.5856630713352842,2.7959496020328807,2.74525580250158,2.5872455012684945,1.8242538084001088
-259.99378167990574,-283.2092019572348,120.06947816902688,1.1228858251709404,38.40038302355072,-2.9204619938753504,1,D06_px-1055_py-0118,0.7260668187583184,2.9204619938753504,2.312264986887199,2.390411580924343,3.003112022326919,2.113919565845378
-335.1999618803827,-274.4330475424288,118.0535654178806,1.1738123279709547,10.3108245083788,-3.062523714791048,1,D06_px-1055_py-0118,0.7589962965820001,3.062523714791048,1.3961728963681805,3.039789723556305,1.8869585147866963,2.776821025000984
241.9110996079307,-274.3486360030576,117.1847531282825,1.112853869697585,50.58208263822763,-1.4551270226552768,6,D06_px-1055_py-0118,0.7195800773344024,1.4551270226552768,1.6077000771193184,1.450680309954595,2.800429806854405,1.832768433355165
-354.38728054195343,-258.6140562538411,116.43638168976474,1.1831451129756394,7.623320009093732,-3.118157650839705,1,D06_px-1055_py-0118,0.7650309488739864,3.118157650839705,2.1331303138936355,2.3689879347172687,2.6637688658407503,1.3420442500652237
-297.68578406605315,-225.3773404917625,108.10425434541624,1.1517491014337078,49.959860488146205,-3.100543750854052,1,D06_px-1055_py-0118,0.7447300405260878,3.100543750854052,1.7594937056831141,2.8775814068315064,2.3685439109817263,1.5519478070886865
-329.6147227146291,-222.21459909719508,118.89057754619132,1.1395587196877153,31.21355775385205,3.1277886992114707,19,D06_px-1055_py-0118,0.7368476436738389,3.1277886992114707,2.986041454050093,2.907751934508579,2.4449633878266344,2.147008983630691
-355.777043242325,-200.4565672483684,111.51491243167156,1.1730662439842472,27.73464212710872,3.04771113356254,19,D06_px-1055_py-0118,0.7585138727998023,3.04771113356254,2.3276140085044768,2.1892985792777173,2.3422880742656376,1.1231297022836015
396.6194001317178,-159.92303001658848,117.16138107521788,1.1719040944353785,13.99082539834984,-0.9902546849678036,7,D06_px-1055_py-0118,0.7577624177480475,0.9902546849678036,2.131764171985752,2.2696517459720553,3.0110545664501567,1.3247595913917958
-360.1193191420836,-154.58070009744833,119.06309286618408,1.133561683911175,34.460600701658336,2.940076829247486,19,D06_px-1055_py-0118,0.7329699131061835,2.940076829247486,2.1115592195694624,1.7481829449295678,1.6778717941784014,1.9037882203471381
383.9471741160551,-149.5157887802635,114.8603286644934,1.1656522933812676,24.23199790172833,-0.9783299982356102,7,D06_px-1055_py-0118,0.7537199539453032,0.9783299982356102,2.734137880205619,2.0829840894728324,2.7490315934449314,2.1183318242867415
356.5547945510357,-78.60009493719609,118.31216861926212,1.108330427131046,50.46291933887397,-0.8239525771410731,8,D06_px-1055_py-0118,0.7166551837428186,0.8239525771410731,2.0898911391174964,2.2376965115042555,3.084669179089795,1.9400330302609308
-359.91609480710684,-73.85351415003775,119.99550757797904,1.1051891164854448,48.37275356355218,2.737000263020046,18,D06_px-1055_py-0118,0.7146239875374198,2.737000263020046,2.0549320139736738,1.7883775454194053,3.2966200840114777,1.6048922167493302
387.4690850303859,-58.28940518466066,112.81593039361864,1.1538156672047486,37.08718694790434,-0.7562961253003859,8,D06_px-1055_py-0118,0.7460662982305664,0.7562961253003859,2.311404930182622,1.5995120250206305,3.0415763779495495,1.6635841655210852
-375.6943139428449,-18.64752463445475,120.59153825709116,1.1125930156796238,43.02050101636155,2.5842072547737382,18,D06_px-1055_py-0118,0.7194114070718203,2.5842072547737382,2.278014788156862,1.8640293908023313,2.1140303055322938,1.5776894403357882
-405.6651430172104,69.59108161919447,114.71799828782645,1.1657134641783644,24.55158423097504,2.364718740870124,17,D06_px-1055_py-0118,0.7537595074645065,2.364718740870124,1.6287148709604067,1.5773544244382611,2.5518511839153515,2.6704979636689217
433.1038875509972,105.38693973453248,118.27903333374717,1.1832100545923967,2.698998817330164,-0.3682888002846867,9,D06_px-1055_py-0118,0.7650729406348823,0.3682888002846867,2.0594851006406927,2.093722940475108,2.0918789478516127,2.4077072553777636
393.9569266171931,126.29978340650102,117.13035641187122,1.1600027452946329,22.331843028959213,-0.2967388767448848,9,D06_px-1055_py-0118,0.7500669116548633,0.2967388767448848,2.61475904105846,2.459551052125276,3.0498964948057594,2.360725968943507
385.2205464750164,137.96778663701798,112.50638609006457,1.170615266503365,26.85875618672333,-0.2630602527940057,9,D06_px-1055_py-0118,0.7569290514559923,0.2630602527940057,2.0179698422964667,2.465295263430753,3.146227906015401,2.2690241617336477
357.4831006837908,131.8636228712924,110.2552700871088,1.1519633316319935,44.54299213344609,-0.2535967860526427,9,D06_px-1055_py-0118,0.7448685634596439,0.2535967860526427,1.9199265140787964,1.7820884264756156,2.2578773753064665,2.7065890793758616
414.9128871716536,144.22673070295383,118.9265396059198,1.176128048850161,6.343696345000183,-0.2724379201151128,9,D06_px-1055_py-0118,0.7604936599418427,0.2724379201151128,1.9080004153675687,2.2263410532590187,2.7138505796747863,1.602099025652938
362.77984783386535,154.19556955941306,110.90341401747348,1.1623048059778518,36.44872941931885,-0.2050758846217864,9,D06_px-1055_py-0118,0.7515554422243883,0.2050758846217864,2.3615884979784703,2.1616900633849765,2.9971622123495907,2.018153008111282
404.8790652552956,165.13328210581247,116.27220461386052,1.182474982481636,8.561555016302577,-0.2197171792470219,9,D06_px-1055_py-0118,0.7645976372184048,0.2197171792470219,2.364883098212063,2.2033816382435503,2.0714065429169533,1.6204339627962443
-388.5730956093232,166.3623530955737,105.7785718493554,1.2032849492124964,21.237244132024102,2.1300887721994246,16,D06_px-1055_py-0118,0.7780535256124381,2.1300887721994246,2.4766088502766115,2.737791261137674,3.8865562355951084,1.2315473258119387
-331.5649725730756,174.74062291141675,112.6800736156118,1.137569110759582,47.23149813985424,2.0495856672040267,16,D06_px-1055_py-0118,0.7355611468701208,2.0495856672040267,2.9310815140647812,1.4925486738510871,2.2381377503241207,2.365305809859579
347.2453508242721,180.39414084707127,115.65083881602196,1.1440472144502511,36.235766150388656,-0.1278534865321833,10,D06_px-1055_py-0118,0.7397499397400945,0.1278534865321833,1.4206408895616163,1.9969030787893975,2.803451742441756,1.7906616801597484
346.7524144078381,177.7596617668294,125.31038766470796,1.1113566922460336,33.06064350149336,-0.1332699802693652,10,D06_px-1055_py-0118,0.7186119906019878,0.1332699802693652,1.8578367338014534,2.3776301290714232,2.1364833930618463,2.3175455852929145
-323.4559047422492,207.06044409942888,118.2155121513022,1.1285294331921318,39.43254549517047,1.965193203075764,16,D06_px-1055_py-0118,0.7297160201556568,1.965193203075764,1.4495375382147726,2.1195075900864553,2.9089458200180625,2.233906789301888
-310.6403030662173,225.4936031460016,116.41791761622454,1.134228868364957,40.31446166565718,1.9067156661598583,16,D06_px-1055_py-0118,0.7334013198289541,1.9067156661598583,2.140310953463704,2.1503546355746552,2.0398465065425375,1.8794150904410243
386.54528823342827,240.6104489228898,120.73893324975084,1.1834422692326163,3.991275510117987,-0.0502060800888715,10,D06_px-1055_py-0118,0.765223092450244,0.0502060800888715,2.9444964440097525,2.2695692934169056,2.8913657264636834,1.5812368150266565
336.83976818128536,246.0857564603737,120.60221356394656,1.1522934915956675,18.88132769039192,0.0239713759282085,10,D06_px-1055_py-0118,0.7450820474925995,0.0239713759282085,2.0918627393794367,1.9810066017658485,2.818344365845456,1.244982639648525
333.95396837379883,306.24695694988725,117.75241639487226,1.1904575836113278,1.5471291576677118,0.1351670038724839,10,D06_px-1055_py-0118,0.7697592499823467,0.1351670038724839,2.132705507867154,2.38425588992504,2.776037397465891,1.698686318235239
193.0904615081061,322.3338713638689,116.1949244739654,1.126732909892389,45.17929025250913,0.4241044367247545,11,D06_px-1055_py-0118,0.7285543740400593,0.4241044367247545,2.195011817020349,1.8784878098696294,1.4552109920846887,2.702085268079153
-134.73588795893988,355.9564409748516,107.866502377259,1.1596334572993203,45.75872309398949,1.3256680872592437,14,D06_px-1055_py-0118,0.7498281271284655,1.3256680872592437,2.2509096794580814,1.3275360314126217,3.4794296523806727,1.8063388649119736
-242.3911197591136,358.70727691849265,114.6007273804311,1.184055696971186,11.801626051497635,1.5580713383165845,15,D06_px-1055_py-0118,0.7656197396575534,1.5580713383165845,1.7896048772030657,2.067208615485647,1.7959146031545843,1.5840919002814182
207.5311643585836,360.26862438412536,118.97098946939022,1.156098914788271,20.36677793230569,0.4411970564076367,11,D06_px-1055_py-0118,0.7475426641016497,0.4411970564076367,2.6447111671845627,1.4953487972629707,2.2896097803510607,1.800613505102361
187.6025586611032,360.3123013591382,108.78126729444983,1.1800078409517545,30.06697071398878,0.4837729780519454,11,D06_px-1055_py-0118,0.7630023640731988,0.4837729780519454,2.592308019592794,2.4061190084192905,2.7841989551003232,1.8293942592130086
50.02219115728814,366.8917081693558,117.052045432385,1.118146882115129,48.00440511253612,0.8283118158610349,13,D06_px-1055_py-0118,0.7230025808530212,0.8283118158610349,2.1094351508223874,2.346767545641434,2.1394676266300916,2.583446185318132
-43.31625545946272,384.5575809807297,119.68103399837406,1.1267058114246842,37.08060948663984,1.0759832082976395,13,D06_px-1055_py-0118,0.7285368519574053,1.0759832082976395,1.9401118344260453,1.5509011340721015,2.8731749202667203,2.5325557337737186
2.327988914601677,384.2102322635411,107.11591565486998,1.165620562039846,43.90043710102242,0.9577577152429164,13,D06_px-1055_py-0118,0.753699436210014,0.9577577152429164,1.7743959297380094,1.5432023250392397,2.5985273568441527,1.550198832049706
52.45129709787175,387.5965314796944,120.67489298595352,1.1276250208581453,34.22353953829855,0.8293094135315794,13,D06_px-1055_py-0118,0.7291312200170645,0.8293094135315794,2.9096583912147054,2.5244608983570593,2.1775174006738682,2.312696637668599
-0.5097365725795009,405.7385637509,117.735494484386,1.1509202749584797,26.82681188076225,0.9650731120823274,13,D06_px-1055_py-0118,0.7441941147991067,0.9650731120823274,1.9367466679649408,1.2406501088718802,3.5957707503035694,2.5173059163277984
135.37786427752832,404.4439425178715,100.92178873677985,1.2216661657417638,20.620447314207183,0.6408134509974724,12,D06_px-1055_py-0118,0.789938964996519,0.6408134509974724,3.3989580043244656,2.373580828329026,1.9261922947396943,1.6983352596095662
109.11752359321537,421.5898661454382,121.27630279768,1.1660136760255744,7.694533532712057,0.7105507031127282,12,D06_px-1055_py-0118,0.7539536268094756,0.7105507031127282,2.616227414491609,1.6514294644660317,2.3930803240424288,2.587262137301317
19.2959526999043,-424.6868520153101,118.7723647320289,1.1648511979558105,14.868507778012088,-2.1323713663228148,4,D06_px-1055_py-0118,0.7532019593335225,2.1323713663228148,2.5448715319481714,2.8633842081693386,2.8845304364378856,1.7890475731520148
14.474938939506238,-412.02220561348577,119.52175549105344,1.1512649699519997,22.21835435372037,-2.142658847781368,4,D06_px-1055_py-0118,0.7444169972968431,2.142658847781368,2.0021787898239807,1.4064241244883937,2.485311727346995,1.3058570984688012
-139.9384074237494,-404.868148587632,117.36539855095783,1.171885738963332,13.478704689347126,-2.510560738746305,2,D06_px-1055_py-0118,0.7577505489552487,2.510560738746305,1.4352640822061107,3.255906498952016,2.3513374421290556,3.591832414670617
-110.07430295662488,-385.57476690081006,114.62496421650953,1.1564664646846143,30.915546559644213,-2.4558599040622457,3,D06_px-1055_py-0118,0.7477803247595642,2.4558599040622457,2.3128908575009044,1.7323424644415881,2.6113575873939996,2.132957504497723
36.05317187817473,-386.92237788324064,119.98604610263992,1.1273277252517373,36.00510225072492,-2.0848647953491573,4,D06_px-1055_py-0118,0.7289389863363671,2.0848647953491573,3.0346407425648128,2.384304080482716,2.3504223936946915,2.4624431142026717
209.3586667118452,-379.5232816575967,109.371389851534,1.2004978877762795,13.424198216114403,-1.6736775467529277,5,D06_px-1055_py-0118,0.7762513897360057,1.6736775467529277,2.5078602832452104,2.214761435291864,2.127988547297003,1.237224059871671
-250.3576694597301,-369.0043717801979,105.55003155686568,1.2215648362737466,7.176619806464487,-2.77390419836574,2,D06_px-1055_py-0118,0.7898734445643963,2.77390419836574,2.6611762993731984,3.2098504265905543,2.0160365117099968,2.1911877731574037
-224.4277439261681,-368.22801871705457,117.31538469181636,1.1744139595884429,11.783943532697151,-2.725137063161524,2,D06_px-1055_py-0118,0.7593853163245082,2.725137063161524,2.5376015103222125,2.02892376254683,2.350532019519129,1.9834025684917351
-283.8220056151635,-321.71929061522934,118.77760749254448,1.1681337733650845,12.53875370007421,-2.900671393708613,1,D06_px-1055_py-0118,0.755324498447758,2.900671393708613,2.754090194478454,2.4458476161248264,2.011236128616249,1.7707297005765597
300.5697701880312,-300.69330623499474,116.10840012955563,1.1730438189644945,15.891173688055858,-1.3925831561186626,6,D06_px-1055_py-0118,0.7584993726054037,1.3925831561186626,2.4858920111448706,2.197745503151217,2.379813615427282,2.5956719537022637
241.6042976470096,-294.6766847491781,118.5264893596232,1.1244725405982252,41.05605316953182,-1.4910202712297056,5,D06_px-1055_py-0118,0.7270928014510717,1.4910202712297056,2.317084262036456,2.313971824556353,2.0228570667605985,1.5232325682423524
280.4133577180897,-261.533227671752,98.38407064042474,1.1948362388242468,47.68840578242282,-1.357554157093937,6,D06_px-1055_py-0118,0.7725905229306892,1.357554157093937,2.8044826831264063,2.301589349023801,2.1628152080439578,1.8667438452667668
301.8000246422688,-218.83074729161,115.8959082711228,1.124664667094593,47.042418494247954,-1.2343436026990284,6,D06_px-1055_py-0118,0.7272170319568719,1.2343436026990284,2.6297207804337392,2.6404636111668873,2.343153540095603,2.526631196330241
-317.4985477952753,-204.3709351861941,118.47915339036943,1.1210545651239447,43.11073428729276,3.1065403492708623,19,D06_px-1055_py-0118,0.7248827115883495,3.1065403492708623,1.8439603447371882,2.855421146919142,2.2260526591846053,2.0317563871627136
-341.58713536389934,-191.91987331214423,117.43193092965,1.1387480591839363,35.197193013592425,3.046506765702473,19,D06_px-1055_py-0118,0.7363234642070777,3.046506765702473,2.1090175348587037,2.488892563603944,3.0842089037236367,2.194262927545515
334.3749997551306,-168.25236715136813,114.75326331310116,1.130094821963056,46.6325329920146,-1.073171613868683,7,D06_px-1055_py-0118,0.7307282128644319,1.073171613868683,2.2668524585674046,1.6608624901969016,2.8252310967569763,2.639740023059389
-419.0712716832928,-126.11155419116278,117.5912487935122,1.1788092584994216,7.833959666317412,2.8269238635863703,19,D06_px-1055_py-0118,0.7622273512191071,2.8269238635863703,2.2707581358136224,2.8614021650626187,2.581321070924579,2.2367014839311286
-400.6785347447044,-76.28059157839805,110.47340461386052,1.175981879481205,28.429117612986204,2.72274038680258,18,D06_px-1055_py-0118,0.7603991456765996,2.72274038680258,2.596450774574285,2.869269012060033,2.2616818445307176,2.264194806535108
428.34649055191534,-71.50807603163999,116.75643931276365,1.178602459698863,10.171988760891622,-0.7723939455714695,8,D06_px-1055_py-0118,0.7620936334858532,0.7723939455714695,2.2786929301190924,2.0969895322387053,2.6808805283356385,1.7441833365719879
396.7009238209562,-26.16522979574492,112.73553651157248,1.159430303624142,33.70761395389536,-0.67284120357275,8,D06_px-1055_py-0118,0.7496967663619928,0.67284120357275,2.2399818092016117,3.0437022966119205,2.708147068721197,1.3097602038851894
-401.1460062806871,0.6437521380358318,116.85298356122892,1.1494819129830272,29.9120225255524,2.533008340515853,18,D06_px-1055_py-0118,0.7432640586167866,2.533008340515853,3.3932038974925636,2.4073043795239233,2.8332365911150683,1.5450247878950125
-419.8954285270877,34.4113017949316,113.52062741178798,1.1778183844001509,19.19975788972613,2.4528437779017658,17,D06_px-1055_py-0118,0.7615866442220818,2.4528437779017658,3.1179069404054602,1.274483051641049,2.8601381032605975,1.408506279195786
431.4378802821294,44.43213076413092,117.82426686788554,1.1749221943315304,10.094808929138878,-0.5043551673290355,8,D06_px-1055_py-0118,0.7597139449124057,0.5043551673290355,1.7042909135474837,0.9867147472340847,2.738655603972191,1.4026555602053699
425.6849065960778,60.14226758067279,118.11079008872083,1.1709051981603962,12.265235066589582,-0.4666249534087511,9,D06_px-1055_py-0118,0.7571165235490219,0.4666249534087511,1.1794901532146158,2.463584329264414,2.5984824130038984,2.1653493483846744
-368.3399809162645,65.23261728140255,119.1776510157028,1.1150619016458394,44.86061155730778,2.359331621277988,17,D06_px-1055_py-0118,0.7210078081832996,2.359331621277988,2.2893766769560404,1.6343599553109407,2.018966856837355,2.4916642016582884
399.83235322210055,65.97860824689117,118.32928843128788,1.1485843569369252,26.88034457025094,-0.443437647179186,9,D06_px-1055_py-0118,0.7426836918079427,0.443437647179186,2.590548415295867,2.853382075211271,2.813243919916772,1.9356298965149055
-383.2218922285573,99.46908541948837,113.24625718336348,1.1562472387924234,34.480401631709526,2.280657219655597,17,D06_px-1055_py-0118,0.7476385715709813,2.280657219655597,2.4473684579599673,1.7281692650558604,3.4886788969193914,1.8120345727026592
386.47775836963547,102.2321619542016,123.019888505206,1.128633820652383,28.143711057411963,-0.3483797822477072,9,D06_px-1055_py-0118,0.7297835179096438,0.3483797822477072,1.730478102055907,2.4611772762731623,2.1475605422659543,2.059204657492172
408.47343695340896,130.09509908694457,118.57989517989829,1.168456963244635,12.813493471376203,-0.2986460497548879,9,D06_px-1055_py-0118,0.7555334755694207,0.2986460497548879,2.115975145623227,3.2360557668390615,1.9985228165856204,1.9907104147890862
-411.8324451924655,143.46118434461843,115.85666580789038,1.1828024155531172,9.41390100694764,2.1994103941785235,17,D06_px-1055_py-0118,0.7648093580213905,2.1994103941785235,2.124551725141075,2.5638325979582395,2.837452342268257,1.7658233252253437
391.4545397473951,163.48527488233614,115.11982447842033,1.1753057114148544,16.833911907314814,-0.2113632630617988,9,D06_px-1055_py-0118,0.7599619300791844,0.2113632630617988,1.5684153708162198,2.1883488229051147,1.8809864891101307,1.198502548976851
-354.06516537533497,178.05972895265933,114.125909118365,1.1537582545400995,33.889203423048514,2.0686473995831363,16,D06_px-1055_py-0118,0.746029174749404,2.0686473995831363,2.4791698809497946,1.1707028552444394,2.447067235727973,2.58773002105269
-342.5222200423957,201.48429158333363,111.1562466551728,1.1644165254070968,34.4396775811407,2.0028876820965205,16,D06_px-1055_py-0118,0.7529208966399062,2.0028876820965205,1.5338585224403563,2.283886235856988,2.9221281860452457,1.5634878720261387
-350.9351741619443,255.94507150281777,115.62893193073626,1.1820824381879735,10.55320423534971,1.904477195392584,16,D06_px-1055_py-0118,0.76434381498632,1.904477195392584,2.9058620697409494,2.1230903540423194,2.369903207269222,2.0244775638042
315.16955912752513,284.9253723274553,119.13796263211349,1.163516628561626,14.876281918866027,0.1280622348898092,10,D06_px-1055_py-0118,0.7523390162517535,0.1280622348898092,2.099828955004381,1.849113651809699,1.9959446032237378,2.0138995691247437
-290.13441161365773,297.4476636947894,111.20410763350282,1.1802126484675193,23.561223490715804,1.7367692511328885,15,D06_px-1055_py-0118,0.7631347942260208,1.7367692511328885,2.3633150495475084,1.870645839776953,2.312296580289747,2.8520149538160657
284.0955374392809,307.216420799786,107.5630195206928,1.1941991010896025,23.16096840832023,0.2174997134856335,11,D06_px-1055_py-0118,0.7721785446531704,0.2174997134856335,2.213634007758376,2.60617290508307,1.776567741104056,2.1130632574119184
-295.9583356496817,312.7495336895228,113.09633674055728,1.1867706767129187,13.776691230380834,1.7216369659498931,15,D06_px-1055_py-0118,0.7673752669425943,1.7216369659498931,2.19175452822439,1.910639902756182,2.989560820390394,2.2052303804296587
-263.02549078099184,350.3868318615696,117.89848067806145,1.178282252997529,7.422640805497735,1.6077476751652866,15,D06_px-1055_py-0118,0.7618865853107217,1.6077476751652866,2.924523767513193,2.460820326969384,2.0776737320865584,2.025898318729006
120.633680136844,357.8480773010077,114.76828482740734,1.1334361512598872,44.67613203883337,0.6386723178440085,12,D06_px-1055_py-0118,0.7328887427051259,0.6386723178440085,1.3234943148035896,2.233167351409392,2.010017894665522,1.3138800346039914
74.27512042770952,375.3166752092607,119.60933564834326,1.1224939086112464,39.687933405203125,0.7684414060854089,12,D06_px-1055_py-0118,0.7258134024239619,0.7684414060854089,3.9582641802037797,2.3120811834241755,1.7973393472773136,2.606470365013702
168.2464022799382,400.16824565920456,112.2992871815514,1.1920213503718255,11.953827510821952,0.5658155509965112,12,D06_px-1055_py-0118,0.7707703938864046,0.5658155509965112,2.773728738850079,1.5618080963388536,2.5920174770647635,1.6620243972447808
-23.44574041846324,411.8351516093585,116.4682131244988,1.16100916600085,23.31435766906253,1.020685326300521,13,D06_px-1055_py-0118,0.75071767121039,1.020685326300521,1.441560598288926,2.1936918547282787,1.5483747000357493,1.2433271305778297
-46.01245519695549,419.8788057884291,109.58078276851428,1.191047664142514,20.028537275749443,1.0729663500733189,13,D06_px-1055_py-0118,0.7701408007014721,1.0729663500733189,1.9811585277678878,1.2895660282363162,2.4174748607204557,1.6220942383645947
-4.669047380083384,-434.4365683554792,107.7071647422199,1.2064272323412668,13.401210491149754,-2.188522807585765,3,D06_px-1055_py-0118,0.7800853506331137,2.188522807585765,1.8526100056000887,2.1111618796695844,2.8931412409709196,2.5805688881980533
133.55888338967273,-417.25204287787966,117.54527936924212,1.1793267140499568,7.5686103148293,-1.8679898044641956,4,D06_px-1055_py-0118,0.7625619420537262,1.8679898044641956,2.1191361855517354,2.8686549757569106,2.3306936881233478,2.7506724595942824
-146.84565638767424,-416.7787134708069,116.19265263913697,1.1863917860777002,5.802764408720748,-2.51652918692608,2,D06_px-1055_py-0118,0.7671302732735998,2.51652918692608,2.2837149139409436,2.024019127299547,3.0810693279625445,2.57176253395349
98.29355049503243,-403.6673936698065,116.22265813940108,1.1643829077026684,21.64558487941042,-1.93892287344937,4,D06_px-1055_py-0118,0.7528991591674391,1.93892287344937,2.6664909278720907,2.4534713192710025,2.7125870166841883,3.2003484200030314
137.43791044922492,-402.7990571859245,114.99936976282058,1.1768296632993176,16.052626765077775,-1.8489557042667288,4,D06_px-1055_py-0118,0.7609473293708039,1.8489557042667288,2.7282137437537206,2.3268343056726177,2.326116630312975,2.2692764424515413
-188.32452790007736,-403.1051603308748,112.0119590286449,1.2012743624174749,5.507248893483506,-2.6148282540382364,2,D06_px-1055_py-0118,0.7767534643547617,2.6148282540382364,3.0125508407831445,2.287152559260522,2.61417693830593,1.5730313303090364
-226.0612205749377,-391.3854168458277,112.26477627432725,1.205789790222962,1.1374382724667953,-2.701556171785758,2,D06_px-1055_py-0118,0.7796731755387226,2.701556171785758,2.6396031133507485,1.5052455769743973,2.267307417467687,1.851338809959083
-85.78102858786704,-388.6270919706619,119.07817713492337,1.1393970749355606,30.86479206412298,-2.395020811605369,3,D06_px-1055_py-0118,0.7367431229039307,2.395020811605369,2.425429944667328,1.7222296586414285,2.3194208327555037,2.5857852060612934
-187.62384485856904,-389.0279618325667,112.99903354889064,1.1881341299984411,13.015008987247938,-2.627154413535618,2,D06_px-1055_py-0118,0.768256886576001,2.627154413535618,1.7529364818373745,2.8379016343532486,2.472604420748824,2.0062430778444167
5.965894611261739,-375.01436702049807,115.10358134875813,1.1296824522174924,46.04699208083525,-2.161868757641987,3,D06_px-1055_py-0118,0.7304615713389964,2.161868757641987,2.146073657775047,1.9314252846175763,2.573571182558712,1.8118188924305658
-103.89981533348076,-376.6838244259263,117.57743037283016,1.1372456305401657,35.76135279544832,-2.4469113692966125,3,D06_px-1055_py-0118,0.7353519820124139,2.4469113692966125,2.3479107583428847,0.9481462611890985,1.9051571181976386,2.229625394371368
176.4807571573672,-364.7292271220595,111.0897661957814,1.171636399357847,29.804822361461618,-1.7271170361606671,5,D06_px-1055_py-0118,0.7575893240024647,1.7271170361606671,1.992358428207959,1.770168652410175,2.2677268713962864,2.7495845067750917
-170.79012529588545,-359.95184230363634,117.6777038264589,1.1442835679690158,31.19106635902937,-2.6208002334209795,2,D06_px-1055_py-0118,0.7399027677869225,2.6208002334209795,2.2924979566419026,0.7949901623774942,1.4748791450518448,1.1633199363878255
-198.68536807803767,-359.46795122752087,118.14015461386047,1.154177908406679,23.70224493866681,-2.6827054783391584,2,D06_px-1055_py-0118,0.7463005262448604,2.6827054783391584,3.3649152565325418,1.6884036102892612,1.6741213648297042,2.159273199558097
165.202935955759,-356.4866654548308,107.01017539609003,1.174010844657896,38.74226329416456,-1.7438183365264668,5,D06_px-1055_py-0118,0.7591246590353563,1.7438183365264668,2.5421149852455156,2.5834053706855533,1.9404375335602482,2.153100856544663
143.54496908601442,-345.8254104881314,115.38010581780064,1.1281065977995397,46.29796652261467,-1.7843380504371424,5,D06_px-1055_py-0118,0.7294426114604219,1.7843380504371424,1.8253088799979906,1.753892961780884,2.2039108440830777,3.1886982853270167
206.4438779537084,-337.5325147195844,107.84203953449544,1.173741250604622,36.76913557509113,-1.6288511907206078,5,D06_px-1055_py-0118,0.7589503373971016,1.6288511907206078,2.481804280563451,1.6139006946945047,2.7032372132047193,2.0032208371731404
218.83493144746657,-313.63679760949003,115.1957818380598,1.136846919287409,41.66660468879013,-1.5685725891262288,5,D06_px-1055_py-0118,0.735094172176006,1.5685725891262288,1.5345096980295327,0.9771702208311459,2.7599818950317623,2.3059633066093017
306.08600397583444,-309.5896768167465,113.5333238057797,1.1892518864715511,10.737176386837348,-1.3980684105362369,6,D06_px-1055_py-0118,0.7689796367153163,1.3980684105362369,2.6813471693118025,2.4868056045662117,2.556829861230431,1.5377855742879878
245.4909970044192,-304.8223808470508,115.30048525273855,1.1452643114518029,36.334359075955774,-1.499776662030823,5,D06_px-1055_py-0118,0.7405369242475376,1.499776662030823,1.696501897278616,1.9226540315546115,2.9564465991371263,2.7173638052160083
272.63466334805673,-292.1179602580078,107.49766526983508,1.178374109935378,34.55105682764753,-1.4268628346415155,6,D06_px-1055_py-0118,0.7619459807302291,1.4268628346415155,2.1413664139394033,1.6814926897364748,3.2785735412674555,2.8778114561306007
294.07624356588224,-271.45888476987915,117.26935739881073,1.1472810641901892,30.294542983672383,-1.3524061515630788,6,D06_px-1055_py-0118,0.7418409724527586,1.3524061515630788,2.1884422730721003,3.1182897284892075,2.4652475185473217,1.9184651434919653
-319.9634644083129,-258.5565980165117,118.9033618004048,1.152377964630879,23.00606632580758,-3.068922809620476,1,D06_px-1055_py-0118,0.7451366684225035,3.068922809620476,1.3297451584523348,1.8644867752271184,1.7196306577771114,1.3430397061423198
396.6814258464288,-188.27687158876887,119.27697111632358,1.174944557583114,6.311015584615745,-1.0501258691258344,7,D06_px-1055_py-0118,0.7597284051670196,1.0501258691258344,1.89999047116792,3.6767480158473185,3.4439367404488435,1.5479154174273466
364.5966592851465,-183.19823729717265,115.33073297206946,1.1606164187139263,26.43084983823428,-1.0725997730484145,7,D06_px-1055_py-0118,0.7504637177212636,1.0725997730484145,3.47188309469607,1.4984761741247525,2.9609515421258754,2.6366983933825727
341.9608328191953,-155.24171187744923,115.51681289253052,1.1287996106679894,45.58398664944605,-1.033134253173209,7,D06_px-1055_py-0118,0.7298907190395494,1.033134253173209,2.68945462406567,1.0459047852138645,2.8252707740288385,1.7052159940949485
-420.2363260651106,-147.64582518873974,117.5466585381449,1.185126329584103,3.1693905676327176,2.872481194044262,19,D06_px-1055_py-0118,0.7663120191377056,2.872481194044262,1.6613606688518958,2.8232322155621916,1.977026045571544,2.7180260708486133
-382.5561276650583,-101.2906368947081,114.4033411052712,1.1523159663746372,34.120497733690684,2.793446987741089,18,D06_px-1055_py-0118,0.7450965798616997,2.793446987741089,2.215645747568815,2.0285229538105476,2.6281998631035877,1.7417202444422004
-357.2397714163536,-95.22255386827824,109.25267018436377,1.1441021755394465,51.66159414552442,2.7951073544183607,18,D06_px-1055_py-0118,0.7397854780132591,2.7951073544183607,1.648260049884618,2.3636231997029014,1.7615231250549803,2.183815562076101
398.8596041598694,-66.16247644867651,115.38910647721453,1.1570660231966776,28.62607826142039,-0.7713618408941636,8,D06_px-1055_py-0118,0.7481680040157762,0.7713618408941636,3.5943878845425474,1.5940752875383986,2.683036031286588,1.4138674003685425
441.6323908216386,-57.70957744111307,115.28844113720773,1.1918160165329847,4.031044184806035,-0.7369166237440372,8,D06_px-1055_py-0118,0.770637623408936,0.7369166237440372,2.7207631067542244,2.009105884411907,1.7183675963715326,1.84628972017755
-358.4564749343469,-42.23568260769753,113.6709548205223,1.1196145875154313,54.94822396466191,2.6518988837203525,18,D06_px-1055_py-0118,0.723951610724967,2.6518988837203525,2.4821883013219126,1.6956587818392663,2.5026385051880653,2.4281083565083916
-429.6984104125042,-47.82939084222055,117.23257508496296,1.1755892828781365,11.14312621431452,2.6454660222754462,18,D06_px-1055_py-0118,0.7601452896208408,2.6454660222754462,3.221934328355752,1.8706411644596885,2.7831728966988236,1.2196619147146532
400.1561208886502,-50.62767168158416,108.7774198907542,1.1775081408609536,31.79843549408816,-0.732830662142897,8,D06_px-1055_py-0118,0.7613860383060609,0.732830662142897,2.260906738888159,2.0452257031836663,3.2108573493801256,1.7745961662661898
-378.8938552764621,-45.47144088778676,114.47029678520464,1.1384334016418198,42.45647102137548,2.6540529187251307,18,D06_px-1055_py-0118,0.7361200041620032,2.6540529187251307,2.396552261600638,1.6469790157254593,2.3550056919435916,2.8503509450946964
-432.2752814651887,-30.01109367622584,114.61595557248812,1.1843241057992042,11.56082642470676,2.6039277843521025,18,D06_px-1055_py-0118,0.7657932949198225,2.6039277843521025,1.6911016333580249,1.7936456462131964,2.353831071184452,1.7870733972933495
-429.36735855261776,-10.848639706835526,114.1740593314797,1.1825852008030235,14.021625936055898,2.5598743154308554,18,D06_px-1055_py-0118,0.7646689052531281,2.5598743154308554,2.2377686776889734,2.071610807249959,1.7994584790304733,2.713374506006955
-364.4223559737546,-5.862201693070206,118.5540861781063,1.10680603161232,50.73044269458916,2.550698018920832,18,D06_px-1055_py-0118,0.7156694975937906,2.550698018920832,1.4517846024690237,2.290065856243121,2.1087195921085,1.2060439988716132
-407.1967882658311,-9.201765781511469,117.4383060223112,1.1532861809646249,26.02012133069394,2.5572071111862216,18,D06_px-1055_py-0118,0.7457239282573017,2.5572071111862216,1.2697611883920765,2.3371519770316826,3.010067969112084,1.5117406770524715
409.6745884261678,8.062837169759929,107.16218120102492,1.1882648840578889,28.55373751219957,-0.5873009952423235,8,D06_px-1055_py-0118,0.7683414331807001,0.5873009952423235,2.2425329177198345,1.296144736214163,2.9429994845979195,2.0428310162556436
-389.32064828182223,30.69904554935585,112.07761172552613,1.1550152609996516,38.1585153057668,2.455923087106997,17,D06_px-1055_py-0118,0.7468419650267295,2.455923087106997,1.8618378511184912,2.712557206512388,3.7428047554307198,2.900846196237784
417.7618959577638,108.82131172338772,111.88020580724265,1.1914039613004015,13.55570449378149,-0.3521558824650664,9,D06_px-1055_py-0118,0.7703711852500709,0.3521558824650664,1.8648818537961458,2.524322500550884,2.716245280193042,2.6870998985632455
-366.9763695140911,187.8551122122494,115.3121293984525,1.1644322385331003,23.91543067262694,2.061491094017301,16,D06_px-1055_py-0118,0.7529310568709415,2.061491094017301,3.1824259317904597,2.3972931724013806,2.7056997235748366,1.586965657256064
398.0156671868146,191.98475216726985,115.23106220824155,1.1892778663316284,6.157665154876213,-0.1575474977303445,10,D06_px-1055_py-0118,0.7689964354974678,0.1575474977303445,2.1575905247548492,1.9381461700534812,1.7268588669471552,1.1093054036519574
338.2445869684971,193.33057253682367,119.57651439971032,1.1296434328523368,35.593582251410794,-0.0877265547390135,10,D06_px-1055_py-0118,0.730436341110158,0.0877265547390135,1.3520804706842746,1.305231010550349,2.3114222249127088,1.4964352305691198
-376.7670234324871,197.2067282596586,115.16393855051211,1.176035876819393,16.195607639281604,2.052406923950883,16,D06_px-1055_py-0118,0.760434060780772,2.052406923950883,2.7280527093430176,2.0709761083154543,1.9893648936983737,2.4842492243224945
-357.333854173903,217.65343095323288,114.82788101342145,1.171281802028317,20.434636307265407,1.987526481736108,16,D06_px-1055_py-0118,0.7573600385762704,1.987526481736108,2.565101221621179,2.2448018335313304,2.472845091102256,2.7396015944934726
347.11600082683844,217.1625543680028,108.7684869479932,1.1828250294902811,28.13332359407736,-0.0479348253043999,10,D06_px-1055_py-0118,0.7648239803712752,0.0479348253043999,2.471716467825137,1.4772607519143588,2.188664617268196,2.292141833163346
-286.42381036307887,254.61312945563577,115.18474383647536,1.1376763580697915,41.20154929195769,1.8079431126101293,15,D06_px-1055_py-0118,0.7356304938256158,1.8079431126101293,2.5036841702833668,1.4353741987901203,2.7761714907760995,1.5649613330396592
-314.26677913373175,266.56497686890464,114.76255174603013,1.1660140988983947,24.23420792908928,1.8311577712033456,16,D06_px-1055_py-0118,0.7539539002423719,1.8311577712033456,2.0126158365175106,1.9483795717404966,2.7637213694658413,2.5990543779051043
348.34471413421954,276.63214219549866,111.5832319681206,1.2024872724406204,5.723526388022151,0.0641739113823506,10,D06_px-1055_py-0118,0.7775377415289892,0.0641739113823506,2.3383778847294816,1.5975737621062707,3.0706935927209926,1.5385640348405065
237.2786628490023,306.44325693228177,112.35537037045466,1.151275343614877,39.80539168866744,0.3049449201107621,11,D06_px-1055_py-0118,0.7444237049889658,0.3049449201107621,2.1781591937658416,2.27283769064271,1.8311498007690714,1.24640313892115
200.85541583883057,304.6377417420231,107.46354529307403,1.1453778456247892,55.25371517590639,0.3809138076541017,11,D06_px-1055_py-0118,0.7406103363380215,0.3809138076541017,1.4007119968262773,2.09060990365065,1.9966149364702894,1.7370054425696866
177.99797731705186,352.17523656062104,115.45138209858229,1.147844101603191,34.36683270811699,0.4958390438356702,11,D06_px-1055_py-0118,0.7422050368786658,0.4958390438356702,1.0193090427610638,2.6095513474113137,2.7209803690449825,2.6145420601241485
-106.87623294498124,357.7719407121808,113.72209681506035,1.132616766011744,47.6158021988457,1.2541055329975492,14,D06_px-1055_py-0118,0.7323589217499401,1.2541055329975492,2.11935307865067,0.9257107933570246,3.5951425392299483,2.64779298188685
102.84845001983862,351.73581146869344,105.377337208505,1.154291248659109,55.17432420131541,0.6793446251328225,12,D06_px-1055_py-0118,0.7463738129447852,0.6793446251328225,1.746605882010092,2.433791690191496,1.7459661450465627,2.0957507422816706
70.63810616277526,369.2810281533133,112.5673812179016,1.1391495900888275,46.58021093477214,0.7748144310016595,12,D06_px-1055_py-0118,0.7365830972527644,0.7748144310016595,3.3945650374718515,1.114470325764549,2.4871202683381703,2.474525806571238
36.63623153882055,387.2117901517894,119.91537013110188,1.1278974156823918,35.83420215600006,0.8694821379887915,13,D06_px-1055_py-0118,0.7293073526558898,0.8694821379887915,2.6260548086133113,1.9322480209366697,3.4592216404342664,1.8285431755394925
-54.569775351164495,394.3153738658652,114.26820751432194,1.1549329324908224,32.787709356734126,1.1013345094311675,13,D06_px-1055_py-0118,0.7467887307644753,1.1013345094311675,1.789952184252916,2.023601704333135,2.1510516424127433,1.9680083812452958
-24.09516301695563,423.4397931005768,116.3036035667401,1.1715736032965995,16.43392385803827,1.0206588941975676,13,D06_px-1055_py-0118,0.7575487195746606,1.0206588941975676,3.217464952325868,2.8660677388137707,3.1778150742092466,2.135302160890865
-21.685516608369145,-422.0096569811169,103.2001413243045,1.2113888117534544,22.22799308252462,-2.229117004943593,3,D06_px-1055_py-0118,0.7832935469599979,2.229117004943593,1.8881044304580472,1.6961169302887484,2.955361659456189,1.4178339500372494
-177.10040172807723,-394.5021060177029,115.86035948321918,1.1798197221721844,11.621474448210565,-2.599732382187892,2,D06_px-1055_py-0118,0.762880724988646,2.599732382187892,2.707191521754069,2.298071584905708,1.9781541221254475,2.5528607553752685
-153.53349148770684,-397.9279066982588,114.31046313803353,1.1797153822371262,15.764374335874948,-2.546009470156558,2,D06_px-1055_py-0118,0.7628132579648231,2.546009470156558,2.0375677670438592,2.5782080238061327,2.7997175432651864,2.0709486284661462
7.946392407613635,-392.5184203224436,114.46467172202829,1.149150399111424,35.95886140493144,-2.1575339880157807,3,D06_px-1055_py-0118,0.7430496991363003,2.1575339880157807,2.569780750529387,3.5885092076534906,2.3638759798154574,1.3753826392132045
-225.3070396756708,-380.1843960006964,116.9334361720459,1.18420896236688,5.500163782506036,-2.7127554268556286,2,D06_px-1055_py-0118,0.7657188422695757,2.7127554268556286,2.592372084333716,2.5578694938253372,2.1811816220456937,2.021118657558743
-44.95842939753752,-378.8826326587526,111.891795675313,1.1469665782382548,43.569456239921806,-2.2958841607852345,3,D06_px-1055_py-0118,0.7416376233592473,2.2958841607852345,1.7432647133020982,2.7298323474412607,2.596785943349145,1.2435361409572212
114.4288527262933,-374.6505466129295,105.10668432512624,1.179317435610482,40.17520675520348,-1.8813465081665472,4,D06_px-1055_py-0118,0.7625559425416819,1.8813465081665472,2.095817856191194,1.5362555322225202,1.7941091705408794,2.1869320367425327
65.07968794437139,-364.03698133956567,110.15522814327228,1.1410920561680291,51.23029004893084,-2.0008724530910875,4,D06_px-1055_py-0118,0.7378391111190514,2.0008724530910875,2.0791573414909887,1.7949534519167067,2.905416439355469,2.2584151052225865
139.41359025529567,-366.5396402156161,114.2705117567176,1.149364224536951,36.30010420798959,-1.8143224796218784,5,D06_px-1055_py-0118,0.7431879603406025,1.8143224796218784,1.735828577439652,1.9899204194227216,2.484858386374977,1.5463729790467609
-239.83723281750943,-355.1145697143161,110.3603767766014,1.193557803502317,16.04023330479464,-2.771786448028992,2,D06_px-1055_py-0118,0.7717638765821697,2.771786448028992,1.5586168278602786,2.263369458840525,3.1535224497481398,2.509016270558759
123.00048801705596,-347.146814404051,113.69484922691058,1.127401634623932,50.62609443550434,-1.8372591448738105,4,D06_px-1055_py-0118,0.7289867767185617,1.8372591448738105,3.137811187578003,0.8851677613119504,2.8309713067576094,2.0622151214140994
164.37066129268916,-325.8300256659191,112.07755083961744,1.1294082439393756,53.28695512556493,-1.7105606332100018,5,D06_px-1055_py-0118,0.7302842661066152,1.7105606332100018,2.979923830038162,1.9565128766177864,2.084578065412834,1.3951099226430228
-301.5703828769762,-321.4536702518115,115.7755993474796,1.1867573040675692,6.635655671917789,-2.9312706935233144,1,D06_px-1055_py-0118,0.7673666200847841,2.9312706935233144,3.0804246778152025,2.3297572522925556,2.827668084447917,1.8675056682944975
-248.2961713073753,-302.7301228202959,106.20772097948722,1.1754426001594716,39.876128644068615,-2.864707011944101,1,D06_px-1055_py-0118,0.7600504434196328,2.864707011944101,2.1976775957999317,2.055478642795012,3.6338552735476704,1.6591492309786724
-346.8397791380338,-276.0894985727384,114.2564822446828,1.1932971483195525,5.667093435143215,-3.0762661459683653,1,D06_px-1055_py-0118,0.7715953348879917,3.0762661459683653,2.7347485664925033,2.7893830760900626,3.385374728374545,2.696143081177527
-300.58288917508406,-270.0635735903901,113.90241727208834,1.1616153041285135,29.35483525865453,-3.0166051199613126,1,D06_px-1055_py-0118,0.7511096048978723,3.0166051199613126,2.7901654173255177,1.728313593977672,2.108824755014209,2.06713859843366
-305.40634854887765,-247.4254485522934,116.58898085784124,1.1426807834266743,34.81293445342567,-3.0676718098320817,1,D06_px-1055_py-0118,0.7388663946778082,3.0676718098320817,1.9709674270306954,3.1450671630886338,1.7435409687745833,2.3866747638357224
329.4855276188753,-240.0126412285603,108.77592077642156,1.1812435029980382,29.22170845363695,-1.236543223116863,6,D06_px-1055_py-0118,0.7638013528847897,1.236543223116863,3.1094962952613505,1.993184415555107,3.1620161374388474,1.3707150728190647
354.2022453006472,-173.344472391542,119.93002139390586,1.1331694332271909,32.650701909074826,-1.0621064404944265,7,D06_px-1055_py-0118,0.7327162807244293,1.0621064404944265,2.2110574108344707,1.8301481262274768,2.5581908808403266,2.5418120576610774
345.31391942766226,-140.59267192975517,120.4067671309604,1.1096789162556926,45.035924893021615,-0.9936297691013845,7,D06_px-1055_py-0118,0.7175271274319406,0.9936297691013845,1.5943351399945846,1.2274783328793055,2.318711105606053,2.6295546100187597
379.5506943658078,-132.80695616912016,118.31412698582815,1.1457317419786364,28.73803586007847,-0.9435703510422035,7,D06_px-1055_py-0118,0.7408391685078184,0.9435703510422035,1.9965164702521216,1.490077343351127,1.582390825201054,2.40736827556362
-368.72479706303113,-129.15596227561255,103.44393208638796,1.1839772079930888,41.43461664230836,2.871535044405838,19,D06_px-1055_py-0118,0.7655689880661118,2.871535044405838,2.3471793122094313,2.5818860870333866,2.8585911656116965,2.3049161244485585
-348.9854986713749,-118.01950109939158,117.28349804969729,1.1153568096724171,49.0038708419213,2.8607182487567018,19,D06_px-1055_py-0118,0.7211984980360734,2.8607182487567018,2.0324198423146917,3.0807507421197107,2.383491004381288,1.7172355525839689
-437.3352323743054,-59.73081417478109,108.41990143405708,1.2094924836351075,8.934748095398504,2.6703522739749825,18,D06_px-1055_py-0118,0.7820673662625967,2.6703522739749825,1.2577808052477948,1.9774687994360067,2.733668853236522,2.2331648969388103
-399.5971801064442,-56.66092171132032,115.87875037506774,1.154850752496393,28.854385624800045,2.6754692189752225,18,D06_px-1055_py-0118,0.7467355925328016,2.6754692189752225,2.101857723550899,1.3001709558950583,2.3151061542076645,2.092320314167222
425.0104075185751,-56.2091271320628,113.9281020734448,1.1826931513399408,14.591922391602282,-0.7384699733309092,8,D06_px-1055_py-0118,0.7647387069205513,0.7384699733309092,3.135255073209764,1.376342893869762,2.7673911155025865,1.96475022220378
418.04881604063615,-17.229316847067103,113.10412712694948,1.1766744353509178,21.10001214462932,-0.6481698691317745,8,D06_px-1055_py-0118,0.7608469577567443,0.6481698691317745,2.8844156504292418,1.7580059691013923,3.01414110357224,2.4975225487304042
386.7384064317662,19.201977128436912,113.37049963648492,1.147578460473084,39.59943836697767,-0.5573691982938852,8,D06_px-1055_py-0118,0.7420332712316653,0.5573691982938852,1.8846389508081502,1.9636801624724873,3.08412618914209,2.769462604301651
448.3835995836538,25.81930001626032,110.04565834520378,1.2103116456161396,3.659245162420064,-0.549459989654891,8,D06_px-1055_py-0118,0.78259704285151,0.549459989654891,2.2660066901586515,1.6758301692727158,1.9750779999982455,1.8418157366083845
417.3489818386668,50.78645775324538,113.49673400958967,1.1771565896131853,19.734493443740064,-0.4858866777573711,9,D06_px-1055_py-0118,0.7611587225003255,0.4858866777573711,1.0050220605416165,2.0326657672820536,1.821150097117017,1.303931474320848
-432.65881233619,56.61410094237751,110.67701038729686,1.198747416779587,11.188810070986676,2.4045007548906656,17,D06_px-1055_py-0118,0.7751195214022829,2.4045007548906656,2.000554092749129,2.0988595378428334,2.2906489368190663,1.6938551433769697
-432.2218588232108,86.49156089949368,107.3925391279821,1.2121793265968324,9.66441411209479,2.337112585227106,17,D06_px-1055_py-0118,0.7838047000840702,2.337112585227106,2.526471964571634,1.3097879518876483,2.300778659439274,1.6229486441012475
-421.3784845879645,98.8810256098181,113.19249482633003,1.1882751718264015,12.390623196325125,2.3041226037123543,17,D06_px-1055_py-0118,0.76834808533285,2.3041226037123543,2.195416391697803,2.2492540259963576,3.300484053582233,2.086786449800897
376.6603511000445,100.10950311037864,116.12094799285596,1.140995559096841,36.96901877599476,-0.3472033504974806,9,D06_px-1055_py-0118,0.7377767153527799,0.3472033504974806,2.482911644333156,1.532089435415482,2.2555138886108064,1.8925929492716445
-345.45211115606713,135.01066707524788,114.27678037797408,1.128153293912625,48.847314485880986,2.162042807272348,17,D06_px-1055_py-0118,0.7294728055349362,2.162042807272348,1.781233828814539,2.558287616503298,1.8079013107206556,2.3457091830852583
-404.3230163435345,160.6606812771506,106.76198467722878,1.209817656862187,13.36470522999508,2.1563870527817626,17,D06_px-1055_py-0118,0.7822776258323931,2.1563870527817626,2.4400055566938725,2.613138371411744,3.133584982967957,0.5721738914754726
356.84182844668084,206.18029277639505,108.4602690289364,1.1860878874732723,26.639156936047243,-0.0830496495833024,10,D06_px-1055_py-0118,0.7669337700423755,0.0830496495833024,2.1200968903352324,2.2389012385634923,2.669659678240884,2.4455912824426322
369.1346301576716,213.0250298357584,111.0348602713528,1.1895905547887635,17.19513944687384,-0.0835736915912203,10,D06_px-1055_py-0118,0.7691986223166842,0.0835736915912203,1.8687211468056548,2.0394348813656418,2.7980733904267483,2.044886278630487
-363.8727832172094,231.29103553419,114.3765302078863,1.183311848043053,12.948836571004447,1.9684012074553223,16,D06_px-1055_py-0118,0.7651387610818339,1.9684012074553223,2.0197527656372682,2.358067129711506,3.074096713731226,1.8738437480242514
312.61430264626034,260.5617481388811,107.78070678805652,1.1838866613644174,30.00218337958984,0.0878528063773705,10,D06_px-1055_py-0118,0.7655104399028392,0.0878528063773705,2.299527563546764,1.8368901237001594,2.294938248176325,1.7105824033829666
272.48212764297216,294.589980950485,120.26055737380918,1.1387836505529612,28.41979918434629,0.2173848627717316,11,D06_px-1055_py-0118,0.736346477866618,0.2173848627717316,2.5608046372235735,2.3125518602165727,3.135969929723961,3.148522480389869
247.46998138432795,331.1251401703286,120.1439852590218,1.1503294444809793,21.30803487566976,0.3220068535565217,11,D06_px-1055_py-0118,0.7438120791587878,0.3220068535565217,2.2626266462755487,2.1477032851241935,2.831759086254604,1.8129722573881228
183.7872589772688,339.1252288920607,117.68851971102043,1.1319269813423702,38.6751343475799,0.4671787881184864,11,D06_px-1055_py-0118,0.7319129015497614,0.4671787881184864,2.5998341656511403,2.071404629887792,2.9025871945446715,1.615800209760534
-220.42623425209345,348.6103944210834,115.96709426903293,1.162538673671458,23.54327224992113,1.5276480921082,15,D06_px-1055_py-0118,0.7517066629170898,1.5276480921082,2.1582905023979606,1.8446892364341418,2.3575907116032315,2.1990833997518644
-9.30361925174662,375.5595722466576,117.70379898005773,1.1216358941756026,44.56776742252555,0.9885844149946288,13,D06_px-1055_py-0118,0.7252586035318823,0.9885844149946288,2.0908688452634,0.9022025864783096,1.9991714156622424,2.526691993671214
16.28721964126061,381.773222018093,117.88944189456224,1.1276445266274169,40.70806320358446,0.9211806216989294,13,D06_px-1055_py-0118,0.729143832601109,0.9211806216989294,1.9604264591837386,1.5898419019244754,2.8081593402887726,2.4154230593719226
184.9675606423168,388.1453762418562,94.96636161151493,1.2432370747575738,20.47256022976461,0.5191111048310825,12,D06_px-1055_py-0118,0.8038868846654222,0.5191111048310825,1.8131260287231181,1.6628888394304848,2.1538731962668316,2.176625852063886
23.31838653050708,393.2286791129692,117.66187305888326,1.1400446149863437,33.85546712862646,0.9045863458401324,13,D06_px-1055_py-0118,0.7371618274009967,0.9045863458401324,2.5774730241984485,1.3699557956953665,3.047035257025386,2.2677454517590583
133.1909479728166,393.966350520592,115.10936647321692,1.1682215184750029,21.839105094351623,0.6378030650901693,12,D06_px-1055_py-0118,0.7553812351269393,0.6378030650901693,1.887475094767983,2.368244070261591,2.1100273368141114,2.197944749768152
215.4927326617096,389.19988856843895,115.29517610514203,1.1914003309191397,4.337764270198363,0.4581515805081989,11,D06_px-1055_py-0118,0.7703688378169529,0.4581515805081989,2.4153922742785285,1.2584540387307988,2.803772697771976,1.6086533209062732
84.63106090915674,425.1715084154749,110.88855634067464,1.1958848606236183,12.827012969433383,0.7673333426460617,12,D06_px-1055_py-0118,0.7732685700454387,0.7673333426460617,2.6444433482269387,1.739049582053662,2.4346829648348605,1.9330214995390436
121.23779021521028,-410.6341301870791,114.10809622262585,1.1816865542176598,14.856703749192263,-1.8906868774502572,4,D06_px-1055_py-0118,0.7640878332930081,1.8906868774502572,1.9191479377324157,1.5520270125261375,2.22705645457578,2.6930462389578658
183.71029410057184,-395.01119822280464,110.0958911496889,1.1999803237206548,11.827238520192736,-1.7424555616197113,5,D06_px-1055_py-0118,0.775916728741141,1.7424555616197113,2.3897243586206294,2.1465683085761977,1.9622221083726212,1.662743485827094
-95.32219004694235,-397.1894103016337,113.2481772555672,1.1676215698944103,26.99621855603272,-2.413313058620566,3,D06_px-1055_py-0118,0.754993303649344,2.413313058620566,2.2094958756585537,1.24848643029389,2.2313543046301167,2.249308924276641
161.5003412883536,-392.2797625222867,114.27223106014144,1.1779278227739935,17.158242381314665,-1.7872268378523453,5,D06_px-1055_py-0118,0.7616574079365795,1.7872268378523453,2.4150110004099936,1.8570438228333792,3.608122498281107,1.7819498415648525
95.39840072939435,-385.61794491630206,114.16051397466026,1.154509531703098,33.32493718501144,-1.9352542485384523,4,D06_px-1055_py-0118,0.7465149564802946,1.9352542485384523,1.6600232082442057,2.4751624923632423,1.4739076007390919,1.5245423060087668
-211.3540357842053,-380.9242488713185,114.81350440596027,1.185581140921593,10.092623383278465,-2.6843314702546066,2,D06_px-1055_py-0118,0.7666061037307641,2.6843314702546066,2.7565516754419326,1.2385636927034143,2.316700774829783,2.3390713283583144
-90.25796908813872,-376.7414781635478,116.75254939500525,1.1366488567744453,38.08267259924844,-2.412919272329268,3,D06_px-1055_py-0118,0.7349661033951208,2.412919272329268,2.605036211522169,3.065917939173115,2.3032950321327696,1.6737972243712036
105.7931396739003,-366.9736295220945,109.7667534510698,1.1544751300354654,44.21182687564186,-1.8971007492405416,4,D06_px-1055_py-0118,0.746492712091045,1.8971007492405416,2.054601310276341,2.5817592030209484,2.2468593570478967,1.4389747826781425
232.5957085331445,-339.41369920020543,112.30399104151736,1.1732497494489371,25.570691856203325,-1.5769929669769556,5,D06_px-1055_py-0118,0.7586325288786177,1.5769929669769556,1.2957810735877875,1.7210881550938741,2.539379708043775,2.227270138744963
250.01508084814893,-337.5068363565589,114.17538403995688,1.1746968280594652,19.716880807821383,-1.540207896879667,5,D06_px-1055_py-0118,0.7595682213058325,1.540207896879667,1.973806759380432,2.214208820844695,2.8065757339288604,2.288753728693194
141.5573011117469,-327.33090333951145,115.80789504650475,1.1074815106637828,56.51707849099546,-1.7696041001663487,5,D06_px-1055_py-0118,0.7161062676687524,1.7696041001663487,1.8548785210373349,2.8111070793140094,3.8903582644017005,2.188262356276523
-246.7183855268945,-323.66601079430785,116.62212663552114,1.155570986878956,26.54313410711643,-2.8290787355712124,1,D06_px-1055_py-0118,0.7472013017573601,2.8290787355712124,1.5452990209997135,2.806274511925701,3.0208959802748887,2.656712931615602
-321.6659333461029,-298.2205444676141,114.28014587260174,1.1895828779892117,8.478073553884087,-3.0009780711395035,1,D06_px-1055_py-0118,0.7691936584376292,3.0009780711395035,2.4843923856552497,3.168862002457791,3.082839489565682,2.1771374769064096
-275.18158019924977,-271.9216917578239,112.35741313658778,1.1505953983144075,40.22020935611744,-2.96913240325067,1,D06_px-1055_py-0118,0.7439840470022187,2.96913240325067,2.036206961497962,2.435008694726497,1.3202652706781637,2.0958764716473812
-342.50611572156805,-229.4174906448302,110.9588724801844,1.1782006658762856,25.621968607702968,3.1247957152805945,19,D06_px-1055_py-0118,0.7618338304355199,3.1247957152805945,1.8343322982067083,2.9283480727630486,2.4258923450894825,1.614810311447311
356.1987210032377,-224.21597965972828,103.8785150311185,1.2079108848956273,23.006294341234764,-1.1687859103867515,6,D06_px-1055_py-0118,0.7810446920604784,1.1687859103867515,2.2851723301804157,1.6766535528189588,2.6209394028986024,2.036477765583262
-346.6502149356351,-216.91812028082245,113.95648814608006,1.1657723160438904,26.44419282958393,3.0937552053951105,19,D06_px-1055_py-0118,0.7537975615442915,3.0937552053951105,2.982326458095244,3.034603828997871,3.3990780661826934,2.4708350245961217
373.9143498230877,-195.2995661883364,106.16253949100386,1.2013970219048902,21.60989276021116,-1.0883161900182332,7,D06_px-1055_py-0118,0.7768327769454292,1.0883161900182332,2.043446699849453,1.9950328789408853,2.7662668674637416,1.5648986371936733
-366.5625370777461,-190.1281036043072,109.8548254362577,1.1823142765603023,25.62418996107664,3.0130916205360547,19,D06_px-1055_py-0118,0.7644937235038999,3.0130916205360547,2.3868672068425782,2.162431091260357,3.571302278152505,1.6637139886775598
351.4801323928553,-142.8747534230592,101.70295149713796,1.1796515020741176,48.87996763112858,-0.993072078667363,7,D06_px-1055_py-0118,0.7627719525482815,0.993072078667363,2.8471511967291687,2.2647454248987824,2.0936284464346064,2.2905270974349374
-350.2732040551252,-130.62008550819942,109.403603336046,1.1477482287338114,49.157944560873375,2.8915494659923406,19,D06_px-1055_py-0118,0.7421430447262,2.8915494659923406,1.5455504022581237,2.5367310451619844,2.7845733109445105,2.091068231359841
-409.4017470209192,-124.6137419351082,114.93751714582982,1.1789639332545316,14.66781688981115,2.8300834903461145,19,D06_px-1055_py-0118,0.7623273651340283,2.8300834903461145,2.4730670811394635,2.4552402112643685,3.1187685071929137,1.5382891497310558
403.2793944289887,-123.8660892263966,113.4937486273512,1.1783802772740626,18.867633062756283,-0.9049803160737576,7,D06_px-1055_py-0118,0.7619499685799985,0.9049803160737576,2.221067905461812,1.752378401330547,2.018689052229309,2.8715443922404402
376.6680739509479,-99.47407441592672,112.7663321500924,1.1518451151740543,38.4422827449734,-0.8651742929127042,7,D06_px-1055_py-0118,0.7447921237668303,0.8651742929127042,2.837672262740257,2.754169825009735,2.4072782478905794,1.7961027902397924
-423.26437355837294,-73.40321073751441,104.51141106131374,1.2126513088428628,17.497773278983857,2.706326940253538,18,D06_px-1055_py-0118,0.7841098875218345,2.706326940253538,2.318732689684862,2.5509479512453215,2.6669345266523825,2.1430167823098354
-371.4227250723175,-66.10608825300189,114.13911132212884,1.135161920034757,45.162858426094886,2.710749476088315,18,D06_px-1055_py-0118,0.7340046383876557,2.710749476088315,1.9947484425169282,1.9626137111886235,3.1036896139703574,2.3359319032983934
-419.01765324782286,-25.758344505414136,115.9116333040892,1.1691134895345352,19.17027342515246,2.5960090347192777,18,D06_px-1055_py-0118,0.7559579906394782,2.5960090347192777,2.8898592362747504,1.4754177436648046,2.2953512572629062,1.342188026784569
-375.9570694669265,-5.658749838631995,115.88980739163829,1.1280161732192096,45.15969891930462,2.5496635703999986,18,D06_px-1055_py-0118,0.7293841422145679,2.5496635703999986,2.2318860614658877,0.7558093741810485,3.0277972048926114,1.802697071236273
431.90580423834666,0.3444075295411808,117.17394698674188,1.1754000963003348,11.433366286924525,-0.6061821184785121,8,D06_px-1055_py-0118,0.7600229600895412,0.6061821184785121,2.8888820941760436,2.250287613682766,2.7585121159814143,2.6728501059850984
-370.4464237417832,7.64777012918155,111.71653606468811,1.136477052626295,50.15339192151606,2.513971313898818,18,D06_px-1055_py-0118,0.7348550134797432,2.513971313898818,2.7503421838860396,1.8682860814408517,3.143553664847901,1.436774754350749
-407.26338334833,53.41353864672381,113.27089016016129,1.1695574927920516,25.62147161912736,2.4042051130792355,17,D06_px-1055_py-0118,0.7562450866428979,2.4042051130792355,2.5034584292532447,1.6844426407072155,3.3090784474529475,2.2088684802434484
444.0686502206764,55.35800080017443,105.50676564254492,1.2228373062956728,6.221604506391088,-0.4829584271869268,9,D06_px-1055_py-0118,0.7906962337029488,0.4829584271869268,1.8084004970154055,0.6558756229666745,2.0906635073601603,2.0674644101818878
-398.80378555903656,99.17921218181672,107.7762363185293,1.1872957274203273,27.602348733836664,2.2908661292676387,17,D06_px-1055_py-0118,0.7677147688654695,2.2908661292676387,3.717663032547313,2.4369669765552335,2.6687653117650774,2.2914985054336183
327.1735955542693,210.34007532312617,117.16160987936698,1.1368398263829176,36.99541868242568,-0.0356113584324337,10,D06_px-1055_py-0118,0.7350895858480958,0.0356113584324337,2.104751355448601,1.8472037539949293,1.7262678866273427,1.5669895117263684
-388.7135284862677,214.44880798628856,117.3862101114676,1.1844462067369008,4.117698199485062,2.0304744336469414,16,D06_px-1055_py-0118,0.7658722463478427,2.0304744336469414,1.942849010072938,1.349876160753514,3.6297756336053544,1.5770273169535822
-376.8475787620633,236.6034090741944,110.5166309002833,1.2058080248810554,6.020041004811105,1.97396764614931,16,D06_px-1055_py-0118,0.7796849662122678,1.97396764614931,3.338183484265116,2.29760577498758,2.2148585214697816,1.8663359537920614
-326.15318247425023,231.7489013096532,107.281816696277,1.1795480933393898,34.31730618850065,1.9168401144220464,16,D06_px-1055_py-0118,0.7627050876459266,1.9168401144220464,3.482802030637841,1.9813919991527214,3.0629114336143854,2.3559875575214457
353.60751854447227,251.0882275822537,108.7128994204238,1.2027223280775332,13.511790971597918,0.0104769153203769,10,D06_px-1055_py-0118,0.7776897303551894,0.0104769153203769,1.875653214104182,3.154682152811732,2.01052379710253,0.6482394135608851
347.17063541928786,293.9999990164104,114.09497188594652,1.2025568436653953,1.3099241172926668,0.0956805117770015,10,D06_px-1055_py-0118,0.7775827268308937,0.0956805117770015,2.6667552811374793,1.0076127058630173,2.7128290847971184,1.9565737525022784
272.0579190428998,315.64563310255045,112.0651885935633,1.1785052891648204,22.514651839416786,0.2524492492669616,11,D06_px-1055_py-0118,0.7620308022531956,0.2524492492669616,2.883812955947694,1.960722902805879,2.560836423457962,2.4953280442009067
-257.2456605725189,316.8173412669603,106.4634943857516,1.1891317489631827,29.809599799017803,1.6458130383656564,15,D06_px-1055_py-0118,0.7689019548561644,1.6458130383656564,2.74881477410946,2.6249374231230043,2.056559606136051,1.3912512116667086
169.846207960866,335.70327998379645,113.16941522394006,1.1373701330521797,46.18176469477135,0.4954273221696793,11,D06_px-1055_py-0118,0.7354324863173033,0.4954273221696793,1.6931644288945549,1.6943582900545082,2.203291159083694,1.527760180109512
197.1754411007064,335.01278548745506,114.65679108729046,1.1448103320002827,38.17158130740097,0.4318508272677214,11,D06_px-1055_py-0118,0.7402433775584993,0.4318508272677214,2.566165162664483,1.6662993665883667,2.372060795475771,1.0766871907122932
243.76722407114244,345.53272537964784,115.6763458415488,1.1724447713808634,17.43173138363801,0.3494208989599421,11,D06_px-1055_py-0118,0.7581120237195401,0.3494208989599421,2.536843357698459,2.2000784302521588,2.6255881989384804,2.3032728089641483
133.40965590277776,350.56070584681964,111.3585449016303,1.1423445484636725,47.60909766535315,0.6001798546923663,12,D06_px-1055_py-0118,0.7386489825024386,0.6001798546923663,2.8226740821107152,2.3340898075383114,1.829198289382063,1.9134357060748572
-160.15563875930283,352.21127626639634,108.66460716860502,1.162947605256072,41.67792398286901,1.390584529944345,14,D06_px-1055_py-0118,0.7519710813005753,1.390584529944345,2.438558415630907,1.9223983497198298,2.80053381852873,1.956182752887132
-237.3369616502308,373.2912968430104,101.17881546395348,1.2324377589321915,10.832578228031878,1.5301415956411448,15,D06_px-1055_py-0118,0.7969039619939138,1.5301415956411448,1.617759663751537,2.151297074850379,2.023953184064993,1.8218329796221253
-119.24929445504002,372.0514996173331,114.8599826257104,1.1460393509642208,36.92474479820396,1.2739897767150348,14,D06_px-1055_py-0118,0.7410380709007226,1.2739897767150348,2.1708793929677155,2.954217169349061,2.2165403121111344,1.9510315215021135
-189.75796331613287,379.5871678200982,114.29683318528905,1.1779781314852318,17.05773213481814,1.427389328861373,14,D06_px-1055_py-0118,0.7616899379455135,1.427389328861373,2.7997914465191096,1.6080394477278588,2.2496754380167485,2.4129024303769686
-23.694860634867347,378.9449762518594,116.71567136099388,1.12904232980024,42.64121342026255,1.0262639931897255,13,D06_px-1055_py-0118,0.730047663142195,1.0262639931897255,2.8032442255687187,1.78837461037201,1.7302383320004324,2.066500925362041
44.440522960658896,380.6576343121939,114.4345750144036,1.1401715285330416,41.50881031736071,0.8475962093477197,13,D06_px-1055_py-0118,0.7372438906999026,0.8475962093477197,1.4757017388345528,2.1767253387086796,3.5453670363107026,1.6352507138208665
40.46930363913405,380.7235891765196,115.746657139113,1.1354571122143484,41.17930198963074,0.8579186794673238,13,D06_px-1055_py-0118,0.7341955119760063,0.8579186794673238,3.017781928329871,2.511330226593211,2.9356147775299917,2.0208129016803897
-73.00547368101425,392.6584631957665,112.68332188240942,1.161275255075635,32.64087951062322,1.1476439075746925,13,D06_px-1055_py-0118,0.7508897265019474,1.1476439075746925,2.7504569269659123,2.8292018918788795,2.0119126195652277,2.245316997121077
10.999851600459683,395.0308284618135,109.20189770516367,1.1688190708233182,36.5255844799666,0.9359784362115224,13,D06_px-1055_py-0118,0.7557676171818707,0.9359784362115224,1.5822781357431106,2.0448494100551975,2.9908870316858254,2.3009825349665096
-6.427630493952934,395.1949602509391,106.66021955589572,1.1772857820719045,37.47216350368046,0.9800798156419332,13,D06_px-1055_py-0118,0.7612422593616938,0.9800798156419332,1.5654848681765245,1.3568738460966345,3.39890802289777,1.7743462617928483
59.6259380346654,400.33662136082665,111.93737882589492,1.1685250049453908,29.73149594123845,0.815964167733699,12,D06_px-1055_py-0118,0.7555774718690472,0.815964167733699,3.122971037234885,2.1273589824959416,1.7440885325635693,1.435930779421676
119.64594408323924,405.8386959346493,108.82833689901328,1.1939932208979251,19.87431541955237,0.6771267967862095,12,D06_px-1055_py-0118,0.7720454208996546,0.6771267967862095,1.4670505851684588,2.1008502928981097,2.451462647579235,2.961885738274009
67.87649003761308,416.7918640214186,113.1849009300025,1.1796841924895125,18.73960817477041,0.8023793911281022,12,D06_px-1055_py-0118,0.7627930904283557,0.8023793911281022,1.8059376672267322,2.2910429575159172,2.643232099708526,1.6366995369611843
0.8649356941785195,422.8072769794674,98.8035591296385,1.2256710072433763,23.59750353597957,0.9617711005401562,13,D06_px-1055_py-0118,0.7925285270548561,0.9617711005401562,2.987614614583768,1.5804677806846965,2.753773033660078,1.7880377118475432
-27.567903022708588,-445.95243724965246,109.94019708134256,1.208914585655568,5.108821718111301,-2.2395153276615307,3,D06_px-1055_py-0118,0.7816936928773198,2.2395153276615307,1.9171474818122376,2.289743363250694,1.7470127944027762,1.5370453098576053
6.284179278565821,-423.81649940061743,104.60076774919423,1.2079456272421425,20.94466131239693,-2.1629493504424264,3,D06_px-1055_py-0118,0.7810671567353769,2.1629493504424264,2.78825526143958,1.9331177201750016,3.665253552678392,1.647167624055553
-38.50184080958448,-421.0861870056121,109.00927485363482,1.1932097996925293,19.967852779322016,-2.268956907972891,3,D06_px-1055_py-0118,0.7715388545777732,2.268956907972891,2.844892319126722,1.19320025294867,3.0810665531901478,1.2785828388222484
159.4179346577435,-406.5992417242811,115.36899280680508,1.1847812610443575,9.218701368554832,-1.8041188473370091,5,D06_px-1055_py-0118,0.7660888951020376,1.8041188473370091,3.001242643494142,1.91140768340985,3.557515599977826,1.5307347916858958
-42.137043335769526,-399.6486642859401,113.5607516928983,1.1606995021676405,30.81498199531848,-2.282822967075418,3,D06_px-1055_py-0118,0.7505174401368268,2.282822967075418,2.2521181274125843,2.293881496302984,1.7604721366345584,2.22900423780308
33.699203696511056,-399.219244710568,105.03487885428322,1.1874174582957868,34.84414888941126,-2.093562727115533,4,D06_px-1055_py-0118,0.7677934810083324,2.093562727115533,2.95058501750724,1.5687101737545799,2.7822342249133047,2.504214284916498
-205.77241322050247,-395.3002589858456,114.04014817719728,1.1957450212659544,4.331199878797577,-2.6577257253982367,2,D06_px-1055_py-0118,0.7731781488153543,2.6577257253982367,2.6387678085976867,2.259129014032885,2.15753700557379,1.9364677064540774
129.05736221079923,-379.2347057162016,114.21203693236173,1.1574405178199243,31.31137740668441,-1.8497595018923063,4,D06_px-1055_py-0118,0.7484101551888053,1.8497595018923063,2.2007274958840184,1.2010629244997688,2.7448533658352767,1.9403272409485965
-103.80157757271245,-362.5781987915363,109.5224243283404,1.1506331724135554,47.14696750044652,-2.4566053174991582,3,D06_px-1055_py-0118,0.7440084720322485,2.4566053174991582,1.830218668385919,1.0998746427304047,2.21090189266327,1.724056182532835
-146.96557444224686,-363.084830559594,114.58577134353914,1.1478989501625405,36.44171936272602,-2.562386884426969,2,D06_px-1055_py-0118,0.7422405023891457,2.562386884426969,1.2774248902096377,2.4205326880107556,2.7901254205178923,1.1694204857182084
-147.15445103559344,-349.0550079761527,109.4373791025124,1.1525564184242445,46.1950381210192,-2.576745785406581,2,D06_px-1055_py-0118,0.7452520580508519,2.576745785406581,1.7095761574359112,2.2246494596613893,3.025751332938493,1.5247198221732758
-269.81701701420786,-319.406992416828,105.27132278079998,1.2012462932113293,24.191719764385653,-2.8792103933145583,1,D06_px-1055_py-0118,0.776735314584986,2.8792103933145583,2.8674331813989093,2.754781272922486,2.3489401066021816,2.207048117140287
-299.5284176080449,-305.9802523844262,107.11863888717934,1.2033948347781966,17.42240371610393,-2.9525191942007387,1,D06_px-1055_py-0118,0.7781245784847132,2.9525191942007387,2.60488845685937,2.2521838112691936,3.1643539140591823,1.9910238529462068
-259.1868528242242,-298.11831069238707,112.46896650433312,1.1579577620418728,35.32017123039731,-2.893430697614729,1,D06_px-1055_py-0118,0.7487446093766957,2.893430697614729,1.889105182355377,2.783918944675773,2.6011846534427185,2.316002048048194
234.85466065759448,-299.0110259401646,107.26324369432028,1.1613128111996838,46.23003987884471,-1.511977391118048,5,D06_px-1055_py-0118,0.7509140105875612,1.511977391118048,2.892518215782985,2.063313281806217,2.355397210704076,2.236677303878866
-322.6587980297285,-283.2963932565064,108.21144084574452,1.2009194260211504,16.304351160407464,-3.028042149512988,1,D06_px-1055_py-0118,0.7765239596853073,3.028042149512988,2.1905398278971298,2.2705151177600604,3.041850359111171,2.0172057620085906
-289.86758904334687,-260.50096404803367,114.4815856093356,1.1463427743547865,37.656459346467045,-3.016481578492636,1,D06_px-1055_py-0118,0.7412342668549207,3.016481578492636,1.494882955210091,2.639746181614941,2.5170642305318394,2.3670657214778013
-341.45994342280727,-247.0754226368717,108.9075801940825,1.19241866412664,20.83166115966077,-3.1221918568297458,1,D06_px-1055_py-0118,0.771027300089636,3.1221918568297458,2.1533665189528746,2.6081219964623914,3.5691255775597135,2.5028990127748862
-316.5735767253286,-232.94641821711545,114.45821839211668,1.1495935678359857,35.698013625008855,-3.114197458528056,1,D06_px-1055_py-0118,0.7433362555241384,3.114197458528056,2.029388352783691,3.1166834708987867,2.4621382884132954,1.5166618444401525
-372.3873229110454,-228.99908551908288,108.88676883378793,1.2048627968737258,11.33889713977419,3.0859518353422346,19,D06_px-1055_py-0118,0.7790737743378147,3.0859518353422346,1.8891219995164596,2.8741553724220794,3.2867141562645723,2.040959412794674
-383.9019666676201,-208.48243419079407,114.6110150034709,1.1871738028496197,9.428328384387612,3.03211377992434,19,D06_px-1055_py-0118,0.7676359314777337,3.03211377992434,2.8394537162401416,2.3024605409259937,2.8962865172707932,2.408183519402117
347.3320405977615,-182.8948586425008,106.56571048178115,1.1751641022432575,39.13112741559348,-1.091657016738251,7,D06_px-1055_py-0118,0.7598703644734714,1.091657016738251,2.0508786965535526,2.22024471649146,1.7646421698829573,2.178160069626154
-406.9864507552031,-160.79698666059173,114.64870120178702,1.187647697715597,8.967531792382601,2.9108810956269813,19,D06_px-1055_py-0118,0.76794235563062,2.9108810956269813,2.3465563448057685,3.3252254177491825,2.57041410979364,2.1188207996454698
366.1271056338446,-143.49096647462918,110.7939598189078,1.1617864106196374,37.05789104119549,-0.980497329455154,7,D06_px-1055_py-0118,0.7512202437027217,0.980497329455154,2.717785895185896,2.231474406860473,2.100540732074268,2.6270674301764068
-359.85200460485544,-112.60141784596384,108.79076645279318,1.1530389668428014,47.495924992040045,2.8378717913146625,19,D06_px-1055_py-0118,0.7455640776589944,2.8378717913146625,3.415127453621327,2.7870799021267083,2.2375913188450554,3.0642257729040407
394.3810482034211,-92.26750823830666,111.22602711000845,1.1710627471811292,29.842858890649097,-0.8368011685331589,7,D06_px-1055_py-0118,0.7572183959867337,0.8368011685331589,1.7012490678327594,2.2847955387508008,3.4410470887750577,2.369724723193828
-428.86905435812105,-85.4073794064103,115.72737391459958,1.1841428887244785,8.748827715001369,2.731186995436852,18,D06_px-1055_py-0118,0.7656761185319821,2.731186995436852,2.5156071721481963,2.1202200858084344,2.4887609889894136,1.3428034738566768
-443.9686372169365,-70.86019564409797,114.990483796949,1.1959144373739286,1.6017773212317366,2.692884496624932,18,D06_px-1055_py-0118,0.773287694605145,2.692884496624932,2.004641628249802,2.2794198988552745,2.216112189442878,1.7872188261690072
-414.7027053086658,-39.73344133690716,108.44993674197995,1.1898651418427946,23.94326371509777,2.630133413639213,18,D06_px-1055_py-0118,0.7693761724685549,2.630133413639213,1.7433180583023247,2.393984097573047,2.5600932060505674,2.6744064387753257
-366.9042182148099,-22.908899840260275,113.6591537346108,1.126812474959288,51.03749944855559,2.596970537273399,18,D06_px-1055_py-0118,0.7286058214389957,2.596970537273399,2.4948978562431146,2.1638142083488288,1.8583303834529838,1.46329994029163
-389.1212835395624,8.603069572336345,112.71203128766874,1.1516753992910669,38.681315184363655,2.5125077561489744,18,D06_px-1055_py-0118,0.7446823841401549,2.5125077561489744,2.5585153765804023,1.1148781471036344,1.651090431328572,2.754370593730416
-371.2105966293738,31.765751304124542,111.1649700147044,1.14045076623447,49.17936684968055,2.449247692124785,17,D06_px-1055_py-0118,0.7374244479970105,2.449247692124785,2.0176148285629347,2.2057170181418106,2.0197360035995184,1.2214159000774294
-417.5437092036945,78.14713805024195,109.52971345703445,1.193155149954231,18.59714809745828,2.3495944374691526,17,D06_px-1055_py-0118,0.7715035176265509,2.3495944374691526,3.541383408102428,2.618822738961133,2.1299237807927027,2.2908131944627264
438.8732565524704,125.79744799568664,105.2577007573952,1.2299447198406137,0.7743001494243913,-0.3278267225400266,9,D06_px-1055_py-0118,0.7952919432813377,0.3278267225400266,1.399882034124118,2.6635331357654346,2.457702620963897,2.790059834835749
-422.4358974611424,147.5513529850569,111.5570241326372,1.204547787890585,4.132422985778192,2.198573663074441,17,D06_px-1055_py-0118,0.7788700870482058,2.198573663074441,2.6137567149319354,1.5226947074598065,2.448794142094263,1.6538289075125947
-391.9714326402616,156.07221180183743,113.98134226000238,1.1768861102561328,18.664420213005315,2.1556832414756286,17,D06_px-1055_py-0118,0.7609838284176745,2.1556832414756286,2.992327052673006,2.5400371183895496,2.635501278958067,2.0688985486263327
356.991428558048,166.81320320673,108.8379183753284,1.1689796962251575,37.35075868447916,-0.1698528678378726,9,D06_px-1055_py-0118,0.7558714788318363,0.1698528678378726,1.8284301346191392,1.9477167138444447,2.912804038919127,1.9317936887740228
414.48562279763513,172.81081830116494,109.24503596478608,1.2126723110987865,3.9763824113070414,-0.211965436455367,9,D06_px-1055_py-0118,0.7841234677459351,0.211965436455367,2.0474205435163952,2.9749806922068407,2.173493186500358,1.4229023903856686
-402.2049140463873,182.927519968996,112.34582896285151,1.1979224889063145,7.249990427362604,2.107764955597258,16,D06_px-1055_py-0118,0.7745861165420328,2.107764955597258,2.6114584295333128,1.777137219815235,3.3147581715970467,2.533260745450029
384.9059890852656,194.7782578035369,110.2162521879266,1.196278736345158,14.361380844723383,-0.138510714494038,10,D06_px-1055_py-0118,0.7735232531892755,0.138510714494038,1.8615709887456582,1.7841681573776198,2.415390964286209,2.830387821210973
327.93552226783834,270.28857195758,115.38275010986962,1.1751192883240382,16.28511988545,0.082351783846907,10,D06_px-1055_py-0118,0.7598413874403357,0.082351783846907,1.8816365352796063,1.9437469652304333,3.131152228822487,2.024257018659034
-310.3866068167764,287.2330622859926,111.98837158082743,1.1839245754157202,18.823360117801656,1.7879385338008014,15,D06_px-1055_py-0118,0.7655349554270345,1.7879385338008014,2.3782990250844547,1.7727848538404385,2.265982392330864,1.4086302886275148
-228.97035633452512,298.85386719269155,104.18993656077528,1.1682823571860113,49.67182360244408,1.6175813437025877,15,D06_px-1055_py-0118,0.7554205739166622,1.6175813437025877,1.9795241538071418,1.9086723776029333,2.083839290256985,0.8822713196477103
-111.7096954155531,344.1215032810781,103.244090569564,1.157110851709941,58.80925753398958,1.277707516649674,14,D06_px-1055_py-0118,0.7481969904855359,1.277707516649674,2.1035250169259743,2.6090737538537914,2.2319783125288706,1.7034585973848249
159.2319773917488,353.64107366496404,104.6782163348314,1.1772250674280325,42.68118092410958,0.5407430352088177,12,D06_px-1055_py-0118,0.7612030007947584,0.5407430352088177,2.1849220692322486,2.257221717605783,3.5158861605173275,1.71960902081955
-70.0369407597419,363.952130226113,111.1005023582214,1.1386910569662845,50.35047764152012,1.1539273508856651,13,D06_px-1055_py-0118,0.7362866061241766,1.1539273508856651,2.494017338134204,2.1680236457181437,2.0007148041642564,1.7267881945673236
96.93161910144951,364.28672825965873,113.40294307539897,1.1373317382578687,45.64812343831579,0.7037565445929373,12,D06_px-1055_py-0118,0.7354076599408923,0.7037565445929373,1.7889783785647886,2.7819576599342697,1.8212238002791743,1.954104182522558
-30.107823335308343,366.997043179638,110.76717642594107,1.1373619994770643,51.906252629221626,1.0456718141827377,13,D06_px-1055_py-0118,0.735427227083571,1.0456718141827377,2.100064352562895,2.070667944412527,2.17978679063841,1.3280215917951277
96.75771557135128,369.3330338125128,106.40440082119298,1.165745686606268,45.62671248133245,0.7075953919146208,12,D06_px-1055_py-0118,0.753780342740183,0.7075953919146208,2.200621680491239,1.5079376647816225,2.9192503215328878,1.366284919741982
228.57350353280768,374.6615543546162,109.80872518802316,1.203352862838987,9.966457964853248,0.4160185126630412,11,D06_px-1055_py-0118,0.778097439098236,0.4160185126630412,2.1833538158254164,2.926509048440135,2.3578882674359747,1.8848006199689444
47.14124634084678,391.995086285635,102.4334028096205,1.191028071526934,39.323541220074105,0.8441317757376906,13,D06_px-1055_py-0118,0.7701281319619203,0.8441317757376906,2.4203703559319427,1.5190082140055734,1.6008134458809835,2.0143645442171145
156.11361182991064,392.203599046864,107.32097975990403,1.1979580629660502,21.016612990895226,0.5849992524989563,12,D06_px-1055_py-0118,0.7746091190092504,0.5849992524989563,1.7674024120823533,2.421610747879362,2.7864057016243224,1.9192855725848776
50.63503643882908,418.97397987596673,112.66771679224809,1.1810791898745114,19.092755209251663,0.8435452419254378,13,D06_px-1055_py-0118,0.7636951067249353,0.8435452419254378,2.3841097068735735,2.417997321377869,2.500314162179875,2.0165818170284435
23.28805146219216,-437.66102344141393,105.72983789721884,1.215418088280605,11.77448608897356,-2.1246157443965643,4,D06_px-1055_py-0118,0.7858989088983057,2.1246157443965643,2.716504157159081,1.6151905732837415,3.1791004409145196,1.975433581719835
46.44635555736246,-424.7902816461748,107.77188156139628,1.2006733628192912,17.70935241286918,-2.0688689854673337,4,D06_px-1055_py-0118,0.7763648532809138,2.0688689854673337,2.3187258757744553,2.815393969843093,2.7790857032596885,2.8028710140311732
62.38316579944178,-424.9049553524989,106.07624049239304,1.20765049479267,17.01983114325583,-2.0320005556108733,4,D06_px-1055_py-0118,0.7808763217689918,2.0320005556108733,2.3004978317319544,2.014339685484103,2.8015626487822782,2.1909650096930307
-85.58164349801997,-412.9200621912698,112.91702795603558,1.1800288460788466,19.19449208926926,-2.3821419506781107,3,D06_px-1055_py-0118,0.7630159461538195,2.3821419506781107,1.2827486389373624,1.2402200143399713,3.5400043659585734,2.449683429979361
-193.9682865970551,-412.1256440965316,115.79974221321385,1.1979643771794657,2.265185997770516,-2.6176716928639685,2,D06_px-1055_py-0118,0.7746132018293777,2.6176716928639685,2.141730835277826,2.031434899061223,2.5141391279334844,2.462820377752764
-59.025310606773296,-402.8867730666013,114.74683564834324,1.16171145185451,27.16846412374133,-2.3232469061537717,3,D06_px-1055_py-0118,0.7511717747747914,2.3232469061537717,2.294968916810834,1.1965073981268586,2.5325475345309423,2.067789963759383
15.80672509781537,-401.60433574195656,105.52350435139331,1.186910440356336,33.892002958980015,-2.1384372134451204,4,D06_px-1055_py-0118,0.7674656392152504,2.1384372134451204,2.224174599947594,1.7285474989316434,2.27306388177079,1.5423315855458095
-143.14625280637836,-390.20791084572943,114.34122840240678,1.170425696242403,22.2804873344432,-2.5293788176207275,2,D06_px-1055_py-0118,0.7568064738321392,2.5293788176207275,1.766953547422356,2.1227226880152816,2.634402211849057,2.2387563689815333
67.10047061435245,-386.6697331139089,109.10350536412848,1.166638282427546,38.19963186695748,-2.0059526690334497,4,D06_px-1055_py-0118,0.7543575022285874,2.0059526690334497,1.7697087971416978,1.5919101531271198,1.6804268962191142,1.87253669820488
-27.21426644267292,-386.2750596343178,113.161228301097,1.1482870163450738,39.674811365612015,-2.24811271355344,3,D06_px-1055_py-0118,0.7424914290393033,2.24811271355344,2.316700875685329,1.5330004743143617,4.119986220108618,2.041041423427171
-151.8309884502283,-379.9804970960747,106.89999710452298,1.1886375237707123,28.990629749296204,-2.5579164411756103,2,D06_px-1055_py-0118,0.7685823849540396,2.5579164411756103,3.0860170630981996,3.262636192088471,2.615289094659954,1.6550950345341366
-272.0576861350236,-351.31673684372413,113.3949370546432,1.1966747435199838,5.3596341411436015,-2.83670741486134,1,D06_px-1055_py-0118,0.7737793145475953,2.83670741486134,2.8549325296354535,1.861627719025397,3.005317129971729,2.5649531794672935
-294.15246444729223,-333.30501669681405,112.2596433160621,1.2002381185653677,5.650675141397812,-2.900856084972383,1,D06_px-1055_py-0118,0.7760834209182058,2.900856084972383,2.6558387060401425,2.9308820817193255,2.798622883014851,1.1608496717965577
-222.9252559922677,-327.9224915134208,114.57293157942247,1.152499272676031,33.58691413463981,-2.774823138770964,2,D06_px-1055_py-0118,0.7452151071599592,2.774823138770964,2.441116097054098,2.7749675327631174,1.8051782314126648,1.2730425942286394
282.43999111736457,-323.9074627217737,109.63627530351565,1.1967866643271745,15.55897012064554,-1.4606603336428134,6,D06_px-1055_py-0118,0.7738516834230483,1.4606603336428134,2.5725169067121145,2.218829104929861,3.2582175556304325,2.395210640261486
242.16227104908256,-320.17101726525675,104.53186773564435,1.1897676510834765,34.5502206418758,-1.5302212893589102,5,D06_px-1055_py-0118,0.7693131341757119,1.5302212893589102,2.170661974830617,2.279256683401265,1.9802168858104339,2.1805107588857506
-289.3880740533614,-316.7818074016822,110.29543336883144,1.194194712864778,15.734378533864458,-2.918013237051348,1,D06_px-1055_py-0118,0.7721757071924359,2.918013237051348,1.8915699374686095,2.346012200698376,3.175064743559121,2.158337666273327
-313.349017503325,-312.18543207043274,111.1102935027494,1.2020170419963694,7.412640340675637,-2.965034165926545,1,D06_px-1055_py-0118,0.7772336868200533,2.965034165926545,2.6874302871490894,2.8583554945782277,2.0248044393387064,2.09650368014809
-303.69120141137097,-288.97822900529866,111.01473794719382,1.1839149372851694,21.410896444473167,-2.98799384627774,1,D06_px-1055_py-0118,0.7655287233359074,2.98799384627774,1.8787931209197966,2.587356528074656,2.098149587676134,2.3975579702673286
336.2201285969417,-223.81677707955745,112.54143786406831,1.165822480451723,30.0018962438009,-1.194302378516685,6,D06_px-1055_py-0118,0.7538299982455067,1.194302378516685,2.200989361895825,2.0785677127951905,3.0353528323070105,1.577264809996732
-362.9643125224821,-170.79067344974314,112.8880712805272,1.162209596393792,31.51492689327091,2.9744194750738155,19,D06_px-1055_py-0118,0.7514938789574346,2.9744194750738155,1.9987231627396354,2.988940287032283,2.7332046385079467,2.297841637651084
394.0082659734286,-153.48176780442097,110.55713172337572,1.1883560990448532,19.391417364227493,-0.978435805183131,7,D06_px-1055_py-0118,0.7684004135097092,0.978435805183131,2.012549364316395,2.7542257268889854,2.614123274083894,2.6293554174884326
397.1985995836539,-140.43517759568007,109.16737476311422,1.1914524579712067,20.84477222147075,-0.946825988058964,7,D06_px-1055_py-0118,0.7704025435793885,0.946825988058964,2.39320920591225,1.8166829775035498,3.6346288720991913,1.3987720814922446
388.8968577777931,-123.98910694697535,99.11239635706492,1.2132899094157643,32.416579093318035,-0.9156140773631783,7,D06_px-1055_py-0118,0.7845228116820921,0.9156140773631783,2.6781362896534553,3.1289684029303215,3.305117316942422,2.2404989846622714
427.0605074138117,-114.94307067664958,110.67570478249452,1.203285928757703,7.606587606771541,-0.8698983732691318,7,D06_px-1055_py-0118,0.7780541589940838,0.8698983732691318,3.4214416898796625,1.6153256674714145,1.7824426279375833,2.170955665697303
-399.1545014391256,-102.9646033229968,102.83023059221183,1.204354152895593,28.6459765066881,2.7870663702294505,18,D06_px-1055_py-0118,0.7787448811353137,2.7870663702294505,2.6851408083484647,2.815535291056907,3.2752807520103597,2.2551268149587442
-435.3269240099466,-103.83689121362478,106.01915083585116,1.2213057060554828,6.0259406174381525,2.7687641356528268,18,D06_px-1055_py-0118,0.7897058889242757,2.7687641356528268,2.5748078905734113,1.875060477759341,3.285107306472077,1.3466196107801225
437.435152827617,-91.55621301105865,99.1070792262188,1.2420118222540444,8.709034014243457,-0.8133034657962419,8,D06_px-1055_py-0118,0.803094626746165,0.8133034657962419,2.068924991173569,1.919481892976802,2.636899680765883,2.16489264126692
-397.4269843534309,-43.911025885650695,106.31625877558685,1.182498314700038,34.839829799813174,2.6446550702070417,18,D06_px-1055_py-0118,0.7646127240145953,2.6446550702070417,2.9475478293347037,1.9191744787711458,2.809859452394193,1.6856468802412121
429.3554594738349,-32.82620827769112,105.5228114359842,1.2102664998925674,16.517554198411858,-0.6832857046472344,8,D06_px-1055_py-0118,0.7825678512710663,0.6832857046472344,2.483830006913944,2.105380992434293,1.9976857844970692,2.51666832094483
-412.29809638853993,-11.477161054255108,103.87837590303296,1.2011426367478786,28.125146371904805,2.5624429807277145,18,D06_px-1055_py-0118,0.7766682894992878,2.5624429807277145,2.005419523159211,1.5964882476442248,2.7106939694876786,2.461202908947167
403.65069180956334,-9.052913468476268,107.72867542524092,1.1812792920739554,31.954520184853664,-0.6294033657265977,8,D06_px-1055_py-0118,0.7638244943831638,0.6294033657265977,2.5405415162087155,2.649842338878528,2.066806651999685,1.3272067847573132
-366.72565228120857,51.96942106779016,100.6702263573909,1.1747446767717835,54.690548583392456,2.393838498838514,17,D06_px-1055_py-0118,0.759599160660089,2.393838498838514,2.0535965159051455,0.741310182930448,3.093305350222818,1.9225528584282685
389.22230093031095,61.06338913085831,110.822504186249,1.162379834966255,36.604046872347,-0.4513623604915318,9,D06_px-1055_py-0118,0.7516039565592418,0.4513623604915318,2.3206109288067127,2.137171384324186,1.737414317090951,2.1429809271489315
395.38234692979375,73.00700427582525,108.31324570741026,1.177896661270742,32.744727555981115,-0.4243870508868864,9,D06_px-1055_py-0118,0.7616372586631394,0.4243870508868864,2.32222405158811,1.631979899869709,2.073951014044714,1.6266894972420252
428.8550652552957,96.39728210581244,111.9698046138605,1.1972933190513229,8.775704285653035,-0.3858761842502407,9,D06_px-1055_py-0118,0.7741792903582551,0.3858761842502407,1.322630850968515,2.1678230447029136,1.8359813291764655,1.852334449404253
-411.22338855390126,111.2332984865034,104.9335986198088,1.2085611365488311,19.52682971162909,2.2704412745386837,17,D06_px-1055_py-0118,0.7814651499010271,2.2704412745386837,1.7857146686281362,2.7494786791192123,2.113611906068369,1.73402981119721
415.2660819953838,116.31954877247904,112.3271314861072,1.1896680949917176,13.663243703999512,-0.3338702431347327,9,D06_px-1055_py-0118,0.7692487604226455,0.3338702431347327,1.5527924656498653,2.054170263318996,2.4562174119554783,1.1559111482581552
407.11372905071966,150.94696016772355,110.42530770941906,1.1978443111358923,12.582467205689111,-0.2519194727870931,9,D06_px-1055_py-0118,0.774535566179925,0.2519194727870931,2.049031281986453,1.3404939336365627,2.392611948445045,2.9348474188638756
-339.265872193264,155.63642120046254,112.68899720645304,1.1359767346349228,48.13087726668846,2.1045109416178995,16,D06_px-1055_py-0118,0.7345315039258596,2.1045109416178995,1.780707344353357,1.1968636127919225,2.8536374085935363,1.9413664647261801
-328.89250831298625,189.998697083786,111.22911386496182,1.1475071635134109,44.85633312314047,2.010757798341598,16,D06_px-1055_py-0118,0.7419871700559832,2.010757798341598,2.2770989982520025,1.5758888762530703,2.1033121828979264,2.5153076065277595
305.9344652552958,236.0923821058124,112.4449046138605,1.149892978871643,40.43831277922595,0.050271189881598,10,D06_px-1055_py-0118,0.7435298570580502,0.050271189881598,2.122446349399354,2.6076692706098137,2.9738206375126417,1.8151420012199782
370.9057523366354,243.21001129241537,109.64877303491316,1.207358566568765,7.199441909275947,-0.0265943075711966,10,D06_px-1055_py-0118,0.780687558680096,0.0265943075711966,2.3088206914259546,2.505345918613114,2.5039714630087557,2.1012969965049484
326.09182311178984,250.7443141372989,114.52567346036368,1.166108687601373,24.771480487258827,0.0485319808488783,10,D06_px-1055_py-0118,0.7540150620427282,0.0485319808488783,1.8316783198831412,1.7713887794396679,1.942391750217789,1.5266915339964842
283.4817703804447,262.72201202237983,115.10042725986762,1.1411831867762647,39.30501508385936,0.14042956694677,10,D06_px-1055_py-0118,0.73789803688811,0.14042956694677,1.6303207201861387,2.384634355402969,2.319759747710971,2.569567636047622
-303.49553897942906,272.8352172540277,87.6463289937758,1.251681338851691,36.271984032352975,1.802364032827244,15,D06_px-1055_py-0118,0.8093470123383647,1.802364032827244,1.8755160243750315,1.9820157457277543,2.6173546611260496,2.4075641520100386
-249.5960909406697,279.52348729313246,112.68739885017176,1.1374927554150511,47.25835342954338,1.6927144149152649,15,D06_px-1055_py-0118,0.7355117749029483,1.6927144149152649,3.078061387643073,1.7810306837128251,2.4286654085557733,2.1199336369985198
244.7009847642829,292.2092170466278,113.0491117598491,1.142695565947609,43.33068936425599,0.2666732832056139,11,D06_px-1055_py-0118,0.7388759531722764,0.2666732832056139,1.7119758115439332,1.9185427498491598,1.9841348549847826,2.4168200432987192
-204.42737978433263,321.6808952241508,102.8714456086678,1.1772250294617557,47.39260624342501,1.5299292301202323,15,D06_px-1055_py-0118,0.7612029762454648,1.5299292301202323,2.390349485449229,2.1711274107900858,2.6089816743457623,1.845239556330874
-297.09898293083626,328.405063339549,113.78194341686066,1.1943680734839972,6.118357188883692,1.6992073207223206,15,D06_px-1055_py-0118,0.772287803534266,1.6992073207223206,2.77440850209064,1.9280056050323942,2.52225811050102,2.6508542311957815
-218.8390365690097,330.4929045588016,109.60591205141311,1.1685762952588823,35.65281581573629,1.5486926003234949,15,D06_px-1055_py-0118,0.7556106365897295,1.5486926003234949,2.5466388050844646,1.556466053997664,3.104960670363636,1.9303198722232866
218.1394791304196,331.7177978639889,116.6604531767941,1.146225047214087,32.43944460664284,0.3821135034653473,11,D06_px-1055_py-0118,0.7411581435584882,0.3821135034653473,2.366827961748565,1.8655366363965042,2.8731151839826903,1.6103757314707443
-33.3795616470871,357.71248660584746,104.7699337173473,1.1490665600607095,59.694996843240745,1.056861298169502,13,D06_px-1055_py-0118,0.7429954881457654,1.056861298169502,2.443217427413192,1.1701975838907244,1.5738334982585787,2.4756553048599628
-57.51595823224884,371.9224550595492,102.880212443042,1.172687332205099,50.26704193191006,1.117246431946155,13,D06_px-1055_py-0118,0.7582688654589764,1.117246431946155,1.6194492471147195,2.2108214012216014,1.3866624091722037,1.7297489806876227
-87.07759926083335,370.2360272671028,86.6289046138605,1.233754205987591,53.68541134591624,1.1948133803657577,14,D06_px-1055_py-0118,0.7977551870286871,1.1948133803657577,2.7242162029608394,0.6488213407492796,3.3262940206467295,1.3380495427008061
-204.42523374613089,370.3014793478477,109.73971179407924,1.1910280412935,19.614349767486544,1.468233164900151,14,D06_px-1055_py-0118,0.7701281124127438,1.468233164900151,2.7195840949316086,1.623524473079508,1.7394765079848198,1.68838301304226
-165.11900301995007,381.9023905955354,104.16278084263618,1.203154104599414,25.832861382307044,1.3719041815842077,14,D06_px-1055_py-0118,0.7779689204550456,1.3719041815842077,2.222864741125421,2.261494420898158,2.5008382207716355,2.01408214367651
32.50670264011362,396.7851769719818,111.70451123957356,1.1632918301259132,33.78913279079467,0.8820741530729922,13,D06_px-1055_py-0118,0.7521936598126382,0.8820741530729922,2.1644061580867087,1.0423507814877497,3.0718691800337723,1.7639785982178342
-135.6262332273279,404.1497005101199,106.90275556833922,1.2025922837106124,18.642645290228074,1.2875917135557802,14,D06_px-1055_py-0118,0.777605642643268,1.2875917135557802,2.012654684678098,2.345865117212947,2.3124257074269723,2.02279606654903
-95.97884681639646,404.2812426751323,113.07749317474612,1.1742985675897717,22.841280753743945,1.1969077395274377,14,D06_px-1055_py-0118,0.7593107029493037,1.1969077395274377,1.943181927767362,2.006129904526148,2.6467938955669594,2.1583375218681344
37.14435853592809,413.84458171055553,114.2312860367854,1.1706607589099212,22.39968828018852,0.8743022853055961,13,D06_px-1055_py-0118,0.7569584672043842,0.8743022853055961,1.2271370346530244,1.7893691371026332,3.2421633328643864,1.477855295188272
-62.36425416109044,-447.69234797275095,109.71130360375948,1.2134210832716463,2.0186120660042093,-2.316186746397856,3,D06_px-1055_py-0118,0.784607629730472,2.316186746397856,1.985367317989411,1.85899502112474,2.159479733708287,1.9425627698443355
40.94518162171968,-437.4383405848736,111.12903205732542,1.199689085553215,9.205749239331794,-2.084445613126386,4,D06_px-1055_py-0118,0.7757284118481909,2.084445613126386,3.0898029102809286,2.3360956145871437,3.337174579589198,2.2980596012466985
-127.09310617327576,-426.2122835256575,104.45717065940914,1.2240658738923118,8.258393695238283,-2.4675731410688475,3,D06_px-1055_py-0118,0.7914906351875214,2.4675731410688475,2.6845435560204267,1.3728585680285232,3.075963617741478,1.918947151718453
3.875690819205426,-410.4989975934357,106.66125423792067,1.1905265952830129,28.279656550482287,-2.168334725549205,3,D06_px-1055_py-0118,0.769803873472816,2.168334725549205,2.307468926562018,1.8315671736555523,3.577923507212947,1.6188776648517176
166.16160161893205,-381.251663348733,111.6486773411332,1.1791220045181512,23.168100757689785,-1.7667664620210477,5,D06_px-1055_py-0118,0.7624295752581038,1.7667664620210477,1.824484354620873,2.108629792352918,2.8295894059870754,2.1243667044649417
184.4325981224285,-378.968656355726,109.0283976208535,1.192029647832694,20.79312079342344,-1.7248491702566442,5,D06_px-1055_py-0118,0.7707757590899555,1.7248491702566442,2.5250158290054734,2.453869799703841,3.038694055874985,2.0975710640842076
-206.2752984050071,-366.9239776703561,107.4791399660659,1.1964897382928037,21.685630628145304,-2.6899180095198894,2,D06_px-1055_py-0118,0.7736596887105411,2.6899180095198894,2.2348069242061683,2.6220098773689644,2.6961751212094414,1.6543630821730266
74.22067326762229,-364.89950618386393,106.17325361231966,1.1574147133028645,51.33959334904085,-1.977112916571472,4,D06_px-1055_py-0118,0.7483934697848299,1.977112916571472,1.4397128950635096,2.0355030706398374,2.1870165121148966,2.3597608639160708
-194.20595963187395,-353.60050280714694,112.7449378182448,1.1647352728054778,30.20915499021516,-2.680023264454422,2,D06_px-1055_py-0118,0.7531270012182544,2.680023264454422,2.3316889493651303,1.3775142024213303,3.2289129095104143,2.253116059566791
-176.83622459529678,-347.7175455088192,111.82161069320104,1.1554544347296754,38.51665073608501,-2.6482502554252805,2,D06_px-1055_py-0118,0.7471259382196337,2.6482502554252805,2.2034694854737253,1.580538257094851,2.466403462716146,1.134138622274286
178.5887375066046,-331.3628247004704,109.63109047773486,1.1495512547615123,47.529692245288174,-1.68345415933161,5,D06_px-1055_py-0118,0.7433088955569128,1.68345415933161,2.1704841133921815,1.0632220486762454,1.1408699677211442,1.5762606343216912
186.88868349197028,-310.9066217493669,109.920700624588,1.1345683978470995,55.49111654445079,-1.6365415169647224,5,D06_px-1055_py-0118,0.7336208622663486,1.6365415169647224,1.9805797098725437,2.402598814926189,1.5155966985566005,1.4828619405297871
-287.9252696745144,-301.4891492732132,111.55336167414126,1.1802707782562003,22.602519228704352,-2.9401656164533763,1,D06_px-1055_py-0118,0.7631723814052306,2.9401656164533763,1.9922031964697748,3.0256623071911024,2.333011304822712,0.5709152148161396
323.8803530358443,-285.94873884181845,110.44709039939669,1.1960906214418037,13.874786302873533,-1.3302573238130702,6,D06_px-1055_py-0118,0.7734016166111144,1.3302573238130702,2.6210998060881208,1.7182736869300355,1.31001971201079,2.7151330960069924
345.7974075125136,-273.7584039834264,106.20303191044844,1.2160113702578317,9.925755862515985,-1.2766222516436887,6,D06_px-1055_py-0118,0.7862825296976564,1.2766222516436887,1.9543450493569243,0.9621797507832155,2.419124326407858,2.4071838688342853
-343.8220704744574,-263.1632720734859,107.22984982823904,1.2067656855039215,14.473353115604423,-3.095284299661745,1,D06_px-1055_py-0118,0.78030419711385,3.095284299661745,2.0815357657928537,2.5678560018974808,2.697726855968278,1.4448485874481598
-327.9157693126056,-240.31008085715047,109.29794782373703,1.1786121146560289,29.679094496474534,-3.1161436628090744,1,D06_px-1055_py-0118,0.7620998764572022,3.1161436628090744,2.2291994290923927,2.9921020363915742,2.432215541494766,1.4276826420091049
-315.3337058930751,-216.7207338385089,110.82817462335116,1.1515934888491264,43.36049712910625,3.1367471521812256,19,D06_px-1055_py-0118,0.7446294202032436,3.1367471521812256,2.8785165202919463,2.7741201390504906,2.049507484151202,1.161252244519222
-370.5946549679761,-212.68588989934,109.83497266881967,1.194207294736849,16.97693699701108,3.0556236124797573,19,D06_px-1055_py-0118,0.7721838427300157,3.0556236124797573,1.7457542793244534,3.4607471437045296,2.885434849365616,2.1665037043273863
-401.36364381597866,-196.8981438121141,109.0092015901024,1.2119092150502773,5.28191596005189,2.9906906836145946,19,D06_px-1055_py-0118,0.783630043830584,2.9906906836145946,1.2307147256816344,3.71295456546896,3.0056045754323333,2.8001614401272463
-336.657023645088,-143.54639372504232,102.5905153513923,1.1636405447774658,56.57642638153601,2.937658525216283,19,D06_px-1055_py-0118,0.7524191414529187,2.937658525216283,1.7014645542199085,2.055668880331367,2.4352313476465746,2.0992077011895662
-370.8712146388842,-37.651350698420345,105.4046056720616,1.160480060012757,51.405298427652326,2.63578784488966,18,D06_px-1055_py-0118,0.7503755471110835,2.63578784488966,2.4871036137830895,2.2725921569306635,2.627722873015201,1.9463750868509662
-440.497895699295,-19.85490708875169,106.88066878356553,1.213861339137795,9.749697858481625,2.5796564184473096,18,D06_px-1055_py-0118,0.7848923026411179,2.5796564184473096,2.8796201922325944,2.3326601837174366,2.845310052012392,1.81632218578818
-389.8927631968367,70.74444190300893,111.381559698859,1.1626450312137733,35.02442360526402,2.3551200178841407,17,D06_px-1055_py-0118,0.7517754345416564,2.3551200178841407,2.4689250439832744,3.455079688074173,1.5628047980047044,2.3533199182355364
-428.75347658481326,72.23311941372921,101.62035423455686,1.225622336021081,15.312198722458843,2.367708048412688,17,D06_px-1055_py-0118,0.79249705585917,2.367708048412688,2.883632197825201,1.8007346794580577,2.8601117624632115,2.0271200083262455
-364.6361399945781,111.67332632590336,109.70045559821185,1.1541507551670134,44.57461143970198,2.237423494611862,17,D06_px-1055_py-0118,0.7462829687462251,2.237423494611862,1.9811138901343903,1.855167660238768,2.6325646315580253,2.070676241194761
431.1570626087928,112.96360989409226,107.35160310157325,1.215935561312664,6.6826794513246455,-0.3507380294213876,9,D06_px-1055_py-0118,0.7862335110366159,0.3507380294213876,1.484621430096603,2.0731592219998847,2.892860381626614,1.7121002234135785
371.2825127520864,163.7042299877124,114.30997971013778,1.161831273322428,28.187278668368947,-0.1917058744337077,9,D06_px-1055_py-0118,0.7512492522796989,0.1917058744337077,1.828991196429675,2.439856834858311,2.583031319269818,2.1223976479359905
381.0605064608526,172.28579945923823,104.65111970686728,1.2032968129835886,24.36623296017524,-0.1823624353914194,9,D06_px-1055_py-0118,0.7780611968202691,0.1823624353914194,1.7664670652266312,1.6916355349246825,2.5864563903321356,1.6388880920664426
-390.2732212448447,202.1990510645551,106.4198329046267,1.2142327741911978,10.764921481509871,2.0565936245501595,16,D06_px-1055_py-0118,0.7851324754721877,2.0565936245501595,2.8274205817655536,2.0183250012527885,2.3553173186621095,0.8456458030200554
409.6074586755466,201.3297433218476,113.2418749440664,1.2061535705503783,1.9021938164574408,-0.150139919538939,10,D06_px-1055_py-0118,0.7799083987636786,0.150139919538939,2.5145813823443515,2.396024061731805,2.5723421672722853,2.7308783572625517
-299.4428366314968,220.80600257025367,113.0276455427429,1.1335837962742064,48.70148148617551,1.899231706602433,16,D06_px-1055_py-0118,0.7329842111342835,1.899231706602433,2.4858477478999617,1.8043839868346205,1.8163784567913948,2.5688172237597247
362.49813192196245,227.0368821058124,110.00573794719386,1.1940267831426652,16.649059533438106,-0.0474374069895643,10,D06_px-1055_py-0118,0.7720671225114503,0.0474374069895643,2.3278949945980827,3.1277709078393947,3.1362366998113513,1.8999182994535473
300.6884240717692,255.1682759482754,113.27538302249708,1.154699642391137,35.39335550953945,0.0967090854287179,10,D06_px-1055_py-0118,0.7466378835485524,0.0967090854287179,2.0819509261651987,1.8889768830622429,2.6920691383530566,1.2197263246931955
-269.31827080978417,257.30277665236264,108.96922022097108,1.1478719586750847,50.14305245962152,1.7720272061042,15,D06_px-1055_py-0118,0.7422230494807633,1.7720272061042,2.174678212934986,1.4357812208458707,2.287895451570071,1.9233752917964857
-325.81960626616075,268.65678327616354,109.2285567595042,1.192077282343785,20.216460796318643,1.8450768250714875,16,D06_px-1055_py-0118,0.7708065599400115,1.8450768250714875,2.3604703219380276,1.6499939936507346,3.368452516781514,2.6871577690707316
-277.1890219537387,292.7015108221065,103.73926587221492,1.1938238776605326,33.82580110772784,1.7220015578361894,15,D06_px-1055_py-0118,0.7719359222285558,1.7220015578361894,2.9160460961395493,2.4626603738706923,2.405938145690998,2.3135885747679246
259.5229652552957,297.4647310641458,111.10356607219389,1.1621768512559745,36.02751135090898,0.2464331355640213,11,D06_px-1055_py-0118,0.7514727056934107,0.2464331355640213,1.9896397526250738,1.7803300730184308,2.1506503632681158,1.7715794230183972
-244.7911970654344,305.3152028359299,104.16169144567274,1.1821302096802369,40.77782842862922,1.6396333364411069,15,D06_px-1055_py-0118,0.7643747044094807,1.6396333364411069,2.7358576418283533,0.7103792252361227,3.3790112652207234,1.476835820294753
224.300387966354,317.72273941853547,109.37598249733252,1.1624537522614844,40.19919298779416,0.3491002500282961,11,D06_px-1055_py-0118,0.751651752064533,0.3491002500282961,2.547252947266979,2.833342972727243,2.259016007644527,2.6049195038879733
-282.72737684996747,328.8707768426546,103.0550888243868,1.2203172314658128,15.496098725054992,1.6739103752836249,15,D06_px-1055_py-0118,0.7890667334690575,1.6739103752836249,2.5339922471281042,1.6795908070133758,2.678600060768958,1.2924048216369293
-247.524781177908,331.6548276311043,108.25253301852972,1.1881952617661056,25.68283162231665,1.6049665775719326,15,D06_px-1055_py-0118,0.7682964148584659,1.6049665775719326,1.595677149792236,2.3425383298360907,2.389200341510345,2.045757729454184
220.4482542187557,346.5574309499586,115.15130767128034,1.1635855867144174,24.89424406293949,0.3972689352999524,11,D06_px-1055_py-0118,0.7523836051364845,0.3972689352999524,1.7742559562823081,1.9946109089530824,3.5670111229335957,2.4301489648012478
-251.8701169775975,355.06144553118264,110.2470148579581,1.199270595966182,11.964469259029954,1.5808040430605017,15,D06_px-1055_py-0118,0.7754578131850594,1.5808040430605017,2.5369276853373677,1.8667622446515995,2.033657644241123,1.6839159468757579
-122.91720378385014,358.67156537983385,112.5461377099459,1.1424052335495722,44.71462046449562,1.2939746729721353,14,D06_px-1055_py-0118,0.7386882219569563,1.2939746729721353,2.344952930317658,2.1886055589679314,2.5236571959625334,3.15263558309661
2.9934049792415443,370.90399012151465,106.15226443404538,1.156045296349426,52.21398085593245,0.9557464045887132,13,D06_px-1055_py-0118,0.7475079939967769,0.9557464045887132,3.209609331755299,1.00725371890278,2.816394674937036,1.9079895146603363
-137.50040402229098,374.49622690602416,105.3256650002061,1.1849786943435756,35.75825241976452,1.3156972564860254,14,D06_px-1055_py-0118,0.7662165570283589,1.3156972564860254,2.00855624988313,2.7408666238408674,2.241714759292595,1.2164016056634317
66.39378168531599,382.94767588539327,112.42492050297476,1.152092170790114,39.128122943201845,0.7921476965675626,12,D06_px-1055_py-0118,0.7449518718740624,0.7921476965675626,2.220512422062781,2.821713454253036,3.1272729983234298,2.61825216884391
92.18279492836778,383.145519989516,105.28828756868958,1.1808095171938122,38.69787518266719,0.7277095460006954,12,D06_px-1055_py-0118,0.7635207342455681,0.7277095460006954,2.9500310384767703,2.353447459223014,3.0566962557377,1.4815326680041139
95.7753637996275,404.1370020881679,102.82991806776434,1.2068622956368582,26.757945700321955,0.7311223119870175,12,D06_px-1055_py-0118,0.7803666659867388,0.7311223119870175,2.4735447796747128,1.7009385697565167,3.469188149188475,2.280477637359553
-90.55034242079036,414.0280402669259,105.64506551643323,1.2045984628026984,20.60197557445088,1.1791323326652303,14,D06_px-1055_py-0118,0.77890285384551,1.1791323326652303,2.724871689461531,2.80037120217305,3.6511956719999246,1.6899796819221622
-17.363769793383007,-434.8436408427272,111.8284977988396,1.194322066692478,11.467795877206411,-2.217685720925977,3,D06_px-1055_py-0118,0.7722580551805056,2.217685720925977,2.898098153130598,2.087906622967917,3.2286671861715317,1.4573614723512058
-50.63998815308458,-427.8655669248317,110.4815672154865,1.1950391558744369,14.585310895525367,-2.295582727626304,3,D06_px-1055_py-0118,0.7727217306935807,2.295582727626304,2.2983635206669932,1.8433486704604218,2.8889502199038386,2.0069561541583485
-167.6444476198253,-424.99684361216106,112.32740654996891,1.2091762313718843,1.8535031808502824,-2.5534976615258165,2,D06_px-1055_py-0118,0.7818628750582941,2.5534976615258165,1.8405932019081106,1.6226871779964975,2.199206417943513,1.7875499848229883
-8.85969395988608,-382.5434832849885,105.6369723205186,1.1691606907800112,45.42031647089482,-2.2009316848040035,3,D06_px-1055_py-0118,0.7559885113365749,2.2009316848040035,3.2515654082981387,2.348625502497211,1.8788930171961435,2.030068232447444
-196.0641779204403,-377.478919856721,107.75396482795506,1.1991754260440195,18.90414785206184,-2.6568261367644417,2,D06_px-1055_py-0118,0.7753962755638008,2.6568261367644417,2.011389578221566,1.779054585470052,1.4738625049654293,2.0835397231848094
-237.45937400020344,-376.1638127616438,110.49100416264788,1.2057934587094297,6.103636773937808,-2.740868279863216,2,D06_px-1055_py-0118,0.7796755476109668,2.740868279863216,2.0127263396820005,3.208107118967134,1.4894574562823908,2.0282576145379414
227.6798098363953,-371.0845298567651,105.18608452556028,1.2149220591108856,13.740704686010872,-1.6274508973281732,5,D06_px-1055_py-0118,0.7855781725302831,1.6274508973281732,1.7453309693312833,2.2216658707598724,2.290113486426253,1.731022395700434
211.69633243422,-369.2993681686112,109.18682722637422,1.1949350019572949,18.191963992153035,-1.6572669781333969,5,D06_px-1055_py-0118,0.7726543839504075,1.6572669781333969,2.7858554581995607,2.0626817415177516,2.9214067934120944,1.9429224155330023
122.31058153436544,-364.2624667313968,113.05489298595351,1.1457398639010483,41.48649674947001,-1.853828548399982,4,D06_px-1055_py-0118,0.7408444202068207,1.853828548399982,2.4379086326273645,1.6622138932121382,2.9167825716314746,2.434150475573584
160.286114978208,-341.5141349016402,111.8292777267976,1.142930159613826,46.13046828318596,-1.738956003264899,5,D06_px-1055_py-0118,0.7390276432845859,1.738956003264899,2.3217273842658734,1.2731837308807643,2.4105490668120395,1.7582968104613754
197.1000008551972,-345.5422398454071,105.14182836355256,1.1845924782564436,36.51216328819413,-1.659399561116858,5,D06_px-1055_py-0118,0.7659668266644597,1.659399561116858,2.0750726057117657,2.0228140125634013,2.224619792391575,1.5457484820204739
-229.11304733051665,-340.29334215048044,109.02289202804816,1.1826774193602922,27.56489407328843,-2.7703436591454538,2,D06_px-1055_py-0118,0.7647285344986006,2.7703436591454538,2.307758329632136,2.4917394698985404,2.9473739501285694,2.023920906966646
192.99058525529568,-327.65895789418755,103.91996461386049,1.1728035756452395,47.51091496116658,-1.6454850835484425,5,D06_px-1055_py-0118,0.7583440293829412,1.6454850835484425,2.5723353474678374,2.333427463112616,3.568223224111527,2.1454085062152974
336.550609486065,-272.03581981726444,109.24424115232203,1.2003514526275212,13.889362331010432,-1.2867645251370703,6,D06_px-1055_py-0118,0.7761567036154491,1.2867645251370703,1.766148615889265,2.879886557851739,3.0652404084584193,1.886623176956741
-325.25118385724573,-270.80098955402764,101.19487838019565,1.2183084291107855,22.52404931483801,-3.054272564977308,1,D06_px-1055_py-0118,0.7877678260443362,3.054272564977308,2.360149276150789,2.672098531352038,2.905343571399376,2.5019080710203703
252.6329282317461,-268.70521451958206,106.3437644099275,1.153280488452213,53.384601453757455,-1.4231968432192712,6,D06_px-1055_py-0118,0.7457202474339402,1.4231968432192712,2.0304897532987147,2.099906213870292,2.748941043477705,1.120569718529318
349.28327574982194,-259.73518886436494,106.8306911370768,1.2097553214400727,13.22010907467569,-1.2463870580647818,6,D06_px-1055_py-0118,0.7822373192574806,1.2463870580647818,1.544864856288986,1.5366872641140754,2.4418783320249293,2.2796639210348735
314.657153095586,-258.85891462739994,112.2214046138605,1.1700045449153595,28.005484288134028,-1.2953914388702006,6,D06_px-1055_py-0118,0.7565341540669523,1.2953914388702006,1.5783293888294447,1.6007873456368347,2.0877648937249065,2.2118992438403113
315.2624684241503,-247.5739173509553,107.0629618795916,1.1809252734741544,33.950512384300794,-1.2726892325846393,6,D06_px-1055_py-0118,0.7635955831681703,1.2726892325846393,1.8334240576462002,1.386315595859608,2.5597525513744266,1.4297367558019005
-331.49814493296566,-215.7363759229805,110.45008678440314,1.1650158883878463,35.836365835419656,3.1115449816887986,19,D06_px-1055_py-0118,0.7533084494640306,3.1115449816887986,2.075913428998474,3.2643796221057233,2.2601504461268664,2.2360629899092386
378.0304734386018,-205.10554669942485,106.26428513759213,1.2075472545303965,16.571703094079623,-1.1040954356826478,7,D06_px-1055_py-0118,0.7808095658022528,1.1040954356826478,2.2593110887825505,1.8601852123090694,2.00111515537128,1.6271126584630125
388.2628098572585,-187.46121276877847,97.54705892138504,1.2358372363996672,18.90522741907592,-1.056789262186882,7,D06_px-1055_py-0118,0.7991020908997399,1.056789262186882,2.1609547806978386,1.2691233219247564,2.9094599027017187,1.4750991914001181
-344.95851380229595,-180.11954372315788,109.74077634160923,1.1614572998394608,39.91540795143607,3.0158220646937237,19,D06_px-1055_py-0118,0.7510074380800792,3.0158220646937237,3.2662396445864976,2.789392737298412,2.2653753922675985,1.9322583551642774
342.5506167704472,-165.02994617701577,101.0835258259817,1.182558792769688,48.62112249897916,-1.055935495572146,7,D06_px-1055_py-0118,0.7646518296107753,1.055935495572146,2.4959698031557354,1.5120910079520533,3.132852216499949,1.4739089360138649
411.0618535368873,-157.02311264713893,105.7592270887184,1.216626936167879,10.696535752685008,-0.9718676807916152,7,D06_px-1055_py-0118,0.7866805594634843,0.9718676807916152,2.443220959378063,2.6464180189898006,3.1735225067361528,1.9979465637233433
-411.955555710976,-151.77555909746926,110.8513043403874,1.200284157528685,9.503376492630936,2.887608766619927,19,D06_px-1055_py-0118,0.7761131900745042,2.887608766619927,1.8137368590538885,3.1065101446496124,3.268670425028329,1.743392757067408
337.15096221794266,-127.47526834009696,114.12669736298808,1.1175068595078426,55.03612822184226,-0.9684613167884714,7,D06_px-1055_py-0118,0.7225887371941299,0.9684613167884714,1.842329802986694,2.662023053313035,2.1473735227817268,3.240482129209777
-424.754807265522,-122.16392334460386,108.56811165398162,1.2094736647514337,8.530770152339812,2.8146649634331475,19,D06_px-1055_py-0118,0.7820551978241898,2.8146649634331475,2.617932701492675,2.3463517198776307,2.809678759540142,1.7822487100327975
-397.8976154637737,-117.87443548319,110.85446770867898,1.1808755708507463,24.00995618614502,2.822619693710862,19,D06_px-1055_py-0118,0.7635634450604012,2.822619693710862,2.3187657710433545,3.258658317484586,2.987900871265902,2.385611232658205
388.94094108908905,-104.25865301994646,93.28645231550836,1.2284198245429403,37.77954879346584,-0.8688802491746368,7,D06_px-1055_py-0118,0.7943059339713059,0.8688802491746368,2.593763311373807,1.99231374089711,2.201431433091021,1.2862069474069204
435.1355818054122,-74.91442558649518,105.68381720127309,1.2179677362981385,9.804686290551956,-0.7774715781893586,8,D06_px-1055_py-0118,0.7875475313882746,0.7774715781893586,1.7510435129115263,2.7879611003498677,2.2620519588890327,1.7725984354143356
-385.53721788680497,-62.369624513781545,111.5673887268349,1.1567178109041978,38.35207684492917,2.6949969318455844,18,D06_px-1055_py-0118,0.747942847204829,2.6949969318455844,3.1663542490170498,2.7941913979094037,2.9944835242863315,2.1166151660810657
-418.24599014376537,-54.9574465326852,110.94558301761636,1.1863133206882943,19.85205447435021,2.6652644318143737,18,D06_px-1055_py-0118,0.7670795369347918,2.6652644318143737,1.7645907979008326,1.7647223259772997,2.6813075342406067,1.1535449187628888
-431.1928366314968,-54.33768393192342,110.62234801008692,1.1975569106570805,12.264524906960505,2.659969472877044,18,D06_px-1055_py-0118,0.7743497307666685,2.659969472877044,2.1318108894190035,2.042729564221837,2.6262453781019257,1.641527164573958
438.08121122916384,-57.68592068969042,95.48090020790484,1.2498483703445906,12.97791723370824,-0.7379048835942418,8,D06_px-1055_py-0118,0.8081618004646358,0.7379048835942418,1.970305651676493,1.508849566363317,3.018422344884268,2.235346032658309
434.1618426884861,-49.735933466605935,106.01124295104292,1.2135939845120824,12.455367527274063,-0.7210385350854572,8,D06_px-1055_py-0118,0.7847194290343628,0.7210385350854572,2.4744234664274183,1.7320301494698636,1.9065020853651722,1.3086624033618264
389.7436872727992,-10.43693825346902,109.54061235222991,1.1628075901506127,39.55879684703217,-0.6337521130022613,8,D06_px-1055_py-0118,0.7518805464305822,0.6337521130022613,2.332562781136591,1.813982823926442,1.7638604417069756,0.9867423609613302
434.5789281207397,-7.530066868220571,97.53972674932442,1.2383589291667352,16.76127591614886,-0.6243050690881811,8,D06_px-1055_py-0118,0.8007326373045733,0.6243050690881811,2.699147639955079,2.7351411428862136,2.7315402569560376,1.9036876522336517
395.5306048125623,1.004662664041514,104.12010528758525,1.1859992879911598,38.26471438045024,-0.6044394995551442,8,D06_px-1055_py-0118,0.7668764809194042,0.6044394995551442,2.0108551205781477,2.877248963012262,3.3359663245312463,1.6208995412160827
399.7326081124386,24.21192972486009,109.52188080433667,1.1725320947237738,33.23926670101815,-0.5464831275768957,8,D06_px-1055_py-0118,0.7581684876808522,0.5464831275768957,2.628893937901781,1.4087757577276794,2.932204120904903,3.117131667686463
419.9487360327755,66.21231016658105,112.19816958258258,1.1851137923537038,17.396498384191545,-0.4505992725587979,9,D06_px-1055_py-0118,0.7663039124657823,0.4505992725587979,2.6334113827853596,1.4644986843499095,2.6927772681973607,1.3366234438705322
-442.9629124120531,74.72332934346232,111.20532744344251,1.2069083114061565,3.1906841638787,2.3674966291074964,17,D06_px-1055_py-0118,0.7803964201456017,2.3674966291074964,2.474007429378066,1.2077356953617682,3.1369211208554084,1.4565617675936515
-358.64433417163843,86.89414285079815,112.97928427002094,1.1306045178484956,50.50463042266728,2.296908711022672,17,D06_px-1055_py-0118,0.7310577862384827,2.296908711022672,1.30615203619816,1.393143113999371,3.2528315266124914,1.1275701530363942
448.5890776649853,109.87270786016876,109.6298194034908,1.2206562003697985,3.9491488035720863,-0.3667787483127013,9,D06_px-1055_py-0118,0.7892859134322007,0.3667787483127013,2.7024852699402167,1.880952429018743,2.7931750996196207,1.0957622214116078
392.4664929232799,110.52639989237368,112.1530251672202,1.170470843326007,27.86402572015589,-0.3324692686455147,9,D06_px-1055_py-0118,0.7568356662919902,0.3324692686455147,2.6591635456352822,2.8496563509926,2.9630859949802897,2.6168836581064205
-414.29489778100793,157.8140482224241,102.95957843124224,1.2276412049073373,9.6354521183099,2.170660681094236,17,D06_px-1055_py-0118,0.7938024723822712,2.170660681094236,1.6897386837919046,1.8816174253965152,2.4704207712261907,1.4359626348894934
366.914637533344,193.92367874934305,105.22668794546726,1.1988700372206855,26.09080229079205,-0.1207729335935804,10,D06_px-1055_py-0118,0.7751988087452943,0.1207729335935804,1.7767610587361193,1.6919814370605393,2.6623415536966144,2.4750988680626778
-377.5439990304186,221.67222734390765,108.7385177090986,1.205810334563439,10.999768805858764,2.0037011156516966,16,D06_px-1055_py-0118,0.7796864596710888,2.0037011156516966,2.8690740177839498,1.5075705963063544,2.6878502376242155,1.0556216704562615
399.20497195980784,225.3704117133294,105.59411676028311,1.2302351253861263,0.4909076949400628,-0.0930356002280328,10,D06_px-1055_py-0118,0.7954797217943917,0.0930356002280328,2.531122576341739,1.9941312702277556,1.8586048392340415,1.9403465541645644
-307.4350109351805,257.0338344867649,108.2161665186224,1.1770336305568063,33.58552656507641,1.8382683591150304,16,D06_px-1055_py-0118,0.7610792162060065,1.8382683591150304,2.046756303445122,2.1298233206641575,1.715646255811195,1.264983125969517
301.21817407652907,273.8040660766686,109.08088939137808,1.179764666650189,29.449312146048896,0.1307798367669945,10,D06_px-1055_py-0118,0.7628451256544891,0.1307798367669945,1.5632302877040378,1.9551459184258877,2.4492214180750356,1.7534473512859197
315.8247180700346,274.3453078990571,110.4169010314654,1.1850769056764334,22.158164653191307,0.1082501888406833,10,D06_px-1055_py-0118,0.7662800612497281,0.1082501888406833,1.878407982302638,1.6769916903848805,2.7189709219034635,1.6446168961434813
369.96200759471617,272.52385439658315,108.93042245211755,1.2210761194936326,2.275861055421103,0.027907514578542,10,D06_px-1055_py-0118,0.7895574364450871,0.027907514578542,1.3564393169647793,1.5479099153897904,3.4468149962045587,1.6120121793342852
309.8031618845091,291.4829382855877,108.4094062189969,1.1971273124300983,18.659248364152745,0.1479596575084218,10,D06_px-1055_py-0118,0.7740719491694508,0.1479596575084218,1.5270651300146374,1.231969203402047,2.548260437214598,2.1481615130211758
296.83740323979185,307.4736185399209,114.8153968619225,1.17887028531586,15.05572623435205,0.1960173792709191,11,D06_px-1055_py-0118,0.7622668116392824,0.1960173792709191,2.128834750566557,1.7557257782325115,2.6084427937239654,2.0215074786027096
319.9388635582445,324.06949976522617,110.67826422908357,1.2129842890998574,0.3759486112107879,0.1848324916942728,11,D06_px-1055_py-0118,0.7843251951786647,0.1848324916942728,1.9962450385570527,2.613173728390035,2.267228775256104,2.0086766756864742
287.0650896569159,325.63410218682395,101.71446954573727,1.2248179930645535,15.704903277989672,0.241285025131429,11,D06_px-1055_py-0118,0.7919769613682206,0.241285025131429,1.6767146126992931,1.381754102615369,2.9265934478576074,1.7995605382155029
186.81433204409447,333.30323541646413,104.30750772822849,1.1731762161161374,46.27220928253786,0.452952786890115,11,D06_px-1055_py-0118,0.7585849816464577,0.452952786890115,1.5468733243818167,2.3270434686090304,2.300042548099338,2.4188723689193568
240.21402522320577,359.382725667786,100.95907007715768,1.225847323864237,17.079753055869446,0.3746101287605947,11,D06_px-1055_py-0118,0.7926425347706298,0.3746101287605947,2.8719162698666043,2.366553694141371,2.238478081603999,2.0567543237117283
111.7543728183209,364.518092189846,107.7716567147008,1.160590781157235,45.40255758947637,0.6663332454469965,12,D06_px-1055_py-0118,0.7504471402751776,0.6663332454469965,1.8624602353702437,1.8607150390662153,2.699510721999191,2.231421923109283
138.1059344727417,386.6765004336349,101.7948576133881,1.2064162964090164,30.000233447580285,0.6207763767488982,12,D06_px-1055_py-0118,0.7800782793731856,0.6207763767488982,3.8063603130205914,2.026855260827859,1.4274077181325553,0.9699621833400007
74.17784775124399,404.5248432079195,115.11443540802584,1.164178813378813,24.58697973918953,0.7824612421166594,12,D06_px-1055_py-0118,0.752767190170123,0.7824612421166594,2.7297049692561073,1.624425520990531,2.8184056868524885,2.5358781997696944
-98.61194310333146,426.3692024420253,108.65871491038163,1.205913250874868,11.141329770812376,1.1911033687533297,14,D06_px-1055_py-0118,0.7797530061686602,1.1911033687533297,2.599368221564931,2.304082264769557,3.235196800860625,2.5860178198677914
-48.14180747197707,-439.31892456852586,111.20299264608148,1.2014536795986392,7.604479919624737,-2.286923176150537,3,D06_px-1055_py-0118,0.7768694122564612,2.286923176150537,2.06651885114899,2.6397156884072306,3.126919374470394,2.438228606763408
85.58669074549182,-431.5566767177169,110.01000755503694,1.2035627983840698,9.23902499122687,-1.9819953777537205,4,D06_px-1055_py-0118,0.7782331850752051,1.9819953777537205,1.1246413581305699,1.7201793303716797,3.351512776899158,2.6488471148090955
97.82819781343522,-420.4458097546526,100.80279996269768,1.2259022566085334,17.496305570595894,-1.9491661712523336,4,D06_px-1055_py-0118,0.7926780547157596,1.9491661712523336,2.1803488944527802,1.4324103052688346,3.2929248704148724,2.3199997750296575
-136.53654554439578,-409.683451141809,103.05555220964344,1.2189291496753778,16.629822594032134,-2.4994723597032498,2,D06_px-1055_py-0118,0.7881691888503924,2.4994723597032498,2.4954682096672327,2.001467733795647,2.0586666251300008,0.8374628925564258
-32.54491710777695,-407.4868009806498,103.38640633621664,1.1997259015834525,30.52905342252882,-2.2574741002886736,3,D06_px-1055_py-0118,0.775752217383317,2.2574741002886736,2.715858416195837,1.6814585853801312,3.1411148305131205,1.5339059335077967
-15.292011786753548,-405.9594910213021,110.1170063538315,1.1757094509131636,29.54273940782639,-2.2154268692926826,3,D06_px-1055_py-0118,0.7602229912187707,2.2154268692926826,1.5460957944279743,1.5737203315450985,2.566578652504937,1.8516153496584824
82.00169073022555,-392.0500141881769,107.68232021647653,1.1786120217729898,33.90625101706297,-1.9715870750715452,4,D06_px-1055_py-0118,0.7620998163982976,1.9715870750715452,1.9307225519710827,2.4761617941327523,1.5104014321918298,1.6877827511820827
22.89258796333517,-391.7413351015218,106.91075581273212,1.1738920183896544,39.07795236952785,-2.1194042246762166,4,D06_px-1055_py-0118,0.7590478250343982,2.1194042246762166,2.2638490499739703,2.597336593434922,3.324039612026754,2.0092968586030446
-52.38391199637695,-388.7454709564624,108.67765783053572,1.167876019727124,38.48023834438874,-2.311720214793859,3,D06_px-1055_py-0118,0.7551578329153038,2.311720214793859,1.7464195528606377,1.9688186155246377,2.0784314933960246,1.9791752309979023
30.424885799632893,-377.954317191817,109.3430903030616,1.1532393482479082,46.01283081826489,-2.0974502204349337,4,D06_px-1055_py-0118,0.7456936458538035,2.0974502204349337,2.143959422351253,2.0185831229715,2.0692609395142543,2.134496628164458
146.18958896663597,-378.33990139934224,112.60439430458209,1.167137501654676,28.96240936260949,-1.8090504982307956,5,D06_px-1055_py-0118,0.7546803013128576,1.8090504982307956,1.3582050609960352,3.317051743704771,1.5623320604470627,1.3989944031925097
-136.19361853011722,-377.2922655735124,109.0924112443608,1.1745177347974538,33.0122833667524,-2.5241955814770805,2,D06_px-1055_py-0118,0.7594524181920209,2.5241955814770805,2.5981419314286036,1.6652448065134382,1.8976363991348086,2.6646255559981817
-163.89239452330213,-366.9990244132527,110.62607866060094,1.1702476372805042,31.93174294443253,-2.5977774618203795,2,D06_px-1055_py-0118,0.756691339504927,2.5977774618203795,2.8522958314882607,0.7312187969443238,2.3197350448860092,1.6689217922257797
92.69613284756684,-360.9690084414513,102.98977207886104,1.168797644221244,52.41694502768581,-1.926409347501273,4,D06_px-1055_py-0118,0.7557537625722068,1.926409347501273,2.0943557618005553,1.5177213707213404,2.437806882908129,1.3131866063512563
-250.8772958709532,-359.0882623083565,110.52022386908304,1.2005395209395031,10.21693529576521,-2.7875957346218265,2,D06_px-1055_py-0118,0.776278310067262,2.7875957346218265,2.8972465652737287,2.488566045820871,2.6781489156031952,2.774809133906984
151.83830616438652,-356.53532812146034,111.15535347749687,1.1552108958527243,40.31987288643484,-1.775167105505612,5,D06_px-1055_py-0118,0.7469684640636082,1.775167105505612,2.5410389506751025,1.59185739685504,2.3534044539932344,1.7273553089399993
208.04825463180472,-348.01392658613474,97.4433901272819,1.216649140111672,34.65764112886103,-1.6389638704902445,5,D06_px-1055_py-0118,0.7866949167084261,1.6389638704902445,2.3408836946454925,1.6439700441272254,2.48235027735742,2.399255190904122
261.5615857549284,-346.59766895958063,107.52889910320653,1.206791077605806,13.61330139274196,-1.5313023440696,5,D06_px-1055_py-0118,0.7803206158469247,1.5313023440696,1.5112220651308133,2.185845863530558,1.9472759874620755,2.768514920199071
-202.3768848646084,-337.52529535222106,108.03003770738567,1.1712042615169882,37.9621034675846,-2.7178940365052258,2,D06_px-1055_py-0118,0.7573099002709116,2.7178940365052258,2.198042418652057,2.4438718248358864,2.912204297902176,2.280374248886699
-325.6861836177767,-315.25775450945054,110.06383245095026,1.2132823911612522,1.127673487197569,-2.979443009696405,1,D06_px-1055_py-0118,0.7845179503195084,2.979443009696405,2.5161622658607037,2.329321387360857,3.9588168251798925,1.0039223128044588
-273.183735973583,-308.9592530708388,112.72178863843811,1.172747264313679,24.839509469314294,-2.901796350642354,1,D06_px-1055_py-0118,0.7583076180324284,2.901796350642354,3.094484976700554,2.357426991708548,1.5117020343430072,2.256920727195439
-275.01776227204493,-295.5853147466815,99.05402664640248,1.209880745168497,35.141658033214185,-2.9271443322328654,1,D06_px-1055_py-0118,0.7823184192281566,2.9271443322328654,1.8383889418091084,1.947370009626792,1.39014407998971,2.2150951658242395
-333.9974682608112,-292.13430089624376,108.0370317557385,1.212397391865926,7.648953403448331,-3.0299346568790995,1,D06_px-1055_py-0118,0.7839457028046171,3.0299346568790995,1.840624732113821,3.014601788488301,2.3352860342857698,2.1952422080108143
258.483094220371,-280.9427603164881,107.81160006403675,1.1609323758225552,45.08986229912068,-1.4339899036040538,6,D06_px-1055_py-0118,0.7506680180762809,1.4339899036040538,2.521651944753428,2.670641899877782,2.5674655031409204,2.303467409364127
-326.780903690084,-255.6947647509378,107.24510780863888,1.192325364184708,25.40008310863328,-3.084614868586057,1,D06_px-1055_py-0118,0.7709669716123231,3.084614868586057,1.3249966621032983,1.9001676441099882,3.4841961544430884,2.670480804258796
364.9224148404902,-230.5203789024836,104.4170012954176,1.2145085087870966,16.28115636700636,-1.170380148008778,6,D06_px-1055_py-0118,0.7853107676336684,1.170380148008778,1.6862140107132202,2.4130698139571614,2.6806114076722447,2.3471017598453052
316.356014462815,-225.5122487456435,107.88819414574402,1.167037443311124,41.03379578856658,-1.2262732191527532,6,D06_px-1055_py-0118,0.7546156027998259,1.2262732191527532,1.1171545668946494,2.4849317052505944,2.573201098077643,2.167838958221787
383.6996599777706,-163.00680852203106,111.34515347646284,1.180927949441871,22.68172946070615,-1.0087054768104735,7,D06_px-1055_py-0118,0.7635973134699726,1.0087054768104735,1.7885238432664856,1.5713096039470362,1.9578001171520039,1.748719052837943
-361.0767812345639,-141.3637585598142,110.0570780407976,1.1590955174688,40.61711714508431,2.907775784433708,19,D06_px-1055_py-0118,0.7494802909970674,2.907775784433708,1.8303054027054957,2.3223449083900505,3.3419396817665437,1.893946833506424
424.6379763805341,-142.48112933728987,94.80417638754132,1.2559917038110942,9.459212465765404,-0.9307107539445928,7,D06_px-1055_py-0118,0.8121341282709083,0.9307107539445928,2.8438664821882407,1.623471391414232,2.3702023814129003,1.6353514555564819
-402.8965733616778,-135.1868125506761,109.18907412441284,1.1943649258214954,18.614886937871177,2.858345897537298,19,D06_px-1055_py-0118,0.7722857682309003,2.858345897537298,2.9134776611186677,2.376517004002796,2.4743947268291655,2.26430824883348
436.2981539081744,-106.92816876059337,100.3133554243692,1.2398749247336898,6.906261904923156,-0.8473227427565091,7,D06_px-1055_py-0118,0.8017128919786252,0.8473227427565091,1.391525140498454,2.881617829096406,2.4447554467741432,1.3989719042937128
404.1239912184448,-105.42500734142376,106.11252689191748,1.1981778504494889,24.170373525829348,-0.8621650674408898,7,D06_px-1055_py-0118,0.7747512353271574,0.8621650674408898,1.9779342388370071,1.4362783814007927,2.6574455497063223,2.398117225231353
404.635066672479,-37.75632958595014,106.1749032852511,1.188617600507836,30.94908744459633,-0.7000197158848297,8,D06_px-1055_py-0118,0.7685695024153418,0.7000197158848297,2.449216479699474,1.4472036630902154,1.6641445005173674,2.2580678905444174
377.4672931421352,4.062110502704766,108.14127887991825,1.1556771225335172,47.50219989469821,-0.5962184572272718,8,D06_px-1055_py-0118,0.7472699299075571,0.5962184572272718,2.7771748288633127,2.039605543214446,3.1669898419996456,2.00279205609179
-453.2104237651746,9.412821202411996,109.88152980418364,1.2138488609302416,1.1717082113640345,2.5138469001048214,18,D06_px-1055_py-0118,0.7848842341338315,2.5138469001048214,2.102613740405978,1.6140961914589662,2.8822488257141,2.6645685357109263
-439.492377310302,13.278538082488817,104.1897719607993,1.2212148102135834,11.44431965663199,2.5044089576878643,18,D06_px-1055_py-0118,0.7896471149569791,2.5044089576878643,2.6651467451799635,2.378809498538004,2.6337547807169663,1.8729387962034432
424.5295211993516,37.72178379236126,105.7619229190847,1.2061046556890571,19.110638782824367,-0.518356775054023,8,D06_px-1055_py-0118,0.7798767700290795,0.518356775054023,2.6980666323137372,2.476488004408087,1.328376298348447,1.8784036107614128
-382.6788699683968,48.43517574160317,111.62909207447802,1.1519212730145694,41.190902571943866,2.4087138381827646,17,D06_px-1055_py-0118,0.7448413680263505,2.4087138381827646,3.564039836330585,1.8703532469371116,2.723285139015377,2.7758750989103205
-421.4258318158341,59.98844695936887,108.7996472916848,1.1961472950814358,18.333169613323207,2.3932166380345485,17,D06_px-1055_py-0118,0.7734382622328799,2.3932166380345485,0.9802214464215675,3.2053758600274485,2.3939292008893758,1.4077327752046287
371.50039955613903,67.92690642430627,114.06534460209348,1.1358140289692062,44.95837799836664,-0.4261324711050295,9,D06_px-1055_py-0118,0.7344262971608863,0.4261324711050295,2.213576934000217,2.1419560069179737,2.3935893376607926,1.7071038594597174
-368.0729029971076,77.56254441786565,96.31765800306434,1.195529641204549,52.85473160688196,2.3269256574138693,17,D06_px-1055_py-0118,0.7730388823712483,2.3269256574138693,1.985343746300332,1.8045015267343094,2.8997122122187338,2.2097681677387575
-431.0332152753605,115.3187121524242,99.18554946864715,1.2412757749064145,9.127219098816964,2.2731953691082367,17,D06_px-1055_py-0118,0.8026186927338467,2.2731953691082367,2.854591489555788,1.6994924758743895,3.256416489479106,2.6972855446821375
412.8924016714806,135.80972218288383,109.87612523043084,1.1998891703069443,12.504765346620331,-0.2892037015648114,9,D06_px-1055_py-0118,0.7758577882258828,0.2892037015648114,2.2259314336224367,1.8894139992337426,2.4321936704225866,1.815672471319474
-401.7397588164072,148.29020604947442,105.50501536930228,1.208493782453976,17.967228935605817,2.1810074013141105,17,D06_px-1055_py-0118,0.7814215982127918,2.1810074013141105,2.8573008386191274,1.1805852326541724,2.619213470212824,1.333905448602601
387.63227851762167,150.31737274315998,102.42514967484658,1.2085125890304895,26.642562957589742,-0.2370488432197975,9,D06_px-1055_py-0118,0.7814337586932918,0.2370488432197975,2.262436837523796,1.977855222778024,2.1158865400256746,1.5593266893784397
-318.3003182665137,188.87259131421308,111.64822206135644,1.1362914712041643,50.421843628012425,1.9990765369746024,16,D06_px-1055_py-0118,0.7347350150704957,1.9990765369746024,2.115370193877669,2.0784237652852804,1.6963863732569555,2.4574219026714026
338.0533315792031,206.4027535711081,107.8992966447088,1.1739329475717384,36.49345113152276,-0.0588295222076985,10,D06_px-1055_py-0118,0.7590742901659048,0.0588295222076985,2.9188056446023434,2.066733050544898,2.2991812698084613,2.4053566512449343
389.276737307292,215.64421605814923,107.24368873642317,1.2157553210024128,7.143315270937364,-0.1011001655261186,10,D06_px-1055_py-0118,0.7861169662323779,0.1011001655261186,1.7265845952484256,2.3132015810767887,2.894221398734757,2.4865250999491724
-356.88054781659974,267.96137883783854,108.0301192108104,1.214297184277807,6.098133494872059,1.8905725003827456,16,D06_px-1055_py-0118,0.7851741235415033,1.8905725003827456,3.034146295860635,2.2014714230094037,2.990737768233009,2.086714626884951
273.9755422441751,271.081453534384,113.30737552917272,1.1460441670839063,40.68937217618179,0.1731089822332131,11,D06_px-1055_py-0118,0.7410411850416445,0.1731089822332131,1.3257409093436427,2.1965121051309904,2.6139923722272336,1.9249112595107278
-268.1270078629839,283.7315917832318,108.3667809579465,1.1671758549716942,39.726245973957134,1.7209460738786375,15,D06_px-1055_py-0118,0.7547051008697244,1.7209460738786375,2.9303317962442827,2.91586845990372,2.054573846937063,2.2579545312239264
-253.36019846151848,293.44190865448513,108.34706833067466,1.1647345985901705,41.343607936985165,1.6760437848043956,15,D06_px-1055_py-0118,0.7531265652653263,1.6760437848043956,1.8899357146566091,2.0099003846623837,2.3876705844183546,2.0389005847810306
231.18550905731053,298.64109936380635,94.29630605932698,1.2040510120852546,52.67176237507306,0.3050536867070833,11,D06_px-1055_py-0118,0.7785488678997162,0.3050536867070833,1.98867045646469,3.09848578681913,2.7673772923535944,1.198803397271881
299.36154368666814,302.1007252430674,105.5908163785664,1.2059400378038698,19.717982640000685,0.1829728035550276,11,D06_px-1055_py-0118,0.779770326807935,0.1829728035550276,1.4671022101946611,1.9355738417337194,2.7844152032229355,1.8686545913458479
246.84293750123933,335.2506617813034,109.6572144629923,1.1857956005408894,23.66053145194008,0.3291456068324093,11,D06_px-1055_py-0118,0.7667447750097527,0.3291456068324093,1.5021961884131771,2.3472995403495,2.9024259208953955,2.5677822312000274
148.44201887582724,352.01126890691233,108.38134961844348,1.1592598003482453,44.70273316546621,0.564747327510886,12,D06_px-1055_py-0118,0.7495865176008604,0.564747327510886,2.590886114802026,1.711132307418323,2.833050893648082,1.966395644027047
155.39080565480643,381.09805128640767,107.396700170322,1.1890306593231623,27.376725864536127,0.5766516194425818,12,D06_px-1055_py-0118,0.7688365894987134,0.5766516194425818,2.5152985948346327,1.1511842953424094,2.391270435941933,2.405306864123311
78.76273445622674,381.9523390491793,111.39207955567583,1.156767719078673,38.75635017097636,0.7604564139691065,12,D06_px-1055_py-0118,0.7479751182235371,0.7604564139691065,2.7970440755417565,1.6596133283630088,2.060025407746895,2.24420312484522
-44.39896215246667,384.9511571417492,99.7494352798883,1.19372192139755,44.73433974081581,1.0786460271852572,13,D06_px-1055_py-0118,0.7718699965058716,1.0786460271852572,2.8132838903501174,2.223778295603471,2.1570919596664595,2.570858768876999
4.146594115785634,410.23733365000834,104.40926403878063,1.1976103765214574,29.26467068805306,0.9537093460074064,13,D06_px-1055_py-0118,0.7743843022156887,0.9537093460074064,2.732771129448137,2.306150710858055,3.3268580175109688,1.6540188200456938
-12.425550970152612,-452.2068958617367,111.3279801902909,1.2088661467364044,1.2291465271755442,-2.205246525995229,3,D06_px-1055_py-0118,0.7816623718906683,2.205246525995229,2.220246838594363,1.4875629793100638,2.90481956710581,2.262237082309002
-85.78115317210421,-436.3869152892671,102.36636361048376,1.23046370663499,8.974736253706453,-2.371872450185805,3,D06_px-1055_py-0118,0.7956275242302849,2.371872450185805,2.3071631005284337,1.3095175168294535,2.4447811535486785,2.8814871971076403
56.14874805028578,-438.1572695092172,107.24118048729493,1.2133484514171484,9.139425742065953,-2.050323021039115,4,D06_px-1055_py-0118,0.7845606654012823,2.050323021039115,2.308694022824431,2.0500739965425936,2.720404809964683,1.54359058731665
78.08935693682639,-423.16534393602313,101.4956060083797,1.222701469986197,18.09665858089676,-1.9952925072779637,4,D06_px-1055_py-0118,0.7906084008753523,1.9952925072779637,2.488817368639093,3.041350026573064,2.902387547520124,1.7052130749709988
22.56641539640581,-411.3021978565582,111.04713368253404,1.177644436330148,25.780587338621046,-2.1229650339386543,4,D06_px-1055_py-0118,0.761474168029948,2.1229650339386543,2.1991686975784193,2.2166040756600083,3.163469139041574,1.4924704342835633
51.57972472716708,-412.2346035428672,107.747811043252,1.1911487254710775,24.899712279520088,-2.0533004880549623,4,D06_px-1055_py-0118,0.7702061477525121,2.0533004880549623,2.3121705609379273,2.8218642595533066,2.2591156193944744,1.5479939967038359
-150.14654913319356,-407.9874056639717,105.34226792321304,1.21396702151197,14.06715702602861,-2.530410971910797,2,D06_px-1055_py-0118,0.784960637696647,2.530410971910797,2.4898187500609055,1.9587047234742774,2.783758763847404,2.0266640636060806
-201.4200136669681,-405.1647020117588,95.0344766778028,1.2582557352516393,6.565703507750527,-2.639125793377124,2,D06_px-1055_py-0118,0.8135980688325901,2.639125793377124,2.752000485823113,2.4091057623117953,2.8322545614099006,2.351374535208751
121.91826610726584,-398.3971711423239,109.63248022621406,1.186134797033224,23.481816652942257,-1.880803566954547,4,D06_px-1055_py-0118,0.7669641021333149,1.880803566954547,3.040749478340966,2.7852849354679585,2.6556765102134365,2.077029211011839
-136.95523241912295,-396.0393417313968,107.50338135804652,1.194887246109681,22.81352400612837,-2.510715029772272,2,D06_px-1055_py-0118,0.7726235046432003,2.510715029772272,3.2235658783022174,1.5076474621793041,2.647150708796963,2.3466741952364356
-202.81688655325885,-390.0609124203875,92.93739966268458,1.256362763254559,15.145816707802055,-2.6572653077584247,2,D06_px-1055_py-0118,0.8123740582296338,2.6572653077584247,3.189153208499878,2.3846112589219444,3.5672520482051557,2.1645575925688014
197.1102509429587,-380.1205058926967,100.096358024222,1.2255568984465086,19.8700874730082,-1.699401182185658,5,D06_px-1055_py-0118,0.7924547434080446,1.699401182185658,2.2324015441298344,2.178487754255744,2.56788426189611,1.7605634724396477
-279.5814825866838,-360.4664768144744,106.8406932403191,1.2249597188464996,0.4646061793689569,-2.8374670515320903,1,D06_px-1055_py-0118,0.7920686023751039,2.8374670515320903,3.3675592379344073,1.9923655123470672,1.9334541883234695,2.3309989756537086
-217.3092715868096,-359.69681425046286,113.50936007944752,1.176962456995309,19.839837815266662,-2.7212380686641784,2,D06_px-1055_py-0118,0.7610331948205569,2.7212380686641784,3.1113379818324454,2.1246536374176817,2.539844667189038,1.396907690086397
-227.1985325601057,-353.74526098539457,108.7566312659632,1.1920361542907116,21.5232632334596,-2.74869490190196,2,D06_px-1055_py-0118,0.7707799662169567,2.74869490190196,1.9805048627053088,2.809965308507051,2.1349803701628427,2.6860185281688533
-207.25484449773904,-352.38311621984684,109.76765827648084,1.1790638025254216,28.13614888828613,-2.709438062817151,2,D06_px-1055_py-0118,0.7623919413911877,2.709438062817151,2.3600671793373422,1.3366938128978774,2.648288863829862,2.223197238441438
285.3265190089123,-285.25727473901776,99.23191169471929,1.2090615580922326,35.246381699745825,-1.3922563383502984,6,D06_px-1055_py-0118,0.7817887264124683,1.3922563383502984,2.165639809913279,1.390865566084694,3.4987180173446446,2.6238098792941598
242.72549961955684,-283.816190059136,106.89322591970242,1.1559940232989832,50.40608099947895,-1.4702586680836682,6,D06_px-1055_py-0118,0.7474748404385178,1.4702586680836682,2.7556003965319693,2.491057028866985,2.4321246094720017,2.4811613578239125
-299.7389212477718,-259.64581421320594,110.6658064543513,1.1652633580814071,35.128284979006764,-3.03472524822996,1,D06_px-1055_py-0118,0.7534684653170364,3.03472524822996,2.056971015300385,3.2658289181336206,2.6455963724098197,2.1086480540300827
363.5019813376955,-255.7840532031864,108.6196698831052,1.2111805755687963,6.990389725496812,-1.2201617888706768,6,D06_px-1055_py-0118,0.7831588998028641,1.2201617888706768,2.632926277682934,1.8756216871955558,2.070883196467075,1.900098447511048
-355.6025656327352,-248.5000136470833,106.97314206559798,1.208213437102752,14.04804721848501,-3.138642708911938,1,D06_px-1055_py-0118,0.7812403247006019,3.138642708911938,2.392404621614812,2.7289868811605107,2.73824111650641,1.7846848849688293
388.1821733752664,-209.99481357816703,106.03296277040768,1.2167534578503074,9.80259046336397,-1.1028633044047509,7,D06_px-1055_py-0118,0.7867623693798671,1.1028633044047509,1.3961168892382214,2.6010960275347235,2.5744520273700786,1.504996440138295
-341.9886088187784,-158.63391751432047,109.84574323819912,1.1493809851165266,47.1067794398262,2.968930849228941,19,D06_px-1055_py-0118,0.7431987978633677,2.968930849228941,1.957258180379848,2.540245628270176,2.518206660240425,2.402369002956331
413.89858295520594,-141.83498851413364,108.71376759678957,1.2056696369832802,11.18121428428617,-0.9371188484170788,7,D06_px-1055_py-0118,0.7795954835075797,0.9371188484170788,3.0930702203509126,2.0297408278928546,2.9642171869957625,2.7530301260481775
407.1576773211093,-83.70543599290788,111.72049053707806,1.17871277685356,23.269648069024413,-0.8097392939620156,8,D06_px-1055_py-0118,0.762164965426973,0.8097392939620156,2.5794935549685887,1.9292149829212957,2.8576239990359684,2.1699463633801224
380.86672331149566,-71.75392377199107,98.76187896291955,1.1971716187669927,45.05781220063415,-0.7931933079608855,8,D06_px-1055_py-0118,0.7741005979958574,0.7931933079608855,2.490233691169668,1.967662058126638,2.0680468607563505,1.8401295567229115
-423.7889334619678,-21.56785546767765,105.39831535677874,1.2057910377468395,20.37266154701853,2.5854621689145967,18,D06_px-1055_py-0118,0.7796739821974877,2.5854621689145967,2.9892588119629213,1.3611059373133614,2.697604342644447,1.9176499191214238
-377.4704296744538,-16.096659739025565,109.6722292931519,1.1507844599576436,46.68863850015612,2.577230799909246,18,D06_px-1055_py-0118,0.7441062957498442,2.577230799909246,2.8388657566360487,1.9084174953042272,2.598790709016062,2.0965256506331578
-395.3584782373404,-10.641677557547906,107.83096277436545,1.1736346369447357,36.868656591398064,2.561523152263649,18,D06_px-1055_py-0118,0.7588814001648962,2.561523152263649,2.3892165269165835,1.3535784356471638,2.7781592666252046,1.7115906074394447
-444.65205930266114,-2.006842845071595,109.4178682680845,1.2088964487522678,6.598988772762311,2.539126379205093,18,D06_px-1055_py-0118,0.7816819654127939,2.539126379205093,2.724015202671734,1.8573569937185976,2.651934136361831,1.8014047451458826
423.8612390250574,13.266108558718244,105.23365132951405,1.2061011303128035,20.59452111225056,-0.5756915107885081,8,D06_px-1055_py-0118,0.7798744904930269,0.5756915107885081,2.62351329063714,1.7799004524079334,2.962792801753481,0.8818782677771508
-429.8278921454264,26.377791853104867,108.09288475826484,1.202273276808659,15.584280107298412,2.473321722395839,17,D06_px-1055_py-0118,0.777399370267866,2.473321722395839,2.2678522405902823,1.7993571872263239,2.746651670996446,2.370347818571986
439.0540852931029,36.14966849522646,108.47320045507033,1.2086876346154418,9.436044270723356,-0.5248294896085195,8,D06_px-1055_py-0118,0.7815469445472362,0.5248294896085195,3.076025519272388,1.7851083715629423,2.042457536300215,2.064646397958933
-397.9234434306731,44.63924068042265,106.6529190904752,1.1818927202153309,34.366996664113174,2.4228997026133903,17,D06_px-1055_py-0118,0.7642211418509306,2.4228997026133903,3.0137266651254877,2.4252889792136223,2.0939220809115344,1.8425603022029207
-449.5332322236959,52.60421263802536,107.82487100041511,1.2194862113386804,2.31626592884976,2.4181232851271246,17,D06_px-1055_py-0118,0.7885293893094771,2.4181232851271246,2.939993956310456,1.88775031248218,2.8909031734494124,1.341954672019678
-423.8707746150447,133.20515114957263,106.5828308699383,1.217249234968121,7.803599493338766,2.2301266687749486,17,D06_px-1055_py-0118,0.7870829427691423,2.2301266687749486,2.4022507935471205,1.2921218827136225,3.2520501788102605,0.9569061487590955
397.1784559095013,204.3869942553452,107.6891616232063,1.215622462728256,5.972821300576811,-0.1317223284545443,10,D06_px-1055_py-0118,0.7860310590258744,0.1317223284545443,2.0119656343429533,1.9429506408261927,1.629885046082405,0.7710444823348047
-358.88584500794,210.04921455183447,102.84666341303232,1.2072125371683269,26.44496353442878,2.0050864160170123,16,D06_px-1055_py-0118,0.7805931349195991,2.0050864160170123,2.743260483099757,1.920899055597586,2.097416943119516,2.875082276884922
-285.85915710926264,226.1056443155801,98.9025628738018,1.175316191404944,58.921690653887424,1.8654033847642133,16,D06_px-1055_py-0118,0.75996870652332,1.8654033847642133,3.222970006597124,0.9606790217621062,2.764501230266057,1.9005739329502305
-342.810826385182,233.94452258349943,106.7016057452244,1.1941497737704967,25.53948959337805,1.9357764291392543,16,D06_px-1055_py-0118,0.7721466492201191,1.9357764291392543,1.6395314876231464,1.6234938800654783,3.1408970020551754,1.893067463614528
-334.452040833355,283.91664245651884,105.8436647210208,1.2153871589024967,11.472694430257375,1.8307574809465248,16,D06_px-1055_py-0118,0.7858789097188115,1.8307574809465248,3.206447922985978,2.069146266741711,2.6841721489749535,2.0226251242499993
272.1635109405749,285.1227425119039,110.79024979152548,1.1626562811894097,36.50693319922641,0.2016686154248735,11,D06_px-1055_py-0118,0.7517827088645113,0.2016686154248735,1.7185434832150275,1.093185191768947,3.7484133324117686,1.553185731909516
286.67966296303206,291.57462279349147,106.17054501500668,1.1907571634956946,29.436617114276828,0.186883493884834,11,D06_px-1055_py-0118,0.769952960695164,0.186883493884834,1.7075362584117786,1.2733203730491003,2.579552932180089,1.6134279095277568
273.8602059337369,299.89888715206985,95.79401465030573,1.2226930501103264,34.81811230993435,0.2237701167691441,11,D06_px-1055_py-0118,0.7906029565172967,0.2237701167691441,2.500688343287158,1.2307742589258754,2.563876382857454,2.27359438236853
-325.53792349867405,303.4224505720931,103.01535193312074,1.2286684513155397,8.586704759731674,1.7843624276499028,15,D06_px-1055_py-0118,0.7944666980007314,1.7843624276499028,1.88617051585332,2.732843931280021,2.880742332898896,1.704506007687732
315.0018211423494,307.5530774529976,101.3517544629104,1.230402439425408,12.066825737827967,0.1664544043258329,11,D06_px-1055_py-0118,0.7955879083700094,0.1664544043258329,1.9034542952568616,1.9660641306811653,2.7708449104416895,0.7653462810235286
-215.30039742522112,310.0757349054071,107.0032642540936,1.159571452247376,47.9566372520099,1.5707392399135722,15,D06_px-1055_py-0118,0.7497880341735068,1.5707392399135722,2.7860579015182108,2.484177346050015,2.1712306653764637,1.4896456259378836
302.7387962387288,317.12785566943586,96.4586270319077,1.2444248242412443,14.782495908451722,0.2016276164388897,11,D06_px-1055_py-0118,0.804654892836653,0.2016276164388897,1.9686829046415997,0.9668030283051006,2.61271602881974,1.4823638436767186
226.4203657977912,331.11581158140007,108.3722183570793,1.1768770254679963,33.28521749567227,0.3640393148192369,11,D06_px-1055_py-0118,0.7609779541221109,0.3640393148192369,1.9257309826925586,1.8509269772336614,3.5403606887196872,2.787983725345118
280.7366171123714,342.9044100794844,107.0977562828779,1.2148410196568182,8.320861965235963,0.277775610937924,11,D06_px-1055_py-0118,0.7855257717809908,0.277775610937924,2.6129718234219954,2.115549536999122,2.5617932455730874,1.6768811226350633
-215.3133944938492,352.9299630636232,103.40179229915124,1.2034740681412988,27.71093873273537,1.5116107392608695,15,D06_px-1055_py-0118,0.778175811401362,1.5116107392608695,2.300868002715569,1.9841545884144696,2.4264339476792642,2.51283605716002
-198.013768041528,359.54817235772924,98.32896211659876,1.2176984501531298,31.29688559870124,1.4672198735397983,14,D06_px-1055_py-0118,0.7873734088459294,1.4672198735397983,2.951519595714945,1.9478042627114704,3.3416937888997005,1.5102242435549758
-121.82242377808105,363.18214088344575,99.36943235551637,1.1910814691436948,47.55292262065672,1.28745375063587,14,D06_px-1055_py-0118,0.7701626592814944,1.28745375063587,2.656458837460379,2.205837309421727,3.5801766282673784,2.135966505864992
-105.31844111118708,366.4560728021,97.69508882438684,1.1953098301018883,49.24524672295473,1.2436716427347785,14,D06_px-1055_py-0118,0.7728967507809663,1.2436716427347785,2.378789932432703,2.288474772434944,2.617674055814056,1.8286732509909251
-222.8747535413229,372.4539760889054,108.7002708495641,1.2030390336645655,13.298578554645928,1.5030556219181528,15,D06_px-1055_py-0118,0.7778945146822376,1.5030556219181528,1.9234197727363542,2.253413482789611,2.187144085187778,1.2283945153534703
123.31393121099704,373.4678944109805,110.34076474511562,1.1633339278878152,37.20300675773319,0.644901362693045,12,D06_px-1055_py-0118,0.7522208805570593,0.644901362693045,2.3060872563870887,1.743399941789769,1.6735869894801567,1.8296488373805435
15.155744225252716,380.2086760972288,102.70691963531972,1.177204823669041,47.83466190443789,0.9239762400838796,13,D06_px-1055_py-0118,0.7611899110207483,0.9239762400838796,2.544311984291552,1.3181730946769292,2.8758455611369946,2.059562415864107
-13.14931277593788,380.3399324655246,92.57339619133025,1.2126986864306022,51.52064765111663,0.9983755579522864,13,D06_px-1055_py-0118,0.7841405222432276,0.9983755579522864,2.501260283652085,2.0017675320232153,2.4471933639009005,2.278920352954862
77.23234377399955,391.9839217655147,101.03962055280708,1.199738328664727,36.99202430805951,0.7692792384308561,12,D06_px-1055_py-0118,0.7757602528319487,0.7692792384308561,1.6828954975059993,1.3048329221251573,2.2928825393618055,1.533896248126927
-179.12633582689963,398.99712328076737,106.611510256736,1.2120112185320946,12.025864954080191,1.3857900579577485,14,D06_px-1055_py-0118,0.7836960000853387,1.3857900579577485,2.6753920663474355,1.4219295947518193,2.3620969365079993,2.798265896922437
197.9360907151926,400.0588996023377,102.2740577084562,1.2318814918376435,8.019294560534433,0.5043640432285329,12,D06_px-1055_py-0118,0.796544275309244,0.5043640432285329,1.5127925207534068,2.283314163445119,3.2426549098852613,1.3953811229047552
174.1478584176889,414.9384742914047,109.64216163461752,1.212162703965845,3.2687128689200904,0.5664475737903699,12,D06_px-1055_py-0118,0.7837939517599487,0.5664475737903699,2.4860239130345114,1.449314042165875,1.6907442506604426,1.9453607835881983
-34.247868078037634,423.4994938274242,106.3633460058019,1.2031720137457504,19.696490443899336,1.0445099306934496,13,D06_px-1055_py-0118,0.7779805006501248,1.0445099306934496,2.5127509946101974,1.3604537945653825,2.688001611299002,2.043914123852004
16.952215990898875,-451.7348858639228,106.57386363025398,1.2228521504145695,3.0793083412277724,-2.1402665462489567,4,D06_px-1055_py-0118,0.7907058320271445,2.1402665462489567,3.045471348259432,1.9877132976529928,2.3170878908985686,2.1024705496067586
106.8909546732851,-429.9534671005368,90.87246281491868,1.2651309526554055,13.669559775265329,-1.934105369112664,4,D06_px-1055_py-0118,0.8180436385572454,1.934105369112664,2.5320918851514684,2.228770154961165,2.526687949189373,1.790588221320184
-155.68410878121549,-419.809592539218,98.8690719566597,1.2433137227455109,8.27295005357604,-2.532898446447461,2,D06_px-1055_py-0118,0.8039364458581261,2.532898446447461,2.4490202508321897,2.3059857782951347,3.1322973681569732,1.8933641449025025
-72.25715893886436,-409.3482555506153,100.7555343066933,1.2138623509859696,27.27914871913293,-2.3524936191405628,3,D06_px-1055_py-0118,0.7848929569101172,2.3524936191405628,3.8970276932929924,2.099902751655594,2.9264880150773855,2.1509094839320833
57.39350096958132,-396.7174055926002,110.94511493132084,1.168239969913481,32.455656919099795,-2.0341016841295048,4,D06_px-1055_py-0118,0.7553931659723885,2.0341016841295048,1.7806495398866695,2.4749186572588338,2.3305217291530105,2.58573679729763
-153.3851229799985,-391.4550315632523,105.44908129604414,1.2025366095388272,22.72356823623619,-2.551222225979778,2,D06_px-1055_py-0118,0.7775696432852844,2.551222225979778,2.7319592891551343,2.2025041400835357,2.4154414323513023,2.644591759904837
-82.23166787632303,-380.53735995167625,102.72821248072889,1.1851742692443028,42.52904404841087,-2.390597014616038,3,D06_px-1055_py-0118,0.7663430172995787,2.390597014616038,2.196444573933097,2.18073134997913,1.9150966186030225,2.1053736609224667
96.03391886354302,-374.0779799253347,101.91168757064926,1.1851579521981748,44.710760190818576,-1.9264810036692184,4,D06_px-1055_py-0118,0.7663324665690341,1.9264810036692184,2.457754548797931,2.5864543982899777,2.9436756259695778,2.015733411761896
145.92094389239685,-364.55912438418216,92.71161553868475,1.2223826957862485,44.086583119166846,-1.7970394323080332,5,D06_px-1055_py-0118,0.7904022789668994,1.7970394323080332,2.2186234402124034,2.4835964825757095,2.584150310953554,2.7227661696374534
-178.981201411371,-358.3988591877199,108.7268772506764,1.1752534495910336,33.46304472931007,-2.6409362309679114,2,D06_px-1055_py-0118,0.7599281371722714,2.6409362309679114,2.308152768886426,1.9888631423034777,2.3180201761100534,1.3822367465362326
-306.5521494236034,-334.1530811969398,108.15443213679627,1.219118039188601,1.6739654353762037,-2.9201216548631046,1,D06_px-1055_py-0118,0.7882913262973958,2.9201216548631046,2.6449889430453615,2.214011166327709,2.8882149359599514,1.8747557506210573
-281.0000340607098,-333.8635337628606,106.6844689093461,1.2110452902810191,12.598497794291177,-2.8774089454271463,1,D06_px-1055_py-0118,0.7830714232702378,2.8774089454271463,1.8829813542737708,2.4727957908744695,2.696480386815533,1.8811184550109783
254.37324449314053,-329.96209818328083,105.092626690076,1.2006180551653725,25.15753846931898,-1.5210219943956207,5,D06_px-1055_py-0118,0.7763290909162694,1.5210219943956207,1.3665169330534037,1.9960932953239245,3.53981571374611,2.3129946424193712
-289.0578357155781,-284.99410818544965,112.3452881090061,1.16825758530121,28.86984080633607,-2.970252927853529,1,D06_px-1055_py-0118,0.7554045562208386,2.970252927853529,2.141101946125125,2.758191637957054,3.112519725880067,1.8952533685611521
-341.8704860099339,-276.5267492593859,90.23941981744277,1.2649692532493808,15.92677727963502,-3.068449650470329,1,D06_px-1055_py-0118,0.8179390824477143,3.068449650470329,2.205792252242939,2.414481647379871,2.9687534430471345,2.2897305430871793
-293.2342336975839,-275.38311265858545,105.19653550391286,1.1882935910080252,33.79964213709661,-2.994557623079648,1,D06_px-1055_py-0118,0.7683599953207633,2.994557623079648,2.7182857300130325,2.7381833157652222,2.7019277754660638,2.0466110376294626
295.0955371977417,-261.98884451289257,106.88615281529933,1.1759661398930972,37.76594626358485,-1.3330190032136846,6,D06_px-1055_py-0118,0.7603889683349592,1.3330190032136846,2.58396795456931,1.7583362249405687,2.615747393874278,2.1793728160444434
306.85442893050936,-259.9355260138457,104.373381109587,1.19090384898055,34.177927823808375,-1.3097859523425548,6,D06_px-1055_py-0118,0.7700478086850124,1.3097859523425548,2.0025241295669844,1.6458054071443506,1.8865063263188806,2.2208676961201594
-353.65434056994707,-233.17867129224584,106.1298997594916,1.2029016174077851,20.55320407818812,3.117526681547568,19,D06_px-1055_py-0118,0.7778056602482696,3.117526681547568,2.12356282938282,2.4312598752969965,2.6268825093619297,1.3412790902195928
-343.68656956516134,-204.96518100626588,109.26873867262005,1.173089964320666,33.5178853238931,3.0723609925820305,19,D06_px-1055_py-0118,0.7585292105561595,3.0723609925820305,2.088471415610251,2.552399969433248,3.8102983905874326,2.508031570369325
-387.04109613994353,-203.47886430003248,97.81178877600992,1.2393559814294768,15.059409525789874,3.0186317114431973,19,D06_px-1055_py-0118,0.80137733915076,3.0186317114431973,2.6828286339693905,2.222904501014695,2.4424481067953487,2.083078887339169
-387.11553406335065,-185.7175471469697,103.3295127219686,1.2162002470348166,18.04579098173616,2.981927517584681,19,D06_px-1055_py-0118,0.786404658909308,2.981927517584681,1.9840722509731938,2.80204468374882,2.1593493461598876,2.277229904772329
-357.11057844119085,-179.73979578022238,104.70501843139807,1.1877750515070675,35.47758588193619,3.000910743116556,19,D06_px-1055_py-0118,0.7680247035952634,3.000910743116556,2.516480731360974,2.918570275362792,2.5950611036158726,1.7526739061877004
375.7218288916592,-177.28753558460525,109.8903235327794,1.1843230457028089,24.09897356902377,-1.0478615607698305,7,D06_px-1055_py-0118,0.7657926094531436,1.0478615607698305,2.302374222776543,1.5130403644073371,1.7571027449597623,1.2380302039136968
-421.51322101308097,-142.68947009937995,97.3282235065724,1.2462187787971306,10.45212522203758,2.8610218670026133,19,D06_px-1055_py-0118,0.8058148779822407,2.8610218670026133,2.183879229197254,3.3738438476086112,2.764996937622864,1.5814275327296516
372.8450280968258,-127.35424547793662,99.87286576852908,1.1989572479261756,40.7614992655113,-0.9361284481368864,7,D06_px-1055_py-0118,0.7752551998743633,0.9361284481368864,2.1525844285926747,1.1258192386693904,2.511661819367108,3.003281805101281
-377.6583943938272,-116.40746877138056,108.550527420878,1.170975810476805,36.77507761899,2.833607573822161,19,D06_px-1055_py-0118,0.7571621820289768,2.833607573822161,2.166342935071447,2.099329735477069,2.8765220296663814,2.157002396295585
384.5625353189899,-39.85858286234046,112.0857358240516,1.1512610389418116,40.47618458564358,-0.7102573183857109,8,D06_px-1055_py-0118,0.7444144554746936,0.7102573183857109,2.635574843073849,2.3966937332208773,2.2929296932640812,1.4283106862033026
422.7327582489263,-0.4796815884550981,105.3774555692745,1.2045923498215516,21.35403847597081,-0.6081142472614306,8,D06_px-1055_py-0118,0.7788989011437526,0.6081142472614306,2.2021532374328827,1.4365337137530352,1.9903198868631113,2.7481618232710243
-368.2231572473331,17.007245933362427,106.55631523426008,1.1523373535379973,53.41782502436172,2.488458589176206,18,D06_px-1055_py-0118,0.7451104089699804,2.488458589176206,2.80781614278703,2.8422068775787146,1.9256092777809273,2.584821725608261
-416.1136268329015,21.32862789050766,108.49637218843898,1.189765483289899,23.89096336580372,2.483401199493987,18,D06_px-1055_py-0118,0.7693117324633105,2.483401199493987,2.6565910950562914,2.493517312649037,2.4276883850075164,2.399552238950791
-405.9990547263304,29.70249166024508,109.3220017659046,1.1790035133448835,29.34521455305532,2.4615842089958946,17,D06_px-1055_py-0118,0.7623529579321952,2.4615842089958946,2.8018412041235026,2.145349630815403,2.4249796638976053,1.4019633316286884
-437.60789567449257,41.33462068247223,95.73262894119692,1.2474855588668767,14.320753731680211,2.440436697799925,17,D06_px-1055_py-0118,0.8066339879528979,2.440436697799925,2.46693154146449,2.432760639271471,3.064540578179733,1.9152856882130251
413.44879858862896,72.70954877247907,103.76473794719382,1.2074067843996414,23.71435345427932,-0.4328985028361437,9,D06_px-1055_py-0118,0.7807187367093196,0.4328985028361437,2.6401849758575624,0.5789361385493013,2.842222257582988,2.042641949304921
402.2466559939947,123.48838375961611,103.80111795454413,1.2080658451294015,23.10493867797504,-0.3091161992124147,9,D06_px-1055_py-0118,0.7811448905681525,0.3091161992124147,2.2235544159293115,1.904842405746035,2.609178005443554,2.844953306225457
385.8780476728781,123.7504095783399,110.8038221962781,1.172605465929845,29.88391979950564,-0.296643336750071,9,D06_px-1055_py-0118,0.7582159300805926,0.296643336750071,1.979728416847329,0.9186168189559056,3.063187294239907,1.8113013358534404
368.16400776541707,137.67231530419298,107.63193092964995,1.172084939327742,38.40715352739602,-0.2491359595227708,9,D06_px-1055_py-0118,0.7578793534798411,0.2491359595227708,1.9188883016114697,2.1301405718896813,2.2795250803004836,2.0169173768326822
-361.1128198465264,184.4133322665841,105.7128301229709,1.1893447532879993,31.67427407529556,2.062457541224464,16,D06_px-1055_py-0118,0.76903968513028,2.062457541224464,2.332995764488356,1.7217827837348372,1.5481149484350445,1.8816879240998223
-386.59355103343,193.8997680847329,100.54558219290874,1.2273149567246586,17.082748939768862,2.0697184846461667,16,D06_px-1055_py-0118,0.7935915177377176,2.0697184846461667,2.1351251477605464,2.8582295516005187,2.481942271194071,2.091044386562375
345.00334896981764,195.09542826177827,105.62895490319642,1.181689284254677,37.205735847474784,-0.092322770571784,10,D06_px-1055_py-0118,0.764089598556446,0.092322770571784,2.2992719736949994,1.9347535485942036,2.7172958857831735,1.3743000275902162
-371.4810162866841,204.2307978196316,106.95515175531752,1.2005434361476324,20.066169910685066,2.0319430397242284,16,D06_px-1055_py-0118,0.7762808416716758,2.0319430397242284,3.567144578857392,1.9737755532809307,2.8006509271546114,2.060394886861854
332.88113249966307,220.6551351387413,106.7642122395104,1.1806067072602646,34.95415178963748,-0.0216137150584198,10,D06_px-1055_py-0118,0.7633895957451413,0.0216137150584198,2.291774604008192,2.026570742986,2.4395521972282666,1.3041209543179582
313.5872368092016,246.0832853452253,102.71946434053508,1.1933561639642694,36.92543428390337,0.0583847278944884,10,D06_px-1055_py-0118,0.7716334948686915,0.0583847278944884,1.987459035231282,1.4916172953150895,2.651457467605675,1.3735384140279197
386.219845353175,257.6604269671501,107.2540310412667,1.2293159388529404,4.629857300489107,-0.0186533939250367,10,D06_px-1055_py-0118,0.7948853685422308,0.0186533939250367,1.9212790492328837,1.3387521922093368,3.9475209155957858,2.8740283495946493
248.7830497963586,316.0461188207884,103.08420654622763,1.1952196193395537,34.614310796548864,0.2969461255598066,11,D06_px-1055_py-0118,0.7728384197915124,0.2969461255598066,2.185204949046948,2.8507298470407734,1.7957172336910792,2.724699054669336
190.42367540160004,343.95993131728886,98.15737269290288,1.2040690691436426,41.891208789165205,0.4581972757164628,11,D06_px-1055_py-0118,0.778560543735893,0.4581972757164628,3.399153869335937,1.380273593729446,2.699592212101368,2.4638993350187555
120.94563766908873,383.40943382995033,100.02416323455007,1.2052373438346902,35.83363398865333,0.6582487033792012,12,D06_px-1055_py-0118,0.7793159593528242,0.6582487033792012,2.5434016900782366,2.946412821701183,3.185644562147345,1.750267280979529
236.42121432108664,386.089865459906,98.67322207507668,1.2472647093193792,5.269658867552266,0.4143675904572418,11,D06_px-1055_py-0118,0.8064911848960052,0.4143675904572418,3.153629612820014,2.1960025097815965,2.958686020494268,1.0036295232786365
-144.25295602686742,395.44398546385867,104.90478882668212,1.204668954203222,22.61553180196477,1.3136039704020597,14,D06_px-1055_py-0118,0.778948434140301,1.3136039704020597,3.31098094903905,2.0226150633014033,2.7391879870090743,2.8645774231708914
-29.623421363703265,411.5282651497348,109.03141482836509,1.1846542762525372,26.142046229808727,1.0356767762452157,13,D06_px-1055_py-0118,0.7660067857354742,1.0356767762452157,2.8018928033174744,1.6646687485699312,2.879443221455727,2.3781823103820052
-140.98191951424337,413.0479221859729,106.7589797641611,1.2108658998273174,12.53140917100069,1.2927389184180529,14,D06_px-1055_py-0118,0.7829554279899386,1.2927389184180529,2.988221404023373,1.2767832927578229,3.181898050372163,1.9819563438133296
122.0273675689204,-420.2221821615397,105.01420667041576,1.2171095673529295,12.448954704833056,-1.8951608178665849,4,D06_px-1055_py-0118,0.7869926325890934,1.8951608178665849,1.8202217092993693,2.511888110343107,3.020322588669255,1.9079695688980984
49.53027364049061,-385.0077795384719,106.05501090275666,1.1728931691382705,41.943768987856686,-2.0498311439207035,4,D06_px-1055_py-0118,0.7584019612412016,2.0498311439207035,2.598091967101068,2.2171621330688485,2.0832113203328175,1.4870914824987573
-255.5092093009173,-380.90593087607743,98.21988049695172,1.252544692748625,1.7485567200756122,-2.7686300374980006,2,D06_px-1055_py-0118,0.8099052637681698,2.7686300374980006,1.9125804354478464,1.6255614280854367,1.949447662640564,2.177885865270396
-97.78245021060256,-382.0795866742068,105.69066494046952,1.1797477343371257,38.35560313463111,-2.428320056648166,3,D06_px-1055_py-0118,0.762834177087498,2.428320056648166,1.6555871343515944,1.8462881436565373,2.8562278380190618,1.0731869052590421
77.95626817500367,-376.77777482849416,107.7064411102109,1.1641362117070275,43.34439253521077,-1.973752163183204,4,D06_px-1055_py-0118,0.7527396435936023,1.973752163183204,1.1709433133135079,2.556237133389587,2.7255673118952366,1.6149538118724114
-218.8293780326996,-372.76817052576655,108.40709355531529,1.2025566138040509,14.49108068458736,-2.7086105460591865,2,D06_px-1055_py-0118,0.777582578200738,2.7086105460591865,2.2447040538528564,1.6624065435591047,2.9020168820675454,2.686219423491692
177.92237732073536,-345.9902671784411,104.85944142367646,1.177725703101857,41.87850788083608,-1.7028004729039932,5,D06_px-1055_py-0118,0.7615267157646178,1.7028004729039932,2.0387183933542627,1.2931350831180861,2.463030289048355,2.119317796068575
-241.6167548219244,-333.11014878221846,108.4863660038219,1.185485528290518,26.998994101212475,-2.8053041981610227,2,D06_px-1055_py-0118,0.7665442798504357,2.8053041981610227,1.7994384406331398,2.163181305890916,1.9899372000695559,2.598730329629073
-299.2784451667543,-323.74935734293865,104.11115482919207,1.222328833919334,10.74193162877708,-2.923916801339242,1,D06_px-1055_py-0118,0.7903674514595194,2.923916801339242,2.141344102971082,3.7611881281009394,3.1338929076246895,1.172775552705143
-350.4279712992514,-291.0915564063783,107.00001290715112,1.2240478209063286,0.7913178121730198,-3.0554051495917944,1,D06_px-1055_py-0118,0.7914789619845937,3.0554051495917944,1.8051983395050581,3.300393575053831,3.5932808910889236,2.0347465141141736
-263.2794628893838,-286.45046037763666,99.77541720872566,1.195006213835796,43.78191303654643,-2.9210491726796053,1,D06_px-1055_py-0118,0.7727004301119336,2.9210491726796053,3.147060524525906,2.514318885905695,3.100620746598498,2.5579411678276407
-276.4678711042141,-279.25860223372456,104.2177732021492,1.1833990243325725,39.77484247831018,-2.9581522931637045,1,D06_px-1055_py-0118,0.7651951299572652,2.9581522931637045,2.163786180446684,2.890017116033544,2.3517926930214177,2.4130731649363315
-360.7994367596091,-260.71090481110724,102.16509768590026,1.2313636619881707,8.797730787832336,-3.1228439543443387,1,D06_px-1055_py-0118,0.7962094424499837,3.1228439543443387,2.750312675357301,2.558299218215465,3.331582047608668,2.035823166547619
-313.6777139823361,-248.1678802623952,107.92781175092458,1.1773138960813123,34.14719836065399,-3.079247484319636,1,D06_px-1055_py-0118,0.7612604381016117,3.079247484319636,3.0202996795935233,2.7831138595631955,2.566159918042101,1.3639142376725442
-306.37160993712587,-234.4714518195872,106.01240520592684,1.170833599841714,43.38719150354706,-3.095339946338628,1,D06_px-1055_py-0118,0.7570702275122312,3.095339946338628,2.5252095452231322,2.203719137064346,2.4119661484834634,1.7709248008617866
-393.0413768499674,-218.74027578892435,104.3403519822816,1.2280143891014923,5.207357211481053,3.0424578023873887,19,D06_px-1055_py-0118,0.7940437762215282,3.0424578023873887,2.9783792723146103,2.5718994431159645,3.6112150817881936,1.4430701535651964
358.85493246841054,-199.76719986140063,105.48626117123754,1.1944906553882395,28.596410253568138,-1.1149365225518382,7,D06_px-1055_py-0118,0.7723670659590427,1.1149365225518382,1.7872590591135231,1.6699015520341889,2.87394625123643,2.6348550953934993
372.0178441770136,-152.95388000201572,107.73191329494486,1.179943463865569,32.86596403172359,-0.9970579806508634,7,D06_px-1055_py-0118,0.762960737342217,0.9970579806508634,1.7482876734561859,2.674901441629384,2.5886123981944893,2.485004295455684
382.5258271966173,-140.28556044971265,97.99875586146126,1.2163837883340105,33.25884930482073,-0.9584844471507824,7,D06_px-1055_py-0118,0.7865233381589959,0.9584844471507824,1.6445370345408334,2.279964578855315,2.41944666939799,1.6216167182497392
-434.0179182033509,-87.10087729268375,105.58606626799585,1.2190982756409243,9.1463831493582,2.7326672295068826,18,D06_px-1055_py-0118,0.7882785470318042,2.7326672295068826,1.7642441453022126,2.4163863791684346,2.1454397571897728,2.5602283455423818
376.4815479538811,-84.768227796255,108.0121191586556,1.1641897099479188,42.53766222672107,-0.8284453553982115,7,D06_px-1055_py-0118,0.7527742359775316,0.8284453553982115,2.9958938302351323,1.4502117842287008,1.8140825658139406,3.115170259603813
-363.1187115942933,-79.29424075577388,105.00900736880384,1.160772584693575,52.21986980882917,2.7496081661671745,18,D06_px-1055_py-0118,0.7505646958737171,2.7496081661671745,2.4047857153882184,2.568526906000093,2.9815828691289497,2.1355050751689713
-373.65083194324274,-56.45917635947381,110.21531447987758,1.149020148760773,46.41999247980692,2.6845800915650697,18,D06_px-1055_py-0118,0.7429654782336764,2.6845800915650697,2.1456483756150497,1.644279213164569,2.3717401167400496,0.8660113414624206
446.5319477757963,-36.713324195439135,105.05135713867703,1.2246015949165052,6.05082338096048,-0.6890138224891336,8,D06_px-1055_py-0118,0.7918370366212726,0.6890138224891336,2.7228643699632484,2.326236953623951,2.118647194376255,1.9748255666600323
-413.7204827000947,42.96961073034778,103.03354835611574,1.2066965406456809,26.31177894791597,2.4311227275975806,17,D06_px-1055_py-0118,0.780259487503905,2.4311227275975806,1.836229175654121,1.8138030828890273,2.1339667698234193,2.0017085242321073
-411.70674551217286,91.97109516423168,106.69448594261196,1.1997179266552274,21.41219630873644,2.3148318007904822,17,D06_px-1055_py-0118,0.7757470607319137,2.3148318007904822,2.352224413266878,2.1034773611286117,2.2111683537088362,2.6141086930224837
441.4837449860362,91.35800551643324,103.5585399915718,1.2311057017830889,4.839669538490227,-0.4029256235682529,9,D06_px-1055_py-0118,0.7960426433496018,0.4029256235682529,2.1549540195550656,1.2339037269572692,2.474000816530346,1.4207719291802694
-370.2155849197335,133.22989494128504,105.56621208177182,1.1793265767549408,38.96472709151362,2.189171644713895,17,D06_px-1055_py-0118,0.7625618532776874,2.189171644713895,2.020014386476954,2.0827758967625627,3.0389066490583123,2.0275816498866166
426.2589156410366,141.36131519972037,99.95723861226436,1.2408826392203396,7.097108232325468,-0.2867604963784819,9,D06_px-1055_py-0118,0.80236448810277,0.2867604963784819,1.6562110993644887,2.6878666227522494,2.7118418191557803,1.5620608577110342
397.1940680618851,172.7023024840919,107.9346443942144,1.2046882526999283,14.137123596322567,-0.1968326491264337,9,D06_px-1055_py-0118,0.7789609127002722,0.1968326491264337,2.9775442195362825,2.186551904099943,3.10966011419396,2.1516191052176943
-348.9131946214129,220.57542297957272,102.75450565915664,1.205059942182586,28.32886075210837,1.9708683790956412,16,D06_px-1055_py-0118,0.7792012500473023,1.9708683790956412,2.7656940878229306,2.101268292561009,2.716616517536952,1.648437127582385
-313.100844991768,220.30010770322048,105.35303685363372,1.1703074797790998,45.416819838908566,1.9214701070473104,16,D06_px-1055_py-0118,0.7567300341358573,1.9214701070473104,1.3026321174769773,1.8115593203571692,2.937043930789601,2.134199976817645
308.01834447111224,230.4604913432273,102.92700355056093,1.1803071617708685,45.239343378110505,0.0353710081994484,10,D06_px-1055_py-0118,0.7631959072723831,0.0353710081994484,2.893633096566968,1.952931418939643,2.254297344522338,1.818105273682856
-356.8877898001512,236.3309642975934,98.4428658010751,1.2307219956719222,20.513472775028788,1.9497094574946527,16,D06_px-1055_py-0118,0.7957945359559312,1.9497094574946527,2.883571783140157,3.242741947582746,2.2451068850940548,2.3807504511828776
-314.48818019446765,238.8430451778798,100.33897431401834,1.198159629213812,40.0422125308578,1.8850813190201952,16,D06_px-1055_py-0118,0.7747394533326525,1.8850813190201952,2.0504884267217616,1.6857060132453157,1.9434890644240768,2.3745840858881735
-368.0111531021923,244.5864569850397,107.3699553384982,1.2130559821473113,9.011476862072698,1.9480308826793304,16,D06_px-1055_py-0118,0.7843715524678254,1.9480308826793304,2.5554949583832394,2.317900059513809,2.690734434823785,1.9446370992739026
300.3801439701551,248.63179776846303,105.51507931265569,1.1763117424565372,41.102694691624095,0.0844390609703377,10,D06_px-1055_py-0118,0.7606124376745542,0.0844390609703377,2.45521845565846,1.4061678976910477,2.247959840548048,2.612848716544436
-288.41673609486577,260.4070157522268,94.81126861933942,1.2116980701507634,45.85693980446683,1.8002066283508735,15,D06_px-1055_py-0118,0.7834935158755145,1.8002066283508735,1.852296435001877,2.5190081414231953,2.019149910855676,1.7418838037645719
344.03090941410744,262.5680492009281,105.88692874982166,1.2107901971633266,15.067820067488526,0.044922911375358,10,D06_px-1055_py-0118,0.782906478051144,0.044922911375358,1.9371179538875873,2.4293353245827323,2.491975553383845,1.4470063283535157
-282.15308896157177,277.3187455596277,103.70413553755527,1.1874682874796152,38.36680832282104,1.7578556490776585,15,D06_px-1055_py-0118,0.7678263475589425,1.7578556490776585,2.523354723015837,2.020160659518569,2.207815449912252,2.1141456356094173
-324.4422020141438,291.2792835524671,104.8206812865549,1.2165411066918856,13.472888688351588,1.803023225892364,15,D06_px-1055_py-0118,0.7866250614482869,1.803023225892364,3.319912972211026,1.9467003254202266,3.0807311821631442,1.8780332301524678
-265.45081497823224,330.2187703460126,104.501221127622,1.2081217143436354,21.08850150091888,1.640909091286289,15,D06_px-1055_py-0118,0.7811810160421196,1.640909091286289,2.1417197295213235,2.4539572660080164,3.0778594215599444,2.2329467312016402
271.74259553698585,329.8725123875026,104.46744334625488,1.2111051277856515,18.848910168265604,0.2747427131203781,11,D06_px-1055_py-0118,0.7831101146720322,0.2747427131203781,2.7583833457982476,1.692244498855227,1.3641486884717486,2.286147265695806
232.661914365291,345.821298354101,108.86175148743422,1.1887215072512711,23.66915742290803,0.3715932967272509,11,D06_px-1055_py-0118,0.7686366893340493,0.3715932967272509,1.5078128937317992,1.9754630887023936,3.383416024542577,2.426631265317495
175.3527896056325,344.8629398536468,100.96226120673823,1.1890137118702615,44.65906343464633,0.4934154065294039,11,D06_px-1055_py-0118,0.7688256311421842,0.4934154065294039,2.165477025900941,2.09675702776152,3.0917015973081354,1.3190371059047015
42.46863222444272,376.2951234851228,99.67285651948664,1.1860419096713932,50.0843740418307,0.8514324389965856,13,D06_px-1055_py-0118,0.7669040404335449,0.8514324389965856,1.5891606561435734,1.514327628754188,3.224433938946282,1.5928443622657011
-42.470862469649454,375.89355511239614,108.57839071481148,1.1549654521210524,46.85232234292448,1.0763260599376911,13,D06_px-1055_py-0118,0.7468097582135169,1.0763260599376911,2.014580510352675,2.173512914939595,2.3943903464254928,2.7145563585531463
-126.13468878835008,377.4359373047855,105.61742515301329,1.1831477974151812,36.24192891528463,1.2863366565518923,14,D06_px-1055_py-0118,0.7650326846537375,1.2863366565518923,1.8291208874335907,2.393674359039859,2.4646206841968725,2.136322270911342
204.7868059857627,383.4258825681333,106.51960156254285,1.2102749964937507,13.685140228354442,0.4732647166848543,11,D06_px-1055_py-0118,0.7825733452403134,0.4732647166848543,2.703261907699505,1.5724025308804208,2.0917062996181053,2.2056190030498177
-129.50296856756302,387.3972039155361,91.07336119508828,1.2403542646305397,34.9528256411852,1.2864280028973227,14,D06_px-1055_py-0118,0.8020228369313604,1.2864280028973227,2.6393208707276155,1.7988032752347642,1.9910784623253766,2.2863878798191273
46.74506478415319,405.3645036213209,103.3919974681989,1.19910025168568,30.971321142000303,0.8490077781135256,13,D06_px-1055_py-0118,0.7753476672316014,0.8490077781135256,2.2633049705127855,1.919796385652449,2.8981713719731927,1.3660961550351536
83.12307748533699,409.2614722538348,101.7334162615188,1.2122222185814857,25.755037751591143,0.7634373873178081,12,D06_px-1055_py-0118,0.7838324343791779,0.7634373873178081,2.667384023732285,2.665039146289465,2.6809090722629065,1.9342182037078366
34.06638910836215,408.753465426008,96.83499439787435,1.2224044128396556,31.992025587558658,0.8806668157695438,13,D06_px-1055_py-0118,0.7904163213846829,0.8806668157695438,2.4323039368332044,1.9486649448079292,3.2980432934143646,2.115569985855402
111.35095754846957,416.0017339460137,101.25663581864184,1.2237066841606952,17.972479456305336,0.7022784236632521,12,D06_px-1055_py-0118,0.7912583802779666,0.7022784236632521,2.4828831403448106,1.66167039832798,2.149050127755116,1.2278266492152645
-73.48992556669118,419.49151044671015,105.2319946289891,1.207524323348332,19.494866366756128,1.1372449774940248,13,D06_px-1055_py-0118,0.7807947383193167,1.1372449774940248,1.6169906297493635,1.711931880642983,2.206551859089927,1.8337606372548008
88.97977188689704,-437.6209824190294,96.30293137482433,1.25045734667196,9.811862983102856,-1.9771841716058525,4,D06_px-1055_py-0118,0.8085555693544023,1.9771841716058525,2.545544757377627,2.031993172303305,3.04241799453645,1.7412196706956424
70.96922321707902,-435.871003244506,97.1481562062172,1.244457000709442,12.602996739450589,-2.0163706235413827,4,D06_px-1055_py-0118,0.8046756983944217,2.0163706235413827,3.0026794795651406,2.236291212899963,2.2166552225595093,2.0828546680374846
-117.47644297485722,-432.6861564957899,100.94281757817222,1.2373559541685024,7.229285786860544,-2.4428898756259376,3,D06_px-1055_py-0118,0.8000841057709687,2.4428898756259376,2.4176013023009735,1.9691503763294729,2.376246226494551,2.529112008613368
19.18569972188423,-424.99190101259313,98.1704081308593,1.2296624051162506,22.208885742737664,-2.132662804920087,4,D06_px-1055_py-0118,0.7951093963569646,2.132662804920087,2.839997687749066,2.7085450607406765,3.887603685604889,1.7070327678996549
-95.84703616274176,-412.7753651999164,106.81300983223828,1.2008621660405203,20.216385512918293,-2.405934077955941,3,D06_px-1055_py-0118,0.7764869349308342,2.405934077955941,2.5704587333732016,2.246264518837317,3.0384988928367616,1.9480767752232278
-51.53179305286139,-408.6188323956981,102.5918728918061,1.2048335009091542,28.95311115933714,-2.3032257273773133,3,D06_px-1055_py-0118,0.7790548313363784,2.3032257273773133,2.2622039932181064,1.129066333683682,3.4830988706603105,1.7686887989116633
-85.3599248156263,-399.2988909438329,107.28003345546809,1.186668374470374,29.37355018220495,-2.3883803796692,3,D06_px-1055_py-0118,0.7673091175068002,2.3883803796692,3.39089665331409,1.680215343770984,2.860450101810181,2.0068415752282864
166.83681777639495,-395.1681523023243,98.607468236453,1.2308570016306395,19.90715099185036,-1.7782860462744865,5,D06_px-1055_py-0118,0.7958818318721873,1.7782860462744865,2.557884821374752,2.11992909679157,2.9063165676782496,1.5958379347457743
-179.01001579426702,-395.40469806911466,104.8314629228984,1.2150291397765591,14.671826288903674,-2.6028944742742564,2,D06_px-1055_py-0118,0.7856474117321087,2.6028944742742564,2.765476903091919,1.374619796347595,2.8458204273590733,1.9226647318266865
-104.13559955951908,-397.9223493756691,106.40138146571238,1.1920405206897695,27.889626207834624,-2.4337340159117904,3,D06_px-1055_py-0118,0.7707827895649786,2.4337340159117904,1.8063238733158806,1.7355680290269913,1.9741943479325945,0.81754794157639
-69.54452691385077,-381.82688818914966,86.47447169817269,1.2405638184532026,48.96382928217287,-2.3579372548778244,3,D06_px-1055_py-0118,0.8021583360836063,2.3579372548778244,2.332293984811396,2.518550453908503,2.760378193589421,1.7026640484006275
58.47739814838869,-376.18077843318446,99.7457665628164,1.1876309368050606,48.842817165565634,-2.0235598965299952,4,D06_px-1055_py-0118,0.7679315178938529,2.0235598965299952,2.4871812278956775,2.0211527145587582,1.3922358371481494,1.8600467597767318
-264.56278944359195,-356.54159430385386,103.95097883710562,1.2250554339362034,8.90775997702923,-2.8161534224522846,1,D06_px-1055_py-0118,0.7921304925059887,2.8161534224522846,3.0642186902847444,2.724137382981088,2.737202123619368,2.142912767513323
136.11907337197286,-356.6292992511945,104.21823403681547,1.1731419273859731,46.52472765696615,-1.813159686090676,5,D06_px-1055_py-0118,0.7585628102834646,1.813159686090676,1.8741015395172305,1.8064138176367006,3.875593338110068,2.213513470554952
241.5604797817338,-338.4458976733857,99.6327933413445,1.2176186651508734,27.588835011757222,-1.5578915271620986,5,D06_px-1055_py-0118,0.7873218192350586,1.5578915271620986,3.239437415309419,1.9909558201913828,4.109956790406366,1.705054314686171
294.5777657685949,-317.5944347397312,104.79629962086004,1.2144895834863163,15.208988412013184,-1.429958350491063,6,D06_px-1055_py-0118,0.7852985303851222,1.429958350491063,2.8181446524805622,2.443156183119619,3.4991977237883853,2.0763941129357146
-264.2164029846257,-304.77779636026423,106.44559340442098,1.1851324580699398,32.675101135438126,-2.8920082789528423,1,D06_px-1055_py-0118,0.7663159818649176,2.8920082789528423,2.3583780392418165,2.8829656109280446,2.0947198683340433,2.1535949217695487
-311.3355873762833,-301.2046154115659,99.83461216103036,1.2300656273259911,16.89517638805944,-2.979711790979558,1,D06_px-1055_py-0118,0.7953701230136881,2.979711790979558,2.9525245941153146,2.984987825017153,2.624481111542588,3.097763308151733
-376.8237982223049,-158.02802146290432,101.78176907855294,1.2048459301329326,31.207703627256933,2.931704163486191,19,D06_px-1055_py-0118,0.7790628681703701,2.931704163486191,3.1530894966515635,2.8926349936926483,2.297032714807303,1.8881085320738993
399.3536501635215,-110.88773652097206,87.54992262881635,1.256582382119179,32.37405837007424,-0.8778244819565162,7,D06_px-1055_py-0118,0.8125160655172845,0.8778244819565162,2.003260721147946,2.198610295784171,1.8609226692340386,2.2880081843788957
-439.5717166872488,-72.31729573276478,99.7330325208372,1.2390952374682551,9.387287475871574,2.697670115785263,18,D06_px-1055_py-0118,0.8012087400517324,2.697670115785263,2.6151462532134104,2.2359300657618655,2.6165167296730782,2.0960643491540005
-361.83172880948126,-54.80310895944312,97.03435999332125,1.183476698856637,58.74074661740804,2.6849308389772,18,D06_px-1055_py-0118,0.7652453549163143,2.6849308389772,2.030023333337391,2.383165017350218,2.471318843828018,1.8321625987445298
383.9224558509069,-28.741161781334853,105.81858329724612,1.1707438829906271,43.94261694832903,-0.6817020435626422,8,D06_px-1055_py-0118,0.7570122158896802,0.6817020435626422,2.4278591182553617,2.707709610449821,2.648234755802325,0.7140484084232015
430.8622908886787,-18.92722221609513,105.608513406707,1.2105111377523745,16.08022034848517,-0.6508800120496647,8,D06_px-1055_py-0118,0.7827260360380626,0.6508800120496647,2.855865392861719,2.4046157258898084,2.5290168410409186,1.6541779868689064
413.1234297950132,30.130594216400453,88.78616470601719,1.2522637568905282,32.13897801175506,-0.5341748027854134,8,D06_px-1055_py-0118,0.809723608429585,0.5341748027854134,2.1481250763722777,1.2429274881292045,2.0767293339766963,1.9789814031416986
433.3091905414559,52.58697853314506,105.44790478729097,1.2149526269266082,12.964341065879635,-0.4862088201520695,9,D06_px-1055_py-0118,0.7855979379206911,0.4862088201520695,3.2670094987343723,1.9719538942380688,2.553775823411012,2.351974325955557
-360.8217027823071,67.8708609542261,105.1620626632142,1.1557373441267869,54.85368005370515,2.3486848127310416,17,D06_px-1055_py-0118,0.7473088696640896,2.3486848127310416,2.3572109508283674,2.630317968949967,2.7296103413360857,2.1341013753913254
384.7164774591722,101.5807356592941,103.6327470402783,1.1896953957891825,37.01827407897963,-0.3488305434450761,9,D06_px-1055_py-0118,0.7692664133333159,0.3488305434450761,2.079632030732914,1.888556478814769,2.7461393387711386,2.203504090724172
-363.3024613217468,143.80037434986608,89.69051009472923,1.2313172951612794,46.29970345062628,2.1577201521003126,17,D06_px-1055_py-0118,0.7961794612945161,2.1577201521003126,2.8812422852708908,1.9372845688520917,2.3338542658858596,1.0592475310681575
375.1672262615849,158.74093242027786,100.5746121610303,1.207799208654845,32.397070414845416,-0.2067019412649518,9,D06_px-1055_py-0118,0.7809724813235913,0.2067019412649518,1.9894022047379107,1.0865215119773652,2.900768659996362,2.6014687973465445
-385.127609805237,176.410751355207,105.32955634913093,1.2054351150774016,20.83985688739841,2.105078468793625,16,D06_px-1055_py-0118,0.7794438397960701,2.105078468793625,2.7095423976377075,2.0055281422152396,3.016043710222201,2.293287994418857
-405.2002490304186,189.62342129425056,99.42373924421072,1.2413514307275164,8.323145434358025,2.0969124739691085,16,D06_px-1055_py-0118,0.8026676123836602,2.0969124739691085,2.905293864795497,1.0304039598853636,2.4137215700967225,2.431728862139034
-366.49856989666335,220.52948408311013,103.95190626160854,1.2129963246073097,18.82027853117904,1.9929299461409644,16,D06_px-1055_py-0118,0.7843329774325788,1.9929299461409644,2.1076318854537672,1.681256405872301,2.0890251521763603,2.3764328138323383
361.6902579521385,266.6296793671285,101.93118019392898,1.2350212258684805,6.29382966001134,0.028264111779345,10,D06_px-1055_py-0118,0.7985744520631183,0.028264111779345,2.2184085907753643,1.8269784642454248,3.184203424363654,2.0650844810372244
-308.15458388475344,310.71872977166004,99.07472156717743,1.2356328210885887,14.434955360490337,1.745071733633829,15,D06_px-1055_py-0118,0.7989699143495571,1.745071733633829,2.878256734214042,1.9512125671253164,2.397452089601059,1.730568016703236
-200.7136718492106,346.9503413579696,100.90333174712995,1.201293637757378,36.25070612397997,1.488283700665297,15,D06_px-1055_py-0118,0.7767659279413617,1.488283700665297,2.3612446145599346,3.610918111409854,2.806933023340962,2.368571659700531
209.83697535735777,353.0081205977932,96.03977578653286,1.2254264470906973,31.95974161479478,0.4275063854777986,11,D06_px-1055_py-0118,0.792370392533901,0.4275063854777986,2.76533303982775,1.9302707066645035,2.551413064236005,2.042488039638971
130.56518777397233,359.51494187102054,101.09733844523724,1.1845816129246964,47.256692807451486,0.6154573912633091,12,D06_px-1055_py-0118,0.7659598010553731,0.6154573912633091,2.2090046090863433,1.371669437118793,2.1682636616272895,2.4565177420624273
263.30632842156456,370.5961995282468,112.0873552900737,1.2082459787021962,0.397873809693408,0.3460826298340865,11,D06_px-1055_py-0118,0.7812613663551103,0.3460826298340865,2.3188563280367465,2.4883537902130657,2.7578069481793115,1.6001729000129057
-94.6701711083406,379.0205184694488,102.8424955229514,1.1859871044751853,41.67654820207861,1.2085844796260825,14,D06_px-1055_py-0118,0.7668686029620139,1.2085844796260825,2.2023665447149163,1.8487717490847309,3.5019012594164236,2.1846524810276025
-179.94526457825106,384.06005240030674,104.4134660735276,1.2087449808350317,20.85159792546966,1.4019764049448575,14,D06_px-1055_py-0118,0.7815840250645,1.4019764049448575,3.1626171388409716,1.5897318011113097,2.4091941655663263,1.8054541970114846
-199.27846389124213,395.74658657632847,103.3831253407986,1.2261617798335454,9.643332585198834,1.4303009139748015,14,D06_px-1055_py-0118,0.792845864477139,1.4303009139748015,2.9081280579580433,2.5338116511500237,3.423873747366831,1.8053455754735053
-98.23396263505,397.21843633704,104.83463464961731,1.1953352303832967,29.758442963200423,1.206257044815172,14,D06_px-1055_py-0118,0.7729131748029856,1.206257044815172,2.241978396462663,1.8883300376401775,3.5273274172292997,2.0958145551713585
-79.48974616852244,401.7628224912278,98.43047157628943,1.2166362597398188,31.82119580151607,1.1591465225357278,14,D06_px-1055_py-0118,0.786686588158536,1.1591465225357278,2.261357581528408,2.1765145333016136,2.167974816493034,1.7027036725620228
97.10454286225992,418.5430469511542,99.12749833491998,1.229726624539384,19.294499341021435,0.7358439282270518,12,D06_px-1055_py-0118,0.7951509211417752,0.7358439282270518,3.8765874083345992,1.9793529099917349,2.83786657473605,1.9939627524944217
-61.05082790890448,420.90996455824376,95.35403322555892,1.2386562768419875,23.20683409271589,1.1078571550201133,13,D06_px-1055_py-0118,0.8009249046533955,1.1078571550201133,2.281776679290974,1.4949096128107602,3.2438369604133683,1.6522268798075161
58.738731148729,-445.93166485503167,95.43462515977488,1.2552723107441388,8.102425783120395,-2.0468084633788592,4,D06_px-1055_py-0118,0.8116689630476484,2.0468084633788592,2.5484595566967245,2.2003181925715305,2.1860573807970916,2.0662279642627155
-102.59048261200292,-437.64391884205486,104.17638091717802,1.2282993615549695,5.447494195740262,-2.408033759900769,3,D06_px-1055_py-0118,0.7942280416544795,2.408033759900769,2.787535805640199,1.1284710355615521,1.9401697187686096,2.2987629003709777
-81.26313676730983,-421.2186229507016,105.6455569041639,1.208633492115872,17.46078719830541,-2.3683583040112173,3,D06_px-1055_py-0118,0.7815119355805709,2.3683583040112173,1.345228149781936,1.94395092071422,3.2867410950920366,2.00958804644804
-119.93443524221676,-419.1908989887149,100.31841953923362,1.2305864077543265,15.005792404137535,-2.456440726751369,3,D06_px-1055_py-0118,0.7957068637404806,2.456440726751369,2.0986868809372403,1.8022511947823068,3.083039029297006,1.56776949598793
139.31090534615316,-411.2142388481909,104.63650966780712,1.2157361191613978,14.658797188433368,-1.8511318952651767,4,D06_px-1055_py-0118,0.7861045501707379,1.8511318952651767,2.400587983968124,1.2914045753625807,2.417153346021018,2.1966090397158764
46.61646789381813,-405.5479754139765,101.04429379591856,1.2069436085755916,31.71378863977833,-2.063331274824641,4,D06_px-1055_py-0118,0.7804192435733701,2.063331274824641,2.2501455154773313,1.9244327544301623,2.513812326917684,1.8927971253206224
69.916521721598,-407.0647863823479,107.05473794719389,1.1913561339910232,26.619639057495533,-2.007677845353657,4,D06_px-1055_py-0118,0.7703402597351239,2.007677845353657,2.718434416274217,1.4761146874427187,2.630590839753956,1.8071281071043384
154.4954553640989,-407.3510743729215,101.924668708816,1.2253060045297013,14.6775796456414,-1.8152681510775797,5,D06_px-1055_py-0118,0.7922925134253174,1.8152681510775797,1.8294468114013704,2.2660814450793083,2.2687016885658613,2.0463114404375427
-34.70092010814588,-389.57540205439847,97.05756746205566,1.2060984653222837,43.52015612308298,-2.266615093762185,3,D06_px-1055_py-0118,0.7798727672891665,2.266615093762185,2.291165749102804,1.9505436178130031,2.4511155036584595,2.8779917326879496
-113.27517304257664,-388.5114795963152,103.18151099683922,1.1969847379335812,33.08366976847873,-2.4614734782961656,3,D06_px-1055_py-0118,0.7739797593770411,2.4614734782961656,2.3619755754839797,1.8696287559355973,2.314262147009014,1.7202189070803202
170.76591823412383,-377.0989642752806,102.7635021027822,1.2059783720621924,27.61282780084781,-1.7525617664838822,5,D06_px-1055_py-0118,0.7797951140412991,1.7525617664838822,2.3060968266691306,1.007959462034111,1.432768198769684,1.430978059939179
191.8537898626257,-358.93481422926607,106.4844936190961,1.188119254061771,30.472493515113,-1.6869038818154074,5,D06_px-1055_py-0118,0.7682472676781826,1.6869038818154074,2.6149948331309085,2.174940087604157,2.9068657706550587,2.124785757260541
-277.5844272178226,-349.6438920877359,103.1939852590218,1.229125893059622,7.658623687282727,-2.8487899616436363,1,D06_px-1055_py-0118,0.7947624834354106,2.8487899616436363,2.1296180271601584,1.8437745019077236,3.2835253267984346,1.7018464737675947
-265.2124404013886,-331.9221815074191,98.46783248624254,1.2282910075825475,22.45218153776392,-2.8519189154105464,1,D06_px-1055_py-0118,0.7942226399101129,2.8519189154105464,2.1694937342452,2.50859359402447,2.9333558384594696,2.118767848353251
226.90489314564127,-311.7595136033652,106.48123774854466,1.1690543193994445,43.32885146832473,-1.548621543399567,5,D06_px-1055_py-0118,0.7559197307640859,1.548621543399567,2.7497747753518844,2.087477219858754,2.233776276252494,1.7651008366944718
243.77949510604185,-310.4351775956801,104.0825986437112,1.1854033151719927,38.772025794617946,-1.5120732847158234,5,D06_px-1055_py-0118,0.7664911202004608,1.5120732847158234,1.7737688570824295,1.4347730313450577,3.159398167229562,2.685247822391267
344.54078631501733,-246.3300545803124,104.0745703076189,1.2093644783788495,21.326951622450395,-1.2276699341608177,6,D06_px-1055_py-0118,0.7819845970556906,1.2276699341608177,1.7833889815183408,2.3611685987101003,2.2327081319668087,2.4360234091695174
301.8143734438812,-228.89281681891867,99.22512669822773,1.1877050102112157,50.186647926995136,-1.255828260978107,6,D06_px-1055_py-0118,0.7679794143416983,1.255828260978107,3.0651339083139986,1.3511603203491531,2.3369225224932473,0.9886777721543534
-381.03915936932896,-216.8571279041976,104.19938259183849,1.2202559178879124,12.214235438600896,3.052017438581008,19,D06_px-1055_py-0118,0.7890270876266621,3.052017438581008,2.2063802831309354,2.9961822373235005,3.5548199284660447,2.1346633185203316
-322.42790202669033,-202.4429167484205,104.36335241780702,1.1716972413262392,47.073453973386336,3.0952738402194964,19,D06_px-1055_py-0118,0.7576286648984377,3.0952738402194964,2.5574400538507795,2.910163306690559,2.3301732329952696,2.593171511939348
-373.8857255257542,-200.1416121323438,102.2975889928618,1.2154422665986062,21.61967462664421,3.026101551901735,19,D06_px-1055_py-0118,0.7859145427891614,3.026101551901735,1.8085847146305836,3.481639109646299,2.293487879888552,2.283668875291524
-373.4262688560832,-175.19476472914886,95.7288256464623,1.2278571968499974,30.954022833999147,2.9732815915923503,19,D06_px-1055_py-0118,0.7939421344736158,2.9732815915923503,2.6908545468096534,2.5995007981888296,2.5447549945937054,1.7746346153181993
414.6080922770242,-171.27523421505018,106.41418357154714,1.2208648883033393,5.247694247450056,-0.9987290551925752,7,D06_px-1055_py-0118,0.7894208526937201,0.9987290551925752,2.254447388061509,2.5193579575660685,3.4306224324451993,1.537998813981905
334.9183734185609,-174.9886995268406,105.3464046138605,1.1656275316533466,48.38518472624736,-1.0884502676081298,7,D06_px-1055_py-0118,0.7537039428169984,1.0884502676081298,2.8203341387600447,2.037385224793865,2.6959930721546512,2.1761949568592476
401.1471845793221,-172.93032876854463,101.1650122553006,1.2285312318087622,14.218137918822151,-1.0139966913817309,7,D06_px-1055_py-0118,0.7943779707868651,1.0139966913817309,2.64105976572705,1.9777674264913778,2.700270681397458,1.8310991350280401
-399.41299763447154,-162.34272615066533,103.8577682502241,1.2158910211026743,16.773967699804587,2.9206702690540007,19,D06_px-1055_py-0118,0.7862047109860238,2.9206702690540007,3.0370235158575496,3.0179833804087726,3.34167424113532,1.6393785048013005
-389.88177612401466,-125.02499145740592,101.79123220006738,1.205483497563156,30.707137556839427,2.8449274394485573,19,D06_px-1055_py-0118,0.7794751242924346,2.8449274394485573,1.801177077609685,2.4991117790148616,2.734323825973706,1.827135553933244
363.4978159801185,-121.38856370809644,90.55118301605732,1.2221339731698673,50.59608915754762,-0.9292811919240568,7,D06_px-1055_py-0118,0.7902414529641296,0.9292811919240568,2.4381974768809087,1.510494802552172,2.69970792192574,1.1458373735385248
-420.2300589382528,-84.51546466838111,105.05608203321536,1.2102208114403985,17.876680875380202,2.733082616854716,18,D06_px-1055_py-0118,0.7825383087580373,2.733082616854716,2.07441480147756,2.474000415249383,2.2689728385449923,1.3014859382567678
414.94007079019866,-29.45285932334907,106.11896760436032,1.196800868255086,25.17566398752581,-0.677841678576519,8,D06_px-1055_py-0118,0.7738608677947105,0.677841678576519,1.851116851688725,1.2133674644429835,2.6920129472873864,2.222299669830165
-410.1241549978689,3.3467217682597004,98.1753286644934,1.2179442788068413,31.551655634395104,2.5264530379265526,18,D06_px-1055_py-0118,0.7875323635896433,2.5264530379265526,2.0502805537422235,2.4321447966905465,1.900746109399035,1.6487895219875364
437.93974453457497,7.946350574280989,101.625909118365,1.2279449981971142,13.34222845290509,-0.5888366736622016,8,D06_px-1055_py-0118,0.7939989075162127,0.5888366736622016,2.289102884411969,1.5861215367961323,2.081448735435664,2.2352696962826775
-397.0789183063481,22.0430721190692,101.94632728288391,1.1951454342912269,37.76869351251793,2.479156965586788,17,D06_px-1055_py-0118,0.7727904511549595,2.479156965586788,3.1590645186279565,3.1098136926530398,2.2451434629612055,2.108164990051304
431.4379380130493,22.17733027569229,96.55389972422653,1.2396135881038728,18.702727461596567,-0.5556214425450404,8,D06_px-1055_py-0118,0.8015439096554159,0.5556214425450404,2.3804155112832737,2.6147856010681583,2.093844753922714,1.9711261094118668
411.0368081902899,48.06821881270226,100.45924034760908,1.2133748361372454,28.50250584632306,-0.4905644717320657,9,D06_px-1055_py-0118,0.7845777259691114,0.4905644717320657,2.197182001362142,2.159804951103449,2.038588192324459,2.2192817943415424
-387.01808866627294,59.58548014502814,105.02777716288011,1.1794402454029602,40.30008938284027,2.3818521391458862,17,D06_px-1055_py-0118,0.7626353523207869,2.3818521391458862,2.1557118939993827,2.050888994362271,2.3119480078157433,1.696420129996462
-375.04458797445545,68.56282312149364,94.93827988360589,1.2049475479854728,50.26193318212603,2.3537973309638285,17,D06_px-1055_py-0118,0.7791285750741967,2.3537973309638285,2.527932082681229,2.5792745957318903,2.1919253357118382,1.8969906734017319
412.4602864284001,75.69436994558356,104.63056055091344,1.2042827879163618,23.6755698581872,-0.4254799685316096,9,D06_px-1055_py-0118,0.7786987359776497,0.4254799685316096,2.4596532006987903,2.784270883692832,1.8759245211774385,1.6159191999862164
-436.66596826917424,98.3801790787422,90.8997617281424,1.267978069876048,10.827381203440268,2.313014599665089,17,D06_px-1055_py-0118,0.8198846069769058,2.313014599665089,1.8228449029278013,1.4698240657458435,3.128035390804309,2.2218413689759524
384.1222143719035,118.63238740616583,100.4397791721644,1.2038434989428075,35.690168459044,-0.3074323097133135,9,D06_px-1055_py-0118,0.778414688267371,0.3074323097133135,1.7658520068290828,1.4572623485391256,2.8886025888917857,2.186838457338966
398.2230669532086,159.21885309979905,104.3565301886748,1.2125960270820353,17.983575136840102,-0.2266255081848798,9,D06_px-1055_py-0118,0.7840741418998669,0.2266255081848798,1.5997549533463162,2.1038165577731043,2.0759392185923073,1.508018712531978
-365.1415010368392,170.2198162952186,102.28288133938212,1.1984242928236246,34.51251771807716,2.098389830513689,16,D06_px-1055_py-0118,0.7749105869073314,2.098389830513689,2.423092599193139,1.926685966404642,2.0139887118692377,1.8760094801810947
-410.29618684954943,174.3445024394106,98.36735377986524,1.2435366795482323,9.631880646930142,2.1328072502257345,16,D06_px-1055_py-0118,0.8040806114828438,2.1328072502257345,2.1338181498608004,1.9857280215983875,1.5993916149996035,1.9893498827546279
329.1823024976553,186.4929673936589,112.36461712274463,1.142207339507466,45.26874820007981,-0.0915309487009229,10,D06_px-1055_py-0118,0.7385602621106545,0.0915309487009229,2.3562882751680947,2.268659219567081,2.3224378588968717,1.6551407032164909
-332.53340266923266,187.36273535528835,101.8289517836718,1.181319712319683,47.464262983170215,2.021509620587505,16,D06_px-1055_py-0118,0.7638506304324139,2.021509620587505,1.977675650582111,2.0583069938516765,2.2233425868288155,2.3244605117862696
403.6639982018353,188.1966036143081,103.72119740291971,1.2267629855567874,8.12758275518064,-0.1707184612768209,9,D06_px-1055_py-0118,0.7932346088330732,0.1707184612768209,1.9195894670986595,2.062837450348724,1.8765766582428327,2.144220277200522
-315.3861150070404,203.6591282020024,106.73483372066876,1.158479524103659,49.2949192816057,1.9612346603782944,16,D06_px-1055_py-0118,0.7490819848354091,1.9612346603782944,2.0810648836105186,1.7513831086942608,3.1086942504305632,2.050857491433696
327.26934020387665,261.4027792674744,106.33370407910118,1.1984467225141302,23.361775014952,0.0669920231692776,10,D06_px-1055_py-0118,0.7749250901218756,0.0669920231692776,1.1997269361203586,2.207281057458764,3.3154133989424146,2.536459915705788
-325.9535496191252,260.0247426276364,102.61643021737184,1.208854272189441,25.84157216916072,1.8612544518990888,16,D06_px-1055_py-0118,0.7816546937150742,1.8612544518990888,2.5203006028624673,1.7899275178328409,2.4132516043224372,1.7989229925452448
334.51132646348344,273.5135910424076,107.1854585329818,1.2062264435561132,15.023453922763338,0.0784320572126727,10,D06_px-1055_py-0118,0.7799555190231575,0.0784320572126727,0.7284321660124042,0.9917398862718765,2.3418355811492813,1.625592309242034
282.78265568193456,276.29866774577084,104.92525476994793,1.1831568463171398,38.06685544249245,0.1668215758563057,11,D06_px-1055_py-0118,0.765038535745016,0.1668215758563057,1.864109418079594,2.0503963964893352,2.7245236957997654,2.252088064655164
-309.50806945588613,292.2289287406826,99.31467435418908,1.2261739499452566,21.675449801088064,1.7779225063270454,15,D06_px-1055_py-0118,0.7928537337672272,1.7779225063270454,1.9330127038850353,2.1364263706369124,2.362844331074779,1.95603140163831
263.9759310485998,313.5928384376902,103.18465061094928,1.201310060115625,29.921802724736665,0.2641147274590684,11,D06_px-1055_py-0118,0.7767765467675519,0.2641147274590684,2.4345596630350386,2.4498694015621165,2.228104468670592,1.6960981327073759
-233.06020775672,335.293087317099,99.4672531355292,1.212239433472133,32.19943831226715,1.5712425364021518,15,D06_px-1055_py-0118,0.7838435656630603,1.5712425364021518,2.514100281568403,2.6422712084648166,2.380039852650065,1.4449229022731478
293.8582166834876,343.10817637975964,94.03965889843602,1.2608581137775008,7.316930912616783,0.2555846592672844,11,D06_px-1055_py-0118,0.815280787284566,0.2555846592672844,2.0902137168963693,2.1325453404470927,2.019686516655663,2.497819321320696
226.1640893339197,356.229926682857,96.2077156001715,1.2334334249673922,24.985961897379127,0.3981426195800192,11,D06_px-1055_py-0118,0.7975477674944541,0.3981426195800192,2.340870082308494,2.798584053555701,2.9836680265466518,2.711966111877369
-213.7599976650175,364.43777386076414,98.08897716107371,1.2277463036952865,24.025691251808496,1.4942858856283432,15,D06_px-1055_py-0118,0.7938704300863504,1.4942858856283432,1.5032812659981882,2.202513180659634,3.0969945741983427,1.5525813287687464
217.68981738190308,378.2888860622912,106.64672607775762,1.2112184735491205,12.566152957035284,0.4416374873272265,11,D06_px-1055_py-0118,0.7831834049354383,0.4416374873272265,2.2145512186140817,1.8244248498867113,3.0683716535419263,1.2072177358329892
-192.96816105078912,382.3417266048906,96.38074696174002,1.2374935375855671,21.050943102888084,1.4312179387146835,14,D06_px-1055_py-0118,0.8001730682920931,1.4312179387146835,3.5040269250016998,1.6297447843651753,3.1334527605990115,2.190152126580151
58.56132126934303,378.6685391148846,99.02459454655,1.1923671244940128,47.61959832410844,0.8103817038906421,12,D06_px-1055_py-0118,0.7709939741572369,0.8103817038906421,1.863202726719915,2.172513158033646,2.6165329298011333,1.6858827624586488
-157.65615871001762,395.5141355547679,99.05013933991488,1.2271033703613496,21.697221684654664,1.3431249093403292,14,D06_px-1055_py-0118,0.7934547043286811,1.3431249093403292,2.8040105359769663,2.4246609622946576,2.29010570652917,1.8857322594105312
155.67777168304517,408.0068193078509,95.71721260333932,1.2455642908039115,16.086376652615684,0.5993101351957136,12,D06_px-1055_py-0118,0.8053916808908715,0.5993101351957136,2.9723005219391214,2.0973338026991186,2.8862564048987496,2.088412558112604
58.0846163588612,408.1350552806851,104.30714315375864,1.199580517923324,28.097320242501723,0.822448976976362,12,D06_px-1055_py-0118,0.7756582111635905,0.822448976976362,2.595134364040197,1.8001598917103323,2.794308873533626,2.5027587624505854
69.155631575462,409.6016866796169,96.71698673444264,1.2268360704075387,28.83541040992816,0.7965578725208208,12,D06_px-1055_py-0118,0.7932818660732083,0.7965578725208208,2.7972307953505506,1.2713890961308205,2.821975093744585,1.4662700234982569
-115.78034093196108,420.2672029417067,96.7881942061572,1.2416380273810947,16.218666164361707,1.2326405528670654,14,D06_px-1055_py-0118,0.8028529280371896,1.2326405528670654,2.343954774725285,1.7520610826252312,3.0846651978731376,1.7664751021618836
-39.43988036682413,-445.4491587105141,103.19177986073343,1.2296671473448766,7.195698522273801,-2.2660851569256386,3,D06_px-1055_py-0118,0.7951124627193455,2.2660851569256386,2.8492471218842437,1.19827623618857,2.6539979701811673,1.8541370100999228
-119.38960623544158,-444.4731902552469,104.56791710919804,1.2345208322708283,1.2540417534636958,-2.440190978353376,3,D06_px-1055_py-0118,0.7982508936216187,2.440190978353376,2.6297921181331634,2.579313483583382,2.2973916802662897,2.045755581049076
-139.47424304005528,-431.4583302916351,103.96433989189146,1.2316863015850226,3.1082331372192016,-2.4904353302671844,2,D06_px-1055_py-0118,0.7964180637545193,2.4904353302671844,2.0085206639998554,2.105109393724332,2.4318636726592042,0.7693585595871077
-3.500088326705526,-397.7742937378821,101.85669176602158,1.1955307868770004,37.74145025672192,-2.18657481334717,3,D06_px-1055_py-0118,0.7730396231720791,2.18657481334717,2.7895514339964134,2.1469497707166987,2.678300318653826,1.0861922579079861
-235.66668374183897,-363.8680347996317,100.67756507231324,1.227648943082976,16.411393670317977,-2.7525119033993364,2,D06_px-1055_py-0118,0.7938074759475875,2.7525119033993364,2.754315839327378,3.0639259350727537,2.458559018642018,1.8466544534851173
-191.96270992718604,-363.9514974562313,105.7221345408678,1.1943608499536866,28.049030539376417,-2.6631340107814045,2,D06_px-1055_py-0118,0.7722831327426722,2.6631340107814045,2.6198096693160373,1.2881319687476203,2.5148366953813195,2.561756908927493
-290.6749259427483,-344.12978564751546,98.57022286976922,1.246067710669785,6.69629678619998,-2.8791654317000286,1,D06_px-1055_py-0118,0.8057171961412389,2.8791654317000286,1.4822944403860625,3.3557512928785864,2.7015979749366053,1.7453463913873095
-312.4627599150163,-318.4916141293973,99.1995329752804,1.2412186477189646,9.135205242742074,-2.953619177820193,1,D06_px-1055_py-0118,0.8025817538444898,2.953619177820193,2.2936127124019308,2.143309318141823,3.047444628598418,1.6424507598902278
281.238019249125,-314.13114257708094,102.58033502181384,1.2126411695954458,23.01459958508218,-1.447569867143529,6,D06_px-1055_py-0118,0.7841033314045948,1.447569867143529,2.7038293429548865,1.496529216312291,2.198168395394281,1.8107944388923998
324.38838319822656,-300.2287880537877,99.7076209607894,1.2367524090988804,11.533079457210365,-1.353717922616776,6,D06_px-1055_py-0118,0.7996938487752399,1.353717922616776,2.9691450580563448,2.5636173852596875,2.779926165497889,1.6821736707699815
-293.8055039076999,-293.58169939198496,103.7970286960925,1.2037494627816423,26.403339209454373,-2.9635550390174124,1,D06_px-1055_py-0118,0.7783538837449031,2.9635550390174124,1.8162648544013562,3.093380203356171,2.695408565510961,2.565008269872687
-315.66819538208586,-260.9190386521549,104.0474166724307,1.198195867424581,29.82971463747032,-3.0578439944943887,1,D06_px-1055_py-0118,0.7747628852451592,3.0578439944943887,3.0685930688714618,3.1883246618767473,2.2164185702927126,1.159832594800265
339.05671907792566,-261.5532341021386,103.310089629151,1.2153930175133802,18.74894055371493,-1.2640455805351969,6,D06_px-1055_py-0118,0.785882697942753,1.2640455805351969,2.9431180261519416,1.4120245906915536,2.3602198485213215,1.7449726648913235
376.9319072028611,-233.14131265074187,103.56859562509646,1.2256767614848396,9.50797247561627,-1.1609081614603312,6,D06_px-1055_py-0118,0.7925322477927085,1.1609081614603312,2.525820335118504,2.3179463712683437,2.642158386560703,1.8184219599984943
-337.99365659530105,-211.17266673756453,90.8797219853059,1.2333925561340695,41.11461455580519,3.0930563258419093,19,D06_px-1055_py-0118,0.7975213413849318,3.0930563258419093,2.932034679463093,2.0395900684567314,3.1438625016279445,1.469552511030261
330.88803468662,-207.85269129301616,97.06100408485996,1.2057774861408488,43.7391114869086,-1.1678524517318194,6,D06_px-1055_py-0118,0.7796652196223175,1.1678524517318194,1.1801470150361852,2.5905434665566487,2.592895230503277,1.697439751600375
-416.9181268109232,-182.07974322606324,102.69727529947662,1.2365409063999035,2.605325145599068,2.9463752519113697,19,D06_px-1055_py-0118,0.7995570894642194,2.9463752519113697,2.2770846316509887,2.5775220771192937,3.2485467063666924,2.592150077797377
384.78117232600266,-177.0264108234805,101.2403440077999,1.2184099540342193,22.311394295568675,-1.0381763394337111,7,D06_px-1055_py-0118,0.7878334728594707,1.0381763394337111,2.7773636470517626,1.4740829574004564,2.105717284229711,2.3663903932643935
-416.7706640312632,-161.0309964909554,103.96243732966651,1.2270354232902931,7.177776468693821,2.9033214823801625,19,D06_px-1055_py-0118,0.7934107692173634,2.9033214823801625,2.3237137071432783,2.210636000708223,1.6044739751960435,2.0595454267432585
-404.2587357067567,-146.34123868520842,103.58591557056816,1.2158265416716425,17.60812799285145,2.8819371843949115,19,D06_px-1055_py-0118,0.7861630180780583,2.8819371843949115,2.771964903411484,2.6987037718586846,2.549136583328893,1.9363467529834373
374.6034747339686,-110.14972452925863,103.76690224419228,1.182681979057142,41.45011440924219,-0.8929627474857127,7,D06_px-1055_py-0118,0.7647314828344971,0.8929627474857127,2.2210130858874058,2.485415805937964,1.9074176052403216,2.241873849561057
-385.6494326151954,-97.74216352652134,97.4328344269852,1.2104717443986788,39.29982646002168,2.782834529185876,18,D06_px-1055_py-0118,0.7827005639852884,2.782834529185876,2.05572844895834,2.8059853289078376,2.6730966318153055,2.546860906163297
405.5775287473592,-75.23728686500169,101.73369340034282,1.2081482623510935,28.869209909776544,-0.7904010377117129,8,D06_px-1055_py-0118,0.7811981821928425,0.7904010377117129,1.895642158559589,1.887175363688188,3.1576427745879556,2.26002113849275
414.5769371441144,-58.42165990303154,101.12380511923,1.2150178276272223,25.32538315494964,-0.7469764389491554,8,D06_px-1055_py-0118,0.7856400972072495,0.7469764389491554,2.124514872961565,2.412973358024047,2.791095468065623,1.8987246132755784
-428.9959792318346,-44.51692196641191,104.16454714171294,1.2150459983793234,16.5729784563606,2.638013058653759,18,D06_px-1055_py-0118,0.7856583126374397,2.638013058653759,2.1046934898450056,1.7966618768814735,1.9551087634445397,1.6630181187194948
-359.13398971673104,105.10171805600196,92.8709263608376,1.2060544487757705,55.28840703132215,2.249910047434752,17,D06_px-1055_py-0118,0.7798443058435028,2.249910047434752,2.302238227525235,3.4221215184363647,2.9852060091251342,1.2074801435472764
-376.6831393958672,111.06799838488226,105.33768368362794,1.179424970534243,39.4978518129775,2.247880503634057,17,D06_px-1055_py-0118,0.7626254754703646,2.247880503634057,2.175133053488621,1.9241793310049848,4.063576717917779,1.775874619461025
-379.8683474804995,122.76343429513452,89.97720660311398,1.237020990028914,40.99853629201567,2.2220339940681466,17,D06_px-1055_py-0118,0.7998675153200276,2.2220339940681466,2.4067050736030753,0.9836632806340571,2.771943812239866,2.295005021911833
418.0563313970279,123.7205986412455,105.08282193669518,1.2157032763073767,13.401759965009148,-0.319249440713451,9,D06_px-1055_py-0118,0.7860833137226472,0.319249440713451,1.6577880977150627,1.5677479315971468,1.9955642072526811,1.8622697731561222
411.55881252469726,144.5858583273959,92.36498966742728,1.25588182125209,17.437567062708524,-0.2691357034852165,9,D06_px-1055_py-0118,0.8120630773427865,0.2691357034852165,1.9888252005611529,2.2127602366234265,3.1939521066942254,2.52034341271984
430.07941736588566,171.51143554940657,105.46764011126852,1.2337327903683315,3.261840930566393,-0.2275165634069365,9,D06_px-1055_py-0118,0.7977413395205978,0.2275165634069365,2.1941337680588235,2.427932066204536,2.2398891683890287,2.160679430997619
372.4031537269884,181.96441041323413,101.3375677115431,1.2110249533849138,27.802343165850345,-0.1524756048299675,10,D06_px-1055_py-0118,0.7830582732730363,0.1524756048299675,2.482431410057692,2.1914632469681163,2.6521292092741016,2.5346457455622198
355.19231172832474,226.5714505705426,101.74370751842484,1.215066965148598,23.507060802590445,-0.0391690022984302,10,D06_px-1055_py-0118,0.7856718699155936,0.0391690022984302,1.5804030912217575,1.6080709840554785,1.7809524566420736,2.7259341659885137
330.2194472912239,235.8422533632975,104.5889195839204,1.1932898693371523,31.90031169717014,0.013212240745557,10,D06_px-1055_py-0118,0.7715906282406402,0.013212240745557,1.0675894954250713,1.138372972257212,2.8008783412264435,1.1696337069724398
-300.04654542764973,244.5475787864687,103.11266749062511,1.1818499470203854,43.73212292811286,1.8507732123777032,16,D06_px-1055_py-0118,0.7641934843661837,1.8507732123777032,2.0630352625180395,1.9052053965931577,2.624028024809834,2.3017807345126826
-283.8297363993062,247.23095863114847,104.28655456215418,1.167873609915053,49.68049471630485,1.8180225374325796,15,D06_px-1055_py-0118,0.7551562747118382,1.8180225374325796,2.5347899312047413,1.6774298583387512,3.4100634384331494,2.136758783268392
-260.88420545527623,271.9495314414565,104.40540230305751,1.1678882602599898,49.36824357018713,1.7284510034270897,15,D06_px-1055_py-0118,0.7551657477402651,1.7284510034270897,3.0098102739595474,2.1106263647331733,2.94813259816887,1.7076720006985617
-354.3872491316639,280.06096148214124,104.32827917091224,1.2293696945999728,4.059669714389145,1.8658344585858504,16,D06_px-1055_py-0118,0.7949201274316592,1.8658344585858504,2.7744311611482777,2.0138074347898147,2.1277763212884895,1.5002991640725827
297.073050871734,284.8283958044425,106.0227744768742,1.1934590870821722,27.88754295507232,0.1573792470393377,10,D06_px-1055_py-0118,0.7717000457673824,0.1573792470393377,2.0176511490579796,2.070380927193728,2.5190558941533725,2.561592387106181
-242.43742458733664,321.5674028497324,102.17598258238698,1.198651606065397,34.64279544090999,1.6098246203995157,15,D06_px-1055_py-0118,0.775057569439852,1.6098246203995157,1.2812466882772109,2.3810806829056976,3.084507624970553,2.5634058710618204
-288.73860541088027,324.5117337804537,89.51713519906477,1.2637685946894552,19.45187736722613,1.6909473435001772,15,D06_px-1055_py-0118,0.817162727166101,1.6909473435001772,2.892828803234778,2.2831821557786043,1.9558461479503793,1.8614981631483376
259.9312627404048,327.5324320727217,97.99175537494584,1.2247626749217115,26.726901901985684,0.2929876370034869,11,D06_px-1055_py-0118,0.7919411922213558,0.2929876370034869,2.5465726124672896,1.8064045520592245,2.101308017549724,2.3548625009368376
259.9233393062113,344.3286302076435,100.92127062547284,1.2253378999602362,17.61403396536133,0.3172061905205989,11,D06_px-1055_py-0118,0.7923131372619198,0.3172061905205989,2.579582279182246,2.004625716550307,2.7910271290742066,2.865849615642907
-190.0170988472684,366.3640329704516,88.18085601517237,1.2532100627988547,33.2613313990135,1.442277989872121,14,D06_px-1055_py-0118,0.8103354972833127,1.442277989872121,2.3746714784196774,2.351748801750208,2.4522015048109975,1.9978131052842751
-105.3838132114461,384.9958922523739,97.9894429453148,1.2096808360484974,38.30324049086266,1.230999226113704,14,D06_px-1055_py-0118,0.7821891564166176,1.230999226113704,2.594597245793628,1.8617604038762945,1.7692595847332506,2.2274665513241874
108.52777294760332,392.05089034757066,101.903410108366,1.2029484112557816,32.27041651644686,0.6937587515329363,12,D06_px-1055_py-0118,0.7778359175189472,0.6937587515329363,2.1609785996903037,2.4507415955217198,2.3624698917487734,2.254360770579214
-117.13681030879464,392.73305493346487,100.2876552139565,1.2107371743702693,31.002300753841325,1.2536770787035931,14,D06_px-1055_py-0118,0.7828721930955289,1.2536770787035931,2.8460923838047925,2.1171737092646143,2.0551461988330395,2.298672573900537
-65.86094526037667,394.9996970704232,105.28914981102936,1.186416325592315,34.861180832139496,1.129033610343797,13,D06_px-1055_py-0118,0.7671461407170308,1.129033610343797,2.5237847060254994,2.3174049102366663,2.3173808518751424,1.716704727331493
-48.64760549156087,393.7365057991921,91.97795665143052,1.228185755592972,41.85685047974465,1.0867474961483548,13,D06_px-1055_py-0118,0.7941545831446556,1.0867474961483548,2.228012917131087,0.4879921276122037,2.2932481749772062,2.1577853389022086
-125.3322209434594,409.5095036984288,102.22591201888308,1.2188532040946414,19.098351343856564,1.2608188669387217,14,D06_px-1055_py-0118,0.7881200818397169,1.2608188669387217,2.4308149188151678,1.813839484038478,2.217913419186873,3.239952825179929
-106.61636745147128,412.47078624115073,101.4932561176199,1.21948916068228,20.71289301807945,1.216762660671372,14,D06_px-1055_py-0118,0.7885312963782787,1.216762660671372,3.1820880272285645,2.52125715673667,2.5349843972721335,1.4074697227279636
126.14926553268812,415.1616199698901,97.58021182606578,1.2377047130053145,17.202674161686048,0.6688263354396925,12,D06_px-1055_py-0118,0.800309615981786,0.6688263354396925,2.616736614504769,2.0522740455646558,3.21674685891807,1.4222960268533296
-59.06128799145755,-431.5640010110706,99.2814046138605,1.2335381311519944,15.61032456979018,-2.313785016876351,3,D06_px-1055_py-0118,0.7976154713381168,2.313785016876351,1.5023179734709724,2.877951838003643,2.06488079634118,1.4830688360038313
-140.65075073725632,-420.2709825885085,85.78910917577215,1.2813515788321552,15.072539121837735,-2.50072606508809,2,D06_px-1055_py-0118,0.8285320232018977,2.50072606508809,3.3981008438058318,2.7130147684127044,3.3438648520404097,1.6344774582725785
-172.8568612354179,-421.11329580230097,94.409087898318,1.2619352686027054,5.060898064977096,-2.567280439714407,2,D06_px-1055_py-0118,0.8159772840785543,2.567280439714407,2.682848450849386,1.6582024339420323,3.153211770585923,2.9734826199528133
30.825956770801824,-413.2771939620635,102.54995932421748,1.207043096381612,27.40762906039754,-2.10332466636697,4,D06_px-1055_py-0118,0.7804835731723402,2.10332466636697,2.450372910372245,2.226913203233365,2.3769053483528975,2.9846484441371395
-8.387600366643605,-414.1698407149515,101.11758482933551,1.2115601831328304,28.017869954033245,-2.1980246869195144,3,D06_px-1055_py-0118,0.7834043570436775,2.1980246869195144,1.9437596330753424,2.5743463106309994,2.3996203745294475,2.2247694063856778
-182.40801558231783,-412.8974932399007,101.45056304926156,1.2378966178643729,5.193314770232803,-2.593769314539233,2,D06_px-1055_py-0118,0.8004337031751563,2.593769314539233,1.9225557035679401,2.338910677691815,2.566064505389562,1.4875787183563278
127.62570994299686,-406.92020224705294,93.64976906975237,1.2449960254482575,23.049705159686084,-1.8738544118743683,4,D06_px-1055_py-0118,0.8050242360360685,1.8738544118743683,1.3972095506546023,1.481631419451384,2.19270083547801,0.6684868394084909
-65.9177736111011,-400.0337575703009,103.08172850050012,1.197933973468054,32.67201753423234,-2.341088814248496,3,D06_px-1055_py-0118,0.7745935425501096,2.341088814248496,2.6680754443838675,2.1789016858368084,2.8107930943247608,1.8468126699069431
92.60876110106122,-400.1302255370612,101.1998301360088,1.2084511782386227,30.146165130861164,-1.9503340313135973,4,D06_px-1055_py-0118,0.78139404999158,1.9503340313135973,2.514493855177977,1.306323200617268,3.2929760509647217,2.5796297228880705
-215.10963325503587,-395.2707123199444,102.00083757878122,1.2352700633852358,5.861536111824137,-2.676161655220384,2,D06_px-1055_py-0118,0.798735352361375,2.676161655220384,1.655524031923774,2.084171840737174,2.6487583819354352,1.2575681663513631
-18.85349345206517,-393.6981053268627,105.7240976120652,1.1794179137377447,38.48959514685612,-2.2256275015102123,3,D06_px-1055_py-0118,0.7626209124901674,2.2256275015102123,2.0965645265348716,1.9116446951169157,2.823895678305004,1.803132783829885
149.38964177223818,-389.3069287688921,101.53188530731995,1.212376338812068,26.210271049994788,-1.811371540550105,5,D06_px-1055_py-0118,0.7839320897341719,1.811371540550105,2.2674800438889386,1.9221409023581808,2.0591384944079616,2.36756602229661
-25.81720350451589,-379.0268667167935,104.00240932343668,1.1721762684188488,47.697931937289695,-2.245785252099348,3,D06_px-1055_py-0118,0.7579384075894875,2.245785252099348,1.6573576998890047,0.8046033433497526,2.6055527907132188,1.2261172003933787
-228.61821274609224,-377.1784850003638,103.35464541885702,1.2247848138643624,10.896348012648332,-2.7226886199697926,2,D06_px-1055_py-0118,0.7919555074360473,2.7226886199697926,2.250071375360777,0.9941039222410406,2.368859792477677,0.9996019421624941
251.61565075276624,-362.5774720257221,97.63714379317474,1.242735878832135,12.618239296031334,-1.5711125142256703,5,D06_px-1055_py-0118,0.8035628074324563,1.5711125142256703,2.212441959280823,1.769767978552748,3.7066635074171197,2.3737546293258087
-221.83599871725488,-356.69938628915514,99.24504167066569,1.2221564468704484,25.13077336672262,-2.7341522551813484,2,D06_px-1055_py-0118,0.7902559846359354,2.7341522551813484,2.5546820771580654,3.039789781876732,4.228372191358412,2.261693081067521
-166.23422285386613,-360.4348371924331,104.61809077370457,1.18555967877329,37.2402439779172,-2.609908408087892,2,D06_px-1055_py-0118,0.7665922261366288,2.609908408087892,2.1176220399247514,2.4329910250974143,2.0814507998349328,1.3934030685664274
248.5477206141027,-352.541898882072,100.3742471115306,1.2270143443371675,17.841802577045655,-1.5636913001961277,5,D06_px-1055_py-0118,0.7933971394002479,1.5636913001961277,2.4438890647371965,1.9161423728212459,3.0555453252339246,1.9092860329620225
298.9142906521212,-327.1666734497431,98.95727762973353,1.2398881869662777,11.068148421906074,-1.4374728677575226,6,D06_px-1055_py-0118,0.801721467442674,1.4374728677575226,2.5080118953230697,2.1925132318936074,2.9712599118150416,1.4313593393559514
-282.7296339129705,-307.77002256469297,102.96612630292,1.2084875396703794,25.135351046336552,-2.920793988144132,1,D06_px-1055_py-0118,0.781417561579748,2.920793988144132,1.9667493970356045,2.7984587302291506,3.158358485308313,2.4180565561083696
260.3750780571246,-298.95863382503484,94.765196584142,1.2183999007510704,41.0799108586429,-1.461249873324866,6,D06_px-1055_py-0118,0.7878269723274038,1.461249873324866,1.5969909132363909,1.6161580702448846,2.028970764605202,1.603019425104274
248.70638028797543,-293.21443815562543,101.67369219555984,1.1844146265161628,45.83741608324851,-1.4743239594001625,6,D06_px-1055_py-0118,0.7658518263283777,1.4743239594001625,2.9523913799729415,1.7171339194314243,2.7195032484161628,1.2585092107720177
294.05972996117794,-290.49233848242284,105.10008108444872,1.197918975824126,27.14245594310006,-1.3862749930350833,6,D06_px-1055_py-0118,0.7745838449554195,1.3862749930350833,2.400895163915993,2.2946516700593724,2.0354393026526476,2.069177431682146
317.1162403312836,-292.1176346115128,91.74724048012187,1.2544179630085537,20.75683991837616,-1.3513678451680546,6,D06_px-1055_py-0118,0.8111165350727069,1.3513678451680546,3.105737695779533,0.9759076806613771,2.729166309672176,2.210851177881496
-309.61786709504344,-278.3618628071925,100.71476940300823,1.2145253635575546,26.88234909984812,-3.0162823374843617,1,D06_px-1055_py-0118,0.7853216660610001,3.0162823374843617,2.810011600126099,2.922148475849237,1.7024297093005403,1.8070752632902543
-285.5354403323729,-265.3776573932241,92.0505953653056,1.2223303998353503,46.06155923700664,-2.999747475116828,1,D06_px-1055_py-0118,0.7903684639931493,2.999747475116828,2.1013251597709184,2.208385939520532,2.9301312873253824,3.144135936350266
363.6182240944796,-243.4101010395431,86.67419893650651,1.274996343610019,18.31058611446855,-1.1968797705562348,6,D06_px-1055_py-0118,0.824422678051428,1.1968797705562348,1.9279715988679338,2.047880437680015,2.080667457856759,1.8593153127023319
285.5458619816101,-241.5141313495905,100.31004381485926,1.179437527405513,52.669965133172695,-1.3090290798073387,6,D06_px-1055_py-0118,0.7626335948422298,1.3090290798073387,2.3470003022905974,2.148365527751193,2.215458837864486,2.1702580677365777
-333.58076281487973,-226.6256266661173,103.89377303491317,1.1934484288206006,33.67344732554864,3.131360626758186,19,D06_px-1055_py-0118,0.7716931540515024,3.131360626758186,2.648374786630395,2.1584946798613265,3.2269475108696204,1.720563343198827
-330.94660805512814,-183.3301266761654,104.7553870499048,1.168095920406176,48.34540654550602,3.040489112705116,19,D06_px-1055_py-0118,0.7553000224263858,3.040489112705116,2.3328177192500177,2.3074015239358125,2.943112642987961,2.2721392039263932
-407.47632612792427,-126.2986485064324,100.20127989730722,1.2240387046013654,20.80434791478456,2.835176222692522,19,D06_px-1055_py-0118,0.7914730673100016,2.835176222692522,3.0198005402672417,2.619993433126696,1.9035414811492446,2.2353627597234373
-382.8272331574028,-112.9999596760616,97.11643789599049,1.212626895452234,38.611936800733815,2.821634885211244,19,D06_px-1055_py-0118,0.7840941016311663,2.821634885211244,2.8786540976276394,2.562252864604314,2.755600088256011,2.0923282242731713
-449.89388742327577,-13.49890360847308,101.6750876495748,1.2363212170951312,5.917047018550363,2.5646087612810065,18,D06_px-1055_py-0118,0.7994150366294115,2.5646087612810065,2.7957412143391247,1.9221246412574042,3.3187595806011783,1.306627910582228
391.9526527552957,10.959034449562418,101.8000178951105,1.1907889471609108,41.19654725147922,-0.5790267168515033,8,D06_px-1055_py-0118,0.7699735122634308,0.5790267168515033,2.4623288782081625,1.6498174330711919,2.6543353646320718,1.0300255519725996
-381.1294745037405,17.001315840752184,103.9004407584388,1.1740303324442145,46.77656870913552,2.490034956746541,18,D06_px-1055_py-0118,0.7591372599914818,2.490034956746541,2.600542142809253,1.5064394097974336,1.692373714421469,1.6191433152041548
396.07244133864873,88.45089299854276,101.45157274078451,1.20364099958549,33.018911143305274,-0.3872647228944839,9,D06_px-1055_py-0118,0.7782837505879807,0.3872647228944839,2.2974283415468033,1.744213262448975,2.17575493244191,2.427011028171576
424.4909198007503,97.7319730149034,99.8941318865878,1.2316191948636823,15.401135831146462,-0.380689514602871,9,D06_px-1055_py-0118,0.796374672019947,0.380689514602871,1.428150108335554,1.2285686187277216,2.4359842586398646,1.7203083105019625
-356.11922730133864,135.67027692781886,105.03289328699968,1.169754835194348,46.58914648768399,2.1706199196855227,17,D06_px-1055_py-0118,0.7563726897945539,2.1706199196855227,2.9515695444546166,2.529876650259835,1.9620029735867353,2.264029706383901
-344.1358189037801,141.11544598050702,99.93346859964144,1.178833737651276,54.03993565408285,2.145466735062435,16,D06_px-1055_py-0118,0.7622431796315017,2.145466735062435,1.304948071764267,2.0975902317008313,2.129652428805559,2.3091080058255247
418.8977992771311,164.9895595917966,95.59850700394612,1.255051364937553,7.782681150301812,-0.2317723295185269,9,D06_px-1055_py-0118,0.8115260977488711,0.2317723295185269,2.1478588362925146,1.57504135384998,1.9934735820458613,1.8273424598324195
-301.82241950588707,228.62268245961585,89.68855144226586,1.2213335862042791,53.6977259789781,1.8863456890223245,16,D06_px-1055_py-0118,0.7897239164480802,1.8863456890223245,2.6204379597483203,2.295199870082846,2.425832192224608,2.3323563054977767
351.90066993365826,237.5047339576643,95.502886095342,1.2376194379773722,23.62798016119143,-0.0132849556071628,10,D06_px-1055_py-0118,0.8002544764770654,0.0132849556071628,1.9083574528829836,2.199663940480116,2.214468901053925,1.797437803284185
289.98473440051333,264.2658468341252,105.54838268821705,1.1783774685687227,39.64594518406858,0.1320488980538694,10,D06_px-1055_py-0118,0.7619481524490035,0.1320488980538694,1.851480996394659,1.562833742736368,2.4029117841144645,2.649329480618282
-297.68503154446046,298.25361359011595,101.63560760075478,1.2154831365180234,23.4901696996605,1.7482608637083703,15,D06_px-1055_py-0118,0.7859409696009609,1.7482608637083703,1.6948923780814307,1.4488159918117982,1.8218285888187407,2.1955057854033235
300.2774527683029,332.97806420778966,97.40350659096772,1.248257297041114,8.353733239645749,0.2300116943478898,11,D06_px-1055_py-0118,0.8071329999348129,0.2300116943478898,1.9691143333725842,1.9401366809470124,2.8279996233597444,2.1471133984570496
277.09502631570416,354.1787404282809,95.24552456170926,1.255797928836884,8.216745841169995,0.2999253260618827,11,D06_px-1055_py-0118,0.8120088318463511,0.2999253260618827,2.5635510487064446,1.412934630613275,2.8047089898906217,2.6927882582624165
-258.57166452268564,356.74558066383497,95.12412834926906,1.250110858122566,13.870569229358525,1.59099841577821,15,D06_px-1055_py-0118,0.8083315271293111,1.59099841577821,3.008845066046621,2.6418681365584824,2.1019835723726086,1.6651146587151144
202.2571283530829,364.3716544113085,101.56080504212602,1.2120912877027017,26.347957872526308,0.4570781716633035,11,D06_px-1055_py-0118,0.7837477734417033,0.4570781716633035,1.9353748539203748,1.7267292805457475,3.3472276693178156,1.5549268631691375
250.07604590045693,367.5611401703285,92.34217880740891,1.2614940430749657,12.280001430669644,0.3663900115570415,11,D06_px-1055_py-0118,0.8156919841770864,0.3663900115570415,2.175165879034065,2.3017945906685067,2.290576202376512,1.9878668094531806
60.84314069389209,393.2323777198474,101.13094408754476,1.198066774436615,37.93287090763079,0.8103084058063362,12,D06_px-1055_py-0118,0.7746794127023634,0.8103084058063362,1.142549522509034,2.26347168387778,2.20953791470882,1.6927160107984238
-15.067797967717,400.99838164184695,97.1878444530192,1.214126345728735,37.2928971140604,1.0013748328013017,13,D06_px-1055_py-0118,0.785063657990095,1.0013748328013017,2.7963793565099326,2.001412067759933,2.462131498001727,1.943632674595798
67.04265118494399,423.9457464274205,97.81296240280524,1.2335890995141658,20.00506121031742,0.8069759269446929,12,D06_px-1055_py-0118,0.7976484278825398,0.8069759269446929,1.8583009159366934,2.3336455565312084,3.4972999860757126,1.639511038026984
143.1663218986524,422.57875623168655,96.63608992854584,1.249152832432222,9.955558494326452,0.6371614696626701,12,D06_px-1055_py-0118,0.8077120601722224,0.6371614696626701,2.999168351371873,1.9561501321377879,3.0367311440562688,2.073733520501255
-43.37357343877933,-459.8146209171622,99.62119300563802,1.2503881211256795,0.6600386367549618,-2.2718259608756184,3,D06_px-1055_py-0118,0.8085108075709352,2.2718259608756184,3.2735903809097686,1.3624975481179917,3.161372405755018,2.899543421362854
-87.11396941807108,-453.25425776018415,100.11346910297274,1.2487128140524248,0.6267998639966663,-2.367657103617865,3,D06_px-1055_py-0118,0.807427540822122,2.367657103617865,1.4855531890962137,1.997296328384631,2.0875033685302684,1.3278619252230062
37.931824938649385,-445.86545884635615,86.1279716781932,1.2829071494925075,12.30044811879435,-2.0929056210857957,4,D06_px-1055_py-0118,0.8295378674430464,2.0929056210857957,2.711505690367575,1.2931259224267557,2.1040871770441707,1.7183974519573613
-49.22010659221166,-445.6708715598767,98.66832543497486,1.2443617879155628,7.94759118671999,-2.287770582033001,3,D06_px-1055_py-0118,0.8046141330519734,2.287770582033001,2.5110997085292746,2.816564390327061,1.6718345836762587,2.5140318934254164
-45.37653994551332,-433.0691635457333,96.50455977132948,1.2421955822587147,16.607970662697653,-2.2821738893597416,3,D06_px-1055_py-0118,0.8032134474125366,2.2821738893597416,3.074260635052114,1.0000533126405924,2.968769912323861,2.2510722428062264
-92.84641364051907,-423.2335827205456,101.8563111143057,1.2237812088954425,16.147867612634457,-2.3937289165018805,3,D06_px-1055_py-0118,0.7913065685584345,2.3937289165018805,2.5424347877660582,1.8761449297410429,3.361823215165226,2.1058801365769093
-180.64235339055327,-398.7799357893985,87.4890821397575,1.2725164633031798,17.936880972407323,-2.6031114693786384,2,D06_px-1055_py-0118,0.8228191679127066,2.6031114693786384,2.3711922506036016,2.6330827177149074,3.211035394545746,2.1475840881528363
-242.05818381677,-386.0713888028402,96.03051524292776,1.2572719918875728,4.274099263239805,-2.7377961366286327,2,D06_px-1055_py-0118,0.8129619726251119,2.7377961366286327,2.327248280818372,2.352164447360317,3.263531617533878,3.15133899171835
10.903460565963924,-382.4300604498733,100.54804587998008,1.1865660959073348,47.40532789154548,-2.1492725877206134,4,D06_px-1055_py-0118,0.7672429833823607,2.1492725877206134,2.6362067535673073,2.854208589494414,2.4021009328529392,1.914356876924419
45.33618989297688,-376.3891468796948,101.72502780226633,1.1792963730036046,49.05161874189179,-2.0579030374664486,4,D06_px-1055_py-0118,0.7625423232941791,2.0579030374664486,2.322880782939443,2.087038431206256,3.4154593955277406,1.427085375366836
-140.90690645066826,-370.4393509038963,103.410031520934,1.1890745583190545,38.04712491534093,-2.5412529591213517,2,D06_px-1055_py-0118,0.7688649749352195,2.5412529591213517,2.4447248936979236,2.218365201875846,3.0619175542566888,1.9009060444091896
77.5315498187183,-372.2000075614381,94.8048421920441,1.2044776466151517,50.95956338436133,-1.9724065241843196,4,D06_px-1055_py-0118,0.7788247331470558,1.9724065241843196,2.256963499680794,2.4423984086111616,2.287235320398417,1.6064492297372845
128.40167530095772,-370.38535990332,103.2019982211664,1.185969486054526,40.730810028512565,-1.8440702663086537,4,D06_px-1055_py-0118,0.7668572107524473,1.8440702663086537,2.3649462755072728,1.6218046895695826,2.688751655530462,1.4564685264673252
-157.3202108715825,-365.0649809993628,105.34995219315933,1.1836524869324476,36.60456428756669,-2.584664901340576,2,D06_px-1055_py-0118,0.7653590208706958,2.584664901340576,2.476433400020701,2.188048292168705,2.449986968767365,1.388115724378638
202.2790412724262,-362.0182099712753,101.71519476375344,1.2099694599642123,27.538017245761807,-1.6682367507288292,5,D06_px-1055_py-0118,0.7823757829138118,1.6682367507288292,2.513337261177143,2.3093344800889506,3.510643629620725,1.4475445476813409
-188.8786625088321,-349.736061383131,102.73442672688262,1.1923283430973006,37.60552437527372,-2.672956029180217,2,D06_px-1055_py-0118,0.7709688978006682,2.672956029180217,2.7751386515181617,1.8664406673609124,2.336721167026126,1.8663306617653213
221.6509286173645,-344.6625812562565,97.9369218552398,1.2184511064730177,31.85092907178949,-1.6062697942420194,5,D06_px-1055_py-0118,0.7878600823505274,1.6062697942420194,3.0395115184530614,1.862370551594033,3.581874477254878,2.615023418662853
-251.09135340116097,-338.5180193908809,103.60706420314,1.2092364696566604,22.748208050142185,-2.815967664296084,1,D06_px-1055_py-0118,0.781901825607686,2.815967664296084,2.1150453962405877,1.5754732562914697,2.4405436251220647,2.8104248197924653
-304.8410407688007,-332.785672111055,99.42200702349903,1.2440235761897926,5.906655573984494,-2.919376044134486,1,D06_px-1055_py-0118,0.8043954426862282,2.919376044134486,2.3143887545078203,1.9860125129678656,2.3501971633255527,2.751691420089084
178.14648037408608,-323.91569240822645,102.1836076376186,1.1687083517440344,54.5322236071292,-1.674949596062771,5,D06_px-1055_py-0118,0.7556960253531474,1.674949596062771,2.5229706136702434,1.7249382644045015,1.8323740505254449,1.9892105918960068
-222.3695370288524,-321.8030338375407,103.77873672898158,1.183266299050378,41.02632058701994,-2.7824436382238527,2,D06_px-1055_py-0118,0.7651093087444121,2.7824436382238527,1.5304563463849266,2.870612174502128,2.54506855209603,1.784287196702783
253.2518009057426,-317.21901461712696,101.18515833779298,1.2045895560182291,33.064014294238405,-1.5040418229354937,5,D06_px-1055_py-0118,0.7788970946485194,1.5040418229354937,1.5767299454081858,1.4067910092067586,2.4817676135900117,1.2327373170391203
201.46779144113057,-313.3751880696261,94.72497836304824,1.1979240254573609,55.61892520736342,-1.606410576426817,5,D06_px-1055_py-0118,0.7745871100880417,1.606410576426817,2.441019867260504,2.9872290603350073,1.847762086708093,1.9288064118604074
-325.05473189694965,-305.2094764191967,101.19767332506892,1.2348629697272957,8.659147393890635,-2.994650822754396,1,D06_px-1055_py-0118,0.7984721223957529,2.994650822754396,2.2164580146409216,2.1709512403276694,2.219773604767661,2.9149558144292977
228.946724317287,-275.3281431937881,103.94910101865408,1.1507673774894405,60.733531909015085,-1.4840961036655005,6,D06_px-1055_py-0118,0.7440952500913572,1.4840961036655005,2.866752346288016,1.6399399275840745,3.22329047246385,2.6037835360272465
-300.05537413130645,-247.33057229289625,93.21400617425866,1.2174776214439902,46.249692094497846,-3.059198861640496,1,D06_px-1055_py-0118,0.7872306192632832,3.059198861640496,2.2023985098756587,2.3603678417583325,2.7776732737709255,1.3899032972206367
352.68374482518817,-236.5357200447252,94.16463042031212,1.2420350176958348,23.99598072629305,-1.19775112294761,6,D06_px-1055_py-0118,0.8031096251015214,1.19775112294761,3.1032454360359942,2.981135573379356,2.5903163619355354,1.8959624484430608
407.7246932328608,-194.1587312231219,99.67323569271238,1.2434518438679265,5.646869246006418,-1.0514069695485575,7,D06_px-1055_py-0118,0.8040257560637655,1.0514069695485575,1.4285078684044545,2.121802067720183,3.364079487665493,1.7552112930211683
-389.2053311642591,-174.7092937032305,96.01759465287812,1.2374611329318064,22.188403730790355,2.956541262290638,19,D06_px-1055_py-0118,0.8001521151877421,2.956541262290638,3.3360343833819686,2.996878523069745,3.7005193307705007,2.283296391554299
401.0671224342963,-152.18456254946898,103.25429518944556,1.2161417070072158,18.309435518345254,-0.9696450746204216,7,D06_px-1055_py-0118,0.7863668064663816,0.9696450746204216,2.3737688013973717,2.51188915362048,2.8373571671536864,2.3486677734705497
-390.526997871548,-144.1550087496448,101.2501656758074,1.2127352656743533,26.736521828819832,2.8882270852546763,19,D06_px-1055_py-0118,0.7841641746703467,2.8882270852546763,2.1273395480060238,2.7541897281048104,2.025995948572484,1.2779282883134826
-431.34258062222005,-138.50963682948296,105.2473730189676,1.2275363690213892,2.9276024525235584,2.8453252012924777,19,D06_px-1055_py-0118,0.7937346846726967,2.8453252012924777,3.2332986913899733,2.2857030380287213,2.577773340568477,2.1054124030710506
-417.0620584538719,-115.47830862126872,101.25670492998272,1.2252650569059638,16.683975154026825,2.804731135626061,18,D06_px-1055_py-0118,0.7922660363692923,2.804731135626061,2.700448425180137,2.638595942242401,3.785098099929811,2.3788072763453774
-425.2448348724183,-90.40458915855538,88.42399082075707,1.267538415884005,19.5460941561181,2.744088651337542,18,D06_px-1055_py-0118,0.8196003232427973,2.744088651337542,2.1768718875348325,2.047950565174572,2.5281334622437157,1.3538672426033094
404.9712230618457,-91.13234257050128,101.3257458172116,1.211553037512231,27.431246213040765,-0.8283264492955694,7,D06_px-1055_py-0118,0.7833997366291168,0.8283264492955694,1.5659163806586833,1.8479722283505469,2.989369597760033,2.440695132888851
-399.29972963497625,-90.4394860566508,101.7759411353148,1.205514243093094,30.727037669804872,2.757350293658961,18,D06_px-1055_py-0118,0.779495004594254,2.757350293658961,2.305226304679212,1.8870707252489416,2.613840213463263,2.152328649938211
-451.25853186907534,-53.80721854120408,103.14771661961174,1.2348479953194278,2.757078646816126,2.6532909146031987,18,D06_px-1055_py-0118,0.7984624398256824,2.6532909146031987,2.9310077831155747,2.26557488598159,2.635479272388803,1.486159664477509
-435.0108388312428,-30.1468474614952,87.71599596001434,1.2706700888051392,18.94602261597925,2.6038038670986805,18,D06_px-1055_py-0118,0.8216252876196459,2.6038038670986805,2.8662870516352816,2.233188250258345,3.276816615105174,1.8971514855620666
441.3027392094117,-21.32350116004449,101.42585805515606,1.2312940986809842,11.07798967030891,-0.6552614193707118,8,D06_px-1055_py-0118,0.7961644622676544,0.6552614193707118,1.9272129681112329,1.748805868582366,2.7774756342973808,1.6169246137655402
-447.99198703054543,24.113601147090723,87.17846187085121,1.2803038557533335,11.275428464770982,2.4808390484317835,18,D06_px-1055_py-0118,0.8278545572069342,2.4808390484317835,3.5002536722194146,1.7112583977157787,2.7889404458856193,2.2763733676847564
-459.4249979005111,36.18625510987875,96.43830434608309,1.2593321126704118,0.9516217334141288,2.456011169790127,17,D06_px-1055_py-0118,0.8142940629494564,2.456011169790127,2.633947563185193,1.780238512540704,3.478400383120535,2.2460803587667924
-378.22190871009184,33.018194370673214,99.97159272522242,1.1858965615512107,49.38401653032497,2.4475354099617945,17,D06_px-1055_py-0118,0.7668100571942272,2.4475354099617945,2.24308903014022,1.98866689688061,3.2598983587779875,2.667054151887339
420.4653685331034,56.35035658190059,103.434730782587,1.211930306023104,21.13652966109015,-0.4737543506680636,9,D06_px-1055_py-0118,0.783643681419733,0.4737543506680636,2.409656550377842,2.142430774096146,3.2409877814095838,1.8194588828693958
395.9422322824807,56.64031268166748,97.20474281906364,1.2129994591262152,38.08375913687246,-0.4648915608795796,9,D06_px-1055_py-0118,0.7843350042371916,0.4648915608795796,2.2469084627142046,2.266012826991759,3.356576084023909,2.33665139713838
-397.6073506859733,59.64061152374632,91.2518188771012,1.2348573459659724,38.83451246669984,2.385724382054438,17,D06_px-1055_py-0118,0.7984684860273868,2.385724382054438,3.0496657777660716,2.9163828499807236,2.6600134950744287,1.8503705543183622
-368.7957313259009,94.27424962717998,101.87211686457276,1.1802202729959634,48.06716835229213,2.284345247872731,17,D06_px-1055_py-0118,0.7631397243061661,2.284345247872731,3.139315719111866,2.3128463933969536,2.7233517235863838,2.800248682511203
443.2866355303103,144.98524020996692,104.22187272386634,1.2396652393273893,4.927456320215015,-0.2908775882856018,9,D06_px-1055_py-0118,0.8015773077433629,0.2908775882856018,2.0608935240098845,1.8307192096754699,2.914775830387129,1.921668580005445
-348.6032248774221,176.04122601810323,99.92769428495107,1.1957710453386057,42.838072246085005,2.066981295166535,16,D06_px-1055_py-0118,0.7731949761857044,2.066981295166535,1.7992589831323431,2.9802196855354772,2.464916274868409,1.3260150011161183
387.7009474887983,199.74044555758903,99.3197548676676,1.2338058125665354,15.265115554930674,-0.1312522805454432,10,D06_px-1055_py-0118,0.7977885562491023,0.1312522805454432,2.3093547093348845,2.084464977833809,2.826705924206534,1.807915082228966
-379.990078344794,215.9568498260545,88.2913440893144,1.2694784655513336,18.145216233739177,2.0178117626196124,16,D06_px-1055_py-0118,0.8208547746381347,2.0178117626196124,2.893063165551748,1.9885873273448724,3.0709969653766795,1.875575613471272
382.6426139648409,242.0305961574308,98.18699248768274,1.248775519243077,5.400877865240773,-0.0429880620761027,10,D06_px-1055_py-0118,0.8074680864922835,0.0429880620761027,1.5366372508817143,1.5585983719402419,3.178481603702944,1.3126459434628697
-326.6684236335932,243.1778821058124,100.99473794719388,1.2063115814374543,32.32320943386634,1.8946940211090688,16,D06_px-1055_py-0118,0.7800105698478055,1.8946940211090688,2.689103934010796,1.591830878529801,2.6930536111920187,1.8304495560631686
-370.69221169570255,258.88564072650206,100.99998900587502,1.239779396944198,4.879396559264308,1.9249723069042812,16,D06_px-1055_py-0118,0.8016511229575328,1.9249723069042812,2.2853404061992717,1.6017991220781873,2.628226153024282,2.2925965411361444
357.50134062621555,277.31549338177695,91.17496544472108,1.2701712042562017,7.742427364210414,0.0527706923407703,10,D06_px-1055_py-0118,0.8213027049409308,0.0527706923407703,1.5038403475847217,2.1241421432046814,2.39889848629943,1.4894665440906414
-261.7720454743181,303.42756021740047,99.87719860527682,1.204652643671449,36.67086219688008,1.6756474290665766,15,D06_px-1055_py-0118,0.7789378876219897,1.6756474290665766,1.8665827892044962,1.4001564056244935,2.818477405356253,0.9315118399762131
294.8137600710358,314.41303201212105,104.7960454633296,1.2128487735823268,16.527966921333473,0.2105782721602918,11,D06_px-1055_py-0118,0.7842375697776665,0.2105782721602918,2.2664766484552383,1.5603868236860734,2.2927578992140685,1.5005089991367007
-196.8436361461883,331.6759653704456,102.77787617198086,1.1817276650082351,44.69582218294829,1.4994296873199526,15,D06_px-1055_py-0118,0.7641144158539956,1.4994296873199526,2.8821372064647317,2.5146093774581355,2.3079127705064573,2.286165452155669
-267.82291252945487,342.07302644217896,99.61205412750972,1.2316766033760258,16.200226264601042,1.6280688539788994,15,D06_px-1055_py-0118,0.7964117928161959,1.6280688539788994,1.5814866771735745,2.849996462391056,3.042362556239234,1.4119258161818151
177.21111017183586,367.1445361270568,98.1770950539212,1.2159807736231485,33.05271464606943,0.5141258367278757,12,D06_px-1055_py-0118,0.7862627456726816,0.5141258367278757,2.8206494662863175,2.785146582888017,2.440415237500698,2.013676636297489
-13.215612647692996,367.71461654971256,105.75031201219466,1.1544832407831933,54.13891697397105,0.9997411949509486,13,D06_px-1055_py-0118,0.7464979565644086,0.9997411949509486,1.2129348606549297,1.4088382590120174,2.5829339335151333,2.8022947526260875
-153.09907819904976,369.3132231399159,94.73708118151724,1.221205112007752,39.05039905119679,1.356803660527421,14,D06_px-1055_py-0118,0.7896408440207026,1.356803660527421,2.680052172425138,2.317265743681138,2.398527416705911,1.7468129220213142
-34.66987796823962,399.8355574892674,89.4849198263322,1.2403468311625274,39.85443019930585,1.0503107963000926,13,D06_px-1055_py-0118,0.8020180303923954,1.0503107963000926,2.6425998011809293,1.497863694391568,3.250522104916766,1.9189367819580005
180.97390746635088,402.093753127588,98.43279489861764,1.2399825425236113,12.599193410288365,0.5408972711879619,12,D06_px-1055_py-0118,0.8017824784892201,0.5408972711879619,2.1436127224951464,1.772074829366607,2.541961136533104,1.5136272062996952
12.602803587066878,419.84875839447216,101.1164374161098,1.2161028821181323,24.49620562173868,0.9338083213599412,13,D06_px-1055_py-0118,0.7863417019873031,0.9338083213599412,1.9115924527272967,2.024446260119734,2.2029093101525374,2.3276856265903993
10.011912200633246,-442.0762175726441,103.08113130196338,1.2264462625121648,10.295188435862372,-2.155132249680287,3,D06_px-1055_py-0118,0.7930298132178096,2.155132249680287,2.8428921892585013,2.004519366154203,3.5394401928015684,1.9897991384291744
-76.02983761399226,-441.9943017411589,93.12071385934402,1.2616048107068196,9.61626720794311,-2.3481241763428997,3,D06_px-1055_py-0118,0.815763607400284,2.3481241763428997,3.3824927241807714,2.1510425731112313,2.6339666560366934,2.619221985276657
-153.41237199801606,-439.4002403597188,103.35427836352258,1.2415820023649682,4.0418249050051145,-2.513684674744367,2,D06_px-1055_py-0118,0.8028167018204915,2.513684674744367,3.0827656445028544,1.899789866006046,3.5401527748218173,2.1531536557139397
-63.70599934218253,-417.3703962647016,98.29366455566458,1.2268615330894908,24.139144187180705,-2.329243388072098,3,D06_px-1055_py-0118,0.7932983304439106,2.329243388072098,3.1979063959518745,2.4370212900648793,1.6480273131792773,2.369605569584131
115.30103751454983,-416.4517838990096,89.22112096615095,1.263224835008272,20.93671315857614,-1.9076763450829688,4,D06_px-1055_py-0118,0.8168111278734252,1.9076763450829688,3.0861678177199803,2.331510019396485,3.110100405710872,1.6569627219889091
139.47614228082304,-402.50916006954833,100.52884079588053,1.2225345986095133,21.06631488981145,-1.8442075738177648,4,D06_px-1055_py-0118,0.790500500528857,1.8442075738177648,2.1654129577782415,2.6772182561432807,3.1154644767920403,2.0599851398529103
177.45686766241235,-394.23199492192174,81.20766835012427,1.2894801231485762,23.1305081864557,-1.754811256854942,5,D06_px-1055_py-0118,0.8337880039798733,1.754811256854942,2.1705650501917053,1.5312485380037844,2.830522083488339,1.9504332691225863
-181.7822753970512,-380.63092855448986,97.56388671409916,1.2289262648316317,24.62516598477129,-2.623328328253753,2,D06_px-1055_py-0118,0.7946334022508571,2.623328328253753,2.255199551203852,2.6584127290416335,2.3198284261681597,1.4596881649700635
230.8227507467155,-356.92090884582564,90.72967294459367,1.2535006498415258,24.84214052181932,-1.6037200476070317,5,D06_px-1055_py-0118,0.8105233931538589,1.6037200476070317,2.690220642447506,1.5291339356147562,2.8932349718410317,2.503376946384562
-254.05092204298649,-315.96840888846134,100.53139940823844,1.2063606285086002,33.58675403644139,-2.854974755167432,1,D06_px-1055_py-0118,0.7800422840703186,2.854974755167432,2.77382036475088,2.3449516735676186,3.09851728213595,2.274615453646042
227.25357617383992,-295.686805935782,101.32192454453642,1.1748782920835974,52.91728813576202,-1.5225006662924696,5,D06_px-1055_py-0118,0.7596855573731043,1.5225006662924696,2.728877918601408,1.6547671936705421,2.2946853148432993,1.869202763333854
-354.7100885358913,-275.77466850951106,98.95780794851714,1.2440943743560002,7.288397977879015,-3.0877239491344404,1,D06_px-1055_py-0118,0.8044412213381267,3.0877239491344404,3.1444277497606885,3.1992396035194433,3.5244371603830897,1.4999358294628622
294.3065759127068,-270.40448824943456,96.9496610450569,1.2136112104769174,38.3583828396973,-1.3500767188594716,6,D06_px-1055_py-0118,0.7847305674789021,1.3500767188594716,2.8121678553960043,2.006500417532277,1.7113098884022966,1.5636458449487325
-378.4615911799459,-256.14135256735034,92.9593664490209,1.2675039292887842,4.393176351662021,3.129595706832341,19,D06_px-1055_py-0118,0.8195780239387002,3.129595706832341,3.496533734055164,2.344779617681213,2.1616771638140815,3.0655879109035173
330.362067127146,-225.0709479877801,95.4018221804552,1.2189130367295933,38.849147793143175,-1.2050348270215276,6,D06_px-1055_py-0118,0.7881587700927375,1.2050348270215276,2.8153771985211207,1.9056335378084444,3.0364077676806813,2.7684478487216966
369.03211323977513,-185.3525069866644,91.47846432500518,1.2423461847512431,32.05692570115582,-1.0724387810646223,7,D06_px-1055_py-0118,0.8033108281703982,1.0724387810646223,2.8399966719177154,2.7645142591925698,1.9279342457465747,2.719347973773961
394.4051482143447,-163.04328698269478,104.1553544157099,1.21161966433551,19.330088668363032,-0.9989757635908968,7,D06_px-1055_py-0118,0.7834428180578228,0.9989757635908968,2.6482394248864725,1.9582061712483028,2.166802380487601,1.459770516603684
-430.15896267932544,-116.5703719803688,100.13559480702544,1.2379869656550384,9.13718099053574,2.7992509124842124,18,D06_px-1055_py-0118,0.8004921227682082,2.7992509124842124,2.312615271691441,2.6299923420673323,3.1449733063749656,1.4220244369588455
-411.1332390798237,-74.49860352497178,100.17074703957894,1.2174434102335676,26.171136923651886,2.7138711252010865,18,D06_px-1055_py-0118,0.7872084980251657,2.7138711252010865,2.6675471377112756,2.0415325355403207,2.78285618723757,2.1653043153400198
399.3229559199708,-67.01552715482981,98.9341255498824,1.2112331679398354,34.47348639428469,-0.7732529589068691,8,D06_px-1055_py-0118,0.7831929064442121,0.7732529589068691,2.249035620177775,1.9409364618415457,3.402786430822978,2.1565607086958445
-391.5992386219945,-58.03863898494176,101.52732706805732,1.1949911504051838,39.01897726125031,2.681751290020544,18,D06_px-1055_py-0118,0.7726906899790554,2.681751290020544,2.0746172722462073,1.6959986158409546,2.2417363144532603,1.1207689269803807
-416.33027167952525,-58.90084660822157,98.3764251658276,1.2252893244241616,25.168404274218915,2.67515664289145,18,D06_px-1055_py-0118,0.7922817279376976,2.67515664289145,1.4529164468535738,2.5123822865638035,2.518322589230445,2.4702185712927953
-443.0625244795204,-42.998101640979655,100.16751239829163,1.2375208603683043,9.452326496187595,2.631357640994945,18,D06_px-1055_py-0118,0.8001907354186139,2.631357640994945,2.6749858902503245,2.4483333935401723,2.4786893419151923,1.3048557134638519
-460.44326584266616,-17.586697118382165,99.353423022802,1.250494939768166,0.0885712373902833,2.572789708690878,18,D06_px-1055_py-0118,0.8085798773465043,2.572789708690878,2.293451849980674,2.643555179120563,2.640115362220865,1.9839348108929422
-380.59795332005086,-7.013191572936403,92.33244160148188,1.2136354745463425,51.54691073113162,2.553037808243602,18,D06_px-1055_py-0118,0.7847462568173038,2.553037808243602,2.212319923815136,1.7383243889483764,2.843357368806527,1.8414684882134233
-431.9426486237079,-5.6723847981021,100.2505861085224,1.2278686001831989,17.497146878369904,2.5477446306965703,18,D06_px-1055_py-0118,0.7939495079586802,2.5477446306965703,2.6598213961480957,1.7000033992422612,1.9294218131446148,1.8197486396495886
-449.2845468366027,-1.455944980039983,97.7214046138605,1.2478877432742248,7.691322270962587,2.5378536958950866,18,D06_px-1055_py-0118,0.8068940435584203,2.5378536958950866,3.277194693219882,2.052560971315365,3.0783060873142594,2.2635883883923116
-395.6780165735437,5.962378002647204,102.20059570413012,1.1925957743043565,38.86411554985659,2.5195454997836046,18,D06_px-1055_py-0118,0.7711418209255231,2.5195454997836046,2.3293316439342475,1.6027913303548897,2.6197552553032715,1.5053906426173727
-416.73303387210393,30.093545282077752,100.2798688372462,1.2170818318628058,26.139588673395565,2.4625252474708508,17,D06_px-1055_py-0118,0.7869746986027258,2.4625252474708508,3.239987680117097,2.9569166882497817,3.2332508124458994,1.9776550075425627
-449.9488224380777,91.648148787872,98.88764797567076,1.2508651828915849,1.21695508059247,2.333676127617437,17,D06_px-1055_py-0118,0.8088192794662585,2.333676127617437,2.380286790942776,1.3956529216860176,2.7056820096338523,2.2103134423482667
-350.6691359716981,124.75070078338568,100.7735518531243,1.1761114226226694,53.5658450874609,2.1928246260164137,17,D06_px-1055_py-0118,0.7604829092921931,2.1928246260164137,2.639565544050433,1.573276923987248,3.2021956172617934,1.885157210118519
-394.1446018587983,134.74200962259084,97.17576702996789,1.2262041258556309,27.982367674387376,2.205208896498017,17,D06_px-1055_py-0118,0.7928732457485501,2.205208896498017,2.1848643412528723,2.345831869976877,2.3822054065159834,1.3623856938790042
406.64989356745536,171.97865343067642,100.26586922366089,1.234680862958552,11.644334261789766,-0.2068755684363537,9,D06_px-1055_py-0118,0.7983543707247529,0.2068755684363537,2.2033138601368636,1.9883564206718722,2.80903163996741,2.1710938813315406
-373.8434889022753,187.80767472339537,94.17337921199508,1.2374177996657385,27.86083531698273,2.069071479025547,16,D06_px-1055_py-0118,0.8001240955565961,2.069071479025547,2.1819723599289165,2.205567385705331,2.553820670237683,1.261121940615388
-353.7993897975355,197.4506333927266,93.02714831475453,1.23124394581524,36.33765662151404,2.025582736120237,16,D06_px-1055_py-0118,0.7961320330296444,2.025582736120237,2.304857981335958,1.457409388561206,2.308126877802123,2.262453657822662
-333.3544029489877,203.2982692557301,100.76011960562326,1.1928681805852448,42.577991607705655,1.9869778742592292,16,D06_px-1055_py-0118,0.7713179609723032,1.9869778742592292,2.1828781195204647,1.847256313409766,2.514656812906019,1.6850239291531623
-344.8782842869965,247.47382681471024,97.1933928965408,1.2321084457475082,23.11280864072586,1.9121932080977688,16,D06_px-1055_py-0118,0.7966910254949231,1.9121932080977688,1.8257712475468726,1.9921554474255116,2.189353010367703,2.054190145073659
-358.155604978818,255.22037374460857,92.65190628610132,1.2573656418771844,15.142115761222897,1.9154831686744245,16,D06_px-1055_py-0118,0.8130225274460116,1.9154831686744245,3.7773834968284152,2.9959310623811977,2.120242817765279,2.292907658873217
379.6411853091315,258.7445375566872,87.9628581804823,1.2843424141009188,4.328704849355972,-0.0087435782076507,10,D06_px-1055_py-0118,0.8304659208434416,0.0087435782076507,1.863157538345307,1.90165511895031,3.002224280247863,1.620002012276012
337.82898110543977,279.81599449774313,92.26391181847146,1.2578455109969315,15.956776636565223,0.0847672829351904,10,D06_px-1055_py-0118,0.8133328145984406,0.0847672829351904,1.2397055022160333,2.0760852722335645,2.915905531602445,2.189168925503563
249.1069458843712,301.24436657071465,100.08868501278648,1.1955435076855614,42.55640308257131,0.2728715415254045,11,D06_px-1055_py-0118,0.7730478485470876,0.2728715415254045,1.7447489490509847,1.9882863240240605,2.886803946475405,2.313411069038909
332.4966547026462,310.304235301173,95.25847534390373,1.2590690427701647,5.055357304720985,0.1439077765494318,10,D06_px-1055_py-0118,0.8141239598799352,0.1439077765494318,2.3351608093082987,1.7741660367146308,3.0414603751079903,2.5236840624511694
-314.9803918996077,316.8797983719394,84.03791528086447,1.2891198525396852,13.312737591187783,1.7462089124319462,15,D06_px-1055_py-0118,0.8335550501665594,1.7462089124319462,2.025409568723809,2.150239992112276,2.9519362116893624,1.811787068143148
-155.19294793769745,334.10525129682964,90.008500407454,1.2112443975394396,59.83243660462279,1.3986658875216165,14,D06_px-1055_py-0118,0.783200167591764,1.3986658875216165,1.931496123112849,2.5125900184849366,2.08233403636532,2.380571090446339
-211.2405189966728,336.5828033656551,100.47652272409675,1.1998115774549238,38.492784729223104,1.5242860434533083,15,D06_px-1055_py-0118,0.7758076160766206,1.5242860434533083,3.1448483047975597,2.3157693072348984,2.4938704978373263,2.1671617523405544
-282.2574390351334,347.40324514211613,94.73005147854693,1.2560310785176876,9.66161147573922,1.64612000295966,15,D06_px-1055_py-0118,0.8121595882663192,1.64612000295966,2.8983228753792196,1.830619206808874,3.3235188631645505,1.330333624024329
-69.20323108184492,383.36103492188175,99.69639476746426,1.1957095952733958,43.51200691216496,1.1424105819949752,13,D06_px-1055_py-0118,0.7731552420895397,1.1424105819949752,2.7488958815451694,2.2296115745575182,2.3405983761334275,2.2708505923957842
-185.2104473986797,393.33765254254257,97.61054235182245,1.2382181739498512,16.666169039435147,1.4038890898337857,14,D06_px-1055_py-0118,0.8006416238727037,1.4038890898337857,1.9384978704002158,2.550569225982251,2.419358201473434,2.426938547194835
-20.309277708184148,419.26721101951335,101.58404708885465,1.214380350948164,24.50346662025737,1.0122188992777716,13,D06_px-1055_py-0118,0.7852278997656031,1.0122188992777716,1.2712135593875242,2.1465004790821616,2.4046616304998985,2.410094394057392
110.4313209499886,-401.9344762722436,100.2476419424234,1.2164155250354352,26.753869599758843,-1.909642493671651,4,D06_px-1055_py-0118,0.7865438593601053,1.909642493671651,2.627690267120144,2.2002562158171672,2.0670461525330026,1.6366572435718414
36.90394351616524,-384.70124832897017,96.53901330951264,1.2038923341816263,46.528499657915575,-2.082139663728163,4,D06_px-1055_py-0118,0.778446265517433,2.082139663728163,2.235649268390761,2.5105273646927246,3.173996136718406,3.283490145676137
133.99067923962363,-379.6497098170327,92.3702894842644,1.2314733701830811,38.12956800662522,-1.838491057885557,4,D06_px-1055_py-0118,0.7962803806329091,1.838491057885557,2.4233127163112416,1.794472183027063,3.2877287837264486,1.6351689068143762
119.21857856662687,-357.9562121369452,103.16016515658144,1.172611343796077,49.59298080458956,-1.856277152065969,4,D06_px-1055_py-0118,0.7582197307551941,1.856277152065969,2.023192316044187,1.568693555171907,1.7870672873632727,2.4348953030604097
265.0759934884468,-312.29028729309465,100.81193284701168,1.2088470928316968,30.943108903045413,-1.4739714284737266,6,D06_px-1055_py-0118,0.7816500514858099,1.4739714284737266,1.9028187430350347,1.330623638328872,2.382627855352541,1.6300190302246211
332.22665592303497,-283.5868604525142,99.18721314161591,1.234702922718632,14.895759277374792,-1.313556715304084,6,D06_px-1055_py-0118,0.7983686347393703,1.313556715304084,3.2850463924701647,1.9461928397170682,3.5983594395474907,1.1136000662479482
-317.8373652630503,-217.4944679233081,96.73159680955068,1.2020598564525289,47.27087432760294,3.1347207593300417,19,D06_px-1055_py-0118,0.7772613709846262,3.1347207593300417,2.365569877155238,2.5120930946672155,2.2710872350628564,1.3455416414707582
367.6544944793468,-213.1915921971771,95.2848913454695,1.238648015375845,23.42588145076877,-1.1324655968048378,7,D06_px-1055_py-0118,0.8009195627243179,1.1324655968048378,2.6140186255623012,2.8216162386860986,1.7324628988999433,2.4878683348770014
357.0842751333081,-169.71635324081055,97.65520407830562,1.2076484456455432,40.728074528289824,-1.0506593570735214,7,D06_px-1055_py-0118,0.7808749967743198,1.0506593570735214,2.430646443395373,1.3993885702508067,2.840440417052138,2.4796155142445526
413.9226222503474,-138.58418492072823,97.84083781224106,1.2387265289068408,15.519033906794675,-0.930055785306746,7,D06_px-1055_py-0118,0.800970330191857,0.930055785306746,2.839542693617576,2.116038441058757,2.9405311527418476,1.9924298062353778
426.1357797207047,-128.07196066148313,100.9132285132316,1.235096343214203,9.317267257432718,-0.8989340618814052,7,D06_px-1055_py-0118,0.7986230235305104,0.8989340618814052,1.7412152268857877,3.210882224596178,3.0129858497795077,1.964864014794839
418.7207009873056,-118.88154717458458,96.60415895629224,1.241760928453964,16.680431670955386,-0.8836159260118768,7,D06_px-1055_py-0118,0.8029323968389144,0.8836159260118768,2.8454903996857803,3.0113128752213125,2.966173498764407,2.0391996318486436
-368.364713258174,-94.24796177604408,88.50215761613251,1.2269316537226456,53.12594561013606,2.785094756918164,18,D06_px-1055_py-0118,0.7933436709976007,2.785094756918164,2.035745750780737,2.608124071524373,0.7145310127065723,1.9943808530143108
-370.2478680780377,-68.61295811457326,96.88164336500832,1.193894066031558,52.408549939451404,2.7178506855819444,18,D06_px-1055_py-0118,0.7719813065820866,2.7178506855819444,2.249456733936629,2.715837213464005,2.126745043124145,1.9557506906601188
378.9508415761928,-48.327547050969926,89.59583851508975,1.2245166606477371,51.66138032126349,-0.7338246830795918,8,D06_px-1055_py-0118,0.7917821174541181,0.7338246830795918,2.2863493810730695,2.6292258006848206,2.4563482458540604,1.8389498958503085
408.17940979406205,-21.63319599265955,100.00210636824649,1.210809460705683,31.75825037967076,-0.6599292256354392,8,D06_px-1055_py-0118,0.7829189340093574,0.6599292256354392,2.5223960335548794,2.506006751389377,2.533159564020715,2.068678953571269
421.3037121247054,-18.562979551909656,98.85587092274542,1.2246751869442134,24.2498684108279,-0.6510118547184137,8,D06_px-1055_py-0118,0.7918846218060227,0.6510118547184137,2.6914993874572044,2.1838195592062437,2.2533131010319116,1.5825879289003586
392.48447560167455,-17.205417489329264,98.27988414602429,1.203402371290866,42.0244026428565,-0.6507886759777042,8,D06_px-1055_py-0118,0.7781294516531652,0.6507886759777042,2.5247171761416025,1.543755011787259,2.3610531686315586,2.574149948486098
-412.6172645218143,60.051830265091176,99.8397366950025,1.2178457068119426,26.81262847850064,2.39008901475677,17,D06_px-1055_py-0118,0.7874686261613576,2.39008901475677,1.6369344505855323,2.1526259834502497,2.4849612682119706,2.0548847445920218
-386.4597366410587,76.40472124264429,91.92746967843463,1.2261209516230778,43.5815223338862,2.3394260129924587,17,D06_px-1055_py-0118,0.7928194646346748,2.3394260129924587,2.366198756540131,2.8681499179786245,2.7808308574009364,2.512984126877406
411.1617252022452,89.79545505010955,89.68559559529285,1.253986274945678,27.762806522463222,-0.3919611329993059,9,D06_px-1055_py-0118,0.8108374021711402,0.3919611329993059,1.894118197991008,2.498836850895187,2.5979352970322456,3.670737961762852
377.2740938546125,142.4056883527621,95.603054199024,1.2210549627918486,36.6370205039957,-0.2460543388304793,9,D06_px-1055_py-0118,0.7895437563550768,0.2460543388304793,1.2674516422341053,1.2070231505721551,3.004369760867715,1.989961235410465
399.5471326201888,210.7936445691556,96.91725714842276,1.2519924057702587,6.42985279549157,-0.121511027620745,10,D06_px-1055_py-0118,0.8095481506579718,0.121511027620745,1.712890350626821,3.0467472873270056,2.904160811974293,2.4556217492995516
380.8081385844649,215.53732932629967,101.81290992304228,1.2270454653465968,13.54714740402892,-0.0919354477746965,10,D06_px-1055_py-0118,0.7934172624900638,0.0919354477746965,1.9683860113683629,2.362031377536262,3.101098390566337,1.7655613847488998
399.050228317264,249.92033181554643,101.1684817031004,1.2515455623000744,6.6973003841991385,-0.0474546179901426,10,D06_px-1055_py-0118,0.8092592181506706,0.0474546179901426,1.846396819578578,2.446160619502618,4.093694389907332,2.9343288743832723
-311.61898899831584,260.8976654123935,93.84479947742388,1.229457977198083,35.29971626276733,1.8375778795625968,16,D06_px-1055_py-0118,0.7949772116549387,1.8375778795625968,2.930788270412623,1.932409762740876,3.1438846469346324,1.6724523045012383
-244.4388634343873,288.7077983182089,95.81175389712315,1.1992385783415975,51.7486075607797,1.6663716827703046,15,D06_px-1055_py-0118,0.7754371103368222,1.6663716827703046,2.701517111379843,1.6164877516283085,2.9562365953515135,2.9000532655087743
301.8110052807086,290.99045093258087,95.54923180572834,1.2335616860986485,26.869746545733392,0.1601674064024876,10,D06_px-1055_py-0118,0.7976307021521495,0.1601674064024876,1.7283988254332057,1.541078256415219,2.4901665419969703,1.7987617079153966
262.82065347133505,300.95206377520685,87.28441607048899,1.2465754500323367,41.65600769061206,0.2459519163407899,11,D06_px-1055_py-0118,0.8060455044121801,0.2459519163407899,2.3127266069549863,2.290305127549821,3.7442956629865467,2.4009836159627325
-221.5838192124181,322.54991526462584,98.25369082677494,1.2021793599235615,42.96363032776589,1.5657477470769048,15,D06_px-1055_py-0118,0.777338642870243,1.5657477470769048,2.759880324596108,1.9413492554189087,2.1189926211758565,1.7138716339194735
273.30134892419943,337.39365391789306,89.00608022907306,1.2653003310111517,19.712805239834324,0.2829856146285928,11,D06_px-1055_py-0118,0.8181531599361481,0.2829856146285928,2.1354989207156274,1.9839446074791809,2.9846894607231924,2.0169312797536296
-244.0089315140128,357.6665115858729,97.56517038872168,1.2370881172218342,17.77946169229756,1.5625131518535915,15,D06_px-1055_py-0118,0.7999109202916848,1.5625131518535915,2.7357275297458554,1.850916035015001,3.011809587576117,1.404881149138677
142.50193303572516,356.9082520342134,100.03107048498222,1.189904245380995,46.56143503320783,0.583941879661012,12,D06_px-1055_py-0118,0.7694014571243472,0.583941879661012,2.2399120901818663,1.9457040958934058,3.1197404468819836,2.603372401258736
-116.94539298964165,373.9778579978086,97.63509796005148,1.2047310458823075,42.87763424512303,1.266889989712805,14,D06_px-1055_py-0118,0.7789885831090513,1.266889989712805,1.2785260057966779,2.2066032397176105,2.3033646059870776,2.2555717218511875
-38.58787375662936,411.49913423528426,99.79593613004452,1.215119766627928,29.058970089379216,1.0573172560172406,13,D06_px-1055_py-0118,0.7857060117680095,1.0573172560172406,2.412690995505678,0.9855335796833733,1.7683675644048025,2.0887354501297386
-23.86447491223529,408.8263962661634,86.51917086834794,1.256538674056651,35.74672428267485,1.0221237559756005,13,D06_px-1055_py-0118,0.8124878035397954,1.0221237559756005,2.195379178917514,1.845458962304177,2.1441298099472954,1.882503605553349
-159.33893023990137,411.9935578262497,100.1079564522176,1.2353202239824477,11.566583328619233,1.3328497242088524,14,D06_px-1055_py-0118,0.7987677865986129,1.3328497242088524,2.2352299428437408,2.0873996774503203,3.256762591431698,2.640946233686911
53.92328084256239,415.67950120570265,93.80098748982098,1.2392264218901732,27.493445027914163,0.8348139867062608,13,D06_px-1055_py-0118,0.8012935649321945,0.8348139867062608,1.8515554966698773,2.206978540567982,2.741086176191388,0.7944699131935488
42.64593723169687,418.16517315792646,102.9716504349028,1.2103734706332423,23.666503962331035,0.8621846945429424,13,D06_px-1055_py-0118,0.782637019394522,0.8621846945429424,2.79802624272134,2.083926308586891,2.697269363943794,1.975775914377242
40.86337313976086,-433.9778751151088,97.04185738513289,1.240818010485012,16.15279560840213,-2.0838926275968817,4,D06_px-1055_py-0118,0.8023226986534708,2.0838926275968817,1.942719884712771,2.8723592595258824,2.9444417014249273,1.540414888391255
-158.1630848689794,-432.17189005657366,91.47844686738162,1.274015909989483,2.835993012928782,-2.5286087333098126,2,D06_px-1055_py-0118,0.8237887219501852,2.5286087333098126,2.8503386542889233,1.872257552083655,2.4823095700092086,1.9641224071690417
-85.72405855422805,-413.4219478261604,99.92208488596933,1.2216212245240643,23.578924675432688,-2.382230993851996,3,D06_px-1055_py-0118,0.7899099056511834,2.382230993851996,2.6876937495792923,2.257144687807366,2.210701782456164,2.8611420118226425
-47.41837371544516,-388.6905501415418,95.3710207167864,1.2122830616120055,43.84052501661057,-2.2991711754739703,3,D06_px-1055_py-0118,0.7838717759619309,2.2991711754739703,3.4793616882211067,1.0306201441345402,2.8532534480027696,1.5435237763625556
-170.0150322571421,-391.5520930185656,97.1801110815222,1.2339059403017028,21.652149033521084,-2.587419800970952,2,D06_px-1055_py-0118,0.797853299631299,2.587419800970952,3.35694531872522,1.7929494183249903,3.8214607175145474,2.190606881237441
-165.85110320224334,-373.64486486125855,97.8959280107409,1.217808612176565,32.46448310821302,-2.5955234293356764,2,D06_px-1055_py-0118,0.7874446404779535,2.5955234293356764,2.673292957372498,2.4870575186037955,3.076543047042816,2.317973168357737
178.57623190330906,-357.5939002109195,98.20125911861707,1.209417935899437,37.89706414518747,-1.7146221566911413,5,D06_px-1055_py-0118,0.7820191631095507,1.7146221566911413,2.64721510578228,1.7616343070997442,2.386653334769571,1.7292288897793306
-251.50567935139296,-351.6127796935281,101.23223833972013,1.2250103790852012,16.967514204280803,-2.798691109035393,2,D06_px-1055_py-0118,0.7921013596844644,2.798691109035393,2.11933288854049,2.301949564766071,2.8782369772899754,2.066748626039031
254.7152633269712,-339.5943436536927,94.71567421546138,1.2401365082324445,23.912289465039635,-1.5342379905915178,5,D06_px-1055_py-0118,0.8018820339292341,1.5342379905915178,3.210207754310323,1.5589933626374466,3.329640344498052,1.7279788786394916
-215.2428609249618,-339.34711789418753,101.29722721758009,1.20084423079619,35.48510518914213,-2.743024339005105,2,D06_px-1055_py-0118,0.7764753378605865,2.743024339005105,1.3553779895655602,2.884641137986958,2.4996303768227497,2.284022884111055
-232.458594265746,-329.97534388814245,100.4088028933304,1.2052830477339618,34.72408917209441,-2.791497276709284,2,D06_px-1055_py-0118,0.7793455118540715,2.791497276709284,2.1393186601627523,3.095182792360837,3.0906354708915367,1.9077489453867074
316.3118687099534,-304.41806175600124,97.9783447742553,1.240049330579453,13.93963396876478,-1.3732190384451433,6,D06_px-1055_py-0118,0.8018256641721712,1.3732190384451433,2.8668732670551305,1.698765811720421,1.9855705542712836,2.0734809063386055
-321.2992620174316,-287.3655421366118,94.0744955229514,1.2468685707235216,20.083992495037705,-3.018867447483704,1,D06_px-1055_py-0118,0.8062350385598113,3.018867447483704,2.5562117156535757,2.9274147307694456,2.707035545845369,1.3573007668397836
303.52414196320314,-279.4498613046233,92.642329842478,1.2381759121558715,31.91834688056349,-1.3511055121664737,6,D06_px-1055_py-0118,0.8006142970638492,1.3511055121664737,2.2798710475380175,2.964269630151794,2.0544246055862336,2.0621761566988592
332.3026623518897,-268.67282048119665,90.29789819286664,1.256484229494356,23.57113119494562,-1.286893086807665,6,D06_px-1055_py-0118,0.8124525992569929,1.286893086807665,3.084158816266122,1.7000275503756435,2.9721742173040124,1.8837915386410762
-301.13192604905214,-261.42004917048484,97.00401330951269,1.2126928298580997,38.88388531485788,-3.033649480278544,1,D06_px-1055_py-0118,0.7841367353373193,3.033649480278544,2.9858608599793524,2.2094565898203395,3.2978580630781895,2.1872726801626152
-318.3222808447581,-234.589452482676,98.9887526504393,1.2031738627371686,40.214377097246256,-3.1134717640430414,1,D06_px-1055_py-0118,0.7779816962225391,3.1134717640430414,3.2636316195685557,2.530480765006569,3.268987446403128,2.004570981480308
-382.6544563572463,-230.7709700778382,94.68613025775748,1.2556680432502885,10.144093596761024,3.0772937153484263,19,D06_px-1055_py-0118,0.8119248468030387,3.0772937153484263,2.538522662259922,2.326843413203727,2.105653615939825,2.8211549312240596
-352.0126005743616,-209.55309006928093,99.45180841433556,1.2133565299752562,31.395968947079893,3.0715695495713837,19,D06_px-1055_py-0118,0.7845658890605841,3.0715695495713837,2.7090245740317944,2.948069862677634,2.432429905315687,1.9429299984170136
300.1633384241591,-202.604290842836,105.82808128063354,1.1482898478742043,57.55671239802825,-1.2007155517062444,6,D06_px-1055_py-0118,0.7424932599283411,1.2007155517062444,2.1372809143459555,2.018677032339414,1.892425314981435,1.7669569554593707
-343.890254771496,-194.27645479974683,94.6391876011344,1.2176224877243338,42.02334632904126,3.048852184044222,19,D06_px-1055_py-0118,0.7873242909411658,3.048852184044222,2.4316259159111553,3.698328067502551,3.098858192361825,2.2420642317914314
-408.5812970868398,-172.64103293437125,98.98862619824628,1.2400689292996236,10.811279458041383,2.9343963969216427,19,D06_px-1055_py-0118,0.8018383368589992,2.9343963969216427,2.4385342948399336,3.104244490462441,2.5515855834519576,1.7218500298858164
-381.32060265710135,-77.78895032336173,102.23245544769613,1.1867264012012275,42.8035409895104,2.735850720671429,18,D06_px-1055_py-0118,0.7673466380480068,2.735850720671429,1.478370437137869,2.656838770303029,3.3540745475720968,2.2736508008009353
-379.8945180641372,-51.40661191698436,96.88251109148078,1.1999802837853113,48.29043310602509,2.669114262386921,18,D06_px-1055_py-0118,0.7759167029186333,2.669114262386921,2.5989853429895873,2.561508094218092,2.87213234142145,2.175098815269979
-448.65337403041866,-33.20723694180655,97.49521413767002,1.248980894439761,7.396946609877091,2.6084937565086643,18,D06_px-1055_py-0118,0.8076008837120592,2.6084937565086643,2.130551031068836,1.7178205481208544,2.9859231430006137,1.9751670834659891
-417.7523197609909,-23.92301365965986,95.85462936956084,1.231960469535492,27.26333551812587,2.5918166675953764,18,D06_px-1055_py-0118,0.7965953429107261,2.5918166675953764,2.3896076788444995,1.733012445339901,2.643444302802717,1.594716063329121
-377.7359975361448,-23.05935040776157,99.58550554008217,1.186121901077565,50.26468017329927,2.595583666813351,18,D06_px-1055_py-0118,0.766955763506813,2.595583666813351,1.9790053399411376,2.234179622550247,3.172914958311612,1.4147321901504522
-434.2573692656861,26.092839878311818,91.4737139303028,1.2579359453789527,18.440395863332867,2.474599157195001,17,D06_px-1055_py-0118,0.8133912901821452,2.474599157195001,2.780088966190081,2.560249101642116,2.3799278022898323,0.8539107459992644
443.6450612148916,27.20170365463393,96.97561336806923,1.2469538473274808,10.891960256689345,-0.5457420806236405,8,D06_px-1055_py-0118,0.8062901790835967,0.5457420806236405,2.2611020921481044,2.8857609274900984,2.5410856413073333,1.9431414696525589
393.1643007148965,30.240876871923074,96.85012558213003,1.2095199045206817,41.64461355171062,-0.530214039896631,8,D06_px-1055_py-0118,0.7820850968231845,0.530214039896631,2.717754906137314,2.577204470859551,2.422635005649754,1.458507689767048
405.5640977339282,74.7905499934804,96.39142903388488,1.2256066031949695,30.77837743755373,-0.4246171691814656,9,D06_px-1055_py-0118,0.7924868828898897,0.4246171691814656,1.7494159022149538,3.0875013896684393,2.511022498641795,1.8695879776162643
395.8666926921188,98.84999401916984,87.75136851277745,1.2512645310888049,36.28955162041177,-0.3622782936326741,9,D06_px-1055_py-0118,0.8090775011559732,0.3622782936326741,2.034629622897201,2.3589831690311183,2.334802711709038,1.528290021078206
-386.2255744017247,108.67067417440832,90.08335531053784,1.2382086226548945,39.72931265457072,2.2603383469014413,17,D06_px-1055_py-0118,0.8006354479301556,2.2603383469014413,2.334484127763188,1.3274483898754674,3.067758566459747,1.8945239055791485
392.1714676277749,111.11551555776975,98.10278065182013,1.2161747099159212,33.11872638656354,-0.3308818836317792,9,D06_px-1055_py-0118,0.7863881464070919,0.3308818836317792,1.2966920132602586,2.718376982341236,3.1745214975394793,2.8884493710556667
427.2802507254893,156.31330483711227,87.24064268499077,1.2839355154491048,7.310652014977848,-0.2562696200925332,9,D06_px-1055_py-0118,0.8302028169703167,0.2562696200925332,2.9176772199731036,1.9589102004620433,2.8753716075574367,2.2634501241626945
-318.715010746291,195.7330090395689,96.78586316205563,1.1919194421172086,53.973656447376925,1.9838673741659787,16,D06_px-1055_py-0118,0.7707044992063077,1.9838673741659787,2.119025735947175,1.899797249216515,2.870455416944753,2.130660136932044
404.9788358623244,198.32660415054087,94.10918416657611,1.2601189682666587,7.79938738523083,-0.1515889576293141,10,D06_px-1055_py-0118,0.8148028499755124,0.1515889576293141,1.6936434202741426,2.1061163128547937,2.1225152556398528,1.5581529890110484
-268.48610980623016,265.16159826660004,84.61281150475469,1.2386142968971892,56.18018971285272,1.755444664739641,15,D06_px-1055_py-0118,0.8008977600904416,1.755444664739641,1.9008940357094062,1.99304478842113,3.01070081548297,2.4850759525508663
-232.8630559211261,283.237898905912,93.40786497807004,1.19727949343315,59.65620670565679,1.6519165976973893,15,D06_px-1055_py-0118,0.7741703506046497,1.6519165976973893,1.843107921285796,2.3974923380494064,2.8100492711692397,0.8517009732170795
-339.7402036410254,295.08682859410675,97.9521738446297,1.2476548482151588,7.178774449432012,1.8194387323062495,16,D06_px-1055_py-0118,0.8067434517788733,1.8194387323062495,2.273510937862401,1.9368211672782083,1.6046359635127523,2.0773884911446285
234.1740609197632,326.7999132085457,101.6907731341244,1.1996918290009169,35.22975722007607,0.3420583015583439,11,D06_px-1055_py-0118,0.7757301857830831,0.3420583015583439,2.234634877347745,2.2188415336287,2.7077672811306,1.8117914972929823
-148.08325148552262,352.38916405643624,81.1023258386708,1.2552751763162493,54.286474250381616,1.3616372747506311,14,D06_px-1055_py-0118,0.8116708159491451,1.3616372747506311,1.6234563795104253,1.9267629713844352,2.7361814642522857,2.092675741321327
247.79557163827445,350.1236267866635,99.84108546492432,1.2269270992284145,19.4958200907613,0.3479168247135181,11,D06_px-1055_py-0118,0.7933407260257582,0.3479168247135181,2.006294262089866,1.7585213429804716,2.8294179640717476,1.9171133441909651
28.577950183861187,369.3962135122043,88.87612424388769,1.2172535353611715,58.94240719819646,0.8866066388118762,13,D06_px-1055_py-0118,0.78708572343716,0.8866066388118762,2.435667080553988,2.7769685672267928,3.019223271100164,2.3079145557388774
-46.260722045371246,370.9612323522608,89.61006799455055,1.2174924510826026,56.654880293128656,1.0878813215850065,13,D06_px-1055_py-0118,0.7872402082244129,1.0878813215850065,2.377759389194077,1.5102240689440551,2.7255699075384,1.1245010225792216
73.9250077389558,375.5146468116948,99.49231964654028,1.1903433505192134,47.71685123000492,0.7694392189911808,12,D06_px-1055_py-0118,0.7696853859652497,0.7694392189911808,1.8197079285353905,2.405514286200921,2.5718723910108006,1.9785353849534106
26.48968848304828,395.2873717991257,100.08213865106516,1.2001136363474392,39.3660961414995,0.8969030931764036,13,D06_px-1055_py-0118,0.7760029297356321,0.8969030931764036,2.843915215637944,1.5070961881584441,1.9357712286016793,2.44462841678508
143.90750267733307,412.2054808584113,98.930760123216,1.2353669295685938,15.102049280395818,0.6279297765561994,12,D06_px-1055_py-0118,0.7987979867984829,0.6279297765561994,3.215956957280767,2.121552798021738,2.6122881500817243,2.2270571915815576
148.22749086647133,-422.4026087750567,99.90301113306889,1.2400690934178509,7.995310450464331,-1.8402859597710368,4,D06_px-1055_py-0118,0.8018384429791375,1.8402859597710368,2.4244992476789395,1.9980282651120267,3.1323624225973656,1.9919086960350405
-74.997762991867,-425.4192770647074,87.39444650821386,1.269051924232801,21.57090604099477,-2.352274282755293,3,D06_px-1055_py-0118,0.8205789696619977,2.352274282755293,2.4682815302227934,2.248502176548298,3.4037441021955237,2.1913075403687126
39.01391875006731,-420.7422747461414,97.38706229135089,1.230048308133679,24.233547869335155,-2.0853138501667625,4,D06_px-1055_py-0118,0.7953589242875277,2.0853138501667625,3.2265991257624864,1.5890331854397846,2.379441549719913,1.9392121419387989
147.66955176271975,-399.5309461704949,88.17314767389922,1.2624829536564108,25.076828478861216,-1.823741402151494,4,D06_px-1055_py-0118,0.8163314215480204,1.823741402151494,2.71767486616635,1.9467267721348627,3.2871415066376035,1.750577402465182
63.313253535068704,-391.6276787007408,88.55647077643138,1.2399915331753542,42.99825991358847,-2.017495676230269,4,D06_px-1055_py-0118,0.8017882919154502,2.017495676230269,2.973802070708483,2.325629484073219,2.672649251358341,1.558731716510981
158.65966424349136,-371.2332899009329,97.83270309615396,1.2139420624938084,35.584495662926884,-1.77388654645869,5,D06_px-1055_py-0118,0.7849444989989187,1.77388654645869,2.0970622710342113,1.4624851994663715,2.5170822462659173,1.8217365630655395
238.6321545592006,-349.3807341929991,94.09135368007443,1.2411470349456415,24.979412168201463,-1.5785406593721114,5,D06_px-1055_py-0118,0.8025354484612143,1.5785406593721114,2.9065812161955176,1.8792586279118713,2.8748994809412314,2.2505533130522184
131.77542158717344,-345.6576467636683,100.1049562878052,1.176298899703944,55.18740607797184,-1.8135535873367084,5,D06_px-1055_py-0118,0.7606041334495739,1.8135535873367084,1.7986110339874595,2.3933007616305746,1.840441540078357,0.9781573172549638
152.40034620767662,-350.57033217990187,97.4883688995748,1.196899853657308,48.73196887353532,-1.767700187302307,5,D06_px-1055_py-0118,0.7739248725354276,1.767700187302307,1.968353162993653,2.2644910297785215,2.6797226109925347,2.694774268246423
-233.63381640822047,-347.9567587259456,99.54749157038223,1.2204584241100296,25.59994549997026,-2.7690792288558166,2,D06_px-1055_py-0118,0.7891580297448859,2.7690792288558166,2.6605308172882403,2.0275076475994727,2.90274298672964,1.8253509330549806
-307.6888113994804,-343.59543339161127,101.3500213399802,1.2447963549596586,0.8215074400457638,-2.9080977498712444,1,D06_px-1055_py-0118,0.8048951275254728,2.9080977498712444,2.5971915252049795,2.002250485027546,2.402768075930636,1.6148940557938705
147.89466122283923,-337.5433313193166,97.5245764850186,1.1841550077736585,57.01275650317888,-1.7648198477297274,5,D06_px-1055_py-0118,0.7656839548046354,1.7648198477297274,2.522349327090212,2.1543412155808266,2.83298613062606,2.062007881630862
282.9104906876457,-330.92392359103394,95.11831882206668,1.2465428501539555,17.094157723075625,-1.4704376267375423,6,D06_px-1055_py-0118,0.8060244250740519,1.4704376267375423,2.8821198680017845,2.384467076356047,3.0662872595557737,2.5722027487844192
224.47785739213504,-325.0987135030719,99.58545873691386,1.2008497869628374,40.21541480597273,-1.5734600701298391,5,D06_px-1055_py-0118,0.7764789305217029,1.5734600701298391,2.492383940383097,2.193078036564269,3.288280839678384,2.0470458579946347
-281.2332414421639,-323.9452703191298,98.3334138517358,1.2317652564280794,19.969634463187845,-2.892713289705518,1,D06_px-1055_py-0118,0.7964691165779131,2.892713289705518,2.345073939330712,2.426588825610072,2.6457245740109503,2.0687842246419654
-342.15087372775514,-305.4585755213062,93.15889613928422,1.2679332081296528,3.29661769151312,-3.0197715767287456,1,D06_px-1055_py-0118,0.8198555990183413,3.0197715767287456,2.1001186328976553,3.2188325658375945,2.9605778379425858,1.9006120117721024
300.7937381145119,-294.2787418258115,96.68342686833556,1.23102976477297,25.535884739851497,-1.3814298926986326,6,D06_px-1055_py-0118,0.7959935418807552,1.3814298926986326,2.607465593841961,2.6720852307757794,1.9333706145126763,1.6661548030962772
-340.5657267145914,-288.4735294374749,95.2305012261566,1.2536201262774176,10.305241983483768,-3.045797806939272,1,D06_px-1055_py-0118,0.8106006475583406,3.045797806939272,2.7333194591784036,2.7072762971169264,2.14279771307102,2.418242704340492
-333.3974294815464,-238.2714599994508,96.4378519822816,1.223423312588579,32.36050908333618,-3.128063681998198,1,D06_px-1055_py-0118,0.7910751499875124,3.128063681998198,2.7856238569723923,3.4917640144323046,2.4362348569038517,1.1885498385977267
317.5672613718005,-236.4165353699157,91.6024725750256,1.2288216071850306,42.487524691184376,-1.2469264366773776,6,D06_px-1055_py-0118,0.7945657297922483,1.2469264366773776,2.9168400026579864,2.469601092790933,2.2100823895508666,1.6737427303891297
-404.37103126442594,-159.42556917028966,87.34712967186513,1.2709580285871147,19.918547024940324,2.910157696786721,19,D06_px-1055_py-0118,0.8218114717505758,2.910157696786721,2.5993878710779663,2.745775957617634,2.489724431235509,1.6736569226408917
381.4448161053729,-157.92439764689232,101.75154371741532,1.208368998707856,28.6519248872404,-0.999510286522982,7,D06_px-1055_py-0118,0.7813409120597145,0.999510286522982,1.5909229845006472,2.1682133346851353,2.7038596470430463,1.0312492682317314
-378.3464072546645,-146.92241669896842,95.98475122740636,1.2218534753827546,34.9083785926569,2.9050169121724694,19,D06_px-1055_py-0118,0.7900600808856936,2.9050169121724694,2.557131765925103,2.2051939036171118,3.275401491464188,1.3192639451990495
-352.7734101581553,-140.37137368250066,101.6447783735077,1.1800997345082953,48.74243102791951,2.91331477901367,19,D06_px-1055_py-0118,0.7630617831706407,2.91331477901367,2.862682973187539,2.5888391544812603,1.9784601688530437,1.5653276197115669
-368.7587241277746,-109.94080512517746,96.6575595636453,1.2020286460057807,47.49794201093147,2.8243603284577623,19,D06_px-1055_py-0118,0.7772411900639355,2.8243603284577623,2.6431495164904133,2.0603903824607714,2.535987371133303,1.2569257109311514
381.2325942380866,-89.83280540483678,81.83475441791569,1.259787562690316,48.22679665298904,-0.8383958162731402,7,D06_px-1055_py-0118,0.8145885605195945,0.8383958162731402,3.251062792469366,1.8662312805079733,3.1028311520162837,2.2324575295755027
395.6785803794492,-84.41314498222368,95.99623531363476,1.2207912638869938,35.69195702018499,-0.8171662629396219,8,D06_px-1055_py-0118,0.789373246566222,0.8171662629396219,3.0218327220573213,2.5420512658359593,2.286702601758445,1.4681642283050196
415.0351036158636,-6.253091641843604,97.16648899639466,1.225118519699499,28.87705085875359,-0.6220448082590422,8,D06_px-1055_py-0118,0.7921712842574189,0.6220448082590422,1.749797045468765,2.0826841312145072,2.8394524250669653,2.3207992924485463
-371.1467740467401,-4.8157510474903535,98.84458699857174,1.181962957693691,54.91530409340805,2.5475877214371727,18,D06_px-1055_py-0118,0.7642665579576507,2.5475877214371727,2.423141128874641,2.7836274750492898,2.616892515819779,1.5639988356100627
-369.7364373995716,14.827937415546923,95.0280970917366,1.1945287433841818,57.03006581490297,2.494530527399448,18,D06_px-1055_py-0118,0.7723916939572121,2.494530527399448,2.0080130108125114,2.140425406196351,1.9203961153882576,1.8731653756281195
-391.8052685856245,41.84743904733199,80.7045570518971,1.2655426150385176,47.107739034202325,2.428209774488982,17,D06_px-1055_py-0118,0.8183098226965484,2.428209774488982,1.9587637159460272,0.9517221917517611,3.285057247687993,1.7133566593061864
423.8129826358745,46.6631983202104,90.1471727233021,1.256317600896162,24.20803509294609,-0.497317963691519,8,D06_px-1055_py-0118,0.8123448558929813,0.497317963691519,2.108176279589933,1.9073785077944745,2.608874931782374,2.639968077297711
419.449610913559,82.10386249796932,98.16164737763263,1.2311553743029018,20.99563302107424,-0.4136816343997163,9,D06_px-1055_py-0118,0.7960747619921493,0.4136816343997163,2.373612916970632,1.8443669946510401,2.3553155029966595,1.4646986816078218
-379.9532912213882,140.40106863430984,92.67611963976722,1.2323495245782137,36.51778859148345,2.180653782390643,17,D06_px-1055_py-0118,0.7968469089656701,2.180653782390643,2.981976830750372,2.5763746343169127,2.250800381144593,2.6691675815918643
398.5966247544793,143.50590333607923,101.11634201179194,1.2188773876691317,22.29776750415516,-0.2613992578409196,9,D06_px-1055_py-0118,0.7881357191294598,0.2613992578409196,2.167255164252235,2.667353726664525,2.393364836904743,2.33508206078419
-349.31140588509135,154.6654387134698,98.78953964885434,1.1921516630957754,48.40062515149549,2.11778592743942,16,D06_px-1055_py-0118,0.7708546551200947,2.11778592743942,3.004609427203449,2.383029830932665,2.929873351134307,1.9662720220904322
415.6863150428488,185.2899728331307,98.0349512272072,1.2507893870940472,3.999517395925011,-0.1876699438919375,9,D06_px-1055_py-0118,0.808770269306579,0.1876699438919375,1.334097619818676,2.420491895860526,1.6618881265694934,1.170349405220766
414.8353995637831,205.96583647210832,83.16762516216565,1.301259775378227,3.3179857585541868,-0.1461357238098725,10,D06_px-1055_py-0118,0.8414048198918204,0.1461357238098725,1.2546134947459036,2.006131760180195,2.998278085597974,2.9691894516340716
-388.0441852520324,223.2177073594764,97.161652640918,1.248527936305696,8.868303290840856,2.012600100955045,16,D06_px-1055_py-0118,0.8073079974149318,2.012600100955045,2.135404659375943,1.8226600595930453,2.7777301731926527,1.9354047739058495
338.3738004141128,247.3897386227896,100.859411185602,1.216253534192909,25.11808701625808,0.0243244050866046,10,D06_px-1055_py-0118,0.786439114805437,0.0243244050866046,2.60389150186818,1.3636265491676038,2.42290389637998,1.2053124593648654
322.6486501468788,270.688088447617,88.70589983419157,1.2574361267514729,27.87778133381039,0.0910679995795094,10,D06_px-1055_py-0118,0.8130681035208877,0.0910679995795094,3.6661364620421653,2.842356493035113,3.005756726941075,1.9857340455428019
262.6036254295524,279.2135426599891,91.48577825248064,1.2188846029003149,50.23154302456589,0.20906497848504,11,D06_px-1055_py-0118,0.7881403845547723,0.20906497848504,1.5848685368093962,2.062516349790198,3.114051728431743,1.923764231472755
349.1596122369229,289.5566441355588,88.31195579496287,1.2797770407067743,7.860371621697368,0.0853712764239085,10,D06_px-1055_py-0118,0.8275139144484677,0.0853712764239085,1.2954824694333524,2.6859938916289297,2.352533159033114,2.3005620469957497
363.53919597642937,295.0837908177758,97.54841586854997,1.2606240327381726,3.9536095635249353,0.074853335958043,10,D06_px-1055_py-0118,0.8151294286408404,0.074853335958043,1.1125387768019073,2.237637996746372,3.5748841555355657,2.3507174328481995
209.7685080445192,330.6433733894892,97.69095408182515,1.204313372020496,43.01860380180267,0.3984684569984135,11,D06_px-1055_py-0118,0.7787185119002729,0.3984684569984135,3.1724723078075807,0.9015006776139656,1.8473528844334093,2.048369634235751
220.88934900015164,340.17577305231447,86.53480481962183,1.2536452058685392,38.16515303201902,0.3879064873988701,11,D06_px-1055_py-0118,0.8106168642194946,0.3879064873988701,2.2678823270793806,2.542066466796835,2.727352211993292,1.2658187317337821
-232.00581036347464,355.22685455513493,84.57698754587975,1.2732213238079453,27.184740261394666,1.5423823041666114,15,D06_px-1055_py-0118,0.8232749362667916,1.5423823041666114,2.4212377374645464,2.359119087082318,2.5470207495261676,1.866149040889756
-165.55055767239386,359.149134310398,87.57490990486579,1.242442680613298,44.081209085650926,1.3957410949289135,14,D06_px-1055_py-0118,0.8033732231548347,1.3957410949289135,2.261583129620101,1.9392577335428527,0.9397041710368079,2.4029634866889156
-26.511990915209672,372.8244187163315,97.69338811334488,1.1884664996706118,53.789651119148914,1.034808489856294,13,D06_px-1055_py-0118,0.7684717994238749,1.034808489856294,2.6447137984145375,2.6870213621021435,1.7522529749944717,1.0841906275666406
221.0403655154865,374.3508439444942,91.17760582808428,1.2586811295036555,18.718383340207424,0.4304392225816816,11,D06_px-1055_py-0118,0.8138731321064832,0.4304392225816816,2.7169675119757746,1.8041409752855282,2.3984297062387,2.6771146149466114
167.9857572260985,396.6045609379293,88.27717103721815,1.2653478959223106,22.09203777706404,0.563166623397012,12,D06_px-1055_py-0118,0.8181839157823397,0.563166623397012,1.6326781760961697,2.2932134513224174,2.136295584537406,0.9585079681905156
21.435328767579623,390.8910531704167,84.34811071031183,1.2507168050426705,47.56747645701876,0.9090345706799872,13,D06_px-1055_py-0118,0.8087233371804797,0.9090345706799872,2.6386196242212745,1.7683837287293547,3.252016294458271,1.873013845095528
-139.538108889191,402.7063252828298,91.47277765991038,1.25187404816924,23.90505110018552,1.2973709919599157,14,D06_px-1055_py-0118,0.8094716197009314,1.2973709919599157,2.1429779379598783,1.4875336785428037,2.9722378979972355,2.5802726705937418
-5.702179532349087,-446.8606314077011,88.99323767140785,1.273512262178479,11.834404933819885,-2.1905356984183197,3,D06_px-1055_py-0118,0.8234630593087009,2.1905356984183197,1.452571209074143,1.9640940904963404,2.2141159345887065,2.606216137096273
-17.9120822615651,-438.0428056113345,90.3327882230982,1.2638214213018135,16.703256325421194,-2.2186442589592072,3,D06_px-1055_py-0118,0.817196885269731,2.2186442589592072,3.4290784336514437,2.801335569372907,3.643442343679985,2.2436713860645052
-111.28956926555492,-439.58627834710114,81.4731306563902,1.301111993170216,9.845034630860257,-2.425734773603817,3,D06_px-1055_py-0118,0.8413092627521412,2.425734773603817,2.633415447593457,1.4181383661639702,1.4937697684248006,2.9175873040058855
-4.140552844251907,-428.2988147267668,83.56439103919985,1.2792004129202976,24.96606464133191,-2.1874429968928326,3,D06_px-1055_py-0118,0.8271410623800295,2.1874429968928326,2.4381250811848276,2.3387162217680526,2.742511908649006,0.9964520488615818
-188.33072953519127,-420.85900917391575,94.88731627863967,1.2641728505520444,1.2823098639975683,-2.59854155950066,2,D06_px-1055_py-0118,0.8174241221908979,2.59854155950066,2.4949769718229606,2.3004825301578506,2.235617974322696,1.8233950509124845
-43.62185181787508,-418.31259631820257,94.99513819735014,1.236362073654316,26.23176031563372,-2.281680821287667,3,D06_px-1055_py-0118,0.7994414548023794,2.281680821287667,3.570905545881744,2.2548263030814573,2.871542495205775,1.6705350045085305
131.17555727327132,-422.14168241376814,88.72686149380914,1.271292061728638,14.922347644313447,-1.8764968273786533,4,D06_px-1055_py-0118,0.8220274602108351,1.8764968273786533,2.7691027068959975,1.961393898572751,1.9709087666955831,2.2466167890680877
170.02389276671116,-413.613741752635,74.81486922573265,1.3188830144252064,15.492768653671815,-1.7877635913914405,5,D06_px-1055_py-0118,0.8528001450657844,1.7877635913914405,2.985363431815153,2.053000679549502,2.651193395472886,1.2911261614163283
-112.71872110527153,-401.7525871717028,99.16941271649388,1.2202583027182936,26.85967495514126,-2.4513107315739973,3,D06_px-1055_py-0118,0.7890286296767702,2.4513107315739973,2.0235152442364983,1.9227146716611676,2.9072150189794375,1.2440077124365452
-155.56887962567973,-397.0213969729567,89.6642147551417,1.2579206951440696,24.33329886334104,-2.5512280542681736,2,D06_px-1055_py-0118,0.8133814292601541,2.5512280542681736,1.98971548414963,1.536292271742579,4.0572859205113225,1.3741999046701636
-142.07073568661957,-388.8337740951295,96.3509179576596,1.2269504978347512,29.829659781059263,-2.5280829390415875,2,D06_px-1055_py-0118,0.7933558557489103,2.5280829390415875,2.131551971229588,1.921537847159374,2.914152974272445,2.4593911841163845
161.83315431243105,-381.2427953305816,85.00853376255318,1.2649347578465076,33.33124869428383,-1.7763385983122446,5,D06_px-1055_py-0118,0.8179167774485198,1.7763385983122446,2.369941002292443,2.639348568737604,1.9424779039217779,1.3491772979505858
-204.80395494793203,-376.2606464855404,89.00343290634905,1.261423687113958,23.312859419527,-2.6762431754755904,2,D06_px-1055_py-0118,0.8156464914585531,2.6762431754755904,2.0833433007083006,1.9561558233584724,2.866121280743209,1.9668692984734923
236.3620749793429,-370.1892663830181,86.33753470584475,1.2771197805031824,17.38656856932215,-1.6095347616974114,5,D06_px-1055_py-0118,0.825795709071406,1.6095347616974114,1.9700311095840397,2.1338363903878257,3.1198469205034485,2.7925617223882035
107.56271111817988,-354.2244819603814,102.7110618242624,1.167361900188436,54.0125523961907,-1.882967488080816,4,D06_px-1055_py-0118,0.7548253991722206,1.882967488080816,1.7706600032744315,2.301492973449763,2.4027166857201334,2.1628286231586493
-204.9496785146724,-351.3385981923771,96.70276776615016,1.2201473414863415,34.128047429769595,-2.7058549002522674,2,D06_px-1055_py-0118,0.7889568812702243,2.7058549002522674,2.7712790135599272,2.122889550338411,3.4163542691011486,2.0476293570943365
-262.6110345231713,-342.7811010576789,90.19637138390922,1.2598688856266622,20.82837396639156,-2.831513418528444,1,D06_px-1055_py-0118,0.814641144570761,2.831513418528444,3.5564149293452916,2.2366528884758474,2.516648236942845,1.7552953613387836
168.0800107098411,-335.51131369838333,92.3654605579164,1.2088080990920549,54.823467830160496,-1.713355152794961,5,D06_px-1055_py-0118,0.7816248378266304,1.713355152794961,1.859192703873962,2.7120565787865436,3.150657993422783,0.9451553431841706
-295.0786521485902,-315.4033394733525,94.71210324966044,1.2454260763049332,19.35341768720025,-2.929893461413557,1,D06_px-1055_py-0118,0.8053023103072111,2.929893461413557,2.3533452339390237,2.3464166803737543,3.079931920119848,1.770058426391937
-294.5235951473889,-300.8538293035835,96.2474113252699,1.2326068100977785,25.549559254937265,-2.9525421179990365,1,D06_px-1055_py-0118,0.7970132718090825,2.9525421179990365,2.072453550910586,2.8193738469692518,3.04876524140375,2.4079953543823325
-300.4998342002397,-291.15428667821664,95.7132376447135,1.2324065605547658,27.3237406962972,-2.978968335062977,1,D06_px-1055_py-0118,0.796883788877342,2.978968335062977,2.6423369662009217,1.9506246617924043,2.522677811049605,2.016575718583944
267.5965763664067,-286.7275892746589,93.93992313237902,1.2177423696526366,43.95670041262133,-1.4268763223272112,6,D06_px-1055_py-0118,0.7874018075402344,1.4268763223272112,2.473141777945865,2.518420022864407,2.643667582648676,2.5426981500494397
-342.8216776018472,-169.36097070804036,96.2740020164579,1.2012395099381206,49.10619751990368,2.99346577868261,19,D06_px-1055_py-0118,0.776730928467102,2.99346577868261,2.3069138763893893,2.070384258095493,2.433491415802295,1.7518106115140175
-420.2837531874168,-125.5828233352248,77.84140607063085,1.3042779080660671,20.08968263846299,2.824973086914824,19,D06_px-1055_py-0118,0.8433563682595424,2.824973086914824,2.2318837936487848,2.3494625491957093,2.487604160607267,2.1785358492878273
-439.1731879857364,-87.64132808927876,94.33845936527648,1.257391743949173,9.64740506930724,2.731585408382593,18,D06_px-1055_py-0118,0.8130394052513477,2.731585408382593,2.5698528824259306,2.534283807850188,2.9751379062532948,2.348692587011844
-428.1330976189558,-62.12855501993606,98.2154165899084,1.2347713208490154,17.78405074313855,2.6787222205685963,18,D06_px-1055_py-0118,0.7984128615092014,2.6787222205685963,1.812612056489053,1.8845937887478308,3.2628477225192776,2.445855490804813
418.9472618989285,-65.064788180466,96.9568439031004,1.2324939427252686,23.5050461894972,-0.7610540905719326,8,D06_px-1055_py-0118,0.7969402908770387,0.7610540905719326,2.9686078435615926,1.9812703945828902,3.1336318598179864,2.115449176168879
-441.5436085011366,-18.44467364032819,88.49820564302001,1.2719397670552732,15.066795042701926,2.576362013302353,18,D06_px-1055_py-0118,0.8224462715765688,2.576362013302353,3.371892656041145,2.1513407108781264,3.237456750063392,1.6345463815408652
-402.580970130654,76.42339381439866,81.25470903710422,1.2746979813989492,37.17461629144975,2.347011784886552,17,D06_px-1055_py-0118,0.8242297546957554,2.347011784886552,3.186020282639034,1.9874050330612594,2.7683555602841228,2.8814569286410237
382.9121938814305,78.96612163939528,89.06736649157659,1.2336948274877413,46.35733993281093,-0.4036054867295552,9,D06_px-1055_py-0118,0.7977167924230005,0.4036054867295552,1.918679895035094,1.7272498788928494,3.1172908435530635,1.9107016612137842
-443.8538669922613,75.64921761069846,93.48443392982142,1.2616156993437757,8.410481636057852,2.3657980595016936,17,D06_px-1055_py-0118,0.8157706480787021,2.3657980595016936,3.337281888395425,2.0140786068511662,3.280176137120529,3.2520996578021215
-426.1093461405344,85.91469970886831,88.97741289016162,1.2657134677498665,19.420037273637035,2.335654642950824,17,D06_px-1055_py-0118,0.8184202974053963,2.335654642950824,1.85897706043683,2.0490619094105074,1.8971443053373118,2.410992169130324
390.5117360152352,131.10783932775522,101.95869701446443,1.2069599856972049,29.13203325063796,-0.2830704601006091,9,D06_px-1055_py-0118,0.7804298331491966,0.2830704601006091,2.477235452227077,2.1792804212752506,3.214535171081268,2.6075651886378637
408.5546508752516,160.015684747045,96.47965846565802,1.244596215943668,14.564437311121026,-0.2336809377569607,9,D06_px-1055_py-0118,0.8047657160613753,0.2336809377569607,1.9767088172260914,2.2242746305586794,2.6202844754109202,1.6086493863332356
386.439982296522,166.11024183196218,88.75764512584146,1.2568958036327902,28.189199016434088,-0.2010102237984762,9,D06_px-1055_py-0118,0.8127187263365921,0.2010102237984762,1.7322387640448142,1.3795773096526176,3.158485922869719,1.9536609393584663
-330.6996613269828,179.98864159948337,89.50811347461999,1.2201667468132174,55.05890882775907,2.03618273113114,16,D06_px-1055_py-0118,0.7889694289074247,2.03618273113114,3.2084579766071952,2.432335588179985,2.182647526719257,1.4612688173515964
-323.2468338449215,210.9685817645156,88.58147287324613,1.2314028668161985,49.56571241336201,1.956373907378155,16,D06_px-1055_py-0118,0.7962347926005761,1.956373907378155,2.721455493501127,1.3539311852800067,2.028969037570919,2.2460433923893053
338.6306751584173,229.9715042801936,97.38394497984548,1.2199312762978398,32.31240508008949,-0.0104035767815287,10,D06_px-1055_py-0118,0.7888171718175416,0.0104035767815287,2.182645460288077,2.286713814611164,2.671230841615707,2.9241341880459037
-325.90445409954305,279.7053014606511,95.58380380740893,1.240908569386686,20.57462926401649,1.8253528439819773,16,D06_px-1055_py-0118,0.8023812547525637,1.8253528439819773,3.633036033901453,1.5301794586652915,1.67581126054115,2.31316916135678
-287.45605483851097,307.00742852943466,84.72273709440626,1.270268804942478,29.44175423424645,1.716337701338201,15,D06_px-1055_py-0118,0.8213658143134109,1.716337701338201,2.7029021104813173,1.8085301083607617,3.0514569284772115,1.737626394508946
334.0792263961157,325.3789664789556,96.04537965842374,1.2639538247960955,2.334387200159938,0.1652263545014425,10,D06_px-1055_py-0118,0.8172824984119854,0.1652263545014425,1.89772728440087,2.2443253229009708,3.411482884311625,2.1809296756600385
-300.3875126192056,327.84693361107185,92.52028020326928,1.2609915055543357,12.1721015206557,1.7055338860889817,15,D06_px-1055_py-0118,0.8153670394581032,1.7055338860889817,2.811374859456983,2.8525400762579984,2.9780635919107605,2.3805205658828292
237.5428278429456,322.6112625627226,86.06193842973926,1.2516099201995918,41.381497077705205,0.3291331450767345,11,D06_px-1055_py-0118,0.8093008324754016,0.3291331450767345,1.716727494380063,1.4949823145871939,1.835944666959435,1.45749396637444
-254.1650409639696,332.1530267398883,86.12464441715815,1.263997273443453,30.471172391034884,1.616978075630187,15,D06_px-1055_py-0118,0.817310592649582,1.616978075630187,3.5404511577460003,2.0526995706096534,2.8593274999612657,2.3187041067371013
251.67086196594096,333.6644490676776,90.01681397587026,1.2508222681453809,29.460065903178872,0.3175927272522455,11,D06_px-1055_py-0118,0.808791530453353,0.3175927272522455,1.979140380740406,1.9940827619428099,2.511289803326809,1.81859785261223
316.5282547601289,342.46675071895106,96.778713747812,1.2617523159139403,2.5521510002149057,0.2177590104608663,11,D06_px-1055_py-0118,0.8158589854290058,0.2177590104608663,1.8681244587436656,2.393756954481317,3.084941400750586,1.7193919438891874
266.0195379601632,360.8580577065518,94.9783362219936,1.2557200350015192,9.152424328831389,0.3285671593078081,11,D06_px-1055_py-0118,0.8119584650788879,0.3285671593078081,2.5601688654663795,2.0969267654727766,2.2173848923591843,1.7514221090411481
-138.97011061307728,363.6488601679696,94.7976386175168,1.212350778304185,45.42580543457831,1.3288452521631124,14,D06_px-1055_py-0118,0.7839155621084521,1.3288452521631124,2.1512942442100433,2.424401667117195,3.351873599108351,2.320755109537583
118.1794519977199,366.52977604520646,93.41292923507262,1.2136302342579908,48.46016156079304,0.65191296408911,12,D06_px-1055_py-0118,0.7847428684055815,0.65191296408911,1.9819987951483404,1.8043283966864374,2.435053976993404,2.6495306512489423
136.9700990513704,370.2378509904462,97.73409010931286,1.206873353745346,41.06597392415847,0.609479415873104,12,D06_px-1055_py-0118,0.7803738162467841,0.609479415873104,2.6858951520829857,2.5011477202925883,2.199182720480849,2.0501318007316214
105.14136164248043,370.84170282837545,93.8383098626676,1.2124358429162356,48.09959538618375,0.6875461851312842,12,D06_px-1055_py-0118,0.7839705655565998,0.6875461851312842,2.3730081101990104,1.3988176264714374,2.024379133069633,2.440160313968592
235.41095937588605,368.68840875079616,92.86038384828636,1.2551265841915604,16.531538115181775,0.395561889243582,11,D06_px-1055_py-0118,0.8115747351109629,0.395561889243582,1.8237708804786994,1.845243976806823,3.3251725556063896,1.6281873280226535
147.85209727192768,372.8919673448978,99.43762083007675,1.2064518619752354,36.58878729809402,0.586330294304915,12,D06_px-1055_py-0118,0.7801012763484285,0.586330294304915,2.374155255620387,2.0646501389598795,2.7096351178560623,2.3714360395330476
162.56638630792727,377.2778821058124,99.0167993507026,1.2157033381056253,30.848975061403905,0.5569653579979251,12,D06_px-1055_py-0118,0.7860833536818814,0.5569653579979251,2.345289198450728,2.7893304462247315,1.8930028929135587,2.567872625190547
-203.06840560882256,376.3037012513312,95.25417043461218,1.2406258616746195,21.834791123590264,1.4586710377595953,14,D06_px-1055_py-0118,0.8021984537192465,1.4586710377595953,2.0106675844010304,1.2078125055864097,2.8488252150878504,2.1446910796729393
-220.11710709197123,379.834554131536,94.76682262029138,1.2501533412152703,14.965633706538028,1.4890322468697836,15,D06_px-1055_py-0118,0.808358997031664,1.4890322468697836,2.5154321332300382,2.198454301365797,3.1206962424124995,2.453436710252076
207.1040375129857,392.0417387511985,96.40422527549715,1.247991155216822,11.748273106216743,0.4778094994683034,11,D06_px-1055_py-0118,0.8069609105350086,0.4778094994683034,1.8529134428755336,2.527402664988403,1.801668962639234,1.978783327768538
114.7089371379363,398.70300435520113,94.071649112638,1.235154825899057,30.037314700996543,0.6836774268499145,12,D06_px-1055_py-0118,0.798660838895165,0.6836774268499145,2.235583651074184,1.7740627776492683,2.5750589426535733,1.5303758639817167
212.41851666023885,405.22237745399406,98.85264227949348,1.2498849792377498,2.255283426001313,0.4809953113490656,11,D06_px-1055_py-0118,0.8081854720632957,0.4809953113490656,3.00481216521963,1.0107592616428085,3.1442091318428926,2.4756753117218135
170.68170322554937,413.378822613249,87.75027600493661,1.2776345907829754,11.989232973534,0.5722444156376388,12,D06_px-1055_py-0118,0.8261285894531282,0.5722444156376388,2.5894524984435483,1.589039016579184,3.3187167677562983,1.463618568936603
-82.17976176574525,417.1739230803417,96.60955522294132,1.234513054735191,22.870657915466666,1.1583180034207323,14,D06_px-1055_py-0118,0.7982458646058173,1.1583180034207323,2.2132191638242142,1.7954444410793773,2.4720514025236193,2.446040474986118
-99.53872977690304,423.0259271840093,92.45277535903064,1.2544910989361444,18.42276266123963,1.194914669058821,14,D06_px-1055_py-0118,0.8111638253395287,1.194914669058821,2.9307217247505966,1.2782934179074101,2.742807739290598,1.7177681916525551
57.79306759447702,-416.7660439973242,97.31444023321193,1.228942259517514,25.356180025487674,-2.0399843046347628,4,D06_px-1055_py-0118,0.7946437445407277,2.0399843046347628,2.212069196816454,2.26339849700776,2.3188822352871945,1.914738369965364
119.0946077958137,-395.67514116610886,82.00863276180343,1.2744528907159935,34.816441263014724,-1.8854102506695765,4,D06_px-1055_py-0118,0.8240712771297448,1.8854102506695765,2.030093613000454,2.1249208708689475,2.5657949641696844,1.639058857080602
-189.9190670891625,-392.0817697277269,96.14023444492769,1.243501205456904,16.591499715136877,-2.628854727834608,2,D06_px-1055_py-0118,0.8040576736559858,2.628854727834608,2.8340102302875874,1.8511623336576295,2.493518414415451,2.265380639966711
-95.24019131036091,-391.8667138537834,96.3595864320423,1.2185249948648595,36.3654695046032,-2.4161954635994825,3,D06_px-1055_py-0118,0.7879078591666606,2.4161954635994825,2.737779834161314,2.6614013670756957,2.587237998741049,2.04347704202909
-19.08868589475909,-388.4889579818107,92.94265324474765,1.218511239007214,46.27882645867032,-2.2268720958757986,3,D06_px-1055_py-0118,0.7878989645207615,2.2268720958757986,2.995742062323099,1.5072347599149696,3.0096959621857216,1.804330921510672
92.41690067633252,-383.47642565565,86.94600755063001,1.2438573544800038,44.90689926420663,-1.9412878178984545,4,D06_px-1055_py-0118,0.8042879624194641,1.9412878178984545,2.785943032449047,2.315409551105308,2.268444588343452,2.143519226325191
-182.2718765672272,-365.0383236243905,98.18200946861576,1.2162357716311405,32.84391931453706,-2.64088138263836,2,D06_px-1055_py-0118,0.786427629393094,2.64088138263836,1.9806759456263405,2.0782240044398965,2.036751156628017,1.7469386883120301
123.52710231280324,-363.19420303696944,83.53999916577521,1.2475269846451085,52.665139455899066,-1.84993598475216,4,D06_px-1055_py-0118,0.806660774187385,1.84993598475216,2.9517397309876845,2.420025081839282,2.404614609889765,1.9306037272778371
-220.74359457376408,-343.93197747904713,96.64997604243194,1.2218471898015637,32.96761737045796,-2.7483815444855373,2,D06_px-1055_py-0118,0.7900560165793883,2.7483815444855373,2.528761744230918,1.9700561303763662,2.645626605476999,1.3862750936996122
-276.40850526725905,-338.8696726061125,96.00880970541922,1.245062470782,15.620239888814638,-2.8620036601762675,1,D06_px-1055_py-0118,0.8050672001122108,2.8620036601762675,3.063466126010852,2.307648941241,2.650471860087503,2.62717530560945
-235.6376985865122,-314.70022523882034,94.7266507801236,1.215811510521699,43.10891643505028,-2.820488510376985,1,D06_px-1055_py-0118,0.7861532988181147,2.820488510376985,2.6421629974116656,2.051301678614788,2.3170490844203,1.8291219891797867
-264.16566483008853,-305.2150234692754,94.55490536725075,1.224906912194176,36.74846620379611,-2.891203791303948,1,D06_px-1055_py-0118,0.7920344571777896,2.891203791303948,0.8363216691207771,2.7774191799298933,3.3869928790153656,0.9707514820730657
219.48924723527352,-308.5778504541748,86.21377709121629,1.2338866480923725,54.84214674986379,-1.5595108793603938,5,D06_px-1055_py-0118,0.7978408251367946,1.5595108793603938,3.255805197559181,2.839416866657326,2.37455606664179,2.0846066778944077
-284.8809389441794,-284.2059105451062,94.5232418842017,1.2240216140750344,37.524974041190205,-2.9643601820702945,1,D06_px-1055_py-0118,0.7914620164410656,2.9643601820702945,1.9853766715073144,3.6702703417729188,3.3527548941174024,1.8930044974798887
249.0186056315619,-284.23925489370515,83.64793621058027,1.2425694548917807,56.16187640887324,-1.4583299682396336,6,D06_px-1055_py-0118,0.8034551964018158,1.4583299682396336,2.138194656738179,1.5435160322150112,2.7194199592422486,1.6847181589925844
-347.88421280809337,-260.00746229149223,82.54933074313425,1.286313764154307,21.51903723904292,-3.1067393644825896,1,D06_px-1055_py-0118,0.831740611314937,3.1067393644825896,2.9782346783115194,3.1465117105420632,3.521949676144702,2.0364491828957068
348.94713496888505,-255.22585037438256,93.52701095145954,1.2495046756380197,19.477746269411853,-1.238481026771908,6,D06_px-1055_py-0118,0.8079395647603191,1.238481026771908,2.1755212901201775,2.1973533484254757,2.6321287117720997,1.7483170249251616
-347.55943270388804,-248.3286144928269,92.66249304923466,1.2486846702052596,22.936430722578905,-3.1281857747341166,1,D06_px-1055_py-0118,0.8074093427888752,3.1281857747341166,3.397491087931104,2.9886719019337744,2.7807353119243583,1.6480000151365495
-374.2721767987912,-217.30275447881232,93.14969388763744,1.251029748621861,19.314379419164936,3.0606464224547105,19,D06_px-1055_py-0118,0.8089256889636265,3.0606464224547105,2.4177990382165504,2.489992291397824,1.7549762233529602,1.6463414479082359
-367.1043790476059,-200.53855455377703,91.55084551973452,1.2460118605709352,28.744652606614864,3.034589033780476,19,D06_px-1055_py-0118,0.8056810830274296,3.034589033780476,1.734431767300769,3.024836900116447,3.2664337379733603,1.704908870984544
357.59826490016115,-193.17347184506065,77.10051085831151,1.2868400614719475,40.43792319321574,-1.1022652243528466,7,D06_px-1055_py-0118,0.832080919305807,1.1022652243528466,2.524567956803163,2.740522501981219,2.099473807737151,2.1132484989024096
-361.59167601278,-186.1580188953,94.2967661266525,1.228159237933853,34.97541132267742,3.010053732761254,19,D06_px-1055_py-0118,0.7941374366174078,3.010053732761254,2.994674256906989,2.574022200489418,3.315936250729817,1.3994806728498168
372.227692984884,-172.78605497252985,84.93309399841237,1.2625397388281383,35.704232429351975,-1.0415747213281494,7,D06_px-1055_py-0118,0.8163681392873173,1.0415747213281494,2.6585203394919317,2.5040656182415875,2.6610302998440645,2.0657025688125055
425.9717587766708,-64.05712230141542,87.56869416873047,1.2676826865323458,22.274888010755543,-0.7562399242671454,8,D06_px-1055_py-0118,0.8196936097803356,0.7562399242671454,1.7660979221214452,2.1571821757428697,3.2459337544466367,2.384036089095376
-450.2444653286161,-63.66153194073718,92.76080845216184,1.266693709731145,5.859924838067855,2.675075276309822,18,D06_px-1055_py-0118,0.819054129591186,2.675075276309822,2.963311958884976,1.6761784310087253,2.8388695747502393,2.1617838763895323
-423.4826486487297,-36.8523033397843,89.50915290002683,1.257512882592271,25.20319191292652,2.6214164382343785,18,D06_px-1055_py-0118,0.8131177344521009,2.6214164382343785,3.151050002059512,2.4595875329203727,2.7974799433750617,2.9825133039858196
-418.5778791522348,17.621505213970487,85.82580968338186,1.2654815803552129,30.12259965089544,2.49253945508699,18,D06_px-1055_py-0118,0.8182703571895951,2.49253945508699,2.352653135576851,1.6707232929268085,3.159951103550985,1.9766811952252232
436.5311689980474,72.14655632826906,84.05983371243721,1.286431479465988,16.016464802592054,-0.4431877389122939,9,D06_px-1055_py-0118,0.8318167269626329,0.4431877389122939,2.4688077898937286,2.840823355753736,2.7841590100521434,2.385114445963289
435.5263646779636,105.40751595570607,87.84477137168486,1.2778748982158346,11.42003874743864,-0.3695223524498193,9,D06_px-1055_py-0118,0.826283974131952,0.3695223524498193,1.6520374977346832,2.6204537345539505,2.4750928630977005,0.9448560421046721
-407.1992406270573,140.07092132149873,95.64728696680169,1.2415185260189672,19.851670749869584,2.2033058171039803,17,D06_px-1055_py-0118,0.8027756575152075,2.2033058171039803,2.5705850842104794,2.566345481303414,2.502071316273353,2.3101238009722955
-338.1315848123633,163.02487128037262,89.64386740141126,1.2187074602855843,55.70056765800268,2.0853598651219936,16,D06_px-1055_py-0118,0.7880258427448564,2.0853598651219936,2.9256274801303825,1.0896167007006725,2.4262252125213593,2.3501110585386717
-426.66340147181216,171.27361344458546,97.22457777795842,1.2562589100424564,1.3842692251712378,2.152878380540416,17,D06_px-1055_py-0118,0.8123069059247076,2.152878380540416,2.1942467381744066,1.58134661166397,2.120903684671554,2.2595171725965093
340.84176889444154,178.83477286491038,97.24269394923404,1.2000917131535551,47.21955444128315,-0.1237790184234907,10,D06_px-1055_py-0118,0.7759887540257927,0.1237790184234907,2.747074618718968,1.836127682833379,1.8472606754641716,1.8754845042524209
-387.6447642312488,182.7651489045577,89.88691559289302,1.2586708708057663,22.93090233360317,2.094044091250601,16,D06_px-1055_py-0118,0.8138664987516273,2.094044091250601,2.791602792081525,1.8673977843441325,2.413830114317978,2.1044813539809377
-397.5162064553255,207.92727322845263,78.82624681014241,1.3067814705947498,13.579457328075534,2.0526833254610555,16,D06_px-1055_py-0118,0.8449751915094365,2.0526833254610555,2.260737817558111,1.5725053061924839,1.976660661592264,2.22989258651426
386.98877850830775,231.7745688528004,93.9445973849448,1.2607270127014023,7.754642820505012,-0.067355954692741,10,D06_px-1055_py-0118,0.8151960162961673,0.067355954692741,3.061996440770279,1.1664227138407708,2.789691250160799,1.973517863196167
-362.0206918572309,241.4780767271855,94.02749095497865,1.249869362981309,17.566272749047528,1.9463601409650728,16,D06_px-1055_py-0118,0.8081753744688824,1.9463601409650728,2.2936058589453836,2.0854465234931268,2.715250346345816,1.2601791860024036
-337.58275468878634,259.7647180797174,94.96511384032834,1.2403779963122548,22.93806643070144,1.8787580691490733,16,D06_px-1055_py-0118,0.8020381820236757,1.8787580691490733,2.422727498317716,2.1529024909080787,3.255637351474582,1.4147930941308022
335.56068391418785,263.20765095212647,94.61290815405208,1.241886527223136,22.73506191828625,0.0581652227261814,10,D06_px-1055_py-0118,0.8030136099923166,0.0581652227261814,1.2608632205766543,2.516253268646344,2.934411067474553,3.194081546402806
350.3856413116338,270.39848069736183,96.21524264202957,1.2480423222873624,12.29760294802776,0.0502760654311227,10,D06_px-1055_py-0118,0.8069939955658282,0.0502760654311227,2.7063203596775995,2.7200807455400633,2.4705263862993925,2.0230063638063465
-256.1954082386802,276.77374053954736,93.98684136084842,1.2046885853132367,53.098964112208535,1.7106233897834624,15,D06_px-1055_py-0118,0.7789611277706573,1.7106233897834624,1.6000978979983256,2.455399844089608,2.816623520605651,2.607097434651241
382.5174038146177,278.70478888547353,96.8538198680978,1.2657853953305906,6.875784418951241,0.0226887692236501,10,D06_px-1055_py-0118,0.8184668063456169,0.0226887692236501,2.5481194332723582,1.9662115888821439,2.3564840374670273,2.116157541255485
322.8010729048947,286.1575088794091,99.29728370084383,1.2304443017833135,18.185386184647086,0.1183169546085347,10,D06_px-1055_py-0118,0.7956149769003522,0.1183169546085347,2.186570000349005,2.7691955077050876,2.5780984078432168,1.3089105840708615
236.5853261732372,314.263174178135,95.49261462776876,1.213361748162537,42.708114716515865,0.3185098275998589,11,D06_px-1055_py-0118,0.7845692631815799,0.3185098275998589,2.0572353185276437,1.5334353868002735,3.0232364822973494,2.3795895979484385
274.61182698713924,318.17802177061697,89.66501494905603,1.25366221411838,28.1130582411937,0.2517802287117059,11,D06_px-1055_py-0118,0.810627861887804,0.2517802287117059,1.9130229462092267,1.8093542756502896,3.0640438648791375,1.675869574490081
237.86470393624143,338.5971085929294,83.98102713533225,1.2681533374528382,33.87007590779285,0.3514144831108368,11,D06_px-1055_py-0118,0.8199979363725209,0.3514144831108368,3.007017873404493,1.1458697449601702,2.8960478542815427,2.066970433317456
-261.8792086577478,364.295771598566,88.48250062835325,1.276213559579925,10.889763337267311,1.5870914573930466,15,D06_px-1055_py-0118,0.8252097394847461,1.5870914573930466,2.6180474529207505,1.310954651017419,2.614224180940149,2.537526304345525
-175.94288526016825,382.225047054266,96.52295100561308,1.23152927372835,25.60750967462872,1.3952132520811933,14,D06_px-1055_py-0118,0.796316528305594,1.3952132520811933,2.4175735844712083,2.579176531283421,2.4321985500928927,2.6204873588132163
-27.214746658996773,386.99100313241945,83.6232176583625,1.2505880912024836,49.97450035296856,1.034025187219337,13,D06_px-1055_py-0118,0.8086401097976241,1.034025187219337,2.8661178026467624,1.5128133111958921,2.673760323482609,2.2700927083661795
-103.11521396668644,396.5284609881836,85.5617874480686,1.259933111961561,35.921050286166746,1.2182269335832403,14,D06_px-1055_py-0118,0.8146826738247734,1.2182269335832403,3.3215774981103294,2.138511752180804,3.325531413553875,1.2565204644232055
-8.430980214987077,415.3519588513405,93.62532844536652,1.2370498257219271,29.83928495621848,0.984112407866008,13,D06_px-1055_py-0118,0.799886160706249,0.984112407866008,2.506911186667417,3.0103975778274097,2.6185359875125367,1.8260243182006084
22.18316239416516,416.1720726152332,95.5521792126044,1.2316945250761655,28.39001653729184,0.9105643287407909,13,D06_px-1055_py-0118,0.7964233811286632,0.9105643287407909,2.5469594992828153,2.418951855668843,2.678990009539642,1.5510069852192876
-96.73326926395676,-448.32572631571423,88.11264532541199,1.2834150222312877,4.77719788284179,-2.390283677014204,3,D06_px-1055_py-0118,0.8298662619561075,2.390283677014204,2.88977694905498,2.3968717831559863,2.4309311741580126,1.3440665101017784
-129.95730634436217,-439.9211127615956,95.4788896438006,1.2608921108136486,2.564903412484909,-2.4650167823383144,3,D06_px-1055_py-0118,0.8153027700359106,2.4650167823383144,2.5710962548066494,2.007824122870879,2.687988287213897,2.0730517342551416
-212.5258295105446,-415.358779969486,87.93894364049041,1.288569388963513,0.1208072499478589,-2.650714300672864,2,D06_px-1055_py-0118,0.8331991160825818,2.650714300672864,2.351270689082627,1.3142295443658165,3.769925715055306,1.7393786251651795
-102.87327524416143,-410.1321341808325,94.18231666597774,1.2406616641111017,25.11054584991785,-2.423535160223464,3,D06_px-1055_py-0118,0.8022216038566671,2.423535160223464,1.8043679164614272,1.0666674065648518,2.9713614378702315,2.307085702632259
72.31018435641938,-407.7810170096549,88.30268599086267,1.2538283515209807,32.338259046603696,-2.0022741856702377,4,D06_px-1055_py-0118,0.8107352876408762,2.0022741856702377,2.0430594821089887,2.8454328471053754,1.3869350114180228,2.5748312274853107
-79.37072591052618,-395.22112223886535,94.71850816201402,1.2239228666017137,37.026567101718456,-2.3759656416672024,3,D06_px-1055_py-0118,0.7913981655470501,2.3759656416672024,2.0994965470851437,2.5464528927993455,2.8570334764337346,2.081329104308047
-61.08208266274792,-395.0202837897593,94.10474896283606,1.22329500754082,39.311855682010446,-2.331191057019811,3,D06_px-1055_py-0118,0.7909921869330604,2.331191057019811,1.8694898034509864,2.4010479574061225,2.5697532603569107,1.3035656010262704
207.0299635587372,-391.9743597749437,88.50836535065159,1.2727713517995247,14.21857231493027,-1.6918453163800398,5,D06_px-1055_py-0118,0.8229839808220254,1.6918453163800398,2.763136993574503,1.802236910632511,3.3128063976971185,1.4358505538963684
191.7561784571166,-394.3182863312133,92.65236060779064,1.2564843455605892,15.955405829057897,-1.7251498446458489,5,D06_px-1055_py-0118,0.8124526743063335,1.7251498446458489,2.2743603840592588,2.7189509242055605,2.714326304525426,2.119734459104164
-216.40130531375112,-384.111887738334,95.17247384184164,1.2501473191448995,13.684050074848642,-2.690834245875253,2,D06_px-1055_py-0118,0.8083551031135305,2.690834245875253,2.4133113314144703,3.009526291911471,3.191250011304162,3.4720264527575493
-114.7683808985505,-378.9898102018799,94.69255846001434,1.2182702636699805,41.38704389456001,-2.471824290178527,3,D06_px-1055_py-0118,0.7877431479697086,2.471824290178527,2.707990412014449,1.6121318083168676,2.685328436855198,1.7530348155879132
-265.7166386237313,-366.8908391302165,94.17209494916622,1.2612569843948764,6.497659856580924,-2.804585030250164,2,D06_px-1055_py-0118,0.8155387001673918,2.804585030250164,3.563552681078071,1.430977140355881,2.5956107521536493,1.89897023877211
262.5355812645764,-351.55999492434995,92.33741389460296,1.257683706634125,15.867926219634228,-1.5363431045638485,5,D06_px-1055_py-0118,0.8132281906230278,1.5363431045638485,2.46702969033464,2.021471945120928,3.6332811787685673,2.791979512055963
272.5845965533846,-318.8770260599855,86.91313953567729,1.262238236092737,29.448986546176968,-1.4704863108002142,6,D06_px-1055_py-0118,0.8161731852438763,1.4704863108002142,2.037597437084532,1.756260301864296,2.482780759282458,2.2367715258545173
289.0170055975939,-318.5696117817181,93.7568569365989,1.247242245924198,20.75372163819253,-1.4409787231874418,6,D06_px-1055_py-0118,0.8064766598877524,1.4409787231874418,3.1551917362667576,0.9616961415283862,2.8477792440825143,1.64479959703366
-325.6620263835003,-315.07175557534697,92.2899664867702,1.2671441707219064,6.98929495297574,-2.979700864986749,1,D06_px-1055_py-0118,0.8193454012157851,2.979700864986749,1.4479970934999455,2.241686178002886,2.3035304375523933,2.620449884781973
-331.48660178381044,-298.3800787880423,94.5163766808996,1.255630785141272,10.726643844119335,-3.015686858355471,1,D06_px-1055_py-0118,0.811900755416292,3.015686858355471,2.695760561944115,2.337735384430114,3.5753428593247447,2.1909599112063995
-367.4544215177357,-265.49122494513966,93.09016426388628,1.2647997015324717,6.62438640988978,-3.1228949484066013,1,D06_px-1055_py-0118,0.8178294489721181,3.1228949484066013,1.4560401906491696,2.7410487058295807,2.592674000396847,2.094089062696841
316.2780395127215,-256.02236541894,93.96744421782093,1.2294325017986825,34.95346645966913,-1.287477380769003,6,D06_px-1055_py-0118,0.7949607390610341,1.287477380769003,1.659202214852856,1.925271713361584,2.407638280669322,1.689122454684952
352.73047411530746,-209.68005744921803,94.01014255440003,1.231931333345773,32.83589111299847,-1.1433069558042006,7,D06_px-1055_py-0118,0.796576503220968,1.1433069558042006,2.573114661152735,0.9661175619791289,2.4655877952439917,1.9577123180091673
342.99251748309155,-182.07211051738025,73.6621442617409,1.2868462093626103,52.70544167392825,-1.0949890379399083,7,D06_px-1055_py-0118,0.8320848945803323,1.0949890379399083,3.508812009641802,2.0643040857712918,3.5437638021508064,1.601237083706108
-358.2818816834798,-167.49969321002817,97.42159897732014,1.2085587601332664,40.7270189872707,2.9719310429658146,19,D06_px-1055_py-0118,0.7814636132920055,2.9719310429658146,2.0461111648664723,3.0256854279111396,1.9781525549792687,1.7338202667629237
-393.3718705335319,-155.4797145792705,95.8518527415462,1.2353435392712844,24.47500120265204,2.911016838984588,19,D06_px-1055_py-0118,0.7987828624480133,2.911016838984588,1.7701461973879735,2.395201751255027,2.1047332353058112,1.6946528063419262
430.84699074255207,-155.89509390618156,92.55629966633428,1.269479317989269,3.7735451941096585,-0.9541577540641968,7,D06_px-1055_py-0118,0.8208553258312178,0.9541577540641968,2.8661448724771814,1.6057157429171252,2.8104279151718954,1.9293210474210452
-361.5963001337868,-150.21680430533738,98.10084712257132,1.202898544983674,42.87989433294132,2.928347346810262,19,D06_px-1055_py-0118,0.77780367359464,2.928347346810262,2.5789198732764618,2.57357535441695,2.93965461871385,2.639679095187754
-411.1247570952674,-140.75716698457154,90.59016002824109,1.2604410258473202,19.01306052428725,2.864475345142005,19,D06_px-1055_py-0118,0.8150110949437952,2.864475345142005,3.154555189394641,2.6513952616352974,2.960999307875469,1.556209388067261
-385.31243100875946,-134.2089242053954,93.3657644252497,1.2323022286377336,34.47846453062209,2.8697833196023588,19,D06_px-1055_py-0118,0.796816327038038,2.8697833196023588,1.9805550870448387,3.3713106410520837,3.1905365454015877,1.6758132542473434
442.5043454636291,-122.6613106025209,96.9163264888605,1.2568300914025134,1.8296307184285183,-0.8773880365338109,7,D06_px-1055_py-0118,0.812676236290925,0.8773880365338109,2.4989591900019916,2.1189206865017276,2.884160496930348,1.4767304197009188
-401.6561462489271,-111.85727539247556,91.18168765426223,1.246243927035906,29.7044247032224,2.8062211816110985,18,D06_px-1055_py-0118,0.8058311390315084,2.8062211816110985,3.5852619753731703,2.322616442291443,2.3728400872173507,2.091858030879975
-460.6746045425813,-51.1182390225865,96.27913327461371,1.2614827292191602,0.6425414743978877,2.64512489957809,18,D06_px-1055_py-0118,0.815684668548811,2.64512489957809,2.3645424767623338,2.2629339746303123,2.48707580483566,1.190665502179891
-398.2156711083407,-16.267572439642034,96.11345006840595,1.2155247366945108,39.33275136338091,2.575441580972881,18,D06_px-1055_py-0118,0.7859678686027338,2.575441580972881,3.2386352904990456,1.4236889495798573,2.7788446125075357,2.71202524590742
-451.16624442924,-11.299467331646245,84.61430115037055,1.2899771582381685,10.334517005397288,2.5596529065765368,18,D06_px-1055_py-0118,0.8341093907836087,2.5596529065765368,2.2071466990549045,2.4418955011488594,2.6008115287117812,1.035449692764101
-456.83097588137554,13.155926760751544,92.51335319302154,1.268889787261654,4.508405418289499,2.5058228418527686,18,D06_px-1055_py-0118,0.8204741306194121,2.5058228418527686,3.0830735890187837,2.48152175896987,2.1594055212176526,2.232841186334304
-446.9437225619632,34.01709530378193,95.02470410624623,1.2555255380734502,9.185666238045428,2.4586491106957915,17,D06_px-1055_py-0118,0.8118327018332794,2.4586491106957915,2.4721499453347655,2.1625408811176037,3.1175339452715596,1.8818552482744364
425.11141897637134,31.10191274996501,86.57600123674982,1.2679297077191956,25.37129088236975,-0.5339478597169278,8,D06_px-1055_py-0118,0.8198533356253693,0.5339478597169278,1.8832583043655757,2.2722019577960046,2.7386988507228756,2.3781666474878524
439.4423587980532,39.024900721286535,92.80459251380232,1.2578042975417645,14.238952449460726,-0.5184063804994937,8,D06_px-1055_py-0118,0.8133061656537194,0.5184063804994937,2.0758067341411808,1.632390906404255,3.0170622312093505,1.3083452520779357
-421.609425556406,34.969940202227704,87.93483683470927,1.2612948270190265,26.9390422180116,2.451858625942698,17,D06_px-1055_py-0118,0.8155631695062278,2.451858625942698,2.8252087555959395,2.383138639485262,3.157208417704987,2.0942126723582692
-441.4483905440773,56.39206705879045,89.87877138502037,1.2695471338006818,12.72943130799149,2.407557965958416,17,D06_px-1055_py-0118,0.8208991760690161,2.407557965958416,2.9168641935401087,1.4578466954808542,2.97053166006014,1.026976925512325
-393.313282135101,90.34912427700245,90.71096620049931,1.2378563125312927,38.09008931810064,2.308817451371151,17,D06_px-1055_py-0118,0.8004076414293291,2.308817451371151,1.9860002006148094,1.4570399648666383,2.4492468301957997,2.2715342622916266
408.0523261854751,106.396911359612,90.98108922133396,1.250314526247542,26.83691662743104,-0.3519153619733373,9,D06_px-1055_py-0118,0.808463220543075,0.3519153619733373,2.3399934638580113,2.783386728769261,1.5636207266069442,1.7004791563303647
446.3667880312622,118.22670604619432,93.5618796953696,1.2686182532273655,1.2561669534857742,-0.3480604355895191,9,D06_px-1055_py-0118,0.8202985545741536,0.3480604355895191,2.485095913735355,1.9199089706696157,3.2600644569048294,0.7609440859146827
-434.6806166160493,128.13497274908732,93.26891923374352,1.2641483921108152,6.667926306565107,2.2479525513210925,17,D06_px-1055_py-0118,0.8174083071701567,2.2479525513210925,2.736446490578672,1.72707812757176,2.732969819241956,1.783072954475244
-425.56254233483713,139.75155383256762,93.79920347534052,1.2591272272324048,9.758053565853118,2.217315874796176,17,D06_px-1055_py-0118,0.8141615824114987,2.217315874796176,2.036338688540553,0.6358808440001398,1.685567811444567,1.876999916095734
-429.8875760252435,152.20020027486595,92.88020832068445,1.2671493387232984,5.010166636484598,2.1943379430172847,17,D06_px-1055_py-0118,0.81934874288619,2.1943379430172847,1.985171802349782,2.3077732330774934,3.9613604352828338,1.8749121357771996
364.64040693730914,171.4754726521598,96.252098290963,1.2186236133879782,36.6021409256727,-0.1674064383478717,9,D06_px-1055_py-0118,0.7879716266804597,0.1674064383478717,1.991968444147222,1.9664842265659983,2.2752000752890282,1.0188498011025535
425.2075778785944,176.41165348800752,81.1890659948069,1.305846567305875,5.597208841798874,-0.2137086670807377,9,D06_px-1055_py-0118,0.8443706756792569,0.2137086670807377,1.7878109967303348,3.2243313519039942,2.649859481845292,2.185554257683469
399.44323417959856,177.56045182692813,94.821006207486,1.248698930021361,16.105200067497776,-0.1886922254413006,9,D06_px-1055_py-0118,0.8074185632982811,0.1886922254413006,2.9700204601143785,1.594860213276405,2.2971170125944784,0.8734002650025565
-310.3858916813401,212.40079275768903,85.74123442695881,1.2334737568368808,56.57698240409928,1.9344937892668732,16,D06_px-1055_py-0118,0.7975738463989319,1.9344937892668732,2.3011623835044186,0.7596500905437262,2.523517657763085,2.219475159761811
349.2650054851807,222.26690509431828,89.60048507363061,1.2493721829793596,32.024533132928696,-0.0402353234084623,10,D06_px-1055_py-0118,0.8078538939636756,0.0402353234084623,1.625693324391877,2.440600955150516,2.3475773032609744,2.073899463411243
367.5444517664148,222.27300605769,87.00521795691554,1.268703396630546,23.20806237146741,-0.0630737086612907,10,D06_px-1055_py-0118,0.8203536089692663,0.0630737086612907,2.882574834856268,1.0703927213436009,3.440967078319815,2.3180480101973493
-370.3974417492465,227.89146685360103,89.86520093229225,1.2629935941227008,19.025167636977187,1.983047087456772,16,D06_px-1055_py-0118,0.8166616056954888,1.983047087456772,2.131167475725784,1.6797883252015453,3.2679790506970603,2.977947812831651
413.233817866582,230.3687075527104,95.12124688515384,1.2708143054819676,6.252121378317781,-0.0984132898149544,10,D06_px-1055_py-0118,0.8217185392587791,0.0984132898149544,2.1191862201942273,1.4315101925769236,2.73701833552981,1.753298640127636
-335.9486757138673,237.47525466717173,86.49059907578626,1.2579829366623034,34.59000214515163,1.919284904950124,16,D06_px-1055_py-0118,0.8134216751160779,1.919284904950124,2.043151273402882,1.6857080439587913,2.0013305896233904,1.8284375850995405
-291.3530855379792,241.2285392216069,87.5524488951771,1.2286999089616055,54.6538248762688,1.8430547135638864,16,D06_px-1055_py-0118,0.794487038762448,1.8430547135638864,2.328562639591737,2.0766340811964876,2.4526688705624418,1.4409646159520806
-322.7125000920259,251.6900781000901,85.43504314509559,1.2600380205945825,36.24417406123467,1.872236289291175,16,D06_px-1055_py-0118,0.8147505085731785,1.872236289291175,2.8745823305464997,3.0909904337628573,2.471611759307581,2.059851524853758
360.5895083819804,257.67714086592025,97.0947199777419,1.2457097185997414,11.64420630430078,0.0134778076811009,10,D06_px-1055_py-0118,0.8054857156490903,0.0134778076811009,1.8290337854627907,1.6777742865742167,3.1078858380647567,2.0061165236130725
-267.0716084402396,290.5474490773024,95.798596652591,1.213380588316423,41.81974759666713,1.7071396645634902,15,D06_px-1055_py-0118,0.7845814453734736,1.7071396645634902,2.4617511113189647,1.7472091015036024,2.9949798249050006,1.8557216259956062
-244.84744980261937,314.4453531482834,93.15383704629288,1.2255899871253553,40.359150952936034,1.6254122544999658,15,D06_px-1055_py-0118,0.7924761388084037,1.6254122544999658,2.973811546074066,2.0491778448432036,2.8325692595584964,2.3164766703895503
-197.85984724470435,333.20756960581247,94.31827961386053,1.2125164826931991,46.67323155973054,1.4996676453288655,15,D06_px-1055_py-0118,0.7840227078715287,1.4996676453288655,2.02588168450121,0.9410151206344852,2.2125095384971885,1.5177032042604484
-166.80900270558598,343.7340381414277,86.15484498752858,1.2368731384239005,52.77794898401203,1.415623327827042,14,D06_px-1055_py-0118,0.7997719133077,1.415623327827042,1.9407496833328528,2.2623651317706903,2.080248388395459,2.519173432424095
-182.43241412559743,353.26540656765195,89.76347897785271,1.236496208075024,42.0649226007954,1.4405119216776554,14,D06_px-1055_py-0118,0.7995281871752942,1.4405119216776554,1.6869328975271283,1.8385431049024854,3.2171775392011233,2.420189512848977
192.31686123574124,369.821268852146,94.2349841901777,1.2360810540992038,28.77962651800453,0.4842766411348028,11,D06_px-1055_py-0118,0.7992597453446453,0.4842766411348028,1.7348587148574786,2.3418350165898287,3.578141538418534,2.5537519472271186
209.65276641097208,374.0954381901088,95.27205043303113,1.2414542095963783,21.06754446554197,0.4530043210628537,11,D06_px-1055_py-0118,0.8027340700097851,0.4530043210628537,3.1682886307624676,2.018294374074616,3.6230282374487155,1.3588300738951657
-169.20439500984224,397.3748455597717,96.2210463193424,1.240597049274243,18.877436030029628,1.3663695107152645,14,D06_px-1055_py-0118,0.8021798233942276,1.3663695107152645,2.440983802313265,2.291973192532307,2.904507878934143,2.70286773031689
-116.84441810708527,397.02384336067234,81.68031331475873,1.276009178825009,34.50743508351928,1.2500367605115734,14,D06_px-1055_py-0118,0.82507758527885,1.2500367605115734,2.091311178436079,1.1185342383803254,2.6797006036845055,2.451194333317314
-6.475722754604388,-459.629086910596,79.11947043107565,1.311936667230985,6.557344536527069,-2.1918639451143083,3,D06_px-1055_py-0118,0.8483085822583801,2.1918639451143083,2.3633503124272246,0.8401091573857626,2.5023594294682594,1.503017264495611
8.864281454672646,-449.0494154019757,86.52942642071409,1.2826496048235771,11.15134164484789,-2.1580383196554718,3,D06_px-1055_py-0118,0.829371337031613,2.1580383196554718,2.8551340889632053,2.310287971858972,2.9172603198604516,2.288660395060791
8.052754974921841,-434.87204001256765,94.66299339890722,1.2476948150874845,17.501281704350163,-2.159260447205029,3,D06_px-1055_py-0118,0.8067692946733108,2.159260447205029,2.684365098134063,2.5487710125369665,2.397921511390771,2.3974416839647423
13.570239322093322,-408.687000015995,94.2557857533497,1.2300106722025492,33.633168804597176,-2.1445835736145678,4,D06_px-1055_py-0118,0.7953345885980267,2.1445835736145678,2.6910705506608688,1.4705025809775363,2.616164364554691,2.7283477224934356
-226.727597551042,-404.9187581540759,77.97895619256789,1.317824679068209,4.079670087686111,-2.688213592629208,2,D06_px-1055_py-0118,0.852115817088167,2.688213592629208,2.540007423201737,1.973281806368473,3.4725528724435835,1.9678194994199467
77.64413948640953,-396.4447589810792,94.2234947900325,1.2262762073913085,36.66571028867122,-1.984372796411544,4,D06_px-1055_py-0118,0.7929198542372562,1.984372796411544,2.1705295236504436,2.535264263597533,1.8181388510336587,2.3718308921929747
-235.57722989671748,-377.89231099196894,92.67004882092706,1.2609492875171373,11.720934557105863,-2.7352221901034164,2,D06_px-1055_py-0118,0.8153397409427281,2.7352221901034164,2.3255529770653416,2.345141095035833,2.4407683766724304,2.037811506801824
146.0901612513412,-379.0275430054085,90.42679265142846,1.2408357507258467,36.55378755105289,-1.8098889606804576,5,D06_px-1055_py-0118,0.8023341696329224,1.8098889606804576,2.071001900335331,1.78719116085536,2.5980620990378567,1.5480923551260877
-194.60203474470435,-370.2163308571505,94.56110368793458,1.2360560792646804,27.8075426362488,-2.661727665254088,2,D06_px-1055_py-0118,0.7992435964199328,2.661727665254088,2.365429085680596,1.767855872203056,3.079087790814812,2.846072637263466
202.3336602011441,-368.46934584674045,81.92344174640306,1.2795012397615106,30.388178600858566,-1.675608995864371,5,D06_px-1055_py-0118,0.8273355793849649,1.675608995864371,2.3241156584518095,2.0173525896705584,4.1101135470239365,2.7058211923861055
168.947426853635,-364.2614925698492,91.82908494598294,1.232483821378378,38.96335979211898,-1.7434986406871769,5,D06_px-1055_py-0118,0.7969337463344203,1.7434986406871769,1.8934213258242698,1.226144549847855,2.132984648294478,2.614515342049769
-254.25841907452065,-356.115386749209,91.35465979166436,1.2600075524606384,16.91348801354559,-2.797821311707544,2,D06_px-1055_py-0118,0.8147308076377937,2.797821311707544,1.9496077959890976,2.5921217042525977,1.6495220078076445,1.6021513648648087
183.11775072683344,-342.9965090015225,87.18940234821338,1.2385927690873964,48.29580317733996,-1.687395803876397,5,D06_px-1055_py-0118,0.8008838400390698,1.687395803876397,2.5701788672925794,1.7665113227194582,3.5809096345435543,2.2885954210380683
-289.71868672276935,-328.35162239869203,87.49069564402109,1.272580590513282,17.86928131227262,-2.9007495046294287,1,D06_px-1055_py-0118,0.8228606330718449,2.9007495046294287,2.6820506702633766,1.954630774186433,2.685550452205754,1.8774284925561133
254.5879405028205,-323.60206838923705,93.528954118811,1.234597123170433,32.138171560862304,-1.5111779922306978,5,D06_px-1055_py-0118,0.7983002239181942,1.5111779922306978,1.9835652986964685,1.7830274186860715,2.673345805341034,1.8282454800894392
254.3826643145217,-311.2857537718869,83.84338451550681,1.2603090335145208,41.217819597824416,-1.4926348529714284,5,D06_px-1055_py-0118,0.8149257476617939,1.4926348529714284,2.178553013451479,2.288623417282967,2.588904165756097,1.7042147194846553
-367.3487785180168,-280.6370950329194,93.13104244324327,1.2702461288064069,1.0606500843896356,-3.096200981825284,1,D06_px-1055_py-0118,0.8213511517452229,3.096200981825284,3.274751138549946,2.969544860915708,2.3413922577865276,1.850232996652823
322.7207772796487,-279.77390632645546,86.0999434266459,1.270067525548535,24.97818147779691,-1.3212163154763137,6,D06_px-1055_py-0118,0.8212356654719474,1.3212163154763137,2.712538805728193,1.5305714659749943,3.8173530064599994,2.0224910018674134
262.0372756919304,-269.5369475001513,91.46394987477645,1.2126208731243175,54.74028222453785,-1.4064851781443537,6,D06_px-1055_py-0118,0.7840902075465018,1.4064851781443537,2.7681319308552146,2.6042335702541193,1.8933993894096817,2.539953146699953
-334.41422152691354,-259.4732402579378,84.65406278884481,1.272298552505341,27.78787229735383,-3.0886977563698115,1,D06_px-1055_py-0118,0.8226782650744899,3.0886977563698115,1.4627068344608232,2.583080778498252,3.0227865768103017,1.8534096668953177
-313.2372707755328,-253.94249361673087,95.34054398444492,1.2219285495128729,36.73499950362833,-3.067338821441176,1,D06_px-1055_py-0118,0.7901086244095356,3.067338821441176,3.542378536916013,2.784461385010767,2.8341580557542025,2.398933624430166
-355.7934585115205,-237.65105411740623,93.80884856004884,1.245473709494201,22.137652497128443,3.123501354709666,19,D06_px-1055_py-0118,0.8053331103025657,3.123501354709666,2.9910347801422272,2.606923846159276,2.8926674335965554,1.1454091549685361
-345.3960327384627,-223.85358245058524,93.93874745826533,1.2331184699395137,32.095435845976226,3.1096564268947837,19,D06_px-1055_py-0118,0.7973441150927427,3.1096564268947837,1.791562098079107,1.9628717466053143,1.7203410244020696,1.1910796935914738
319.23478465581815,-209.54194808805525,88.85979317428945,1.2270107021721737,52.00691695953253,-1.1878324830533151,6,D06_px-1055_py-0118,0.7933947843476761,1.1878324830533151,2.296440298271518,1.9848861805784166,1.8991708037538562,0.9298295308329981
-330.2472488132738,-196.8819937597508,87.0658565645445,1.235560980321626,50.99912956759323,3.072208316300789,19,D06_px-1055_py-0118,0.7989234615437986,3.072208316300789,1.6783292869340654,2.5543313268143057,2.5754982998080354,2.408218889270243
-383.29426660590303,-191.8926620582254,89.54987464540625,1.2598191788377202,22.98677886082561,2.9987730595014472,19,D06_px-1055_py-0118,0.8146090037695247,2.9987730595014472,2.8206396614127742,3.5833559559095027,3.8072025018304254,1.7467839442467308
-403.4723494910588,-190.71824132815755,86.47669317413983,1.2810715890273674,12.94808790949179,2.9761768349418536,19,D06_px-1055_py-0118,0.8283509795888339,2.9761768349418536,4.331953517835249,2.617923491707776,2.3004397193348036,1.6564713541107317
-411.85702595515136,-176.9224569198028,83.30201737126885,1.2923200914470645,12.607246503945248,2.940350343673844,19,D06_px-1055_py-0118,0.8356243498501615,2.940350343673844,2.480205129349824,3.0249383876957356,3.865240297069648,1.2681261581869423
-383.83316285499353,-164.11219298945764,84.71008428209635,1.2681919176868195,31.3888142827293,2.93865118267465,19,D06_px-1055_py-0118,0.8200228826556833,2.93865118267465,2.304469878720866,2.633056181412407,2.2947271895172086,2.8490833743464137
368.00922763153335,-161.12236541894003,96.81348382178128,1.2157558326816928,37.14678703288212,-1.0196598212224202,7,D06_px-1055_py-0118,0.7861172970882306,1.0196598212224202,2.8799655446926344,1.64275816663067,1.7757964837414026,2.384788954072317
-432.84618523014126,-128.7077004184594,85.66761820609355,1.2868257492291613,9.873107365022465,2.823638837138007,19,D06_px-1055_py-0118,0.8320716648968937,2.823638837138007,2.967276226854941,2.47580070784234,2.4191147317235395,1.7013313589150407
-411.9253402456866,-85.33140080184965,93.93309420128682,1.2398982735932789,26.52334682017801,2.738876616287288,18,D06_px-1055_py-0118,0.8017279895351385,2.738876616287288,2.538633027168096,2.1513309807826744,2.558108630634639,2.565812249046661
410.1080151252003,-48.18493229141215,92.8272155418744,1.237824248733472,31.641206484766315,-0.7239365856789456,8,D06_px-1055_py-0118,0.8003869087251138,0.7239365856789456,2.3880638784323427,2.326278610094847,2.8162042139537364,1.5355207344484243
-409.0817994133409,-36.199481760797966,81.40091073458655,1.2748151325629742,36.56639332338682,2.622872823582316,18,D06_px-1055_py-0118,0.8243055055611335,2.622872823582316,2.581430569251702,3.2078262147949257,3.609584972301869,2.1406621298391926
-379.299731595098,-36.66538561072291,85.00093217291561,1.24021989033605,53.77083341615776,2.6309797002758364,18,D06_px-1055_py-0118,0.8019359494541691,2.6309797002758364,1.7514264333630662,2.3647269585978634,2.726383784125755,1.7210685085202113
433.6221215377464,-35.97494759304525,78.6716642192603,1.2994890986938354,22.08312948077827,-0.6897537874450729,8,D06_px-1055_py-0118,0.840259886401285,0.6897537874450729,2.405545593874622,1.7074577658851422,2.8870223013296323,1.697839775200154
394.846508363332,-34.15632491920081,93.92523643929955,1.2211707319612346,41.44651112683636,-0.6932700409158703,8,D06_px-1055_py-0118,0.7896186136118363,0.6932700409158703,2.2334931805561196,1.5139081198049964,3.427096230029795,2.395600344388395
-450.5946791490365,-26.448200926678545,95.72609775465476,1.2554114615659313,7.031586218502071,2.5932420653897177,18,D06_px-1055_py-0118,0.8117589390650151,2.5932420653897177,3.299823012431209,2.149703051007117,3.29897114943745,0.999208196959495
-402.6911187390813,106.9755048591009,82.32312165372394,1.2757025925342196,32.580747682289825,2.27495872713458,17,D06_px-1055_py-0118,0.8248793441684553,2.27495872713458,2.6049225529281554,1.6864014817828603,2.987386720178082,1.8016777548754666
-397.0568511716537,167.8875528098246,93.92920173725189,1.247357534229899,20.11004598722212,2.134581909198153,16,D06_px-1055_py-0118,0.8065512062142657,2.134581909198153,4.310003026158514,2.1659480039309154,2.962453328730705,2.3679442774791415
-353.3620578345448,183.0726973870887,92.1718664106699,1.228506596533623,41.03261241971575,2.0565999212253825,16,D06_px-1055_py-0118,0.7943620414239249,2.0565999212253825,2.209132123458766,2.4368090891484933,2.5603991062948004,2.1906586393779564
352.94469244785626,191.76736022029056,90.9440276698169,1.235615305280936,39.167955864252576,-0.1092674598332527,10,D06_px-1055_py-0118,0.7989585884903688,0.1092674598332527,2.033309384154192,1.0491259773420767,3.2780301337976887,2.339026390638849
-401.18008498393874,199.76651846944884,94.11295166330224,1.2583102319975052,9.511125229774391,2.072609063995729,16,D06_px-1055_py-0118,0.8136333068577006,2.072609063995729,2.509507022722482,2.527208267389158,2.7598628837186627,2.2607991765549516
-390.414651050822,235.5479739876453,92.78490775412568,1.2673997707410254,5.080670105195395,1.9917503740742768,16,D06_px-1055_py-0118,0.8195106742013337,1.9917503740742768,1.7368710232711746,1.4927564168612508,2.5076263940938563,2.4699929773592704
364.343909874306,237.0747202833458,98.13028128314564,1.236521444071495,16.543052774720536,-0.030119823848157,10,D06_px-1055_py-0118,0.799544504969379,0.030119823848157,1.6367683201161585,1.8644624126800389,3.0859915487321565,1.9044829846090257
-304.5585037854905,242.1897113953159,76.9253788724917,1.2755438027904291,51.27866222708775,1.8627962362086248,16,D06_px-1055_py-0118,0.8247766694694423,1.8627962362086248,2.6861059246955565,2.5816814315809684,1.7360139581017182,2.2682212648117757
-369.9450394590692,248.16369741363272,93.94020661053273,1.2570817110498114,11.230378021860531,1.94374592592722,16,D06_px-1055_py-0118,0.8128389355367035,1.94374592592722,2.593690494578917,1.8400808457648656,2.9537538803149097,2.2377145254009516
-279.1750059488928,250.608815788186,93.20526150740326,1.2057112134261274,54.585785576161925,1.8030832581804053,15,D06_px-1055_py-0118,0.7796223671629938,1.8030832581804053,1.5095744584779318,2.4031561902944523,2.503828141608994,2.7824004430878433
368.60687885218096,248.9889108569357,92.3705510648937,1.261571588487772,12.11313547643715,-0.0128958308796709,10,D06_px-1055_py-0118,0.8157421256517792,0.0128958308796709,2.1490373705860923,1.6276383491471744,2.9348751082080127,2.1451064770111974
298.73127649601673,259.31247913656534,94.77778496027268,1.217645534914232,41.60550073970012,0.1078982995631541,10,D06_px-1055_py-0118,0.787339193435681,0.1078982995631541,1.7505905378348086,2.514116054480094,2.071967188623375,1.0089788702176776
-349.015256766365,270.67779185310496,92.856422664402,1.2579756453424835,13.910862849285252,1.874961301306325,16,D06_px-1055_py-0118,0.8134169604912537,1.874961301306325,2.0236974282016935,1.6827783502012184,3.6613958172887697,2.0061355252040123
-334.0353317559123,270.3398891626825,93.43850714603153,1.2479780150075506,21.10869417036014,1.854217900697189,16,D06_px-1055_py-0118,0.8069524139721974,1.854217900697189,2.2605996860862434,1.8470983836348174,3.3388177629211215,1.5808258859234248
-291.31250753744905,277.80812350351846,92.35850784138783,1.2314678221806563,38.16932568603397,1.772939015510814,15,D06_px-1055_py-0118,0.7962767932508434,1.772939015510814,2.3962559518643394,2.2423866596353594,2.492829614183505,1.9191103913290424
224.04513234876543,322.2975684054283,96.45251857032652,1.2093626003312228,42.88303345062377,0.3563533328698385,11,D06_px-1055_py-0118,0.781983382695303,0.3563533328698385,2.2951308463267894,1.689401149982669,1.6614474692050507,1.5244384718356052
165.29657636640675,353.8769561798865,86.79115770028025,1.241387917744607,47.34207228551759,0.5268323466977874,12,D06_px-1055_py-0118,0.8026912051762942,0.5268323466977874,2.259481974500853,2.270706735713431,2.7544904173116582,2.0961761468709477
-227.19735827411603,386.2850703411065,89.0106752020958,1.274238242587679,11.053014392005991,1.4954847899429042,15,D06_px-1055_py-0118,0.8239324839593403,1.4954847899429042,2.2464540416982146,1.6086021780264674,3.1558631343978654,2.762315876004929
200.94542531520585,383.52282718818896,88.7156632259424,1.26542965889113,20.557382643276355,0.4811960572438268,11,D06_px-1055_py-0118,0.8182367843619693,0.4811960572438268,2.406086895302438,1.7465346038263483,2.9016843938116192,1.9131100456212478
33.30091751660216,386.98454039726965,91.45632923697605,1.2232530132166723,47.119888665088354,0.8779759420365206,13,D06_px-1055_py-0118,0.790965033072306,0.8779759420365206,2.106295798734858,2.4592490732957204,2.9421824971022654,2.2865583369011704
86.33332510000994,389.64471965309485,86.48359852188361,1.2490002713082908,42.19606426491487,0.7457700891526046,12,D06_px-1055_py-0118,0.8076134129478689,0.7457700891526046,2.562476274910618,1.820621010024881,3.0525314796916416,2.3071555686850767
6.506168830843622,394.8425207063507,81.2423580932915,1.2642631571601954,46.411247453310864,0.9473404031527252,13,D06_px-1055_py-0118,0.8174825151550116,0.9473404031527252,2.894269390804171,1.9159580006269965,1.5959651221773001,2.714978882342845
-137.63104873331537,418.8533030020739,88.13425432913655,1.2724342476378314,15.821669481262973,1.2812923822443127,14,D06_px-1055_py-0118,0.8227660066159359,1.2812923822443127,2.82873710233578,2.2819492060807365,2.408308774780102,1.5330015002097674
-66.93530223906096,-437.2094203772575,88.97400055065509,1.2706672371097625,14.693616593900742,-2.3296929407437053,3,D06_px-1055_py-0118,0.8216234436909544,2.3296929407437053,3.0893538404284744,1.639230525534977,2.9550770624243285,0.902999119289606
130.15261010486736,-434.0197618471663,94.09787403007893,1.2615553342616106,6.452862267904152,-1.8864317725263489,4,D06_px-1055_py-0118,0.8157316155411197,1.8864317725263489,1.9844208551198332,1.6668972448369463,3.5104817442988714,2.0166964485484282
58.10955629874824,-406.0386638593072,84.05705344625778,1.2653844691413856,36.09295023506928,-2.0356277230746387,4,D06_px-1055_py-0118,0.8182075643138559,2.0356277230746387,2.4723506281021037,1.2918771820864383,3.1727446469740634,1.935599961148577
179.52411123554953,-382.6394310112538,93.35433832331044,1.243232770792617,25.48667330255301,-1.7390925101259032,5,D06_px-1055_py-0118,0.8038841016877818,1.7390925101259032,2.5280796740410247,1.6999438163495662,3.2230933045035286,1.8907214617287234
118.6142770859943,-381.3889332944936,94.20763612839394,1.2226988294991237,39.4642755132478,-1.876252577516373,4,D06_px-1055_py-0118,0.7906066935156133,1.876252577516373,2.1102644294838813,1.7173592268144116,2.773986325122855,1.250574076502755
-224.92526435843823,-372.5177187525566,95.61518143789483,1.2448155364809776,17.06858649801302,-2.720982955056215,2,D06_px-1055_py-0118,0.8049075304482374,2.720982955056215,2.626103862132526,1.4418787344729782,2.526801654935372,1.9927848368550931
-149.900969775642,-367.0346476419267,93.01293245774436,1.224416353793738,41.66951958293083,-2.5655119613233515,2,D06_px-1055_py-0118,0.7917172582522738,2.5655119613233515,2.1424988835121517,2.117049455291127,3.474404164777741,2.1432480560322418
110.470415330601,-346.77485259603395,96.9552697335124,1.1818303706657514,59.98161187965008,-1.8693749401694832,4,D06_px-1055_py-0118,0.7641808261410878,1.8693749401694832,1.3948772180092166,2.1347228673065253,2.147740279916902,1.6421381430815258
-245.7608564404649,-340.1504221335891,87.97608042433433,1.2587996845241334,29.039039754155567,-2.8034476345518624,2,D06_px-1055_py-0118,0.8139497907165009,2.8034476345518624,2.808113491259865,2.964450496283141,2.8108445393254575,1.6049185982064174
-200.1101536952901,-339.3038168243964,93.60143517932153,1.220323692180509,43.02503274208789,-2.7106370269067885,2,D06_px-1055_py-0118,0.7890709110180667,2.7106370269067885,3.0362230745425114,2.1680540923522416,3.668498753398434,2.4781818607337716
-247.62444040508163,-325.99098581871584,91.92344863901768,1.2381762090339414,34.119743870103264,-2.827395992154099,1,D06_px-1055_py-0118,0.8006144890275475,2.827395992154099,2.07870206934126,3.2813556478404307,3.1168653762652205,2.4650028657484873
183.92365295756105,-328.06853105492115,90.64211658797048,1.215739244105533,54.91122694669292,-1.6668113320063749,5,D06_px-1055_py-0118,0.7861065707842287,1.6668113320063749,2.8365881169215004,1.999506803655509,3.351958902661057,2.7004133905803243
282.0519980531538,-307.65903221815006,93.08887449337854,1.2402601934410415,28.81960688315155,-1.4357734543625529,6,D06_px-1055_py-0118,0.8019620097592967,1.4357734543625529,2.6721206640658055,2.034340428722998,2.114833206800917,2.5551045143620827
349.5772500491101,-287.050565059136,90.01441363447907,1.2737009937917312,8.158835920595607,-1.2944762379920485,6,D06_px-1055_py-0118,0.8235850946563396,1.2944762379920485,2.853945945327361,2.8102501745183064,2.2218139251682687,1.8674108610194136
363.14166548282697,-270.0474591911159,91.7897777651688,1.2683251092507393,7.50056773849019,-1.246399201855053,6,D06_px-1055_py-0118,0.8201090053699726,1.246399201855053,2.8262529797374345,2.3177239879547207,2.558874031834507,2.8086397784881454
328.20248337231374,-249.16178970885943,92.77055816301402,1.2373663765497231,32.18978573609593,-1.2563242552097482,6,D06_px-1055_py-0118,0.800090844964756,1.2563242552097482,2.1384047132551043,1.9975901012860071,2.4159872953309716,1.7612708383799327
-382.59905275833626,-244.2646771282024,88.52455294232527,1.2793105685864192,7.5991411295185,3.1028153742985625,19,D06_px-1055_py-0118,0.8272122899013645,3.1028153742985625,1.6754252972798689,2.4060754946353757,3.7233651602950713,2.569038129151722
-393.68662355304144,-221.98825971566464,88.00980515758502,1.2797218743966654,8.969905421796966,3.048043038241925,19,D06_px-1055_py-0118,0.8274782434778439,3.048043038241925,2.1927456470873374,2.4419197745245187,3.061306611237854,1.0427867936402178
379.8187985886291,-211.4923788100555,87.45974327200747,1.2706382803178211,19.843195888074547,-1.1150471109992797,7,D06_px-1055_py-0118,0.8216047200012123,1.1150471109992797,1.9218029381684985,2.1932208749822166,3.1419885570322976,1.8562980846870958
391.85206276566913,-200.0452506742705,92.5751390536945,1.2577247460838927,15.058043100993189,-1.0790014749846373,7,D06_px-1055_py-0118,0.8132547270544872,1.0790014749846373,1.8888837701685235,1.4015782679174484,1.8080149333858477,2.1653290644629957
-394.72188382606913,-67.7434433535052,93.88282193669514,1.2246712808603526,38.91174966701294,2.704580487700317,18,D06_px-1055_py-0118,0.7918820961014328,2.704580487700317,2.226418962821418,2.329280229078753,3.1978437155466493,2.0438970103263143
-437.7786955838652,-48.87089411796375,86.6874885299444,1.276808994083608,16.48505504173056,2.645786616102117,18,D06_px-1055_py-0118,0.8255947521246573,2.645786616102117,2.7762587486614287,3.023351416476861,2.495976642746148,1.8319697294718191
-389.44362565379527,-34.101663348733034,94.03595006840598,1.216359767121754,44.695328653843376,2.621955422693312,18,D06_px-1055_py-0118,0.7865078058539523,2.621955422693312,2.689642361665681,2.4278925004088494,1.9643206942128573,1.815656733555857
-424.7451896261828,-12.20710182347646,89.69348175327394,1.2567969104659218,25.246816683706868,2.563345036456489,18,D06_px-1055_py-0118,0.8126547812359813,2.563345036456489,2.3510427623081753,1.69103491885888,2.4313160773308424,1.2041604060640752
-385.842138911371,9.71251752247912,87.4495296138605,1.2353910731968667,49.96248848778379,2.509446179368425,18,D06_px-1055_py-0118,0.798813598258687,2.509446179368425,2.8882002261366564,1.3339015748766865,2.9205177680568877,1.3827073122627134
-406.8133220581372,34.79980374760351,92.5105837183381,1.2353890749103966,34.588054210038194,2.4492784240408247,17,D06_px-1055_py-0118,0.7988123061509164,2.4492784240408247,3.4741460747605726,0.9353222497815401,3.2117830432939223,1.4610325841792324
409.17653458549535,40.74042617161747,90.70319074782049,1.243634602565984,33.392983941507055,-0.5077397408757165,8,D06_px-1055_py-0118,0.8041439292773945,0.5077397408757165,2.3781657103855456,1.4017251010060947,3.426466362105043,2.34311920038932
-452.5015029730296,46.12864947253308,87.5051956747113,1.2830359785770242,7.315708642237723,2.433022634915841,17,D06_px-1055_py-0118,0.8296211693437934,2.433022634915841,3.223548661504542,1.1415842844682675,3.4495264000332853,1.496571673684297
-422.8506289495204,54.092813304542304,87.72590315844903,1.264186008159394,24.995985290569763,2.4073799938984006,17,D06_px-1055_py-0118,0.8174326300034436,2.4073799938984006,2.5388019350286726,1.7000550894204467,3.0794818392262515,1.7470943559166403
420.6005717436563,64.48943485469796,96.68004750638158,1.2345235570157855,22.64822968063237,-0.4548373677252806,9,D06_px-1055_py-0118,0.7982526554631689,0.4548373677252806,2.45297390151242,1.1966000080204524,2.623841694660172,2.2036334830546975
420.9509955583259,73.95918375870504,82.99275447611947,1.2804957787183473,25.70295391147272,-0.433059139317168,9,D06_px-1055_py-0118,0.8279786561077579,0.433059139317168,2.671068317272474,2.521939674617133,2.988337255021431,2.5078227516773026
-418.05068696457744,99.48529930102032,82.52062942006205,1.2835350632080091,24.38787125016904,2.300984439947701,17,D06_px-1055_py-0118,0.8299438813971362,2.300984439947701,2.2998689255211318,1.8105049801945512,2.239476248025504,2.482899273897517
-421.5723938232951,122.8608766857583,95.26205502036451,1.2486629088727417,14.744409395195987,2.251032691431325,17,D06_px-1055_py-0118,0.8073952717398699,2.251032691431325,2.152519543442155,1.5719005740055332,2.5939695074919564,2.033074334777618
410.72851256227904,127.419419070793,87.3827808170143,1.2678101309881402,22.778383653476,-0.3061660114035028,9,D06_px-1055_py-0118,0.8197760163692449,0.3061660114035028,2.7855735115733067,1.727649213982776,2.7654218550286407,1.6750209851308906
425.6370682416813,128.22776133286547,90.85996412198524,1.2661333338598777,12.748774472236107,-0.314366446942031,9,D06_px-1055_py-0118,0.8186917861391275,0.314366446942031,2.6569078302054745,1.7371848153351626,1.6200574666379575,1.2029431545360065
-362.49544498490656,128.7514914610589,96.6480797086772,1.2019593088509266,47.5723383219559,2.1933301968459213,17,D06_px-1055_py-0118,0.7771963561134856,2.1933301968459213,2.640437104172584,1.5263509807050162,2.800314471116507,1.0829815707104031
398.8085130802079,136.26487886344552,90.17249891269869,1.2527981013332483,27.244884226949296,-0.2777359119209789,9,D06_px-1055_py-0118,0.8100691197549131,0.2777359119209789,2.662020477474438,2.456718219991427,3.8737402456390746,1.406999113736008
435.15967675807866,142.47774295924475,90.08411333371212,1.27688943554907,4.680668722211237,-0.2905650307573822,9,D06_px-1055_py-0118,0.8256467662098074,0.2905650307573822,0.7694867518586015,2.094743191744144,3.1436373408530476,2.185886526759429
-390.6109814452119,154.14628312104082,96.49044014685543,1.2310006985235131,26.13876606042953,2.158745780507695,17,D06_px-1055_py-0118,0.7959747474149215,2.158745780507695,2.695430266420467,2.6575599366447475,3.0358947917106756,2.112582159827395
-355.50311742186966,163.076110452269,96.88479044063207,1.2066951741437906,43.579296657707744,2.1045319982713013,16,D06_px-1055_py-0118,0.7802586039130196,2.1045319982713013,2.5610428941925285,1.409704348321227,2.0003068246944813,1.304884922259482
400.1425237313737,217.82724713829924,74.59269817558521,1.3240410906139033,10.259980352412924,-0.1084658480339984,10,D06_px-1055_py-0118,0.8561353977560301,0.1084658480339984,2.2665422859911275,2.470431838128532,2.321255920801643,1.8700420132572269
321.21618420954394,220.20453560303227,85.84875804279426,1.243834523973466,48.34156781486166,-0.0060285834438424,10,D06_px-1055_py-0118,0.8042732000341165,0.0060285834438424,0.8150526889927814,1.78711372876228,3.3871775328563554,2.169235802182607
322.01587888059976,297.9862154391458,85.67566252140307,1.278947165666421,17.873258529360726,0.1396806296141136,10,D06_px-1055_py-0118,0.8269773107110178,0.1396806296141136,1.3432858559492125,2.124938248223293,3.3758246083464876,2.947437837705886
255.72518064986244,315.6208639945577,90.76506567466254,1.2396966872498498,36.438187707887664,0.2828696979023832,11,D06_px-1055_py-0118,0.8015976422177197,0.2828696979023832,1.97754494597415,2.8902187988078416,2.8860714460029318,1.3833550173409586
-221.25906945666887,339.03471371585664,89.56907817368321,1.242723495419828,37.66831967926368,1.5420279870496034,15,D06_px-1055_py-0118,0.8035548002205231,1.5420279870496034,1.182021367923905,2.130172310316812,2.342039266718957,1.2716662849597504
193.7016118625269,353.0854394774486,80.83953239989319,1.2712718054846357,41.672807647606135,0.4620513835830072,11,D06_px-1055_py-0118,0.8220143623639186,0.4620513835830072,3.2124634453354206,1.6744669805564536,2.930586549868756,1.2676670829051218
-143.85997511882744,383.8068181931079,92.09513805111688,1.23798226930994,33.75217875634684,1.3224330825066977,14,D06_px-1055_py-0118,0.8004890860744778,1.3224330825066977,2.6064944380467026,1.0751687905656084,2.9512865265817445,1.6979737983143794
-59.61090971584265,387.8158929578096,94.04915801954049,1.2175065046796922,43.81476276804494,1.116332431718397,13,D06_px-1055_py-0118,0.7872492953909817,1.116332431718397,2.867744647580246,2.8691097219819963,2.8488822727206133,1.664514241890014
89.4097680441403,406.7931211496372,86.78953210390034,1.2605677271683096,31.34562233161239,0.747465143922129,12,D06_px-1055_py-0118,0.8150930210158864,0.747465143922129,2.0224515726842487,2.7128591161864444,2.5899487778622694,1.7618602968386785
42.75623157506874,-456.7206278279624,91.63502807649058,1.2726298173158015,3.714089211519763,-2.084432186695257,4,D06_px-1055_py-0118,0.8228924635100797,2.084432186695257,1.9999688189361597,1.8612919167956927,2.639272220172295,2.4249178449539537
23.099146847335373,-445.8076722651897,85.32961356908439,1.2847850203993103,13.193696018607229,-2.126007999882756,4,D06_px-1055_py-0118,0.8307521135620883,2.126007999882756,3.1862351112698812,2.6649829207588933,3.661684019395627,2.585231530253723
-176.6436906891202,-433.6694287536832,88.66041645122539,1.2873499571950249,1.3784439307113985,-2.5645794948700678,2,D06_px-1055_py-0118,0.8324106218964483,2.5645794948700678,2.476376919434657,1.7286899066807235,2.567104727492234,2.163280728029027
-142.20159408343875,-439.1642845243606,86.749103321984,1.2893536113438286,3.3067649430624897,-2.4909224258197686,2,D06_px-1055_py-0118,0.8337062004504766,2.4909224258197686,3.052293087572512,1.1843647557373433,3.07284622591247,2.9017325023000153
-53.37906177173137,-417.2896854617552,92.2214046138605,1.24552191526932,27.063155783518027,-2.305003392562189,3,D06_px-1055_py-0118,0.8053642805364416,2.305003392562189,2.6777838108443355,1.320628613722357,2.209352708748029,2.9709647291122048
-4.021776073974391,-411.4469582656866,68.9377012326386,1.3185312946827286,39.4488973792748,-2.187550260683808,3,D06_px-1055_py-0118,0.8525727203100426,2.187550260683808,3.2909189229953677,2.3817668310125275,2.1543790857270197,2.279292503234822
160.94229456476717,-404.57217276503,80.6838391909329,1.29307773619687,21.351718563453744,-1.7991600353158597,5,D06_px-1055_py-0118,0.8361142489128346,1.7991600353158597,3.1953170406692823,2.0155623758979573,3.0725456115411838,2.300239273900579
-18.10631556662219,-403.1057802632448,92.893846193232,1.230407709623694,37.39650398064413,-2.2226627206731604,3,D06_px-1055_py-0118,0.7955913161217308,2.2226627206731604,2.4552690266098867,1.7407921798190316,3.537091828393484,1.440749915378873
-165.05990080479745,-386.120287593722,85.9243246307881,1.2658171611685831,29.49016244412252,-2.581747839928228,2,D06_px-1055_py-0118,0.8184873463866607,2.581747839928228,3.2786087930650782,2.4056213348612343,3.3196588382822974,2.2477266097660875
-273.03764489589224,-378.331243164166,82.85747372833131,1.3040901074362954,1.260545735700589,-2.802910633917317,2,D06_px-1055_py-0118,0.843234934893155,2.802910633917317,2.9878847961081765,2.825414859092026,2.198735939369282,2.2475514234052847
187.28416004611265,-369.2762636813918,79.31754725457839,1.2841969291719502,35.064477294937774,-1.708412340062757,5,D06_px-1055_py-0118,0.8303718491424854,1.708412340062757,2.1998910226846338,2.4746316241665864,2.628002476786068,2.018200130051163
-294.1553239886365,-357.12955197835026,90.89086506435812,1.2772996695449754,1.469976661899466,-2.866781388223947,1,D06_px-1055_py-0118,0.8259120267426922,2.866781388223947,3.2380276742278893,3.5607884400717813,2.7013466325602766,2.1133628054473688
-183.2788627244169,-352.0149116389043,92.01853056483262,1.228157351662306,41.757886542765846,-2.657811802442904,2,D06_px-1055_py-0118,0.7941362169393686,2.657811802442904,2.6417182089225912,1.810271841987264,2.230359156233293,0.9323514595085087
234.904345606558,-312.39541646718425,94.96015324174198,1.2131020146413931,44.41860288426426,-1.5330307553819795,5,D06_px-1055_py-0118,0.7844013174410652,1.5330307553819795,1.8145963766956064,2.301507249729762,2.8890488858005448,1.5583579743270388
-253.7169232079761,-299.5931746765219,86.21825003972802,1.244971867562774,46.28759502003521,-2.8804508649814697,1,D06_px-1055_py-0118,0.8050086153570397,2.8804508649814697,2.3155634660902935,2.3058547439948773,2.9733290436727806,1.209988373126313
-357.7531237345493,-216.3503247354489,91.01402887895938,1.2476255981777793,29.05299688729088,3.0785161564922428,19,D06_px-1055_py-0118,0.8067245384743212,3.0785161564922428,3.2638524742655637,2.7776017822291887,3.3018200486497014,2.103519437066172
333.5110908809212,-189.8274982745679,91.32180501426087,1.2198415318564064,50.01488956343599,-1.124428147274139,7,D06_px-1055_py-0118,0.7887591423548552,1.124428147274139,2.4983190728594877,1.821442186824136,2.4551439639380233,2.089467765594955
414.6037365132015,-166.49293658708984,90.19153813459133,1.2696739171110167,11.551239949934256,-0.9888396918854032,7,D06_px-1055_py-0118,0.820981155156064,0.9888396918854032,2.6926602299876485,2.3211704788734244,2.271728203113285,1.4157774981815439
373.69253527569,-151.83590103490818,93.3396914935342,1.2287798571168815,37.339821399419975,-0.9929157379130684,7,D06_px-1055_py-0118,0.7945387338693464,0.9929157379130684,2.5398597597520913,1.9170339704242383,3.3350480984569097,1.7919685412410984
407.47157636640674,-97.94711789418756,93.77418239163823,1.23925267454526,27.55382045567524,-0.8428816984057598,7,D06_px-1055_py-0118,0.8013105401057478,0.8428816984057598,2.619768215558893,1.7521073293220084,2.228363578901774,1.2379049434995415
-452.613064156469,-81.9488789689878,90.92846706847196,1.2755574944840866,3.140949502827596,2.7137299458545217,18,D06_px-1055_py-0118,0.8247855226264014,2.7137299458545217,2.3879809258708935,2.348692495466044,2.2905556295372382,2.270210906123428
442.3614833548432,-74.51001382178936,92.96914217042163,1.2621456860853009,9.596135020300665,-0.7738501395598818,8,D06_px-1055_py-0118,0.816113341680115,0.7738501395598818,2.054979583252849,2.2014002328027393,2.7460518658631448,2.554985314585852
-391.9154847130387,-43.94274803984934,89.64224058599478,1.234389922251934,44.08061478702609,2.6462698009095136,18,D06_px-1055_py-0118,0.7981662461723129,2.6462698009095136,2.4273192684916745,1.9512924663534532,2.744070279597657,2.034041276765418
-406.2236147206514,-20.17273425017064,90.06506065715573,1.2424509738041565,36.35265523423806,2.584231548135973,18,D06_px-1055_py-0118,0.8033785855973636,2.584231548135973,2.4913581682684294,2.7197666452469864,3.255031825732588,2.250354492347075
400.4647646183529,15.52899675549401,90.3226784992108,1.2370365830033885,39.93162342602227,-0.5682215147869086,8,D06_px-1055_py-0118,0.799877597860138,0.5682215147869086,2.5869698446902856,1.4868597555841243,3.387692382872195,2.4325786254420607
405.64890736230257,66.46081651031803,76.25387107070995,1.292791972945204,37.78841451258416,-0.4445840606407127,9,D06_px-1055_py-0118,0.835929472143546,0.4445840606407127,2.375503640122807,1.627275305536557,3.0022252478102356,2.461807473111725
-410.2796082741161,145.91256347836153,83.80375755503698,1.282940243407089,20.453359123042844,2.192921100353588,17,D06_px-1055_py-0118,0.8295592662288728,2.192921100353588,3.0823327751943452,1.9603723963326432,3.352802342898843,2.3632083258600227
392.3311990436916,190.4119264744132,92.51969812921884,1.2553070237568758,17.464172409784,-0.1551328816101957,10,D06_px-1055_py-0118,0.8116914087550947,0.1551328816101957,2.2301595446115696,1.9472681143955328,1.871021793207654,1.2413218472066672
-413.0938301589928,206.74341546538733,88.91683858355151,1.2828925850629136,2.4934376577616604,2.07058504133548,16,D06_px-1055_py-0118,0.8295284499681569,2.07058504133548,2.5955536296624073,2.632048935410701,2.1928877296166847,2.1358287346621725
-346.0383773372969,214.0614469206272,93.0477935027494,1.2325096166355431,35.27084182142204,1.9806248938268909,16,D06_px-1055_py-0118,0.7969504257508748,1.9806248938268909,2.8340451104056115,1.2750317566908125,3.115125659751865,2.2403156219779055
-301.09510759651005,258.54640638974774,93.1354768430012,1.2243203929858435,41.38147564687989,1.825097467850143,16,D06_px-1055_py-0118,0.7916552092380716,1.825097467850143,1.8714059242024124,2.03861174765263,2.8762643058408823,2.262677929727861
-275.74831311586587,279.56209438885656,89.1623258421649,1.234717731852239,45.28102001815347,1.7423472294966356,15,D06_px-1055_py-0118,0.7983782104418021,1.7423472294966356,3.004836100339527,1.7413128499975328,3.2960345898443775,1.7446971538649854
-338.0657753906279,283.229880924245,88.78580004513265,1.2704509567074036,15.539918237806717,1.837247389612661,16,D06_px-1055_py-0118,0.8214835950792966,1.837247389612661,2.0419944439369,1.8981441554512357,3.613627798132963,2.1876743747378207
-255.9058978690002,298.3581017828685,90.5822758117576,1.2300879102695976,44.56516662767609,1.672772176746085,15,D06_px-1055_py-0118,0.7953845313405316,1.672772176746085,3.832718553095326,2.293746954269465,2.221753643038933,2.077148246694516
342.02196957937406,303.51405643444247,82.74757666665974,1.2992743715639323,7.112155054105926,0.1188366207939733,10,D06_px-1055_py-0118,0.840121042147831,0.1188366207939733,1.8366416903478355,1.8685507209622119,2.421749516829933,1.1445033219687857
348.5264081197589,317.039934800321,89.10798758422521,1.2876485412516323,3.3057716439492424,0.1311460854797491,10,D06_px-1055_py-0118,0.8326036886991929,0.1311460854797491,1.262993771095165,2.2516025338709245,3.529989494619894,2.0452504431910747
-271.5548324770914,330.9208412541593,85.74399419322691,1.271875813692507,24.481694585062822,1.6509952542464528,15,D06_px-1055_py-0118,0.8224049188284873,1.6509952542464528,2.140910403194221,1.9930471648583843,3.834525839455954,2.3507778417381866
-307.45902070014915,334.1922483712061,86.70943560874082,1.2850742870679182,8.000299595350896,1.7075758671179129,15,D06_px-1055_py-0118,0.8309391556683657,1.7075758671179129,2.618515537501607,2.336858367235578,3.339930409420486,1.4336474934811663
-129.55472969883272,368.4384325645281,87.7030559900073,1.238154631155611,47.0618666389114,1.3019447394804722,14,D06_px-1055_py-0118,0.8006005366014649,1.3019447394804722,2.267400670154341,1.7215440286706478,2.867930045128656,2.660827076253484
89.08575902732859,373.0988280517583,89.86035878542333,1.2248822053409785,50.61348579548815,0.7294327354124844,12,D06_px-1055_py-0118,0.7920184815319131,0.7294327354124844,2.3639971321787225,1.9018996306019884,3.01996312613885,1.9520902844620158
-169.5106131760769,372.537730590661,89.7565204783881,1.2454065950365665,34.872316715900695,1.3908341585402175,14,D06_px-1055_py-0118,0.8052897135656446,1.3908341585402175,1.851268499804128,2.0880306283050087,1.9715274295553546,1.456347867688998
104.44402091306932,385.8727533109642,89.97876431947225,1.2374377635946674,40.66324542441987,0.699480969775263,12,D06_px-1055_py-0118,0.8001370043902838,0.699480969775263,2.3562457974194024,2.1384695824559223,2.8061037216200653,2.284213399018163
-89.51382552484618,392.82380409162806,93.3717592237896,1.2283045717132968,37.615356328463406,1.1878638378789916,14,D06_px-1055_py-0118,0.7942314105838907,1.1878638378789916,2.9668182303080486,2.4639295603422413,2.350127159201188,2.347677750791736
220.24342545430065,389.7669990212353,88.47233744968139,1.2756456036259975,11.494058456402286,0.4494814968145136,11,D06_px-1055_py-0118,0.8248424946915364,0.4494814968145136,2.7261160005957534,2.0320749164478213,3.9305471320253966,1.9512169783315987
114.93427898573478,425.139000227973,91.5914197577272,1.261131384303107,15.087480290320627,0.6997832635103577,12,D06_px-1055_py-0118,0.8154574861587878,0.6997832635103577,2.8904907482009383,2.1196000351833164,2.506182018058884,2.736718089851213
72.74770714320128,-452.8732978351905,87.67408406322133,1.2847898150557069,4.878670636855929,-2.0185006364079228,4,D06_px-1055_py-0118,0.8307552138246787,2.0185006364079228,3.048108578704965,2.102572811429334,3.018516168378239,2.082190333994755
-24.52742257286664,-454.3781441471709,87.938827048228,1.2818038712166904,7.072100848367938,-2.231703718669294,3,D06_px-1055_py-0118,0.8288244790201355,2.231703718669294,1.873156566202002,0.991483179881063,2.2692476389186527,3.1102011262837133
-108.7678010763626,-448.389328949464,89.00632923697609,1.28229502961868,2.809470699318524,-2.415753664256272,3,D06_px-1055_py-0118,0.8291420659113803,2.415753664256272,1.9391430329819892,1.8690848035644387,2.749433232796007,1.8507379014578234
-55.439672215246325,-448.13030721076257,88.95706840019201,1.2765116091801163,8.953957862752816,-2.3008637333668163,3,D06_px-1055_py-0118,0.8254024607037623,2.3008637333668163,2.384240746036899,1.890677974433069,2.665310928056416,2.726273050527464
121.70642458793375,-431.0176079880353,84.29283318528906,1.2889536969099635,12.56967621042395,-1.902570847658303,4,D06_px-1055_py-0118,0.8334476126276873,1.902570847658303,2.958303564059735,1.7850056510518602,2.5023647544457432,1.1644114404055848
54.773957318787744,-422.91189380455165,79.32061096306685,1.29208369431674,27.329214950779942,-2.0489766066608253,4,D06_px-1055_py-0118,0.8354714936037554,2.0489766066608253,2.985405334291627,1.1293006760804922,3.6272353610882124,1.908773926046028
-103.30785962852352,-424.7366404966379,92.0110117114524,1.2576170224939676,16.989111966671203,-2.416370825003877,3,D06_px-1055_py-0118,0.8131850721327766,2.416370825003877,3.5730329908479925,2.54600376511027,2.983634732582124,2.159566755273447
-151.2585507687404,-408.6721053754093,88.81329244560811,1.2669522490275087,18.798496599314262,-2.532263112504016,2,D06_px-1055_py-0118,0.8192213031365517,2.532263112504016,2.445638625995553,2.9922157362208806,2.534493855284289,1.9563634563639174
-210.89154623895712,-401.72396518482793,90.27230773372918,1.2737561012116083,7.222366073495493,-2.6611964465093907,2,D06_px-1055_py-0118,0.8236207275480755,2.6611964465093907,1.5928864589668958,1.5858951600187077,3.065324408875818,2.5573695653607924
-134.28755659850987,-402.2860779544739,90.9471016749004,1.25212719241666,25.35905935677812,-2.499956337802861,2,D06_px-1055_py-0118,0.8096353047651569,2.499956337802861,3.009392728497038,1.786248885733018,2.482017566383502,2.5769224231764856
44.44755560073408,-395.5260372918846,87.22034172634943,1.2456278539152177,42.62680173670475,-2.0658695437883163,4,D06_px-1055_py-0118,0.8054327812992852,2.0658695437883163,2.070473658007922,1.3972879507103926,2.552778230671843,1.861521452260836
133.29596233943894,-393.94195266230753,89.52076590239145,1.2510015780437802,30.88301713731857,-1.851504130793697,4,D06_px-1055_py-0118,0.8089074736459592,1.851504130793697,3.739658456886504,1.6214229652879513,2.7343704771991284,1.7798045164898653
-101.224013029326,-382.833050699432,89.2700252093262,1.2369538329124772,43.20989184562262,-2.4362680891077866,3,D06_px-1055_py-0118,0.799824090999589,2.4362680891077866,2.464241817064149,1.1848317290259733,3.389374612082084,1.7742668846854044
76.50522262098032,-384.28507283352894,84.6948881493891,1.2497557642779602,47.24338273522051,-1.9812606893619005,4,D06_px-1055_py-0118,0.808101920652558,1.9812606893619005,2.3610971475468645,2.547414235593907,2.3167445585117745,1.8390840849191727
-132.3625885111563,-376.8578991879429,92.553244434639,1.2283560339456057,40.01282384536637,-2.5155431643377537,2,D06_px-1055_py-0118,0.7942646864686345,2.5155431643377537,2.2826266229311365,1.202780006125813,2.645608860716076,2.346334594406848
187.77788178047967,-354.1249899937914,91.35213466479424,1.2335635507085565,39.5529761165069,-1.690215278386145,5,D06_px-1055_py-0118,0.7976319078236023,1.690215278386145,3.002999557153309,1.450950852167083,3.027004097891899,2.2430568519289165
-230.9824359792722,-353.9921796225826,88.93488198011565,1.2577418008843348,26.86252217980405,-2.7559115714826654,2,D06_px-1055_py-0118,0.8132657548227821,2.7559115714826654,2.1727901020902207,1.6150430919128467,2.105584359197926,2.1762771461628825
229.04591980075023,-336.9839360760057,92.0314046138605,1.2363594010669816,35.263225677725416,-1.5808085558601357,5,D06_px-1055_py-0118,0.7994397266863589,1.5808085558601357,2.388578858909155,1.2160894456896911,2.284888940021588,1.9492085122898664
-314.02080385785416,-331.64222492782665,91.2022914640134,1.2727351785629823,5.080672364328677,-2.9358888173271858,1,D06_px-1055_py-0118,0.8229605909223653,2.9358888173271858,2.641897876332009,2.175816473584399,3.9636988591615383,2.0628619010743527
299.32278919895765,-312.9245826829199,91.72351728991684,1.255775110088458,19.6055768715143,-1.4145902142414952,6,D06_px-1055_py-0118,0.8119940770638913,1.4145902142414952,3.3701494265465968,1.8688592610543588,2.804888659310417,2.6135431330096166
-276.9000838776523,-308.86702797768146,88.29365894912061,1.254339575870787,31.925014002054183,-2.9086553139849856,1,D06_px-1055_py-0118,0.8110658493320251,2.9086553139849856,1.2158880839885722,2.752615426706548,2.9566706377010976,2.3455900306070907
-289.423637067366,-305.2410287542001,90.11531547387308,1.2524181973711634,27.7600087074768,-2.9365814499118903,1,D06_px-1055_py-0118,0.8098234708607857,2.9365814499118903,2.538099423467993,3.613121515652434,2.9662776589790303,2.48594109240452
238.3763348568327,-300.4400925830189,79.97848422291571,1.2603427245711505,53.84045612670127,-1.507057646958479,5,D06_px-1055_py-0118,0.814947532564372,1.507057646958479,3.2322957157485996,2.7039321456819447,3.125382714001087,1.2153881731360991
-351.27532245835306,-291.73787835987986,76.5836785796767,1.3182777148766178,9.117272892851927,-3.0555020996969446,1,D06_px-1055_py-0118,0.8524087536101369,3.0555020996969446,2.2770551289406855,2.7697292772627957,3.0611546597532753,1.8564538919298974
-301.260764252901,-273.11892117287607,92.37484723681128,1.234575273149994,35.65401564097084,-3.0121300658004126,1,D06_px-1055_py-0118,0.7982860955228807,3.0121300658004126,2.4616482923078227,3.161133576526921,2.3545624579295006,1.1680288678832076
-366.077005240377,-231.25821152125283,90.01644788687386,1.2612495393432688,20.146611994787804,3.0980302978767424,19,D06_px-1055_py-0118,0.8155338861383827,3.0980302978767424,2.420082732140423,2.780642197566728,2.652208619107587,2.6372768508311406
376.0635580388008,-225.77366428594016,90.94176543860276,1.2620277063393412,16.38084747998022,-1.1476639824570465,7,D06_px-1055_py-0118,0.8160370550471319,1.1476639824570465,2.0839900263414917,2.0266642369378802,3.4124864032651434,2.6650540042096207
-328.2911850165138,-224.6805375162429,89.64853378807743,1.2370677510981656,41.96486576826311,3.134788336265988,19,D06_px-1055_py-0118,0.7998977513957106,3.134788336265988,3.250810726064948,3.4722712931743036,2.155337460449931,1.3675592140456956
387.2390656485128,-165.7442670708894,81.10909200634023,1.2827896461522938,30.0902948443117,-1.0114014392584307,7,D06_px-1055_py-0118,0.8294618888577708,1.0114014392584307,2.3158592688621864,2.590438627839904,3.2955723638677172,2.149333071562279
397.1271319219624,-160.331019409339,93.67310915931505,1.24619994142711,21.92989753268836,-0.990694864929942,7,D06_px-1055_py-0118,0.8058026975904165,0.990694864929942,2.543631626323322,2.0752114226556966,2.8416664312275253,1.9983151072306091
-433.1197906705031,-155.75264863963582,90.49691131258945,1.2770608687867695,3.0786818092983594,2.879820216605108,19,D06_px-1055_py-0118,0.8257576162915661,2.879820216605108,2.3752706114029243,2.2797716369679732,3.2638295408558387,1.8345689912303182
434.3202773821832,-127.28894160950998,74.81768226808035,1.3217522896023357,12.096298958770262,-0.8920721851206815,7,D06_px-1055_py-0118,0.8546554409946321,0.8920721851206815,3.2812143333487978,2.920520201712877,2.1656695538026076,2.415365640840048
-366.8720977699144,-121.07989100343126,86.91888360545715,1.2375758801700611,49.90843658365003,2.853390421343078,19,D06_px-1055_py-0118,0.8002263116557831,2.853390421343078,2.1215960998037424,1.6743983434798317,2.645431287126042,1.3117236083878778
425.4523069657234,-116.87750048983642,83.9498367218875,1.2860289030169472,16.820100913433237,-0.8750793842993471,7,D06_px-1055_py-0118,0.831556417859864,0.8750793842993471,3.808018074848142,2.0256525694938534,2.6236702475281524,1.4063072560992371
-405.61992774527806,-66.11447302901261,85.80086531380314,1.2600121421140031,35.07042715510352,2.696188341330568,18,D06_px-1055_py-0118,0.8147337753438089,2.696188341330568,2.8692897144008676,2.925634208187072,2.6655996922320555,1.8660285969873116
-381.44385328670114,-67.12366306059003,93.07084993874167,1.2166818021586208,47.24251975697058,2.708802322273056,18,D06_px-1055_py-0118,0.7867160362452398,2.708802322273056,2.0752997532679975,2.3249747733403856,2.5070793382032144,1.8622907354198244
-420.4655481421623,-49.65732057367912,91.9070796396248,1.248479843048684,25.50073992940161,2.6521693964436066,18,D06_px-1055_py-0118,0.8072768999361501,2.6521693964436066,3.044411393944207,2.9469026889392023,3.1066376573579513,1.6091622540406108
-454.2853695709315,-42.44314082503672,90.78607677437644,1.2737355045977747,5.487908671836976,2.6277710639150107,18,D06_px-1055_py-0118,0.8236074096153453,2.6277710639150107,2.924772417965528,2.6684578425691843,2.641861517564916,1.7812001777830666
418.19333801164896,16.72325708359818,84.74850608889159,1.2687988444549594,30.705890307601408,-0.5670115318437856,8,D06_px-1055_py-0118,0.8204153262843091,0.5670115318437856,1.9999555196887928,2.3605616817485586,2.3843625724563196,1.766949018967705
-388.49483565443137,23.79721380630232,87.19428774892003,1.2388970731776234,48.04476972685512,2.473434658682937,17,D06_px-1055_py-0118,0.8010806054606056,2.473434658682937,2.0311894836749005,2.130267649157093,2.8711124072557284,2.446879638304213
-409.8811271723212,50.47025404345172,93.82719525974022,1.2345364524083249,31.283507843794496,2.412095956468177,17,D06_px-1055_py-0118,0.798260993725553,2.412095956468177,2.7454223577815613,2.39654657692658,2.8747658847962523,1.3092821711725295
428.7619838705798,89.59736283736045,84.80811264782523,1.28129484641904,18.56615851624701,-0.4009763366148721,9,D06_px-1055_py-0118,0.8284953395767348,0.4009763366148721,2.562205299223164,2.3002859852219766,2.9586268363209927,2.8217106198373387
-366.6871596884234,113.5853449603824,93.57777561791276,1.211997903134881,49.15399037501902,2.234225602605373,17,D06_px-1055_py-0118,0.7836873902446242,2.234225602605373,1.9165806271315604,2.181425631967457,2.620055600637605,1.9321873369193034
424.05450966983136,115.30788434897082,92.3438810606976,1.2581179295646414,15.444281739924064,-0.3414812563428697,9,D06_px-1055_py-0118,0.8135089625899763,0.3414812563428697,2.512890025650758,2.9745742958408994,2.8644026350700975,0.9296430369569659
-372.3884629022941,164.954736103495,91.626966606908,1.2375950519616776,35.4989866649442,2.1176255995606565,16,D06_px-1055_py-0118,0.8002387082872454,2.1176255995606565,3.3654470466796615,2.2532750333983547,3.4048562806328135,2.116836820051223
-413.29334747018805,186.9375656086003,86.1167801468221,1.2866242751547063,8.481959794060629,2.1098381486351805,16,D06_px-1055_py-0118,0.8319413901734778,2.1098381486351805,2.0623393912027392,1.461870327926123,3.46431680445368,1.6844062198064917
-400.1307791949525,190.006499238223,83.49379949503049,1.2885478363143723,15.862771753650463,2.091278208478691,16,D06_px-1055_py-0118,0.8331851799698919,2.091278208478691,1.814331099034943,2.02530220250736,2.7823521497821795,1.4886863704637925
-341.6210471697257,193.88810061480984,92.30409527367205,1.223898888684434,44.14664334898532,2.0183933577899764,16,D06_px-1055_py-0118,0.7913826612368795,2.0183933577899764,2.2572389767434338,2.59557124519193,3.190334940648069,2.2528486099445137
-338.9323293771431,206.91338385610413,86.52274650417559,1.2473575323709154,43.41332424273406,1.9865191080218607,16,D06_px-1055_py-0118,0.8065512050122322,1.9865191080218607,1.4321026834485668,1.493221311525516,2.4750602345442942,1.3648285808355052
383.22535445197167,208.4080760116296,88.77230489086881,1.2673867956806633,18.523690933156672,-0.1088884592926576,10,D06_px-1055_py-0118,0.819502284425108,0.1088884592926576,2.4650520641526077,1.9187664366812578,3.122695744593527,2.2124350494433775
-343.85276915265854,228.79780527544185,90.52330277595756,1.2455758228054787,32.33159808644416,1.947491637428873,16,D06_px-1055_py-0118,0.8053991375739146,1.947491637428873,2.7235483066454194,1.1347109738319565,2.669770995286969,1.4980270160796836
324.66004668604154,251.11939656547764,91.51668619681332,1.240344405897145,33.5945899423927,0.0513827977774981,10,D06_px-1055_py-0118,0.802016462196697,0.0513827977774981,2.3235813292891985,1.8345623594604983,1.8066946895532814,2.532951081043499
271.9494246461587,286.64932880632006,91.96404420776916,1.2269492849569796,42.84375452394573,0.2047282360480455,11,D06_px-1055_py-0118,0.7933550714925903,0.2047282360480455,2.390007713054909,2.546973979259371,2.1968319257392146,2.1742215837444983
-301.96832927232435,294.92598484200244,75.2737536071491,1.3030271235093462,31.14193699234079,1.761012721423096,15,D06_px-1055_py-0118,0.8425476011135932,1.761012721423096,2.1927651149456757,2.716072592336665,2.834567212026285,2.1390365487141447
-219.1739662692521,311.905939814684,88.12355792996729,1.2291047291329864,52.65237683521667,1.5763475250195484,15,D06_px-1055_py-0118,0.7947487986737541,1.5763475250195484,2.990776447593798,2.8795438706101875,2.552093498768671,1.7257190273733753
-79.07913525096774,359.0072015709905,90.27683396415584,1.2095658424516853,60.2100983284156,1.1806262649426458,14,D06_px-1055_py-0118,0.7821148006511931,1.1806262649426458,3.073369311166001,2.512313956592384,3.081618613364455,2.321267605192468
148.2678387282451,360.2226901337356,91.20308000653066,1.225065869242815,46.51616655256373,0.573350161791743,12,D06_px-1055_py-0118,0.7921372400574354,0.573350161791743,2.1545669538322767,1.9485178013067914,2.2615035651267394,1.2241878958577348
180.070310637233,358.6049607459927,83.64266203757543,1.2604774173200513,41.73105209733154,0.4984577261797679,12,D06_px-1055_py-0118,0.8150346259566938,0.4984577261797679,2.6458554011327564,2.4697114807286695,2.818112876801156,2.59217908838107
131.52911664522793,364.1288400321836,83.7672348167155,1.2494626635739656,50.41689887306472,0.6171852573649889,12,D06_px-1055_py-0118,0.8079123994288016,0.6171852573649889,2.845791620634641,2.681134087391566,2.5920516348275315,2.2175839267370643
162.22969233623164,366.8040136746656,92.9279638773818,1.228383012741238,38.87593305033732,0.5474022212173869,12,D06_px-1055_py-0118,0.7942821311703838,0.5474022212173869,2.8193122707095952,1.0284866722380692,2.8438892647499667,1.6576902561893014
-224.8265927682764,367.6268923808201,87.9321933717934,1.266609320917987,22.06450671507013,1.512694330520871,15,D06_px-1055_py-0118,0.8189995631199251,1.512694330520871,1.6923528292633612,1.3517816975026595,2.5820596080545486,2.7195740157135733
125.4160099662084,374.6605043404285,85.06933173786123,1.2509200276312271,45.109416043582826,0.6407956083799929,12,D06_px-1055_py-0118,0.8088547425068856,0.6407956083799929,2.8769466003920834,2.0769129505295254,3.3221189296854594,2.5481419656572672
150.3933099462624,380.4595382072387,90.1306756122757,1.2440077699371923,34.86576898112878,0.5873740287423833,12,D06_px-1055_py-0118,0.8043852222388018,0.5873740287423833,3.3580045995655956,1.256300956519952,2.8827883680638777,1.9773282262420033
-102.41655230938504,410.9346290794654,85.14568659819474,1.270822317771006,27.498309709355965,1.2080690508852507,14,D06_px-1055_py-0118,0.8217237200679788,1.2080690508852507,2.2476021410233002,1.9475092369959892,2.2211420900669463,2.2588596463263
11.946982496674886,409.7772958989159,85.42333564834325,1.2605711246169218,35.81793479772966,0.934670233280988,13,D06_px-1055_py-0118,0.8150952178329185,0.934670233280988,3.30684903920171,1.1752332385339446,1.7333377370910754,1.6081698138573497
-41.88765904481626,-454.1601078158001,88.42801155674962,1.2809157251062688,6.279598561099704,-2.2697467022095434,3,D06_px-1055_py-0118,0.8282501967498181,2.2697467022095434,3.1721815050763276,2.7291862774244207,3.2488741697209553,1.8504391268379206
-97.64111008717008,-435.82136446953,86.36030872344958,1.2816531499693813,12.764560086392123,-2.398175697686939,3,D06_px-1055_py-0118,0.8287270214744974,2.398175697686939,3.0429094062715936,2.4076102722787307,3.6636665695773916,1.305572719581842
-87.66672329689291,-428.4649630120326,87.9345359269918,1.270799895869574,18.08200201428832,-2.379596811525945,3,D06_px-1055_py-0118,0.8217092218899108,2.379596811525945,2.00991032340039,2.4027205884835494,2.352219984971631,1.8668161616800738
-197.9035835557181,-415.8245897339873,82.91226819333485,1.3005835355454936,5.03719377571656,-2.6219830838439515,2,D06_px-1055_py-0118,0.8409675578896968,2.6219830838439515,3.223216121060937,1.9592261062921708,3.0107445439808935,1.5674449289185004
141.6787006364218,-412.1839189986151,75.30620887379541,1.3109908182641838,22.501108944053783,-1.846700441089612,4,D06_px-1055_py-0118,0.8476969888666419,1.846700441089612,2.8093267623777898,2.7682937429275447,2.7071466595221274,2.0947899380641632
42.17684906730614,-411.0969003136828,87.16418094110159,1.257022090554119,33.24000597464624,-2.075537692026327,4,D06_px-1055_py-0118,0.812800384454599,2.075537692026327,3.0372303149846003,1.9172575751716754,3.0675955745337227,2.200285212804537
154.5006932322767,-413.5573879251747,86.92525587548067,1.2766637134814336,15.808392995785823,-1.8202423738194788,4,D06_px-1055_py-0118,0.8255008125430154,1.8202423738194788,3.194425948905714,2.6601746765922756,2.930343363513999,2.903956249683439
-43.51351951627792,-401.2506711936799,89.9980543600534,1.240320926576283,38.29391184274232,-2.2857984476844675,3,D06_px-1055_py-0118,0.8020012802828971,2.2857984476844675,1.8384189140895153,2.0571049375164563,2.6028884275302797,1.7432038990035363
225.2346532195409,-387.7026510680513,89.36631207955358,1.2732679339248858,10.803889804304449,-1.6514838109889831,5,D06_px-1055_py-0118,0.8233050747355213,1.6514838109889831,1.7771959688631083,2.3413056468444804,2.8933190490486096,1.7161542756437307
-148.22768891726446,-380.7140202987137,87.60669457142771,1.2521427557810694,36.00777438829158,-2.549060060362476,2,D06_px-1055_py-0118,0.809645368159166,2.549060060362476,2.2883794683414527,2.6646551756838033,3.56033742076046,2.7222568972593435
266.34958859538125,-360.56195021469176,86.70036027445019,1.281584470163359,11.64213005041836,-1.5415416192912268,5,D06_px-1055_py-0118,0.8286826125709795,1.5415416192912268,2.393182845038656,2.1702864899483263,3.158307121591803,2.07290692822433
214.81464958631145,-358.3433871836568,85.83476734067074,1.2646623478056485,30.833024924070003,-1.637749154078758,5,D06_px-1055_py-0118,0.8177406349705129,1.637749154078758,2.0782881447594432,2.430676834225909,2.545290023832367,1.9391584541769027
-272.8529628504631,-350.9360349532241,89.57924597568595,1.270168799051535,13.133582018076254,-2.83864627476377,1,D06_px-1055_py-0118,0.8213011497166492,2.83864627476377,2.485310682623327,3.0535125527583213,1.6075246859503571,2.325617520707785
-299.9012317515309,-338.90811911946327,80.31435052669087,1.3042595928927936,10.720673693479853,-2.902187883106889,1,D06_px-1055_py-0118,0.8433445255242477,2.902187883106889,2.013696230919395,2.5341953260010395,3.5591340446844493,0.7692329994867881
288.14285341616335,-337.9969145503104,82.29054153207105,1.293118843595655,15.448027832578418,-1.4718313760387547,6,D06_px-1055_py-0118,0.8361408292806639,1.4718313760387547,2.893452210712796,2.5761802998915924,3.106813676902755,2.0675068536574566
-232.4823137643436,-335.3828835017239,87.7114253706863,1.2514432016175083,36.26584035498365,-2.7839131971126942,2,D06_px-1055_py-0118,0.8091930309270983,2.7839131971126942,3.0942751898378678,3.23019552675346,2.9477126009646204,1.45186947275099
216.80106722089764,-332.7291817762514,90.53712942958528,1.2334649284055688,42.093084416702425,-1.6002877931366246,5,D06_px-1055_py-0118,0.7975681378657101,1.6002877931366246,2.743613311538581,1.2448460723428432,2.461154345803987,2.708414980271705
313.06280443658227,-314.8303050286905,88.20970870742775,1.2741601553225714,13.871005108710849,-1.3951926583148055,6,D06_px-1055_py-0118,0.8238819921186818,1.3951926583148055,2.089490120975016,1.5287001037885528,3.5527000976403227,2.425407085227583
331.8549807872448,-306.1576764005452,93.55119698469584,1.2622146766915796,7.613399969067927,-1.3521223463298824,6,D06_px-1055_py-0118,0.8161579515495265,1.3521223463298824,2.6917092296775764,1.948359788590916,1.5788240384133212,1.8498562934681217
332.8380784957137,-289.6717932188629,86.42951357806703,1.2780985017804984,16.09926763090101,-1.3231461860995282,6,D06_px-1055_py-0118,0.8264285579580358,1.3231461860995282,2.1758988659641263,2.1494847464625098,2.1422204205471123,1.2144217107676245
-365.6252740863125,-248.01954099186693,89.53656921180973,1.2685649828820065,14.833467173726604,3.1306562042748927,19,D06_px-1055_py-0118,0.8202641095492703,3.1306562042748927,3.0757575395009216,2.0434795509726404,2.98913481939784,1.5719104763332044
383.5517607713956,-245.87540558603223,91.84493756601212,1.270059498519977,5.591619980671226,-1.1770364272765073,6,D06_px-1055_py-0118,0.8212304751320584,1.1770364272765073,2.2913922527833046,2.7549759376403706,2.7464205652984752,1.638461486625891
-307.53151401420087,-227.964097163684,94.9509209021132,1.206256141683368,49.31663705099669,-3.1106812844647207,1,D06_px-1055_py-0118,0.7799747220661523,3.1106812844647207,2.461207977530819,2.719494192706989,2.7247771888293117,1.254491375658485
397.6294808403437,-212.96248377754327,89.8169239125333,1.27353371915626,9.000987740067671,-1.0986845299683765,7,D06_px-1055_py-0118,0.823476933559536,1.0986845299683765,2.1334073754486025,1.364268851658781,2.1747557577266288,2.5413762800888455
403.6497222834081,-185.4414954042277,90.33425601948298,1.2675823990279278,13.106828295667071,-1.0376327925174285,7,D06_px-1055_py-0118,0.8196287630900828,1.0376327925174285,2.4268968544055407,1.6484718016017925,2.183005101840363,1.89751891027506
-337.70952738093405,-182.67642569978395,90.131272065996,1.224224034043584,50.29898049044863,3.030464335072093,19,D06_px-1055_py-0118,0.7915929027870532,3.030464335072093,1.5498717274612486,2.742791392085784,3.0492753220259696,1.1064257732568805
413.2279122517621,-157.62052778818048,81.24834807675802,1.2953524279962445,16.908314263008606,-0.9713818600074872,7,D06_px-1055_py-0118,0.8375850825465,0.9713818600074872,2.8127376543744846,2.5416844149090485,2.8748878178214285,1.580655149385101
-351.40586708744826,-152.98629570498497,88.02601085457371,1.2311437376103074,51.42810723323396,2.945221739319729,19,D06_px-1055_py-0118,0.7960672376150636,2.945221739319729,2.5307637914808225,3.211195151461338,1.853963158044615,2.5529157265380444
418.96588955616346,-107.39629822205644,92.2647990208036,1.253682256557511,19.75820337362643,-0.8579131194599189,7,D06_px-1055_py-0118,0.8106408214868067,0.8579131194599189,2.3600593871087505,1.8907186918926637,2.3569262514517164,2.5304118513704075
-411.59402073897263,-96.16961951201128,75.61901947935002,1.3022101741862522,30.68540172453436,2.764146908781948,18,D06_px-1055_py-0118,0.8420193552467301,2.764146908781948,2.846051636431104,2.273023827573453,2.0856616540859,2.719145845988158
435.7227331598049,-78.96548659445277,81.01981310192414,1.296414076981235,16.625209571917424,-0.7862624031962824,8,D06_px-1055_py-0118,0.8382715531420769,0.7862624031962824,2.41756762570932,2.1617663554504545,2.244187105145486,1.673734155304842
-431.3443866542912,-74.01547331117898,85.37884810567655,1.2792189941742784,18.63610879838899,2.7045506662108543,18,D06_px-1055_py-0118,0.8271530771652054,2.7045506662108543,2.8387245664955003,2.5345898390879036,2.901752619612076,2.1106514210547864
415.4778542616381,-16.860014300107107,85.52077036438905,1.2643513917408993,32.153797064277,-0.647537093875952,8,D06_px-1055_py-0118,0.8175395683298581,0.647537093875952,3.292330427453782,2.093375768489809,2.10289149084448,2.4328570767539848
397.62625908109504,-4.798055049645182,88.30574860504021,1.2415883298788255,42.49981048500024,-0.6190456921656629,8,D06_px-1055_py-0118,0.8028207932407891,0.6190456921656629,3.3377409011295747,1.9653047916716797,2.9439783375910764,1.6271551361414764
-437.6765866606499,-1.936734705065139,85.2047173456281,1.279800912057819,18.66600437942725,2.5390381289946355,18,D06_px-1055_py-0118,0.8275293498520715,2.5390381289946355,2.5876842295164275,1.846309989572988,3.398930602610828,2.231517751241764
-407.9791930841606,23.009727562584448,85.61449792760041,1.258977483686386,36.57866310301637,2.478273540305082,17,D06_px-1055_py-0118,0.8140647570552156,2.478273540305082,2.7720475533938105,2.2984688776637205,2.9622035877640247,1.6312598777389566
-378.4983345847592,46.99002365728059,92.32628294129104,1.2142942387787172,51.09745355458858,2.4110965546099954,17,D06_px-1055_py-0118,0.7851722189585921,2.4110965546099954,2.0327629066571316,2.107557698126943,2.7517248614680363,2.258315372457975
-419.6150828264184,71.43913023735212,89.13022374689487,1.2591456973639787,24.967261938752586,2.365980778627774,17,D06_px-1055_py-0118,0.8141735253440511,2.365980778627774,2.1980214310105106,0.8025579156612708,2.883460502905706,1.7887554106708665
387.19646721993234,122.81692925708948,91.81963644097247,1.23612280404287,36.09872084664562,-0.2998227614831625,9,D06_px-1055_py-0118,0.7992867411870556,0.2998227614831625,3.0529015608513825,1.4107183177017637,3.0251557817363914,2.952503592095426
397.0747496722954,151.9799798173998,82.84145546747473,1.2795584737528027,27.136599780131576,-0.2414325489191604,9,D06_px-1055_py-0118,0.8273725873345273,0.2414325489191604,2.2976366090768208,2.274466252918696,3.050538057153655,1.9122276584926552
-399.939952804905,156.62545735664855,88.89966548342571,1.262522171085999,22.64657022224952,2.1613495821322384,17,D06_px-1055_py-0118,0.816356779846881,2.1613495821322384,2.0471183923580347,2.0830114353907447,2.4013702762921247,1.5155265687809842
446.3412734199157,165.5270108811195,94.17568606092324,1.2753513981529183,7.799912477322493,-0.2518495143157838,9,D06_px-1055_py-0118,0.8246522591153882,0.2518495143157838,1.2428049289086969,2.1569454301123816,2.2031202997757373,1.83357158725009
-371.13048502953086,202.2795004382827,85.61394733783769,1.2687143768773343,27.87416393196054,2.035588977315085,16,D06_px-1055_py-0118,0.8203607088833235,2.035588977315085,1.7455708869025024,2.170192497282293,2.4524041289667595,2.0322376660669006
352.8749705026719,208.38991359007028,76.54239411910785,1.2909904189966857,38.48619401212352,-0.0735383792040831,10,D06_px-1055_py-0118,0.8347645731708271,0.0735383792040831,2.6439560019964894,1.4768901593313313,2.7192154720019626,1.7854529690258003
393.8226964380914,242.55341974022107,86.75635085041961,1.2898569786963665,2.735842049860082,-0.0549544586968745,10,D06_px-1055_py-0118,0.8340316817453076,0.0549544586968745,2.821381097603458,1.5883773179481109,3.4355811033957764,2.5759680652623853
-371.8761069064267,270.2917605636921,91.3835024984518,1.2740164175752955,3.1601338700468773,1.9061046167689224,16,D06_px-1055_py-0118,0.8237890501591694,1.9061046167689224,2.394927159103701,2.543701188490579,2.1254726877792254,1.5246000107957738
313.5204591799615,283.3620761114828,89.12338922301402,1.2570599161770366,26.858689048516,0.1279350665768764,10,D06_px-1055_py-0118,0.8128248428003041,0.1279350665768764,2.185719145285698,1.51839389435473,2.1568765925152933,1.9921493526923064
-288.1850783603807,292.6061058731956,87.34074721815887,1.2545945028792638,34.76838863925667,1.741603027865184,15,D06_px-1055_py-0118,0.8112306871435917,1.741603027865184,2.5773696986970878,1.4888932206323537,2.916654297540763,1.9999076681438492
291.6477154858521,294.9722795850623,84.43628318748483,1.2673098777057084,33.10573555977754,0.184085892370357,11,D06_px-1055_py-0118,0.8194525486566718,0.184085892370357,2.377893105509915,1.8781820335412078,3.2875396321262476,1.944101796080521
227.0222598376884,332.75596713214816,91.610418910324,1.2342290538152951,38.24579695349803,0.3651042020992809,11,D06_px-1055_py-0118,0.7980622273741318,0.3651042020992809,2.9655265662358588,1.3777529697572561,2.0744301609685287,1.5156535832780103
202.3071039107577,364.660235046989,83.23295923570927,1.2728735782923533,32.09020123866651,0.4573092426962176,11,D06_px-1055_py-0118,0.8230500812774564,0.4573092426962176,2.41076910583553,2.2449681943225874,2.3173174295656214,2.4136323430108417
-246.69881482021484,365.1013118295125,79.05064779216843,1.3014983434803646,18.52220103829564,1.5580469324376731,15,D06_px-1055_py-0118,0.8415590799057001,1.5580469324376731,3.199874635206319,2.3733428390737874,2.531175722536657,2.909103336722741
-206.51893034909995,371.26970007045657,85.93186806345437,1.269113732088614,26.434894609747573,1.4714461317535945,14,D06_px-1055_py-0118,0.8206189351083846,1.4714461317535945,1.9231679369428412,3.2174365073300693,2.9565662613801034,1.9773355601649059
-116.19314396617072,380.2549985079288,78.85179010138881,1.2746689461817138,45.435414478882365,1.2603725055594244,14,D06_px-1055_py-0118,0.8242109802956005,1.2603725055594244,2.5829674611864823,2.0152409057261806,3.069161036732315,1.8583718874056645
169.02291758176392,382.0350331355607,91.39226655131282,1.2461365167684224,29.13552896188412,0.5472777307906737,12,D06_px-1055_py-0118,0.8057616867065563,0.5472777307906737,2.215881249796209,1.9705929891391696,2.1640781280360883,3.1322717987525195
239.5809393932267,395.5716321058125,89.28670633799842,1.2820714510503202,2.0602457413015145,0.4192477239859112,11,D06_px-1055_py-0118,0.8289974982481036,0.4192477239859112,3.3231517184988424,2.422737471500769,2.702583701330611,0.8389005552746704
55.831627741256135,399.0564762653032,80.19207727079299,1.2736811512979516,41.72923325469998,0.8248100187574269,12,D06_px-1055_py-0118,0.8235722643435759,0.8248100187574269,3.1227614112441575,3.323114349982805,3.117660585944356,1.6972748384594971
188.0448078158493,406.3912904103108,83.41656032320307,1.291684337752155,12.86377756841,0.5304365640244116,12,D06_px-1055_py-0118,0.8352132665036365,0.5304365640244116,2.2889167047558594,2.6577258459582525,2.0607055588035728,1.6940688049015953
-48.38002409493347,408.4355728580368,79.77276616683969,1.280812279218043,36.656618794689,1.081719450308813,13,D06_px-1055_py-0118,0.8281833078237189,1.081719450308813,3.6267227071478123,2.180782565172522,2.7018766743940548,2.875544623313182
-86.58028874638926,423.2756706483567,81.98256720863725,1.286756069318169,23.09588990722176,1.1655818021720423,14,D06_px-1055_py-0118,0.8320266093176252,1.1655818021720423,1.9054407570513974,2.526593125461088,3.1712993679596106,1.9758090426268629
-132.07764758517126,-431.3555225634482,78.6298092831212,1.3088090421773575,12.054519384526714,-2.4749037408210817,3,D06_px-1055_py-0118,0.8462862352645436,2.4749037408210817,1.563884881006524,1.9217976289768828,2.1779138418431687,2.274280631415117
-32.459259096657604,-421.5899072333624,87.45798730827451,1.262718834484157,27.219942784595503,-2.2546167599086098,3,D06_px-1055_py-0118,0.8164839439491128,2.2546167599086098,2.9918386253029157,2.424843822619345,3.4901091549219068,1.7167161351120095
32.13136528796475,-425.9041254080719,86.63826185005783,1.2683031884132248,24.814919705092564,-2.102475782767715,4,D06_px-1055_py-0118,0.8200948311837802,2.102475782767715,2.1074926772421287,2.1215900609049587,3.2739476748027228,2.5258069651678037
-88.28144121952444,-418.9370459517416,90.54334705990364,1.256241841233519,22.99540744222088,-2.385464460004417,3,D06_px-1055_py-0118,0.8122958690984093,2.385464460004417,1.3157634827185105,2.52009924011164,2.581607888439242,2.609309089174208
86.95548867449946,-413.6296120393866,86.84845379418837,1.2646206461282368,27.507498018885485,-1.970567706439013,4,D06_px-1055_py-0118,0.8177136703374429,1.970567706439013,2.2131143742445,1.763067160394822,2.6603265021632256,0.7152830023414917
104.9884013057046,-408.05176999232407,80.22797385906765,1.2858295083939784,30.2626522949696,-1.9259461248276888,4,D06_px-1055_py-0118,0.8314274877261575,1.9259461248276888,2.578035589018761,2.540756414074573,3.6665167126558273,2.08255743839659
-92.5502993436591,-404.85927422229474,92.36796221440582,1.2411132627601842,30.33142992384961,-2.402512933877203,3,D06_px-1055_py-0118,0.8025136111000972,2.402512933877203,2.3058876034377924,0.962433486000837,2.7487128377017345,2.623834778470381
-107.97530066889348,-394.1826005045822,84.11784853726809,1.2641438346390192,36.98708291591777,-2.4451396194789354,3,D06_px-1055_py-0118,0.8174053602729973,2.4451396194789354,2.5396373588693866,3.3811410891958698,2.7754291689592,1.7329900859566323
-234.41061088429365,-388.81530957894296,76.08582271371023,1.3184670103174725,10.886359770784908,-2.720313403529525,2,D06_px-1055_py-0118,0.8525311535331441,2.720313403529525,3.0238907393360575,2.806135094618023,2.6383554473460684,1.1364129039305437
-86.47587928251946,-386.997201927801,84.437539067642,1.2542214176091604,44.4139625611694,-2.3976178334547225,3,D06_px-1055_py-0118,0.8109894472694056,2.3976178334547225,1.707613798559989,2.2355648361226255,2.9730003260956024,1.77804515126914
87.57809062402718,-370.01378456085416,83.84470844866877,1.243738557770644,54.65531325269217,-1.9453641560334536,4,D06_px-1055_py-0118,0.8042111475315117,1.9453641560334536,1.769037532261664,1.853689655631396,2.9873186937198013,2.82975996092157
-169.76173401008543,-366.2732886930857,81.29027513727647,1.270384128976456,40.93473894066187,-2.6117861609606696,2,D06_px-1055_py-0118,0.8214403837421095,2.6117861609606696,3.2178003330671987,2.0961104762906393,1.97637545456129,1.7770592912113323
-215.1940318433504,-348.2059186678819,83.38799068736145,1.2670842589703508,36.81437808869509,-2.7313313876877343,2,D06_px-1055_py-0118,0.8193066618053454,2.7313313876877343,2.9635445991065845,2.004417681541068,2.743474078962398,2.0538640584979997
276.79670335053373,-345.54483217990185,88.39283318528905,1.272789261376832,14.594477699608376,-1.502398498610825,5,D06_px-1055_py-0118,0.8229955612957737,1.502398498610825,2.389162336104531,2.3555150760894437,2.9978120232310776,2.0339583585681056
-215.4758029537874,-330.5613424014712,93.79152743591136,1.2202186721771444,42.54983303920926,-2.7554492162565687,2,D06_px-1055_py-0118,0.7890030042567205,2.7554492162565687,2.616343378818957,2.519978753130254,1.9838370215637842,0.8196329079331044
199.63331710714743,-331.3127475238172,88.42970091015681,1.232596817303158,49.12008738992847,-1.635481649387461,5,D06_px-1055_py-0118,0.7970068103893746,1.635481649387461,1.584046897598418,1.524042855585995,2.5528574422995347,2.1750075894847125
-301.983201411371,-324.2044512275209,89.58673794719382,1.2692085894210037,14.042266229607264,-2.9277023402536755,1,D06_px-1055_py-0118,0.820680270606634,2.9277023402536755,2.724433057907331,1.991183504726893,3.245911616871865,1.9838568638834053
-314.4172483125435,-319.93867568313226,79.23145486511677,1.3054656155714086,13.49717857606845,-2.9544702522107467,1,D06_px-1055_py-0118,0.844124349287255,2.9544702522107467,2.6039154214205937,3.1833324993628374,2.015353249735867,1.1179956648567164
-305.2646748007268,-310.8742887625349,86.6354102161014,1.2739220366659734,19.487524474349986,-2.95406981127942,1,D06_px-1055_py-0118,0.8237280227198279,2.95406981127942,2.324764223346932,2.380964484870865,2.895775190826675,2.5145270731130083
270.66854217837266,-305.9258871249568,88.9774046138605,1.2474385099714436,35.622472171193465,-1.453449219308775,6,D06_px-1055_py-0118,0.8066035657665388,1.453449219308775,2.6854856321733664,2.2330595121301404,3.174795032212686,1.457965525984281
-317.65021042038,-300.06928005634967,87.99545866791453,1.2703644377124998,18.29440666282227,-2.9916273668110858,1,D06_px-1055_py-0118,0.8214276512157409,2.9916273668110858,2.4143672876309057,2.185258963609742,2.3186060127287145,2.16158645752958
291.9721534565878,-252.89540079116136,83.08913667778435,1.2512070493670644,51.17759782581436,-1.320782383966553,6,D06_px-1055_py-0118,0.8090403330219517,1.320782383966553,2.2177762384518886,1.9230008167452102,2.322944490292232,2.082514790743437
343.9088388689358,-249.1027874853148,80.80673816790787,1.285998671073198,28.03782622482197,-1.2338470816005045,6,D06_px-1055_py-0118,0.8315368696469196,1.2338470816005045,2.00039260197884,1.494545046587417,2.909959185003296,1.6269237730028883
367.2280049920928,-228.3816419071768,79.937521516954,1.2937303618381295,23.40482950642007,-1.1633515258433518,6,D06_px-1055_py-0118,0.8365362417927584,1.1633515258433518,3.1368353296837492,1.7074660369831745,2.7413347054189554,2.3524945773541313
-408.7926758138806,-217.04838887507435,82.43960583633066,1.3033362741544636,3.706630989544749,3.0227129185767487,19,D06_px-1055_py-0118,0.842747500355694,3.0227129185767487,2.2739191857471024,2.9382998265503426,2.311494522188284,1.0858995722153844
359.7693151737296,-215.18333322860843,80.84163299885233,1.2823876624281425,31.417568600471554,-1.146011664262307,7,D06_px-1055_py-0118,0.829201963015584,1.146011664262307,2.080713913002149,1.456334216418939,2.94466778779902,2.1961632637932165
-420.8059752457481,-159.83911511061072,90.25202395971992,1.271598242400718,9.449503310282694,2.897620673282264,19,D06_px-1055_py-0118,0.8222254390449775,2.897620673282264,2.8323702024770063,3.219613131294844,3.214412832732123,1.5325451676049755
408.8683721400226,-140.53915165836582,84.6529530179755,1.2782131878035174,22.144715014654253,-0.9380551542502918,7,D06_px-1055_py-0118,0.8265027148438232,0.9380551542502918,2.867200474320735,1.4474458262175698,3.254351545527384,2.5608280807415906
395.60204535917103,-136.85131286022835,87.37242339132754,1.2600842116735,29.867223704666856,-0.9400254990597428,7,D06_px-1055_py-0118,0.8147803760886222,0.9400254990597428,2.854882622116536,1.5751597000565702,2.8143993034838584,1.5440889684097758
-445.6893217975153,-117.60572096062708,88.41356815730171,1.2838488211986647,3.257003454223991,2.7926062276505985,18,D06_px-1055_py-0118,0.8301467597851508,2.7926062276505985,2.7858107603886655,1.8767490897976766,3.196339113837293,2.4253638216974167
-418.7969192774648,-107.65861091244749,86.98348839474127,1.2706704276283165,21.423394895599472,2.7862313648077803,18,D06_px-1055_py-0118,0.821625506705381,2.7862313648077803,3.5343480334832686,3.617616290172343,2.825216052441902,2.656944931009786
-377.5241854469009,-88.48143550311805,87.78604271252809,1.23563542295984,48.75302708811432,2.7648307117020017,18,D06_px-1055_py-0118,0.7989715967400014,2.7648307117020017,2.57118754135338,2.679087528547421,3.2254249045409424,0.9350494191331361
-405.6631594219245,-51.43648580706501,76.94914683907663,1.288992210868822,38.93703643438556,2.660736141032418,18,D06_px-1055_py-0118,0.8334725160568334,2.660736141032418,3.2546788887797864,2.27905892107216,2.657955859381674,2.097591637141536
-457.72011123302383,-27.58600259652369,87.75418532222523,1.2844667077428376,4.936120753801788,2.5948085875646614,18,D06_px-1055_py-0118,0.8305462900912822,2.5948085875646614,2.3661641872239594,2.537064661670043,2.8070487812139904,1.5878930229067796
-390.0357382644318,-22.90459731513561,89.21572763401375,1.2329653182084623,46.468990445354905,2.593270111871629,18,D06_px-1055_py-0118,0.7972450859771737,2.593270111871629,1.5213901073372635,2.0874639182687855,2.3818041718915883,1.9143384903032596
-396.3517082034295,-6.227473171094551,86.0574808939023,1.2484497174084594,43.99195047744559,2.550323816743452,18,D06_px-1055_py-0118,0.8072574204599019,2.550323816743452,3.062599820366876,1.552731823275528,2.206473015949652,1.629210199842632
-470.0991099933592,15.700004232014985,89.77627172620359,1.2851836264626972,2.999385440685842,2.50122830848166,18,D06_px-1055_py-0118,0.8310098553822214,2.50122830848166,2.8873597567679328,1.607568078599792,3.3574288495845317,2.317024756784603
431.0260057958362,59.22288210581253,83.80843164088753,1.2826885569147704,20.68761749358896,-0.470434722541679,9,D06_px-1055_py-0118,0.8293965237605775,0.470434722541679,2.0426120570689026,1.2846999222092805,2.6345102195137144,1.7139388395014707
-376.04883601512176,81.85614889347124,92.3684100585066,1.2170816523985175,48.97980941390159,2.3202822753221533,17,D06_px-1055_py-0118,0.7869745825597035,2.3202822753221533,2.319294643495517,0.5638473331861862,2.6298336626550958,2.3167321696531546
367.0167088494194,149.05064431968316,83.03375514341295,1.2588433211774042,45.10334045547506,-0.2212135540215716,9,D06_px-1055_py-0118,0.8139780065202018,0.2212135540215716,1.872334667659499,1.7810898204590968,2.7448937467253947,1.2646087490048918
-383.8437382845273,159.50155467218417,87.20105063155961,1.2586011930700256,31.738615070307503,2.1407843239060678,16,D06_px-1055_py-0118,0.8138214445788935,2.1407843239060678,2.1396927206134446,2.5996471926078035,3.376556842620478,1.9757049024200333
-420.1560677215314,162.5098339774703,78.54953889787714,1.3087127778172398,12.473277932648957,2.1655511149123927,17,D06_px-1055_py-0118,0.8462239899710831,2.1655511149123927,3.2906179372025446,2.996786622228252,2.816240047625679,1.286568591006623
369.10499454923655,181.67917153996365,84.17132950119151,1.265845728499582,35.30272071629037,-0.1495789544971494,10,D06_px-1055_py-0118,0.8185058182478898,0.1495789544971494,2.3676019981652865,1.4222862336601407,2.4632098632865977,1.1658861776171616
-361.2873300413372,186.7375961624668,89.36143668227311,1.2448146227620187,36.59776404510666,2.057562930280565,16,D06_px-1055_py-0118,0.8049069396303618,2.057562930280565,2.7225179069693057,2.2451807346988994,2.6999755074503713,1.9256346526887906
341.72577137774465,211.0486091466288,83.47076685875845,1.261340846333251,41.55588981199935,-0.0537218708349943,10,D06_px-1055_py-0118,0.8155929259572678,0.0537218708349943,1.8973011867510419,1.7365125135314416,3.0280689944545807,1.5967707347455193
-359.83120141137096,218.35154595953944,88.95136241976766,1.2564438697080582,27.96227934615729,1.989196485846361,16,D06_px-1055_py-0118,0.8124265023012864,1.989196485846361,3.2416782254521808,2.072325005612071,2.0633675571131214,1.1850618838016118
336.62863486389125,223.81040321095443,79.46948596458961,1.2770970254815246,41.13324047984963,-0.0202297932821506,10,D06_px-1055_py-0118,0.8257809954951763,0.0202297932821506,2.2059292409810163,2.575115450795856,2.30865412816143,2.1631967698157837
-316.0993357097224,227.05215834224185,77.69281595282311,1.272824178368091,51.00664573305937,1.9117147333594,16,D06_px-1055_py-0118,0.823018138897339,1.9117147333594,2.3366879682127366,2.450658006491015,2.86211074009333,2.0178206467108524
348.8504472047542,262.0716546689893,89.0950508232468,1.2664125399743609,18.368408002915142,0.0373169855450651,10,D06_px-1055_py-0118,0.8188723230118677,0.0373169855450651,1.7642389299575998,1.8057217893643451,2.5136295873030448,2.609071421085571
368.9034568870948,281.5017314781975,86.84588160130821,1.2904532514976463,1.764305283223962,0.0448384392200016,10,D06_px-1055_py-0118,0.8344172364350477,0.0448384392200016,1.312567344522979,1.7937281485659469,2.8387078710875127,1.2473932068299085
318.0828978612007,317.40769596974064,88.5782723930646,1.2763486185417796,10.42403616056714,0.1773561427652809,11,D06_px-1055_py-0118,0.8252970696732481,0.1773561427652809,2.625720739491578,2.3464031888271077,2.5887064611048025,2.0042764669650284
-256.3332886779957,316.08673987799614,74.5706808882469,1.2960227426223814,40.80900308351033,1.6452042369721975,15,D06_px-1055_py-0118,0.8380185132633694,1.6452042369721975,2.9014840761010015,1.8142112183750103,2.959165022726147,1.6237653417610574
256.7649683608857,348.2218262051913,89.66985181882947,1.2621307824767556,20.47095974273475,0.3284542592289037,11,D06_px-1055_py-0118,0.8161037048894441,0.3284542592289037,2.6735690466934625,1.9220969604801525,3.040699613540216,2.691323675542895
-75.97042676754566,392.70263119735074,70.46790054741302,1.306113999824973,46.27393150357784,1.1549115797451677,13,D06_px-1055_py-0118,0.8445435996524885,1.1549115797451677,2.5357910021093546,2.024892595226895,3.344527640478599,1.9004550233066069
100.9609937965219,401.3430248119436,80.5339046138605,1.279906667908259,34.84679487555894,0.7173724458005172,12,D06_px-1055_py-0118,0.8275977324179322,0.7173724458005172,2.388301363857596,1.7655861695044093,2.698226443321985,1.9773384833973469
181.51204356014395,420.1704963367159,85.0099175774694,1.2924706519095264,6.2312924201498845,0.5560352871500555,12,D06_px-1055_py-0118,0.835721703431051,0.5560352871500555,3.117394543390637,2.1484613487285906,3.4255430845221477,2.6631546948776355
-113.88136687466822,-426.691206341841,82.1920724838966,1.2919310697775517,17.051273820446113,-2.4385905753950574,3,D06_px-1055_py-0118,0.8353728053745972,2.4385905753950574,2.6066199220946666,1.4625971882561708,2.1545567236239402,1.8293834218648937
192.9441734444537,-407.4799033613156,85.88143921593667,1.2857213216462884,10.265326644781736,-1.735547209102542,5,D06_px-1055_py-0118,0.8313575333229882,1.735547209102542,2.8538409238499614,2.2746606534283442,2.969764198890199,2.104760872744105
-240.0837585714192,-403.6121600121177,89.1600327727053,1.2866161161640417,2.3638514726853828,-2.7143909580016485,2,D06_px-1055_py-0118,0.8319361145058513,2.7143909580016485,3.135739518975779,2.659062231320121,3.6609622470615597,2.229085153067918
26.64049457419511,-397.4923592112828,83.84747588133905,1.2576516573994732,43.45768788513078,-2.110854539038411,4,D06_px-1055_py-0118,0.813207467335472,2.110854539038411,2.7490424552150623,1.7901094928720875,2.355300680824227,1.0664882407877148
-219.92758245648625,-389.7954139019772,79.5442867949705,1.3038905116028787,14.051980408166289,-2.6914655247363264,2,D06_px-1055_py-0118,0.8431058746551882,2.6914655247363264,2.5639128809569427,2.317718650446672,2.483389465994157,1.478088855776785
-3.2125368308794138,-392.87331543892,69.0685521706285,1.3066575956465625,51.092449418903584,-2.185952706245223,3,D06_px-1055_py-0118,0.8448950929922604,2.185952706245223,2.806472026235734,2.294288562523224,2.479657686076112,2.441936134217289
23.715976102041623,-384.1742697486312,91.0695501701936,1.2217010644443504,49.39585312930944,-2.1161217594202344,4,D06_px-1055_py-0118,0.7899615307724848,2.1161217594202344,2.437620260003718,2.037009988809009,2.86550406167591,2.262475478563985
190.7923692004072,-386.90758101597146,74.27607871334595,1.3118546410282317,25.56829648061847,-1.7196463369506176,5,D06_px-1055_py-0118,0.8482555434696156,1.7196463369506176,2.218311191212065,1.917781592997022,2.351255042964514,2.049196217561211
-216.1939774366076,-364.3873387143768,91.30631523426008,1.2506623149475131,25.500502824630416,-2.713260350575464,2,D06_px-1055_py-0118,0.8086881034557698,2.713260350575464,2.0619422471801854,1.4342231669757002,2.520144569092392,2.0062209583670882
168.88301809178074,-348.2358831889595,91.22659556677118,1.2229119335338408,48.04635273420871,-1.7262265662571736,5,D06_px-1055_py-0118,0.790744488262936,1.7262265662571736,2.901978230624872,1.678978758519147,2.879927207435178,2.4032452622101026
-191.90240966493408,-345.809785411737,88.82382962981453,1.23811149383507,43.6635669216497,-2.684401049038325,2,D06_px-1055_py-0118,0.8005726436702398,2.684401049038325,2.3222455783924483,2.3043109000135003,2.4355708899117015,1.5749780832673828
280.4447769961864,-324.3967130358879,87.43193092965001,1.2668370100699644,23.52285483488941,-1.464917060673029,6,D06_px-1055_py-0118,0.8191467887189452,1.464917060673029,2.43568043382249,1.2548013331947718,2.6251157589607,2.5006453463226332
-291.2487105380208,-293.87477866363434,84.30087667227107,1.2670373064616076,33.804128375609764,-2.958685994212766,1,D06_px-1055_py-0118,0.8192763019433793,2.958685994212766,2.56015239354926,3.1796577425335433,2.132311986462528,2.7837265496822288
-304.29273987290946,-286.6450421921119,88.77757067002653,1.2550137191654205,29.781465664641985,-2.9930290332406635,1,D06_px-1055_py-0118,0.8115017556961003,2.9930290332406635,1.8496232816363458,2.745663664962357,2.438953280229855,2.017173672520246
316.875629189722,-266.9913801892695,87.1214046138605,1.2579493985606354,32.56953300531342,-1.3071469856438127,6,D06_px-1055_py-0118,0.8133999891153827,1.3071469856438127,2.1294640184955718,1.4622891848663615,2.3513973963692836,2.461886113324924
401.5611206860073,-198.2091653348867,84.98170423932865,1.286737997727631,12.41248875856536,-1.0654912340173257,7,D06_px-1055_py-0118,0.8320149240848457,1.0654912340173257,1.4911694305894474,2.229881025925857,3.071605333533245,2.0394728358347343
-355.8396960350269,-172.32131144257465,86.93796375364545,1.2445882779440436,44.347113387829495,2.9855950458135814,19,D06_px-1055_py-0118,0.8047605832882959,2.9855950458135814,2.250655317260941,2.9991483326263735,2.9800583358746136,2.5124541172560386
-402.9627866950077,-142.65425455989114,86.8134300400379,1.267964219532431,24.54308722813749,2.8748589318927444,19,D06_px-1055_py-0118,0.8198756512356332,2.8748589318927444,3.4831361784059087,2.5363099592242433,2.9409479337697015,2.3550369687336437
-381.0502490304186,-142.1161655132352,84.51029350274939,1.261371733056586,38.11564761586459,2.891593327831373,19,D06_px-1055_py-0118,0.8156128975558498,2.891593327831373,2.615843761098108,3.306663133661412,2.7934594542630746,2.067581006379928
-400.18652354022254,-126.7815716757002,87.90403766708178,1.259140105590122,28.971146712148595,2.841416252210842,19,D06_px-1055_py-0118,0.8141699096590327,2.841416252210842,2.912893197666371,2.8730448707674663,2.2673602531429164,2.370106079319129
409.74150618406384,-120.22197031449448,79.70054668391165,1.2911719804878925,26.868148244099245,-0.8923789026621698,7,D06_px-1055_py-0118,0.834881972261077,0.8923789026621698,2.459668291586847,2.3680847808851633,2.934465506748868,2.4960214297601664
-358.3278240943745,-109.19207548136944,90.21716333205087,1.2159578432021287,55.98050898922463,2.830400728535873,19,D06_px-1055_py-0118,0.786247918681843,2.830400728535873,2.2669120212629563,2.601774770458843,3.0012055071866426,2.5543230267594588
410.2753892096684,-32.419551354263724,85.94992172412665,1.2599184149451692,34.66499588151203,-0.6858346812165826,8,D06_px-1055_py-0118,0.8146731706182161,0.6858346812165826,1.9187397505223491,1.5131945998438632,2.6207916401405447,1.8290551208987256
-427.2329907157538,10.50812939169908,87.17757670875397,1.2666996701799282,24.50015423766439,2.510022297976359,18,D06_px-1055_py-0118,0.8190579836643156,2.510022297976359,2.9497329061542055,1.3307217109525569,2.751044864010491,1.3086541360836328
-450.0882512445429,60.80787080455322,81.99537942819691,1.2998773310322238,9.253145828244556,2.400324116352622,17,D06_px-1055_py-0118,0.8405109204891272,2.400324116352622,2.2510858666666884,1.5901815305826716,2.6598916077703247,1.1999604619427633
-444.9532749021847,84.85004746014317,85.08061721228569,1.2894930183046625,9.166310158510669,2.346181164230531,17,D06_px-1055_py-0118,0.8337963420893649,2.346181164230531,2.871132942046452,1.985213305875111,3.122614192820879,1.2845799572554668
-391.53421307961446,95.45278749843314,90.62774330827868,1.237714347263296,38.45852040323854,2.2954860551221343,17,D06_px-1055_py-0118,0.8003158455688792,2.2954860551221343,2.010236379830564,1.7112279799435859,2.843942228976026,2.0707308644653337
-345.5969091263757,175.35217916387023,86.65800966462851,1.239460573648551,49.25501782720994,2.065071549740791,16,D06_px-1055_py-0118,0.8014449693034146,2.065071549740791,2.581509832084289,1.2616141077611276,2.1174757245209155,1.8516177658138653
-316.23852697089706,185.8101136273472,88.23275186481655,1.2163402540328745,61.4296594648857,2.003388537463262,16,D06_px-1055_py-0118,0.7864951885369915,2.003388537463262,2.993370018190466,2.3178961869739707,2.690394923430744,2.2685246155463927
-387.1093890769026,202.3153868352865,88.1150860364863,1.2698630125443295,18.37126520465773,2.0530250193624013,16,D06_px-1055_py-0118,0.8211034257526193,2.0530250193624013,2.2392067691302087,1.6981554664004488,2.9063605283201692,1.7912512922399197
-398.2442392548132,218.5984497574454,87.72840305865051,1.282010713603324,7.596150193110532,2.032610613053619,16,D06_px-1055_py-0118,0.8289582249364886,2.032610613053619,2.92407423336633,2.707892970702952,2.663186011417118,1.8982704899164615
371.7598402552957,233.41163210581243,90.8814046138605,1.2624368363115115,16.195362247851733,-0.0463291266809499,10,D06_px-1055_py-0118,0.8163016017095738,0.0463291266809499,2.3151024051580675,1.3196826678921494,2.3930224673888674,1.9889425389348871
330.4243082305022,238.55370855209352,83.18516812307854,1.2665233535214466,37.98944163859147,0.0183342981983585,10,D06_px-1055_py-0118,0.8189439759242158,0.0183342981983585,1.8792022045617252,2.2157766107235033,2.5226448641986847,2.1314424599297968
362.1731728964918,239.32508587103948,77.65817094830126,1.3022253244978588,22.98506791773127,-0.0230474473047499,10,D06_px-1055_py-0118,0.8420291515575435,0.0230474473047499,1.7106499704344251,2.6359423863591314,3.473282366644369,2.2746196714182663
-377.6539434615589,246.88208052092983,86.65206599758494,1.2835057877669696,9.836296449403108,1.9556232520369663,16,D06_px-1055_py-0118,0.8299249516663774,1.9556232520369663,2.447951656416726,2.2220103713361254,1.80354028374999,2.225611678506001
-337.1598992354333,254.6752341505166,81.36542290189706,1.282780343088716,29.19684878504404,1.8876939557930648,16,D06_px-1055_py-0118,0.8294558734235875,1.8876939557930648,2.967984287862595,2.469117371385833,3.903808307927859,1.6959387040499556
-345.63361336263125,279.0269431974499,79.20237607104627,1.3030722049827062,16.244261295358683,1.855442166122875,16,D06_px-1055_py-0118,0.8425767511493436,1.855442166122875,3.1114063885066647,1.303702000651195,3.1172239794101797,2.8455578870822142
283.592169846925,280.6520694280392,88.8930827934623,1.240581347304808,41.49101503741383,0.1732079911963251,11,D06_px-1055_py-0118,0.8021696703771171,0.1732079911963251,2.710999472873036,1.3755057517115779,2.772357793311238,1.46308066450031
-302.313804817697,287.0572616678562,87.18198855546638,1.2595231349168612,30.98742773360885,1.7750953207013025,15,D06_px-1055_py-0118,0.8144175794385621,1.7750953207013025,2.7926050931760633,1.7192407887176209,2.846150759701656,1.1512078548486726
-347.58786712579274,303.10924548247294,87.42851788339343,1.2870165565661529,3.383831447570003,1.817464132359687,15,D06_px-1055_py-0118,0.8321950424238512,1.817464132359687,2.2564370183429676,1.993714810361816,3.877596205975681,2.3215889254582143
199.25395042833253,326.2962317276078,84.96215031303714,1.241368457706458,53.01112356357959,0.4156006100348294,11,D06_px-1055_py-0118,0.8026786221623537,0.4156006100348294,1.8497962449470868,1.9136174120658653,2.6023506938321854,2.4964019878124275
-181.9297317183542,336.6080086385544,77.58384917425707,1.268414289353317,55.116192073062734,1.4593212370484143,14,D06_px-1055_py-0118,0.82016666992671,1.4593212370484143,2.4950443054949822,2.4454048636575854,3.121678247512106,1.441823373974524
-266.9502374386349,347.4044238130504,79.20420240678487,1.2995282127919348,20.05441621624101,1.618998745382188,15,D06_px-1055_py-0118,0.840285177885191,1.618998745382188,2.962307665229342,2.8356351898550782,3.1993767572416827,2.0693581901037583
186.51977471315087,372.3305631505295,79.23406785090046,1.2860335929357267,33.60160547988545,0.4994078020680313,12,D06_px-1055_py-0118,0.8315594503982862,0.4994078020680313,1.988914630485663,1.53978053968773,3.4413457934068186,2.278427993473905
-154.3581493824937,384.43592915584986,79.58548228376341,1.2834215487261291,34.85533971847752,1.3456315643103136,14,D06_px-1055_py-0118,0.8298704820390767,1.3456315643103136,2.576310994862598,2.2746418062240856,2.540819732957547,1.0881238124825465
-169.282891494857,385.4954294485125,79.7438542167927,1.287257425300254,30.594983789679304,1.3775951651003957,14,D06_px-1055_py-0118,0.8323507900444791,1.3775951651003957,2.4340360789341444,1.5647752466381493,3.3484953425991884,1.640805102408883
123.66926763178095,390.7044768525291,85.96843400723134,1.2586162568467745,35.738648938563585,0.6572656695803955,12,D06_px-1055_py-0118,0.8138311849355864,0.6572656695803955,1.2298291251286926,1.300851697646183,3.2122596976380167,1.2891530325542289
-77.11175226679494,411.5261665577771,79.18831568737053,1.2876390939971938,32.209518427362696,1.1490487690265505,13,D06_px-1055_py-0118,0.8325975800300633,1.1490487690265505,1.7318373192796388,2.1738853612934363,3.2457986186003347,1.7602441622563059
-72.72961891978849,-451.2475892746589,77.0918423242982,1.3169112485706362,8.708537260358128,-2.337576124808189,3,D06_px-1055_py-0118,0.8515251857339697,2.337576124808189,1.8465830903982734,1.5473760126136935,2.062780057439217,1.7307813030387909
-52.62573954444485,-428.7260703832421,78.65970524625874,1.2976359670892232,24.069708642456703,-2.2999139724794784,3,D06_px-1055_py-0118,0.8390616369098939,2.2999139724794784,3.01080990382193,2.388757794623618,2.086392432414975,1.722443926175112
-63.1252147613919,-420.0158705016135,81.89766660801985,1.2824171282413357,27.676121830800582,-2.3269518098987265,3,D06_px-1055_py-0118,0.8292210158424768,2.3269518098987265,2.57043121275755,1.520340145204964,3.36281686564013,2.578454065124819
-229.43295914114648,-366.8231873562799,85.64580105604603,1.2751815915346605,21.659760520960333,-2.736705359848836,2,D06_px-1055_py-0118,0.8245424608185723,2.736705359848836,2.3981335521330958,2.698609062589288,2.157418588781056,3.0616023299721515
-253.55516785316308,-366.9330026892057,81.35762672076243,1.2972031486704731,14.53425802310079,-2.782444213312397,2,D06_px-1055_py-0118,0.8387817731113157,2.782444213312397,2.4659113582475625,2.7947119237801434,2.4553314429927937,2.2721003603214505
-197.4385555820572,-356.7169809078862,84.48881730921067,1.2621728454571548,37.48906301680773,-2.6832930244825604,2,D06_px-1055_py-0118,0.8161309031438715,2.6832930244825604,2.5742023138808188,1.5220068099319155,2.688106750995248,1.9877025802149397
-318.0113089382527,-334.52547033353704,78.11529957520415,1.3160801710578212,5.62653676696749,-2.9378717898286624,1,D06_px-1055_py-0118,0.850987804468355,2.9378717898286624,3.7996276483156963,2.304758541251556,3.2097140536327418,2.435673754957439
261.51361774796425,-322.0280563106099,84.81377998042942,1.2660556524703737,32.97445150949085,-1.4957103346722165,5,D06_px-1055_py-0118,0.8186415567408311,1.4957103346722165,2.525693492622369,1.8121405813101255,2.3952842471844535,3.434733516669864
-313.5647152501195,-268.4391756559204,87.58097140086409,1.2552757001033867,33.408173028603414,-3.040553982689492,1,D06_px-1055_py-0118,0.8116711546340337,3.040553982689492,2.887128543805577,2.5966841785188155,1.9991626482468572,1.6845820342930706
342.29692840944307,-265.0820769543513,76.9987275045689,1.303715768805059,23.889909240648763,-1.2659280341543109,6,D06_px-1055_py-0118,0.8429928845857885,1.2659280341543109,3.559705753746486,2.7598060587631936,3.2611988621214136,1.5724836716618833
-329.1226386865673,-246.4137331771649,76.48313110582262,1.2920561461784663,37.66965086193534,-3.1059043482627104,1,D06_px-1055_py-0118,0.8354536807605698,3.1059043482627104,3.2091800313796366,3.8998913885979456,2.2673803535021158,1.7601507866035297
379.8676640107171,-238.45102134506448,81.3064508141245,1.2988114478934587,12.988749046768248,-1.1675333393252476,6,D06_px-1055_py-0118,0.83982171205637,1.1675333393252476,3.3985176995268516,1.580082380946799,3.1086063393363244,0.9259687706130214
-324.9266029927276,-209.58411331657632,82.24470881694003,1.2545373328025096,51.20273502227275,3.107479397398857,19,D06_px-1055_py-0118,0.8111937205216728,3.107479397398857,2.085820405200441,2.1010731791315145,3.2258235859745032,1.129155614363084
421.37385827985975,-186.1026026119824,78.88810253248042,1.3131782378542505,6.009180649941925,-1.022873573893657,7,D06_px-1055_py-0118,0.8491113916023854,1.022873573893657,3.0408264385918544,2.129832363451939,3.0891149738391968,2.5470301691832837
403.4039637942933,-163.34779220302096,77.7026363513296,1.3027361192829885,22.27297809707477,-0.9917231870630264,7,D06_px-1055_py-0118,0.8423594354887892,0.9917231870630264,2.062119413807276,1.8749720364682907,2.9264207786151264,2.010161403328544
-363.98700968687854,-158.47741858809653,89.26072612504015,1.237767248560836,42.597797898747785,2.94525374937935,19,D06_px-1055_py-0118,0.8003500519645359,2.94525374937935,3.1186730307987265,3.374205342458764,1.6410157969944954,2.3026461969938
-387.6388160055287,-117.38556611032892,84.1607880568809,1.2613824669591074,39.25412879070007,2.8286569027858066,19,D06_px-1055_py-0118,0.8156198381817638,2.8286569027858066,2.6019712573379428,3.072513742292709,2.3830428125033416,1.7581968521655598
-425.27572811971805,-109.513839403456,70.3235215382874,1.329244240498169,21.66145067987037,2.7866498314131016,18,D06_px-1055_py-0118,0.8594997954528453,2.7866498314131016,2.8768838200912925,2.5319544459657886,3.1446487575229125,1.3653230581179139
425.6080566968448,-98.16184416719736,86.29407972741535,1.275718739370655,18.91108276825304,-0.8336547918182866,7,D06_px-1055_py-0118,0.824889784840072,0.8336547918182866,2.7815293889582895,2.2620887790235216,3.1152007200112273,1.493348249876849
-394.2806617683656,-91.66405438235677,85.2705951493524,1.2573982178531788,39.05442908153424,2.7630396866461595,18,D06_px-1055_py-0118,0.8130435913286683,2.7630396866461595,2.387450498129449,2.118976586670384,3.56251288327156,1.752168822696064
-370.3981028198217,-78.81472352799034,88.73126376879009,1.2248175754302169,53.99051230847823,2.744270057262676,18,D06_px-1055_py-0118,0.7919766913225691,2.744270057262676,2.758519866761432,3.1993425670247504,1.6409277988213646,2.271533095622107
-429.38039122618574,-57.48600678307648,89.82846479904569,1.261994083606266,20.07555358417352,2.667703014694551,18,D06_px-1055_py-0118,0.8160153143231021,2.667703014694551,2.7419597620630034,1.7842918099502227,3.284585152672153,1.936889058136946
-463.4631010927816,22.999403555023544,77.82131570521415,1.318293492532705,4.144575714205246,2.4850286963380306,18,D06_px-1055_py-0118,0.8524189555668327,2.4850286963380306,3.2435328295081893,1.7691457477228996,3.575875144387881,1.2488732605919362
418.1191971084127,59.37747646960413,84.07238668047023,1.273597341206196,28.55371978385523,-0.4659119097590648,9,D06_px-1055_py-0118,0.8235180720781321,0.4659119097590648,1.8604344550896912,1.6596390178085072,3.5124768002967413,1.8029419993419964
399.14885464727496,81.38923398162109,83.30264652847885,1.265995529988824,38.063851597499365,-0.405830107050194,9,D06_px-1055_py-0118,0.8186026810707173,0.405830107050194,1.9647417335836894,1.152606761431338,3.6867880556279644,2.019591014386758
442.2405010908296,154.21003035175747,85.27081992883603,1.2976961913221703,0.5041956500313063,-0.2714617631556089,9,D06_px-1055_py-0118,0.8391005783732626,0.2714617631556089,2.0973729859856975,2.257087304303469,2.9038280266919436,2.862167652504607
411.1383996626605,170.974707959284,87.5624096004351,1.2770133270480175,13.261615195522609,-0.2128786563195031,9,D06_px-1055_py-0118,0.8257268754288354,0.2128786563195031,2.3910407954655257,1.8193068206077965,2.6363124636925352,2.408671229545429
-327.82202062041057,195.86262786852444,88.21999218448201,1.2293090431361755,52.2132383102811,1.996058678052612,16,D06_px-1055_py-0118,0.7948809097174577,1.996058678052612,2.7185030761675737,1.8500421288406605,2.5807714904214096,2.105383590277079
369.2539331510362,204.0260543880757,83.75414460114598,1.274364302078249,28.922359804048483,-0.1021914575656361,10,D06_px-1055_py-0118,0.8240139950188271,0.1021914575656361,2.9181917811254507,1.2485372448777872,3.225967719275025,1.9556351663318234
383.5452691768644,219.1487154391457,84.65008108444874,1.2841038391884805,16.295622671680007,-0.0878727471126198,10,D06_px-1055_py-0118,0.8303116564259678,0.0878727471126198,1.4545757383981894,1.7599739672958163,3.177174088290032,2.0875647875954364
-354.2135604311525,230.6979662510737,69.15515129233702,1.324229586778747,32.30936626273689,1.957327187796607,16,D06_px-1055_py-0118,0.8562572808608733,1.957327187796607,2.7973080128443053,2.5143722807388347,3.328046995571703,1.7207968771018107
-350.4558990407856,242.54402869507229,86.22285599267039,1.2690600354220642,25.50562200416391,1.92922141042935,16,D06_px-1055_py-0118,0.8205842144208616,1.92922141042935,2.140747321656203,1.2254310075475545,2.535831423430499,2.5798802394933906
-367.2574140016703,262.5743217342954,84.89284424234347,1.2891955419843872,10.157176485747923,1.9139173619002925,16,D06_px-1055_py-0118,0.8336039915576577,1.9139173619002925,2.017069145559767,1.9096930850553233,2.7638398328857616,2.379183843872692
-321.437393322951,269.8046027790101,73.77716949705567,1.3066525828981757,33.06239502836809,1.83632333443266,16,D06_px-1055_py-0118,0.8448918517096715,1.83632333443266,2.417795897245547,1.4743176838773158,2.9515432553381773,1.8060631067348933
320.60281854115163,310.14346175063355,67.25953676927386,1.3428530143125743,18.00175640640981,0.1618376408039145,10,D06_px-1055_py-0118,0.8682993357882329,0.1618376408039145,1.4974274182791154,1.88240124916968,2.444634826109623,1.5321699487591474
-295.90565778351527,339.60602000837224,79.0407687757102,1.3071185985195717,12.379178264507573,1.6805589768619351,15,D06_px-1055_py-0118,0.8451931810809521,1.6805589768619351,2.718490565780998,2.5760572869185987,3.2303532556183705,2.24535562374684
298.4071660652052,355.6362074988568,80.51892724368423,1.3100401900872845,3.326477294452843,0.2656967181515677,11,D06_px-1055_py-0118,0.8470823052000115,0.2656967181515677,2.0181782622687114,3.012481720569948,3.309401774886253,1.735855111415482
274.5278765850363,376.0086911044338,89.07188713046659,1.2845400162722505,0.1920399589006365,0.3331669852356436,11,D06_px-1055_py-0118,0.8305936919638017,0.3331669852356436,2.8182055942191537,1.2086411622071846,3.5082492445981197,1.4266624355370197
-183.48632961649915,378.1785231314535,85.64790034035622,1.267024038620176,29.312797368466136,1.4155418504598924,14,D06_px-1055_py-0118,0.819267722852608,1.4155418504598924,2.243627759642581,2.203235870865048,2.7153230537064745,1.1630192229399854
-174.27852420232674,406.3585278264395,76.5838682010432,1.310376434876307,18.21499472441775,1.368968158404975,14,D06_px-1055_py-0118,0.8472997237289634,1.368968158404975,3.4330206330180695,2.2136964234321996,2.352607578044629,2.092545060377695
-62.57086181736607,401.8057942666928,73.42165124637805,1.2998529747812868,41.31450693001216,1.1183001683072615,13,D06_px-1055_py-0118,0.8404951715454339,1.1183001683072615,2.7192313411074345,2.0258224847178194,2.7154440309483165,1.697114535470418
-200.07933377845592,395.67630020954994,69.52610836478314,1.3340776857269785,19.175041899341466,1.431985477625807,14,D06_px-1055_py-0118,0.862625139207532,1.431985477625807,2.882707059432816,1.3390005501556703,2.992996863689756,2.672603468154799
74.68842001060491,405.02222651947824,90.77726795642748,1.2438678030182535,32.96821202767302,0.781459692339837,12,D06_px-1055_py-0118,0.8042947185265924,0.781459692339837,2.8148770348061762,1.5718630893228653,3.13148874837794,1.6086320655621957
-147.77690663343049,406.182213486974,68.1222342868717,1.332915336242432,26.55404926790948,1.312749312861463,14,D06_px-1055_py-0118,0.8618735548757932,1.312749312861463,2.172343801909856,2.970991027425807,2.528560704700716,1.5486765110398266
158.9715061281741,418.57702481450656,83.7756131348165,1.2905208417442968,12.789816632730492,0.6008530122161609,12,D06_px-1055_py-0118,0.834460940820894,0.6008530122161609,2.561446949108823,1.9802517789975858,2.039838026491,2.475320478823814
-57.466763794253225,-458.547666985572,74.35482074668835,1.3281440159301836,6.190686484066475,-2.302449288950823,3,D06_px-1055_py-0118,0.8587883815814703,2.302449288950823,3.0423719024022517,1.707399424497004,2.7898260637044716,1.5829653301504374
-32.08905481451237,-441.1414335261995,82.80504959017563,1.2903680966549065,16.457220316520363,-2.2503889353699105,3,D06_px-1055_py-0118,0.8343621746430258,2.2503889353699105,2.4554010582254486,1.8000185710976293,2.5197588473915435,1.861029644408453
76.12337241679842,-430.5110039457141,66.98397412923902,1.3393064824729368,23.6829747413272,-2.0027638822626352,4,D06_px-1055_py-0118,0.8660061203671204,2.0027638822626352,3.0194499036161417,2.54326498529296,3.491806378603817,2.4830704983564935
22.02142326054487,-428.8729271680283,78.05465045812997,1.2981299997278155,25.80137771737344,-2.1264737152461706,4,D06_px-1055_py-0118,0.8393810823051645,2.1264737152461706,2.444774428688125,2.158115810224859,3.0985026586494553,2.620966065882559
-109.91286529562252,-408.68712902384806,80.67122839423519,1.285536043667684,28.97311116180049,-2.440500705581764,3,D06_px-1055_py-0118,0.8312377311227148,2.440500705581764,2.1697110135967637,1.8950160200981383,3.6745181927453014,2.1840423850335187
18.2131917653627,-413.78629574653655,84.1979146809746,1.267687480075268,33.563209968578576,-2.1337883135835924,4,D06_px-1055_py-0118,0.8196967093229445,2.1337883135835924,2.2485507013122623,2.33020931685487,3.610261386335654,1.2510818662764644
-62.69473060977501,-407.97388612052055,86.02880396097689,1.260504882061377,33.89278803488304,-2.330256414530013,3,D06_px-1055_py-0118,0.815052384874756,2.330256414530013,2.3547115219508967,2.4192087688313575,2.8394604234890473,2.00337808962043
-53.80224210327513,-391.9409077708357,84.13378232547254,1.2545966838388394,45.07973099284044,-2.3141945682678875,3,D06_px-1055_py-0118,0.8112320973692312,2.3141945682678875,2.608375067282294,2.848223440522337,2.2667260910733797,2.2715096831782664
-268.2635479915278,-360.8364393324141,81.23843624403082,1.2996747298571305,12.302866352567436,-2.817071230493672,1,D06_px-1055_py-0118,0.8403799169735611,2.817071230493672,2.95708704315805,2.2631681594906423,2.6741440999043435,2.5649921852794657
139.83678428449016,-347.1202448727313,85.89147144467302,1.2313607621001723,57.67661665459781,-1.7948165049896554,5,D06_px-1055_py-0118,0.7962075673595636,1.7948165049896554,2.0794060052471677,1.788377075871478,3.1736614761384154,2.8304854460664393
-308.28921395770686,-343.61871755201474,81.51567321950634,1.305541440949931,4.699615841886612,-2.9090329765831844,1,D06_px-1055_py-0118,0.8441733785742322,2.9090329765831844,1.9959402705046847,3.0636630182580555,2.569944991347896,1.7119212108339579
-286.1073628908477,-343.732097596488,84.19569419437471,1.288875301733447,13.000877732551146,-2.8719368799821665,1,D06_px-1055_py-0118,0.8333969216890866,2.8719368799821665,2.092351182003955,2.2462970600982706,2.2684738772191606,1.9885931983825875
306.64754716098986,-332.8483415848386,89.54935370832942,1.2752965205350846,8.144543269722703,-1.4333258064012366,6,D06_px-1055_py-0118,0.8246167748154635,1.4333258064012366,3.2397028008118323,1.712728919079506,1.7223688098861072,1.9345186977582647
-333.99364694514003,-327.3179784606364,87.24223794719387,1.2912972447958584,0.5953118161753537,-2.973268267295936,1,D06_px-1055_py-0118,0.834962969149229,2.973268267295936,3.0349260725669396,3.055938560673517,3.218645586370757,2.719104293969292
288.6035375444523,-312.35113395844456,85.20232830863961,1.2718077966704049,26.38488353031437,-1.4318735974822905,6,D06_px-1055_py-0118,0.8223609384862726,1.4318735974822905,2.309088524319001,1.3992640327583108,3.3731921774385243,1.7932655537344564
-333.481682952302,-289.75910291291416,84.80995464061277,1.2836175610287055,16.224100713040457,-3.0332128654606456,1,D06_px-1055_py-0118,0.8299972251377772,3.0332128654606456,2.1446183684079276,2.9415081398088754,3.6334195098816138,1.835759346601992
-275.78515352445334,-278.63833381803,85.86052187911363,1.2458066207242884,46.74071859507433,-2.958027856375336,1,D06_px-1055_py-0118,0.8055483733260541,2.958027856375336,2.258277923303573,2.718613785599235,2.096370686243002,2.3453590383880925
-356.7640866012984,-273.06734836793913,84.09848527967358,1.290401984503303,11.748093152637978,-3.095287503849117,1,D06_px-1055_py-0118,0.8343840867927103,3.095287503849117,2.7851307363584947,2.7541845710072104,2.7566338475149434,1.9018738472317365
-324.1379315029848,-260.8777732853081,88.04945253493165,1.2560543728541185,31.219893888647505,-3.0708896038333435,1,D06_px-1055_py-0118,0.812174650567729,3.0708896038333435,2.5144317440716795,2.873652239575145,2.55744253560393,1.5004721002296764
370.536697838361,-251.4843097484212,86.10886442093445,1.2831759645289622,12.092167344361712,-1.2032686482768875,6,D06_px-1055_py-0118,0.82971168536289,1.2032686482768875,2.333088203497133,1.182670867523744,2.557763511350828,1.498670136400397
-346.11105063712483,-238.13165334651032,84.00502319576759,1.2723598669319307,29.937919880372306,3.137254129389349,19,D06_px-1055_py-0118,0.8227179114656545,3.137254129389349,1.9373950119978511,2.742640688735724,3.115956679751137,1.2077221832914522
-314.8165332999656,-226.0220516769951,78.62569067213161,1.268256916994322,51.75079927915817,-3.1259015534398555,1,D06_px-1055_py-0118,0.8200649117198695,3.1259015534398555,2.5542902069134086,2.172156708823941,3.5631863908967727,2.813431426710958
386.1017814264343,-223.96423174480395,83.16592963198957,1.291633127301571,13.827431135560856,-1.1326121596235694,7,D06_px-1055_py-0118,0.8351801534229393,1.1326121596235694,2.038495158681231,1.3331048162614896,2.5737051018901727,1.810139433952542
-425.55998929015885,-182.9925724396421,84.58834676262083,1.2969273835276245,2.8844876409280005,2.940714704230565,19,D06_px-1055_py-0118,0.8386034611979366,2.940714704230565,2.9541361960664414,2.698377862742187,2.128334052695359,2.228856744530212
413.38426204673954,-102.99484516691476,81.21572279567869,1.2855081854253003,27.065626274850047,-0.8511583910489,7,D06_px-1055_py-0118,0.8312197177637692,0.8511583910489,1.91028443952231,2.8737868884970483,2.5145833010552083,1.7865094464323155
408.8541667372998,-90.17862812707396,74.03024371054363,1.3051959579484291,33.61170010140091,-0.8240680102169722,8,D06_px-1055_py-0118,0.8439499865443281,0.8240680102169722,3.2305161349533265,1.3116639863839188,2.6794172079609653,2.4677825244079035
-386.3398907391921,-79.13076511513378,84.74506102176127,1.2515044903247745,45.66425094533952,2.736640533734384,18,D06_px-1055_py-0118,0.8092326606879459,2.736640533734384,2.649294789110061,2.78643238978731,1.526255941554754,1.216794161984507
-375.1650145911534,-60.6359854565676,87.89510902844782,1.228946787752205,53.450585819340006,2.6948522634979906,18,D06_px-1055_py-0118,0.7946466725329447,2.6948522634979906,2.423851128164311,2.5912528552259753,3.1100711631243416,2.4600746206004613
399.6029406540062,-51.30334456537857,88.21360006686359,1.245879297468612,39.31160086448648,-0.7346668395072765,8,D06_px-1055_py-0118,0.8055953666813586,0.7346668395072765,1.7860301456105103,3.0252061537013093,2.795346589419798,2.274373335236178
-416.66423534350673,-1.2501119061635808,84.76092557194434,1.2674889456062175,31.857150664795483,2.537613398835399,18,D06_px-1055_py-0118,0.8195683353715363,2.537613398835399,2.2578002749060695,2.1105400746082865,2.3055134111969373,2.0082535472865057
420.1023105845453,101.46222360657808,90.21068485888348,1.2600700650099237,20.59687071767422,-0.369999825105234,9,D06_px-1055_py-0118,0.8147712287445301,0.369999825105234,1.6750073465741657,1.698938323177892,2.590171290931577,2.0586359866688912
-415.9947068213567,116.10458331817068,83.3086161899262,1.2823179952176342,22.812810713622127,2.2624381559678546,17,D06_px-1055_py-0118,0.8291569156485485,2.2624381559678546,3.612659291630595,2.3669836544277243,2.897626502027779,2.310120521174769
-446.17055691481727,131.59649753962194,85.53668920136849,1.2951054604564336,1.4154259028563845,2.247798879793025,17,D06_px-1055_py-0118,0.8374253913900641,2.247798879793025,2.3848876084709,2.2405238450792573,2.9519369282728016,2.3975546798754044
-350.58273090185946,139.20923427099743,82.29969540823961,1.246951871523585,57.01347258423186,2.156626903485536,17,D06_px-1055_py-0118,0.8062889015132356,2.156626903485536,2.425912663883655,1.2708226378074015,2.719841648125284,1.513423491278447
372.2350791549096,164.8652373181677,84.3185732110291,1.2623298147684183,37.912795188625296,-0.1900404197111307,9,D06_px-1055_py-0118,0.8162324007368743,0.1900404197111307,1.4186437036156756,2.438016719262734,3.013128854390675,2.3128237396345472
416.9537780124974,189.8069091487284,78.09481241319423,1.314315798902284,7.793469537351143,-0.1797907351941837,9,D06_px-1055_py-0118,0.8498469475358333,0.1797907351941837,1.6464029889281075,2.2871375733243227,2.414106582554764,2.3120895922103517
392.4013648368857,255.25957666648188,84.96408243812829,1.298500120873343,0.2737811687921976,-0.0302484409850876,10,D06_px-1055_py-0118,0.8396204055530535,0.0302484409850876,1.7826529405176985,2.373238662741763,2.836546593665332,2.403871055927891
-317.6997323545167,284.9019648188851,73.65331571565318,1.311251043313168,28.654323018745515,1.8035882527046128,15,D06_px-1055_py-0118,0.8478652524329297,1.8035882527046128,2.686427801387567,1.7495348249503433,2.517999200736549,1.8926655957934049
322.9055984899367,285.0962573833847,85.17847345175838,1.2754720279876817,22.984769246302164,0.1163123802795129,10,D06_px-1055_py-0118,0.8247302593166649,0.1163123802795129,2.89775676057535,1.8761096426170072,2.069470791899909,2.6881687757259725
-270.6725992608333,291.35449500903826,89.32624332353791,1.238078060725078,42.15162911454604,1.7124328030385318,15,D06_px-1055_py-0118,0.8005510255579894,1.7124328030385318,2.2736247856464242,2.126688294684752,3.3726320964001495,1.9574331143302637
-332.13730702193203,298.41492831043297,84.55605807920705,1.2873002149882606,13.349098259449306,1.802644763421416,15,D06_px-1055_py-0118,0.8323784581937692,1.802644763421416,2.172821376130372,2.1125645710273666,2.466103408512722,2.416322951428822
-236.001673120445,343.04326202913074,82.77630179057715,1.2739874511187657,32.61906395287531,1.5664196610508123,15,D06_px-1055_py-0118,0.8237703202202282,1.5664196610508123,1.6424982595482565,1.9665168153134616,2.3123655535810723,0.7770777327156406
-205.3804164680118,354.7141612066956,82.87246161145211,1.269227884278501,36.62916112584321,1.4886539211845915,15,D06_px-1055_py-0118,0.820692746813464,1.4886539211845915,2.3791696183939997,2.3821992728686725,2.4230809308280716,1.8454755402821807
267.000950910325,366.8875865648516,75.43035725817438,1.3204170212667234,11.2086705775626,0.3347110726615929,11,D06_px-1055_py-0118,0.8537920459718308,0.3347110726615929,2.285162697195315,1.3629408240314966,2.8027075940818422,3.608911711947007
165.79055042252182,384.68744632314434,71.67359906866591,1.3134007146285906,34.088253723914704,0.5568964405536861,12,D06_px-1055_py-0118,0.849255246836971,0.5568964405536861,3.254735033069197,0.9212234005321751,3.3022036248305096,1.7389184047473742
140.77222550852997,388.0475972172906,82.49665922437521,1.2725080437054928,34.93273700593477,0.6158107342562201,12,D06_px-1055_py-0118,0.8228137237345268,0.6158107342562201,2.4042259737925136,2.8140172749266514,3.068283413512306,1.8170379253857702
27.63967224233843,403.6769923239525,80.2937352682807,1.2744894941547673,40.655909601498365,0.8954537194084694,13,D06_px-1055_py-0118,0.8240949452015561,0.8954537194084694,2.462104230593636,1.9780361370434938,3.374561227584159,2.758048663777574
76.27622311111823,415.2804236954613,79.14414028853702,1.290037580103431,30.0123795578279,0.7821674363627159,12,D06_px-1055_py-0118,0.834148460037589,0.7821674363627159,3.0690662641740873,2.582779084471772,2.265464073211233,2.366432624107258
125.46117683024826,420.04567147962655,81.64028506926846,1.2917620461113597,19.23081634600271,0.6735672183794122,12,D06_px-1055_py-0118,0.8352635133407538,0.6735672183794122,2.64439817692572,1.3930012681183346,3.4611555494129496,1.236066680380938
67.52074544471952,-421.25595767319305,85.22258851283445,1.2726399991626385,25.53271348157176,-2.0188433376949133,4,D06_px-1055_py-0118,0.82289904717244,2.0188433376949133,2.510857683552924,1.9068883215300654,2.5571187993461644,2.355080385586662
-124.23689610427502,-416.8673325632394,81.64072482852959,1.2896948910983248,21.351898189372434,-2.4674197635552715,3,D06_px-1055_py-0118,0.8339268746277608,2.4674197635552715,2.0219423434910824,1.5719620700156456,2.6814126417848927,2.649685086328915
8.473420437368478,-402.2836258306955,85.3339162851957,1.2554144856033012,40.53249192830856,-2.15671567344185,3,D06_px-1055_py-0118,0.8117608944313968,2.15671567344185,2.117648938213887,1.1979554187892876,1.9854281982185031,2.061622403071957
85.67121619273394,-397.9494466883458,81.9176745960985,1.2705571227426813,38.659850605196766,-1.9657305017734008,4,D06_px-1055_py-0118,0.8215522428739043,1.9657305017734008,2.606104088929226,2.2564072963517012,3.292758291308614,1.2576292475099535
106.59305620344814,-391.9240299537694,82.31822500916275,1.2685436694775822,39.10339178520167,-1.9122252801590904,4,D06_px-1055_py-0118,0.8202503281340985,1.9122252801590904,2.389880255805026,2.1754805051771173,2.3331124943730375,1.5396182683792439
-221.2413566830965,-378.8031659783349,85.54597260784999,1.2793282764241831,17.946334213229193,-2.70638754730679,2,D06_px-1055_py-0118,0.8272237399287352,2.70638754730679,2.660391537227837,2.519962739135507,2.5842330879209987,1.3928079198571817
120.1555382479964,-373.53835877009993,87.33965278904299,1.2408736845094246,46.05196778160365,-1.8665600963151343,4,D06_px-1055_py-0118,0.8023586979161622,1.8665600963151343,2.4208514642275363,2.7064394307137842,2.5448521530700523,2.3769230328927127
-157.34645438756144,-366.830376822759,84.15332425671761,1.257148689787563,42.88848721357465,-2.582974913233128,2,D06_px-1055_py-0118,0.8128822445160794,2.582974913233128,3.2398212279503804,1.6998383196437032,2.6972439830023993,1.885732790852466
-276.01692728322826,-329.0147983483644,80.5439917995864,1.2898917984624312,25.10718086421167,-2.8758018396704044,1,D06_px-1055_py-0118,0.8340541964802964,2.8758018396704044,3.2650688216791073,2.6405370793558456,2.686266776990773,2.5538892400033752
246.77262049564249,-323.1863613930055,82.77144401496369,1.2673077642097317,38.67843959936164,-1.525651819489284,5,D06_px-1055_py-0118,0.8194511820535267,1.525651819489284,2.3292545946859153,2.086783687748545,3.074293202503041,1.9907465821619963
304.6110863733081,-319.8346955339391,82.84718101137602,1.2898557538815576,16.83648966182426,-1.416752260008026,6,D06_px-1055_py-0118,0.8340308897704051,1.416752260008026,2.213487139818878,2.171659395775073,2.6366938637954407,2.4380029991220007
339.9343502953476,-282.69502869739165,75.4428811239276,1.3140690534216637,18.52694047921836,-1.300703763516828,6,D06_px-1055_py-0118,0.849687399964619,1.300703763516828,2.5044038624245566,2.0837713111159335,3.529154372685314,2.1167528178973956
-301.32125022059427,-265.3102585152428,79.2958807562488,1.275800270121076,42.90209045346046,-3.0266414185225146,1,D06_px-1055_py-0118,0.8249425032654562,3.0266414185225146,2.3595413527495896,2.806128895296159,2.1838533552352914,2.1006635789215204
322.4690328541944,-250.76734684651333,76.84001061299105,1.2891012419287715,39.2253842068435,-1.267941734317934,6,D06_px-1055_py-0118,0.8335430163989596,1.267941734317934,2.9462714396764937,2.254396810369586,2.6837932365040027,1.786164543896848
-287.1833260442638,-247.0339295681964,88.46493434954331,1.2258791857031368,54.00519746978358,-3.0381885568218805,1,D06_px-1055_py-0118,0.7926631368866164,3.0381885568218805,3.003964854378748,2.368079425692816,1.892752212743622,1.7097295686386866
-374.6567730118524,-240.3000059808301,74.8084082239688,1.3177660885090496,16.815294248695693,3.10490970255965,19,D06_px-1055_py-0118,0.8520779319711367,3.10490970255965,3.1635513946101748,3.100105105053027,3.2482907181850127,1.4782121508888326
-401.5149260384192,-206.12432503529783,85.30724467255453,1.2878128096448318,10.125971270533398,3.008896686616501,19,D06_px-1055_py-0118,0.8327099059360653,3.008896686616501,1.4951700255314364,3.1363995903685593,3.5426543799500214,1.452613649035185
-371.4098041811503,-208.8189401895393,82.84583900300083,1.2801388129215214,26.56162044854381,3.0467999217108157,19,D06_px-1055_py-0118,0.8277478392119552,3.0467999217108157,2.785985448704041,2.6934179237059297,3.9367627213392415,1.2716356915344385
382.4578302567396,-189.84307515667672,74.62062494305485,1.308142220937872,28.24857757434131,-1.0677241329293414,7,D06_px-1055_py-0118,0.845855063398998,1.0677241329293414,3.5794402988534686,1.271811584751306,2.653180247352397,2.830605424201286
372.9798186250589,-160.33801042606376,85.6931714626765,1.2568069187500472,38.18991374079218,-1.012979583551726,7,D06_px-1055_py-0118,0.8126612526713253,1.012979583551726,2.1961772807089446,1.7248928909971024,2.5091146942016547,2.579822946664545
-356.7100348217578,-135.64269502471618,81.3650322914688,1.25384743376166,54.58147061129017,2.8979876413699706,19,D06_px-1055_py-0118,0.8107476263679972,2.8979876413699706,2.6944572343061743,2.303403316601173,3.638042385257153,3.1242769221407345
422.23105912502746,-71.75324816238677,85.28845442228962,1.2735068769718785,24.48709381973941,-0.7753097669177751,8,D06_px-1055_py-0118,0.8234595771916975,0.7753097669177751,2.392625359350499,1.6373495849250628,1.76513726848272,2.1150610262815155
-451.7365525112018,-68.92008743733474,80.67857466462195,1.305574400582456,7.855412729734155,2.686012625641788,18,D06_px-1055_py-0118,0.8441946905322234,2.686012625641788,2.282301332615127,2.9669928483606385,2.7692703745306013,0.7646584731050544
-449.1913347447043,-54.51671789418758,86.4054046138605,1.2850564566173657,9.097602858469088,2.6553887944322327,18,D06_px-1055_py-0118,0.8309276263586002,2.6553887944322327,2.469243764742998,3.0800568404143664,3.2408662591865074,2.2054070607771608
422.8805533060346,-25.8070733627794,70.4760433022081,1.3202542589375434,31.38507460097605,-0.6679308028017753,8,D06_px-1055_py-0118,0.8536868025678156,0.6679308028017753,2.745419420031717,2.2561765991199567,2.1715710212109522,1.717274233176104
397.0595028560118,-20.556383784966364,82.90023182961698,1.2603871531059627,44.23875472985259,-0.6587048964371279,8,D06_px-1055_py-0118,0.8149762604049148,0.6587048964371279,2.173361168485959,2.4272754982147777,1.9842593179273353,2.5622762336621703
434.2781472327189,3.11882216030846,78.9249857738449,1.298167650451986,22.53007095772523,-0.5997980317667819,8,D06_px-1055_py-0118,0.8394054275599621,0.5997980317667819,2.1075582249100293,1.5565850197425897,2.6971855015589488,1.792074711556623
-455.02475243444735,8.92646516131348,76.37202238205037,1.3181450591086754,10.121499578403586,2.51499810022623,18,D06_px-1055_py-0118,0.8523229773457467,2.51499810022623,1.9128906039201454,2.023202372371709,2.46368715127858,1.57575349548614
-401.6673979152891,11.209542744751564,84.33080786883338,1.258485699582508,41.18163528796868,2.506712838952464,18,D06_px-1055_py-0118,0.8137467655802014,2.506712838952464,2.38415351556289,1.686912520725253,2.8504798078933815,1.7969151309257207
400.9815505186693,47.64365890433676,82.3613923162585,1.2667349033958322,40.55370343184131,-0.4887163996542155,9,D06_px-1055_py-0118,0.819080765739227,0.4887163996542155,3.003732766503936,1.4482329021308864,3.043473756529793,2.4599146215138834
-437.7003865252625,69.67309384787217,85.73921019615119,1.2815285360096462,15.06875955722927,2.376757613282217,17,D06_px-1055_py-0118,0.8286464451066338,2.376757613282217,2.125654326439319,1.6101166649900047,3.4926035121398016,2.1086539031093365
-363.9406193136225,88.74678655391799,88.36940022066997,1.2226549982948396,56.61096747503598,2.295431363197016,17,D06_px-1055_py-0118,0.7905783519136949,2.295431363197016,1.6186170239399325,2.0376840924922317,2.6015839305995843,1.4486552650722475
-369.0299717172064,89.100200374258,74.41688514748427,1.2778966652836743,57.90486788283579,2.297702906171747,17,D06_px-1055_py-0118,0.8262980488894615,2.297702906171747,2.6727998536903095,1.6382657871906958,3.397015982128333,2.0807354021328215
-441.781201411371,107.59833665126708,84.87973794719383,1.2911324527456478,8.144924691050619,2.295708803414875,17,D06_px-1055_py-0118,0.8348564133116086,2.295708803414875,2.8671099589162194,2.0156842685514587,3.090903396950976,1.8280318199723196
396.1128523147032,114.32998784799356,64.96035877570066,1.3329792382706016,39.89940648283789,-0.3259864443478613,9,D06_px-1055_py-0118,0.8619148744305202,0.3259864443478613,2.283626980996277,2.500356762151812,3.564070453376042,1.5143132100198096
377.93370612879295,123.70460814529626,86.30643825232971,1.2485378925451145,43.13413946031818,-0.290652264732568,9,D06_px-1055_py-0118,0.8073144351977583,0.290652264732568,2.3248835854802987,1.499123218150214,3.087331943025595,2.451520850687728
-420.7853426715336,132.30265344727582,90.0495296138605,1.2664751540958523,15.123785206132368,2.229981486934565,17,D06_px-1055_py-0118,0.8189128097959926,2.229981486934565,2.7715636464999216,1.5677175100151615,2.9711684615092557,1.9198616547884937
386.33070723463226,134.78338781543724,86.23989292272401,1.2572335882806414,36.05237612817308,-0.2713020704477661,9,D06_px-1055_py-0118,0.8129371405503911,0.2713020704477661,2.8875791501000143,2.5638176763079925,2.9080186556475507,1.5662185006120568
-403.3719018513758,172.9180741619429,74.5063374239449,1.3153227231052995,20.807104487669505,2.129628343151738,16,D06_px-1055_py-0118,0.8504980326563556,2.129628343151738,2.551632929910198,1.3321156314149452,2.940911756132092,1.8162580866043694
354.6539915710852,176.32098736897038,79.62382566649211,1.270841221193074,46.16863361276273,-0.1456037696657455,10,D06_px-1055_py-0118,0.8217359431695771,0.1456037696657455,1.9275934540738007,1.5001541613872476,2.1769218132783354,1.4732987802798267
-421.5088429493667,176.5018073253099,82.08970615791134,1.3011594241734596,7.477919284966106,2.1380583021657062,16,D06_px-1055_py-0118,0.8413399320124201,2.1380583021657062,2.225950410031451,2.0422912762195002,3.078496734490525,1.7808807666819908
404.2257967470083,189.4852946288328,84.66228859176107,1.2869200469681092,13.363732916693948,-0.1686339415925463,9,D06_px-1055_py-0118,0.8321326385576162,0.1686339415925463,2.0691755733632897,1.7945291936004633,3.484089728040148,2.5622794205211514
428.1551421162304,204.4395237676704,85.65331459654945,1.2998888644956608,4.42868950179394,-0.1615020634532452,10,D06_px-1055_py-0118,0.8405183781174267,0.1615020634532452,2.244205704446487,1.6661800739326764,2.6031083213054926,1.4837673913595455
381.3418180206171,244.09458614168688,84.83874392626711,1.290135115268234,9.356938380274642,-0.0375997017503197,10,D06_px-1055_py-0118,0.8342115270433685,0.0375997017503197,2.579795256966551,2.027405359647015,2.6280429241489345,1.429409693403807
367.7835544272702,259.50893306122646,86.96535365844645,1.2818763180569837,10.413581321502022,0.0074964981222682,10,D06_px-1055_py-0118,0.8288713237176832,0.0074964981222682,2.90696614365479,0.9849538553190802,3.5622817750052516,2.147382940201802
-331.2730089536337,274.5137403632896,80.07576092075254,1.29191647116972,24.754377015117825,1.842637347884431,16,D06_px-1055_py-0118,0.83536336579979,1.842637347884431,2.0324590005191694,0.875980830493984,2.9621800592557923,1.195499173361246
-257.70966417249724,283.2932090812892,82.7273651043237,1.2499513466466388,53.324233810892,1.7019610504152962,15,D06_px-1055_py-0118,0.8082283857526139,1.7019610504152962,2.668564004400848,1.531718202446521,2.7131272017718575,2.0532768562930466
-344.2196038691283,291.17454109198763,81.99191152630291,1.297988884945689,11.334601973946462,1.8325055314799916,16,D06_px-1055_py-0118,0.8392898363755771,1.8325055314799916,2.9942393306624133,2.922009563612148,2.960585768566016,2.3490276975473985
-235.57722558439897,301.8523095867284,85.15031682760093,1.241151314975618,52.59653189286684,1.6265157893899564,15,D06_px-1055_py-0118,0.8025382159623079,1.6265157893899564,2.1119867795565113,1.7949258796544258,3.5853785038792254,1.8046884569725472
304.36934725615083,298.8392865521571,71.83769362625895,1.3172710123870388,29.23041551022305,0.1692511470936455,11,D06_px-1055_py-0118,0.8517578118512689,0.1692511470936455,1.724576251293985,1.5677675233484432,3.326749331469369,2.6939238677313506
-296.7754931107687,318.902096559858,76.5415145902941,1.3067938663628536,22.321166194180705,1.7132917981365745,15,D06_px-1055_py-0118,0.8449832067107254,1.7132917981365745,2.131442132869016,1.9465162210078208,3.5199751834005566,2.0108043277752654
-198.1717324414414,322.8524982286532,84.25864069831351,1.2410967011650489,55.392651673058594,1.5143325624471724,15,D06_px-1055_py-0118,0.8025029022422384,1.5143325624471724,3.3249363060728863,0.9574453784325403,2.4263102876197613,1.6587962296178045
310.7214705115374,334.03527369582554,86.85740987010229,1.2858600412056138,6.648688037285695,0.2145619532021525,11,D06_px-1055_py-0118,0.831447230482647,0.2145619532021525,2.7173802731886783,1.2043910122763093,2.6392296413474807,1.9877515298609123
202.26403668386715,339.2412598297834,86.29343851216561,1.2465299947253747,44.80334133965732,0.4261778348512849,11,D06_px-1055_py-0118,0.8060161126526783,0.4261778348512849,1.8839807141742213,1.8242252702989674,2.2762678919495647,1.4002623099732643
305.78956164083786,341.2061351178606,69.4743202765111,1.3416163256735325,9.8308190875224,0.2331040988531424,11,D06_px-1055_py-0118,0.8674996831736789,0.2331040988531424,1.9761933625222374,2.0432620030673534,3.3012425625693336,2.53525309076729
247.7406376690888,349.92222040963355,83.55038877043086,1.2795192620411475,24.705694865400343,0.3477500325334753,11,D06_px-1055_py-0118,0.8273472327329273,0.3477500325334753,1.304619723763483,2.233207885673003,1.723918332710895,1.9708051859390079
-67.03708259634438,372.3106535298454,72.57737316282407,1.2837879056669452,59.26310012787167,1.141964796171743,13,D06_px-1055_py-0118,0.8301073713225511,1.141964796171743,3.4235090245850843,2.27857417851918,2.8398632444022276,1.8320283015962584
157.8165754842224,367.06203917872506,72.24218005384995,1.299488060176221,46.07554726098039,0.557764954835884,12,D06_px-1055_py-0118,0.8402592148876158,0.557764954835884,3.3751588028890604,1.793903731732522,3.245116499795028,1.8526064102903914
-100.75752489204233,379.5953027873636,70.44548488141902,1.3015445718364085,50.82141970110104,1.22326806630057,14,D06_px-1055_py-0118,0.8415889715248273,1.22326806630057,2.970733286670018,2.192378058716666,2.4921788752284773,2.371818858064846
74.08309058511105,375.64285572058816,82.70926741069425,1.2499418647750182,53.38910223497573,0.7690987935534576,12,D06_px-1055_py-0118,0.8082222546997418,0.7690987935534576,2.02978449363488,2.0204720337126716,3.209133075382244,1.7330040757632499
252.2626019080025,379.02607894154994,77.84851799993154,1.3135723994464965,9.631710041946178,0.3765843846756265,11,D06_px-1055_py-0118,0.8493662595924726,0.3765843846756265,1.75632741389679,2.4945470880122604,2.895125371431763,1.8226732477988137
68.59882759215084,392.0630747720648,84.78510877793761,1.2541067299617494,43.3928117744548,0.7906013474245571,12,D06_px-1055_py-0118,0.8109152893332736,0.7906013474245571,2.024741127317585,2.9442905911611823,2.4618326420941505,2.1659025484617587
-142.5244282951114,394.0298388998011,80.95528063139338,1.2818760481163267,31.507945990199232,1.3108851250040554,14,D06_px-1055_py-0118,0.8288711491719284,1.3108851250040554,2.2079603553146967,2.0454960680444363,3.067044705143949,2.354707673645114
-89.29241894148268,401.61370056467183,82.42863143144865,1.2718036475215972,35.80525705328324,1.1825923471660635,14,D06_px-1055_py-0118,0.8223582556139735,1.1825923471660635,2.820739039813123,1.1446378928326342,2.521728689216066,1.886197783425906
112.59298136123692,-442.5793297767931,81.75426073411819,1.3020440047568278,7.751581894637297,-1.928658628106332,4,D06_px-1055_py-0118,0.8419119087848616,1.928658628106332,2.780381093906629,1.1882037994911712,2.542819378294731,1.71919738714377
-124.72515786782738,-443.3208416179113,76.5019977069536,1.3205878969126363,6.67711451689479,-2.452029369908444,3,D06_px-1055_py-0118,0.8539025355103486,2.452029369908444,2.9341387926170643,2.155551640228738,1.9212733350354543,1.6738146482852883
-46.527350013961424,-414.9964021477663,82.59120693151559,1.2754238293485207,31.91913939104348,-2.289424684122956,3,D06_px-1055_py-0118,0.8246990936969557,2.289424684122956,2.9661180693984677,1.9409952922984226,2.9300856436801284,1.6959514429580849
-17.18464968723293,-416.3055357440861,84.48239176734259,1.2684217850944646,31.94396841303672,-2.21903137310421,3,D06_px-1055_py-0118,0.8201715167319747,2.21903137310421,2.4123134976681424,2.2275244620827954,3.327796545722752,2.1508465227887594
-168.74515456761205,-417.0594857890748,76.7461118403672,1.3141479656053434,13.303539788636442,-2.562247399820952,2,D06_px-1055_py-0118,0.8497384252041236,2.562247399820952,2.310039712313355,3.0739891088051605,2.567019492503441,1.9282527666688514
-95.83855851380454,-413.6705474357835,84.19084434221361,1.2747306021802112,27.081285274262143,-2.4054377986926663,3,D06_px-1055_py-0118,0.824250847549851,2.4054377986926663,3.3435845815915597,2.4255992509162096,2.7333645326778724,2.245983529230072
-182.3567957830353,-411.5683697136927,80.47759093118219,1.302392658648421,12.175425018304566,-2.594858366606983,2,D06_px-1055_py-0118,0.8421373511372736,2.594858366606983,2.5975927759121564,2.0444666279012313,4.302032499315299,1.7830968478795486
-83.8918986415525,-413.93264798014746,76.64676278004961,1.2985330202108345,30.618507737899847,-2.3777377948833376,3,D06_px-1055_py-0118,0.839641678523801,2.3777377948833376,3.107078130350069,1.6898341993742063,2.6701510426726562,1.367426723274961
-123.64248421458927,-397.2780901477405,76.81716369349053,1.2940482318259972,34.498100336581274,-2.4794978463066872,3,D06_px-1055_py-0118,0.8367417790305579,2.4794978463066872,3.6642715396136136,2.0747470997846564,2.9392916951932704,1.5975451071784925
42.55783182832933,-382.1978903660977,68.63713495093918,1.3028131169575878,56.42765015262023,-2.066882418031592,4,D06_px-1055_py-0118,0.8424092227916431,2.066882418031592,2.551223358177027,1.4174283538772825,2.6087529571055654,2.027370388616267
68.7036644280606,-375.1253552470352,83.21567760145197,1.2469175097196676,54.1617260846503,-1.996634865778038,4,D06_px-1055_py-0118,0.8062666829001782,1.996634865778038,2.2502744247808066,1.2758556030943047,2.805696743180895,1.6059575163247555
105.19010811243858,-369.9089036084733,83.29551175671762,1.249150064682654,52.157913485981226,-1.9007216886552525,4,D06_px-1055_py-0118,0.807710270523552,1.9007216886552525,2.587498288974954,2.5506599271143884,2.4968818922070968,1.498254624980392
-180.49435967175725,-371.90776816513375,84.03882854049661,1.267679509721527,34.10335699112346,-2.629610826665437,2,D06_px-1055_py-0118,0.8196915556294385,2.629610826665437,2.5949074352003745,1.9449240047174134,2.2221900434270467,1.1584409277599916
177.75824710986538,-371.6573246987239,83.87684157183247,1.2672533165617004,35.02840490657604,-1.731650400830815,5,D06_px-1055_py-0118,0.8194159757754629,1.731650400830815,2.8178176932470973,2.1739117957609695,2.9243938383101833,2.121343095327124
-286.36902233222816,-359.8041516306611,83.5823212274824,1.2981326789671013,5.272349806167313,-2.850013324080777,1,D06_px-1055_py-0118,0.8393828147223892,2.850013324080777,3.386656818859268,3.327048680174089,2.046248954582696,2.6643095976946367
159.0237368602339,-355.20230641604275,86.41526514105439,1.2416142788997504,48.32708015622103,-1.7568370470928127,5,D06_px-1055_py-0118,0.8028375720821018,1.7568370470928127,1.7847818937444173,1.4115239311207697,2.3965040052582838,2.3954886655297605
265.4163820996454,-346.13389827798284,81.88409118102467,1.289632982394678,20.537902006139063,-1.5236075112307068,5,D06_px-1055_py-0118,0.8338868439723702,1.5236075112307068,2.8067027736382824,1.9713908607935424,2.8464835303888276,2.429997169469739
214.6448213921166,-323.04631306521367,86.40047906054059,1.240625781938697,49.14384200367209,-1.5913165303463692,5,D06_px-1055_py-0118,0.802198402161371,1.5913165303463692,3.09029841820118,1.6498119610332016,3.2543484644237743,2.296253815140065
234.31936484961625,-315.65632174814294,75.02173422846494,1.2852270205680834,49.329596618628216,-1.5392053100965843,5,D06_px-1055_py-0118,0.8310379143525497,1.5392053100965843,3.443722873332433,0.6249894750421197,2.182582820549052,2.5593539659955225
-243.95266444133665,-310.0632325615964,83.18633642571689,1.257120524129265,46.04607186655056,-2.8444059021608847,1,D06_px-1055_py-0118,0.8128640323795822,2.8444059021608847,2.66751166925984,1.8751001706621009,3.2178189672182693,2.4994006192070426
-262.0754357905612,-308.86924178799285,81.32277227275031,1.2712282025670762,40.07398100407846,-2.881398232633289,1,D06_px-1055_py-0118,0.8219861683739943,2.881398232633289,2.4335191198923556,3.049900952455715,3.2938205627998323,2.434156025915594
304.757183552599,-304.5786757279295,83.5398802100272,1.2809090520911528,23.38720305986169,-1.3920847405055126,6,D06_px-1055_py-0118,0.8282458819256853,1.3920847405055126,3.3037872099660284,1.5698584975975578,3.107175332228938,2.0759081665136296
278.5153681679171,-295.37546740875064,80.43033665269547,1.2749481635188284,39.77358835777187,-1.4217478298450217,6,D06_px-1055_py-0118,0.8243915244249826,1.4217478298450217,3.204572305410413,1.8131144257904994,3.525680383033798,1.3452659899659456
268.7041035724185,-277.7721348586752,83.47903863331311,1.2499638826249384,50.93077171354406,-1.4089698148790617,6,D06_px-1055_py-0118,0.8082364916149198,1.4089698148790617,2.3705047493864133,2.4071334315751893,2.7470694773159927,2.506005371857105
306.9912139183972,-253.2718059512285,85.08147591510831,1.2530454294879847,43.322897785609655,-1.296787434971499,6,D06_px-1055_py-0118,0.8102290440878002,1.296787434971499,2.4344351324560645,2.113898283620318,2.9714260580785496,1.2600264396464178
-313.70130197130703,-242.9158528959016,85.71094866596883,1.2499296737641017,43.88133144746138,-3.0896658458373074,1,D06_px-1055_py-0118,0.808214371896063,3.0896658458373074,2.614009063444737,2.916662791463107,3.2386232408754942,2.6205732902996366
-380.42861616889815,-210.95648605411745,72.52200289198686,1.3197228953977465,23.73891849957453,3.0409223897634416,19,D06_px-1055_py-0118,0.8533432187177961,3.0409223897634416,2.8796973771452237,3.3113343020298043,2.559552225543718,1.5894294290235558
424.4140244686348,-171.1808075051324,73.37339264293274,1.328959943590322,9.265225282462666,-0.9903571465773026,7,D06_px-1055_py-0118,0.8593159668330194,0.9903571465773026,1.4803805028328156,1.5467307879050236,2.4983786475221477,2.8132549914404175
418.5919899805705,-128.6050162458359,72.66422741605831,1.3208471766761396,21.87857850517929,-0.9050582653233874,7,D06_px-1055_py-0118,0.8540701878475989,0.9050582653233874,2.3199484775590906,2.487082287959309,3.250200087047741,2.270252516481506
-374.3603790852855,-105.1619929195889,78.8584702509261,1.2683685468664423,50.87482000981879,2.8084665050025706,18,D06_px-1055_py-0118,0.8201370924744145,2.8084665050025706,2.778835755788018,3.0193486954542026,3.143943886249341,2.122004553366082
412.8905111268552,-105.4549160593252,83.02874406340175,1.279569653830636,26.47355520699517,-0.8570401471796669,7,D06_px-1055_py-0118,0.8273798164609122,0.8570401471796669,3.4093043274853625,1.5419625148475755,1.742559603406402,1.738396321707346
-445.3571666098484,-103.1453778180592,82.43782658232163,1.3001692030138534,7.275798498017707,2.762201992461822,18,D06_px-1055_py-0118,0.8406996472113246,2.762201992461822,2.5724389243436256,2.1037723038869105,3.307838414081952,1.3619538042273962
-443.2530444402205,-61.67855413143299,43.05314574154863,1.4238583620473657,21.58467888309553,2.672875069045261,18,D06_px-1055_py-0118,0.9206780316572076,2.672875069045261,2.75186378349909,3.0072925458329403,2.5955251059841515,1.9915247301539796
-388.9021763512955,-58.95954494533752,86.75487526267614,1.2436701045581018,45.65113764930607,2.685072457393294,18,D06_px-1055_py-0118,0.8041668851451229,2.685072457393294,1.7673701222425133,2.4862614677289128,2.7405811433296234,1.7305491539284321
-449.36014614755504,-35.19370454084922,81.7836701802521,1.2985800859267935,11.464675285689054,2.612773166900756,18,D06_px-1055_py-0118,0.8396721115864445,2.612773166900756,3.498339985184095,1.8541510801768817,3.3052448800390044,2.4215888701994697
414.1759983435309,1.1147387234595605,85.76276490797815,1.2623950584542851,33.09801819616774,-0.6042880769059357,8,D06_px-1055_py-0118,0.8162745878180356,0.6042880769059357,2.404256783287716,1.6071581995434037,2.2408087398834677,1.812981733167442
-458.1604181859624,81.95537979313896,76.71946196816211,1.3224399924783452,3.536441330998457,2.3576059983461377,17,D06_px-1055_py-0118,0.8551001150908245,2.3576059983461377,3.563318220230221,1.7412701121964944,3.12014217909959,1.767901727240926
-354.43885647339584,108.26248594734902,77.7765546738845,1.2584941613181782,62.50641204813235,2.2381660839639257,17,D06_px-1055_py-0118,0.8137522370051331,2.2381660839639257,2.9939457623842807,1.9212190420748325,3.152309420477403,2.144692518291205
-393.17528886047705,129.1573961790997,81.81248268077499,1.2755495532043395,34.47810480140549,2.2172204317738102,17,D06_px-1055_py-0118,0.8247803877323688,2.2172204317738102,2.5384974698198253,2.223978187670804,2.672279995513371,2.7150647052598567
-437.2546970949169,138.74874604087242,83.62882633786518,1.2973583673835611,5.957113386057415,2.2273450246177458,17,D06_px-1055_py-0118,0.8388821387537501,2.2273450246177458,2.753038162773536,1.9115718112010422,2.7521701780603207,1.8295442300706002
-425.4485849239158,147.38764913090205,81.8465966261493,1.2981039399686034,11.748959098877949,2.2011232946760155,17,D06_px-1055_py-0118,0.8393642318596031,2.2011232946760155,2.5278345458830427,2.6201865161425166,2.157687143806423,2.8651187725305043
-386.8378327977554,169.47922471655338,74.22597798378081,1.3067239064969136,31.268374611332263,2.121687104055717,16,D06_px-1055_py-0118,0.8449379701103826,2.121687104055717,3.3676516127863607,1.521786198647197,3.37685564634733,1.7864766595047923
-360.0500757535607,168.0025162991124,85.50249818336374,1.2510784322744268,43.60178161951512,2.0980335211314074,16,D06_px-1055_py-0118,0.8089571681968235,2.0980335211314074,3.2526012200965955,1.914969693267767,2.5247676566567896,1.4514999877688246
381.28260135984175,196.26375378661325,78.45468697170841,1.2964325682038105,26.07326170869481,-0.1316047105521449,10,D06_px-1055_py-0118,0.838283509712237,0.1316047105521449,1.8327650107193154,2.25817039044043,2.26781488533863,2.9408436039786547
-391.3660756650349,234.98151125966325,48.76835594369584,1.4078940121849568,14.94391874537257,1.993889565242822,16,D06_px-1055_py-0118,0.9103553572959212,1.993889565242822,3.651647555498409,1.8177500841019452,3.598332494522738,2.917766380702503
336.49987966971014,255.8479376264495,82.3617775449311,1.279567240526707,28.79875813395489,0.0430943835037828,10,D06_px-1055_py-0118,0.8273782559995837,0.0430943835037828,2.3887703814606116,1.2608076658035405,3.9139137920542435,1.7441817247661708
401.1817285564587,263.1002961122465,78.2992318843381,1.3247965359310452,5.879017880287506,-0.0265285122463724,10,D06_px-1055_py-0118,0.8566238746482195,0.0265285122463724,0.9820022208976515,0.9925357034225395,2.303723866750998,2.4404370191615232
294.13278510607125,268.2195422275481,80.20157347307907,1.2702207786914228,44.75668883838921,0.1323711204552048,10,D06_px-1055_py-0118,0.8213347601612088,0.1323711204552048,2.2490549557991955,1.844698956524656,2.7653969266419676,2.7206258869971984
298.0923202962588,279.91036413222935,79.71229242526331,1.2794275682430325,38.1555368977036,0.1469724754855509,10,D06_px-1055_py-0118,0.8272879428008568,0.1469724754855509,1.8130299729786592,1.754858979375948,3.351268188591111,1.6029273038232923
-271.9980728282424,294.8676650705955,81.18987308232894,1.2689455823314395,42.54194039469604,1.708892894329305,15,D06_px-1055_py-0118,0.820510208150995,1.708892894329305,2.519866831281058,1.6637161944399201,2.9034478540294395,1.7205896494367487
-313.40777798794755,302.112341565272,84.966900109356,1.279076557154121,20.209359111964943,1.7675639421961575,15,D06_px-1055_py-0118,0.8270609762660927,1.7675639421961575,2.5357589582127225,1.4179139035008508,3.3929537363949933,2.1569269203294077
287.3286933516902,307.0007244372153,80.83302426639179,1.2832427126004873,30.62629460703414,0.2115060930344667,11,D06_px-1055_py-0118,0.829754845191667,0.2115060930344667,2.217930632625953,2.2376287895949516,2.601127990449708,2.820462854916838
245.6872650303237,310.5600812059249,85.00993104805622,1.2518048998770512,44.57410654497784,0.2945199836760573,11,D06_px-1055_py-0118,0.8094269078705683,0.2945199836760573,2.730618806426758,2.515148752829828,2.9817726469989916,2.2714236234619474
-211.76375869148933,326.9311526157901,87.25078377128841,1.238934579282884,47.84224002185266,1.538595963814242,15,D06_px-1055_py-0118,0.801104857203677,1.538595963814242,2.336623353672243,2.363864708625362,2.986710003867621,1.4893223354558534
-208.688507347444,343.5139388572801,83.64312672736347,1.2609531356618706,41.32255148236942,1.509740816489475,15,D06_px-1055_py-0118,0.8153422291834218,1.509740816489475,2.768014875109527,2.1635488762026185,3.0517485444290373,0.9116313889946432
286.37571270798844,355.3262445512272,82.16900286713562,1.300569410768441,7.837317481721186,0.2854574221925873,11,D06_px-1055_py-0118,0.8409584246976034,0.2854574221925873,2.9943574088443174,1.8887785924991678,2.536304062941487,2.0756685930674132
172.53653647706747,374.56834244165486,84.59546367581765,1.2651013314986093,34.55476842080344,0.5321601412027342,12,D06_px-1055_py-0118,0.8180244852839553,0.5321601412027342,2.0621517381724157,1.5197660329058431,3.9864705948987647,1.7819102085524812
53.42307809381116,373.9847777928737,74.11749287865487,1.277658542476035,59.14432263933151,0.8219284368688892,12,D06_px-1055_py-0118,0.8261440768065116,0.8219284368688892,2.535338129110976,1.066291031690069,3.165217855040483,2.523593824566254
-87.47199743127156,384.8506432998423,83.26841953923363,1.256933982990674,45.93514360899093,1.1873080778065663,14,D06_px-1055_py-0118,0.8127434134101126,1.1873080778065663,2.0831541934403877,2.832165817585284,1.9606464527960785,2.787934266073432
116.39834496367963,404.4341700766509,83.50937545225662,1.2745056796657657,29.627901890044825,0.6835848956350533,12,D06_px-1055_py-0118,0.8241054108804499,0.6835848956350533,2.521697819534128,2.466077974340384,3.2642416509031085,2.5303162269703803
15.526704396420078,-464.88620984632655,83.30106368614369,1.3019495077671903,2.033813436401772,-2.1443893338405795,4,D06_px-1055_py-0118,0.8418508062870739,2.1443893338405795,1.841905826700009,2.3160198317695535,2.2700545626019344,3.523411727317391
-37.77034303065071,-460.0601560745288,72.13042167316189,1.3348745659960892,7.050435484886748,-2.259690852173111,3,D06_px-1055_py-0118,0.8631404082660192,2.259690852173111,2.773418301543062,2.3129666901787584,2.3985385445934133,2.102089429804418
83.81855992514453,-446.22897946936655,82.19634494798939,1.2991632550580918,9.289744763182227,-1.9921018389006733,4,D06_px-1055_py-0118,0.840049193339966,1.9921018389006733,3.095665317724146,2.293565523660295,4.063404411685174,1.2488990632222066
-85.44155087373655,-443.80491359311225,71.79600138805401,1.3311000516930804,13.227275240508334,-2.367969371928325,3,D06_px-1055_py-0118,0.8606997775884291,2.367969371928325,2.5391963609570825,1.5445952386423836,3.5418395606929916,2.4909607601977464
-44.57724258318412,-446.57778561654175,67.6617582691785,1.3428840552393206,16.18174290732634,-2.277265953166369,3,D06_px-1055_py-0118,0.8683194070959552,2.277265953166369,2.1228157006191295,2.008002830370046,2.6872107693733973,1.5649030078951376
-44.47475372280652,-440.1044171642605,82.38563819050287,1.2917389965836017,16.54870933470272,-2.2784889602502294,3,D06_px-1055_py-0118,0.8352486093345601,2.2784889602502294,2.364047642961392,1.507250182453534,3.4687835440160835,2.9122792413285064
97.99696589659534,-443.87298364878353,80.17608610167579,1.3058216889044596,9.493670994003535,-1.9604845019062176,4,D06_px-1055_py-0118,0.8443545891089517,1.9604845019062176,2.8574470764637034,2.5041278693279656,2.35389588186853,2.1145093268056643
-59.15528240825569,-442.92917396895393,77.31187190358011,1.3106574832534612,15.070617692967744,-2.310544905592845,3,D06_px-1055_py-0118,0.847481451823257,2.310544905592845,2.322122721640277,0.999160698273071,2.8201479330558,1.6319771220823305
10.252987546568262,-421.475461585082,73.83988610534931,1.3075979362027783,31.83003395145107,-2.153454239191645,3,D06_px-1055_py-0118,0.8455031246023282,2.153454239191645,2.2045979946569805,2.088252233452496,3.4346052428467653,1.622674617331106
-139.59795318060864,-397.8332775286944,85.20904234565302,1.2693463229316264,28.653091209903096,-2.515248331706158,2,D06_px-1055_py-0118,0.8207693301794351,2.515248331706158,2.049313462417679,0.8909565863170934,3.197268689491417,1.537133465547143
187.7962294294946,-399.6075944759459,81.84342597787037,1.2929993893526632,17.20417221127559,-1.7384546128510068,5,D06_px-1055_py-0118,0.8360635892262861,1.7384546128510068,2.0333685432652517,1.7725928071921588,1.9504694819147583,2.3000542254950167
-21.06205247520078,-391.5036190762207,81.71407600865959,1.260511281674797,48.01852019539581,-2.231521896566077,3,D06_px-1055_py-0118,0.8150565229151987,2.231521896566077,3.0674744184307863,2.0543413745248458,2.761202464834445,1.7631546034333614
13.853529650653206,-389.89597599976594,84.53383441543295,1.2490348970296208,48.333154794652216,-2.142259451700482,4,D06_px-1055_py-0118,0.807635802212004,2.142259451700482,2.078089837648906,1.2506179843559875,2.507749148324164,1.7664643373536744
31.914594628770093,-385.61237420012736,82.36989932500774,1.254297727252353,50.99397819039263,-2.0952006472300457,4,D06_px-1055_py-0118,0.8110387896857327,2.0952006472300457,2.0339500364334846,0.9143328474852193,2.7432209186990044,2.3026303231062895
216.4559656942773,-383.6026051637222,82.44352928462433,1.2904182768524053,17.71153777567389,-1.6640418100852123,5,D06_px-1055_py-0118,0.8343946215539635,1.6640418100852123,2.1284276029816684,1.589756768649421,2.332800709330379,2.4242745620565023
-182.7615378992784,-356.5542682622212,82.26662017642622,1.264830921334425,42.52693020647365,-2.651434414724686,2,D06_px-1055_py-0118,0.8178496359419581,2.651434414724686,2.629430863155509,3.1677651864644187,3.071156650168024,1.4861773065399757
197.42069684223583,-352.029350240429,82.05056178925915,1.2676765784705364,40.76687425598635,-1.666673031900102,5,D06_px-1055_py-0118,0.8196896602594606,1.666673031900102,1.6207348999713513,2.475567523085406,3.540445127020739,2.2467561056362446
-330.01274471083883,-318.2561648221024,81.67955652484261,1.3032791372005064,6.646954893814211,-2.981307378560031,1,D06_px-1055_py-0118,0.8427105551512366,2.981307378560031,2.9883474568539548,2.253505617838153,3.7513877338792816,1.3632474306443214
-286.0108969738065,-316.10292284774795,82.00933031045491,1.2830427987226185,26.673959135256325,-2.913238264972412,1,D06_px-1055_py-0118,0.8296255793036522,2.913238264972412,2.701985868852839,2.8878136529809098,2.524236928554928,2.4942452103001465
-328.520141002853,-302.6789301497286,83.12296915101825,1.291972703983933,13.625536647740889,-3.0040910469079147,1,D06_px-1055_py-0118,0.8353997263803675,3.0040910469079147,2.313197875221038,1.9084792179234378,2.4438554849751037,2.6069777222886152
330.6946777367221,-301.2297330502054,78.14785335085901,1.3082305903922444,14.56478370143293,-1.34578411745965,6,D06_px-1055_py-0118,0.8459122037842209,1.34578411745965,2.290622311254584,2.0363111296806795,2.4465026950915343,2.1310227624494558
-317.4877565020265,-292.3571597351917,81.43730419545045,1.2882682669446732,23.528142142687614,-3.00435889657852,1,D06_px-1055_py-0118,0.8330044082134681,3.00435889657852,2.53284420616526,2.4430024853773418,2.0037444147852153,1.925655244068495
303.5437067443968,-270.3123395449346,82.01591845172481,1.2697943784561465,39.00911644734384,-1.3345334056831917,6,D06_px-1055_py-0118,0.8210590464106164,1.3345334056831917,2.917948884587819,1.8477662045419778,2.3471672087598274,1.8607800089278181
320.82002698565424,-224.6138057662283,58.7162471639582,1.3441048519325616,54.3981864394305,-1.2177887237136784,6,D06_px-1055_py-0118,0.8691087838531845,1.2177887237136784,3.474085043934925,1.2255149652550748,2.149915373089665,1.8202948443570224
345.5523574737587,-231.7490373860056,74.36626410429758,1.3024514503757607,35.16033116672298,-1.1977434408969878,6,D06_px-1055_py-0118,0.8421753663312337,1.1977434408969878,2.744925204122293,2.2397179196851056,3.802455695535354,2.7930410353336876
-355.40578911751794,-208.9723053004844,82.34584239496994,1.2726794758949669,35.289599064898255,3.0661491943995416,19,D06_px-1055_py-0118,0.8229245731384948,3.0661491943995416,2.0937488965573055,3.0309563834061595,2.6132638453453874,1.6976026096969088
412.00389205791765,-177.88462699833903,74.69809798603822,1.320102764119122,14.534037221488177,-1.0145575519703398,7,D06_px-1055_py-0118,0.8535888448250034,1.0145575519703398,2.076429834578227,1.727394969118474,2.773752407483212,2.841015697272272
-396.7274456831383,-176.2074486373635,81.37641557221878,1.290014555353182,21.979536289214195,2.9525935558791767,19,D06_px-1055_py-0118,0.834133572052728,2.9525935558791767,2.8011174903655394,3.267019739252256,2.0974852232565695,1.3712166167696531
-410.0542264595405,-152.41696375160564,75.82593255220345,1.3101981678453118,21.355462500241856,2.890487095289429,19,D06_px-1055_py-0118,0.8471844548626346,2.890487095289429,2.552744868522544,2.737039883716103,2.4497938303086246,2.4167768966124274
435.4879167363989,-146.90993709745624,82.45838112049995,1.3014816180160524,5.7325918791792105,-0.9323367786265804,7,D06_px-1055_py-0118,0.8415482650887409,0.9323367786265804,2.565329946023239,2.0538111828690853,2.945880478399144,1.3514026368989183
358.83169441644947,-138.95217214134286,79.81640329075918,1.2618956267716344,53.099908130038784,-0.9764333504262528,7,D06_px-1055_py-0118,0.8159516513583522,0.9764333504262528,3.1914386127183025,1.8582626193301315,2.964588554153597,1.4607716596534348
446.41333006348617,-142.09869060912524,84.5380445546524,1.2999997068201825,0.3872336434708927,-0.9151504626782064,7,D06_px-1055_py-0118,0.8405900496374916,0.9151504626782064,1.8775338923385807,2.363493720101903,2.965660028076429,1.8807630498159789
-372.0878489484346,-130.48226853981166,75.93130418344441,1.2827716032320775,48.33555430502889,2.8718900174512645,19,D06_px-1055_py-0118,0.8294502221634472,2.8718900174512645,1.9703446053829428,2.3584606109746633,3.515392490857937,2.0092640573345997
-467.2870957203141,0.8309308863002011,81.1403070528849,1.3097521393323377,1.2556411834867165,2.53283492154862,18,D06_px-1055_py-0118,0.8468960493130844,2.53283492154862,2.4549925873735563,2.504859553207746,2.5345439736992352,1.5737918765824341
-464.339907067783,61.56635096112285,80.93930873387353,1.3109627051077812,0.6065872803478669,2.4027930199909453,17,D06_px-1055_py-0118,0.8476788106782839,2.4027930199909453,2.6344064778960474,1.7622502331589427,2.8341558204762083,2.833819893297851
414.8082500654223,117.62566691593896,83.89165777841745,1.2799457755091508,23.101122092929472,-0.3306668126681054,9,D06_px-1055_py-0118,0.8276230197006927,0.3306668126681054,3.3717792461969602,2.3394777837130123,2.5759105509493656,2.942111647722123
-395.06139110083103,162.4413171677675,79.7193394463525,1.2911961602105582,26.775732509354555,2.1445061772660474,16,D06_px-1055_py-0118,0.8348976070601998,2.1445061772660474,2.3502409080609,1.6383113035055212,2.7286505334157827,1.608952704556267
391.9040472756849,182.92721018736933,80.31130266761397,1.292526365764754,23.275945512142243,-0.1702713805781592,9,D06_px-1055_py-0118,0.8357577284486611,0.1702713805781592,1.5410810401687243,2.2413551400232654,3.3623390047610244,2.28061659875448
-275.01340022282426,253.8418610361204,80.19871417625922,1.252342921464762,59.49824859284257,1.7892263595971274,15,D06_px-1055_py-0118,0.8097747968668096,1.7892263595971274,2.5355276739835526,2.307817405111566,2.341731931283869,1.5106030143943583
248.4645755067464,299.37602846300143,74.98968314384118,1.282517873402673,51.87632540758148,0.2710836274064215,11,D06_px-1055_py-0118,0.8292861584572981,0.2710836274064215,1.2208905595892208,2.6591884064364106,2.576467328456183,2.8603806579584274
-326.12589510691873,325.30116364522394,84.43441140538138,1.2959304576635726,4.557447053806186,1.7504809957605003,15,D06_px-1055_py-0118,0.8379588410821383,1.7504809957605003,2.0647999335348404,2.2510195036909506,3.397509911656659,1.5332875274781852
220.04946525529564,325.02728210581256,85.78700461386049,1.2464268551037634,46.47542572126628,0.3686817737347221,11,D06_px-1055_py-0118,0.8059494217609842,0.3686817737347221,1.9492582559520555,2.1369044101879666,2.3354424894194974,1.8676216497551699
288.2206435416181,327.8487309615868,83.64556640204569,1.284122685913578,19.828979395185343,0.2426542022225374,11,D06_px-1055_py-0118,0.8303238428668586,0.2426542022225374,1.8785120105617636,1.5428714220633992,1.6552410146395362,2.032675615597123
237.66014171559644,352.22537248706465,64.8656858310693,1.3401171456666552,31.940094506992978,0.3702465595106463,11,D06_px-1055_py-0118,0.8665303015732176,0.3702465595106463,2.79670435099915,2.1579432513990895,3.0136162011572605,1.8092035396456994
145.2766271222271,365.6394759489107,80.2127154380909,1.266862428820149,47.62143918241958,0.5856211227965195,12,D06_px-1055_py-0118,0.8191632246830207,0.5856211227965195,1.8652543316249726,2.2119183142009025,2.932723063601596,2.4060402565124175
-141.4489602483572,376.8521293938355,76.94555781288639,1.2847712826543087,42.92366073062675,1.3228884958889005,14,D06_px-1055_py-0118,0.8307432306279675,1.3228884958889005,2.151366932950467,2.54873502787254,3.6870263924248157,2.1163317303449882
-186.31998874530365,391.2893819559772,81.3241915482327,1.289747195709808,22.43979983671113,1.4082187378852664,14,D06_px-1055_py-0118,0.8339606952015134,1.4082187378852664,2.8722551303050006,1.7110024728039521,2.969592631243988,2.015672934524412
43.010168029404056,394.650900599868,83.98098189259235,1.2561532027900346,44.27979717927292,0.8552623983186961,13,D06_px-1055_py-0118,0.812238554782708,0.8552623983186961,2.5491808953648283,2.553111234746371,2.7975727472280827,1.4039704304699858
46.72026449047717,-453.4301006857745,75.1441579599408,1.3224163799106663,9.973499984706107,-2.0751007798609145,4,D06_px-1055_py-0118,0.8550848470185833,2.0751007798609145,2.2222273785397864,1.9963940504133406,3.2938892319442656,0.7801221918485182
-148.34304446392673,-427.916880313194,78.69051908470283,1.3095983403040716,10.923082129177203,-2.5114749600274444,2,D06_px-1055_py-0118,0.8467966016500379,2.5114749600274444,2.533221055719938,1.3233335760544487,2.3839999841982022,1.5670654583492052
-184.235731103612,-429.9262249596405,75.5447682896299,1.327250691288027,2.368781902264232,-2.582631555562648,2,D06_px-1055_py-0118,0.8582107508317454,2.582631555562648,2.6617296075531294,1.4571798518682986,3.2685970217886746,2.161430854842119
-29.468670870358768,-404.9992644910462,83.16758262433169,1.2655501659571822,38.90564202347463,-2.250410137781385,3,D06_px-1055_py-0118,0.8183147051800302,2.250410137781385,2.7591342901075238,2.260721618719571,2.9425939726295596,1.895620569647099
-13.290991887561438,-400.5315750370447,73.55649032814623,1.2955832376326355,44.96883748233665,-2.21094706793195,3,D06_px-1055_py-0118,0.8377343258753199,2.21094706793195,2.680992038407764,1.5855450186725029,2.813824073878637,2.475449474115667
-67.82015142102173,-394.5451491622825,76.13252215873601,1.2861654903193391,44.51972511454653,-2.3480067496350343,3,D06_px-1055_py-0118,0.8316447362853954,2.3480067496350343,2.72028577899394,0.7165582257224474,2.5506180855397833,2.25832736350201
-115.47718249884149,-381.3977764554844,80.02417394854473,1.2711518512238906,44.5414203743768,-2.471775305050581,3,D06_px-1055_py-0118,0.8219367989941233,2.471775305050581,2.8942635454060612,0.9349457931481464,2.910554781009874,1.799905493109474
131.96480238631597,-353.6681950562797,81.50985619335299,1.2500689049112537,57.0933627408856,-1.820644186199558,4,D06_px-1055_py-0118,0.8083043998524398,1.820644186199558,2.5376749226830233,1.5611747423427842,2.449840268832874,2.1055281134007338
247.92406868085567,-347.87004279537337,76.12575243994746,1.3032073375171709,27.732631793316614,-1.5585827093603464,5,D06_px-1055_py-0118,0.8426641289104749,1.5585827093603464,3.284323656895679,1.9850024623001055,2.8867572228321983,1.8497034909234642
-307.6152897206824,-329.3834940094929,79.88852884172599,1.304564468095488,11.99828571156587,-2.9290142447240326,1,D06_px-1055_py-0118,0.843541660231603,2.9290142447240326,2.9115439429348102,2.857782346626534,2.643541344552604,2.4409857507997135
-256.56410064841384,-329.9224927955293,82.09433279065607,1.2773279921055818,31.84952773755117,-2.8387391694150743,1,D06_px-1055_py-0118,0.8259303403334576,2.8387391694150743,2.60970632827218,2.382594421040736,2.8515936154452826,2.1200766573059395
-299.70545162559546,-301.8402627099545,80.19184163185534,1.288500431137021,27.76537785061521,-2.959625161031513,1,D06_px-1055_py-0118,0.8331545274088384,2.959625161031513,2.5745822562718725,3.77849593951226,2.7970457249073015,2.302190565096789
290.0570752665023,-282.4946711254166,81.53705646294529,1.2703584003530206,40.12365837600936,-1.3791702175466658,6,D06_px-1055_py-0118,0.8214237474115494,1.3791702175466658,2.378439767541844,2.039925216207134,2.025659046888897,0.600690405144956
-291.7288417491753,-279.7799047794334,82.5176788314462,1.2664788772058115,40.25638310382215,-2.984078682559442,1,D06_px-1055_py-0118,0.8189152171882166,2.984078682559442,2.7044606540135976,3.707820136770906,2.3930544763883708,1.838224258658499
-359.8683875962498,-236.29008698430508,79.86311118765241,1.2927894717894268,24.63953902703156,3.115615055691892,19,D06_px-1055_py-0118,0.8359278548765205,3.115615055691892,2.1095363253698682,2.874734522540361,3.282239773426642,1.5366838782144
-392.4184652370502,-231.6992072611714,83.11548818853987,1.2972391337221585,7.98885290554432,3.0679728904615025,19,D06_px-1055_py-0118,0.8388050413291651,3.0679728904615025,2.185674630541207,2.416196398448988,2.955988362697281,2.062879062135746
-350.4586523917632,-222.3265296588934,81.80543822730587,1.2763682602817197,33.74336850902779,3.099934416603155,19,D06_px-1055_py-0118,0.8253097701769979,3.099934416603155,2.453217566243857,3.162338231010361,2.80200464158049,2.0885320832808665
-366.82037890054846,-220.41205295912263,84.11750850996441,1.2771383652509516,25.03790110170121,3.0756734682128406,19,D06_px-1055_py-0118,0.8258077261156929,3.0756734682128406,2.4608597842080977,3.390852195988619,2.1345946895069368,2.221388148961445
-416.33425951534656,-203.28473257308664,73.58585415514489,1.3311454252231738,5.630563441469519,2.988835107374137,19,D06_px-1055_py-0118,0.8607291164703637,2.988835107374137,3.2850983816791155,2.7525516855059866,3.105531481493623,3.0421310037124485
-419.62305798991855,-165.739323910596,77.758323483505,1.311608670059955,12.250557676204949,2.910777444023399,19,D06_px-1055_py-0118,0.8480964967041831,2.910777444023399,2.6546000132366694,3.811642763402232,2.523901578255582,1.048657724660918
-368.351132359268,-165.97925850937895,81.39372099804129,1.2702468917793757,40.706953559062754,2.9579664340189824,19,D06_px-1055_py-0118,0.8213516450895539,2.9579664340189824,2.3931694339731524,2.841025714071964,2.1969696818848305,1.565589866846039
373.7333745948815,-145.85317494772403,85.37576178463033,1.2543970403052047,41.25310183784876,-0.9790612332220774,7,D06_px-1055_py-0118,0.8111030062879276,0.9790612332220774,2.4564950787372575,1.4919670169564083,2.7899216503954904,2.218208757085778
-403.59631367389255,-81.09280010489564,85.18750996791923,1.2625799240291335,34.83023589245403,2.7328984482504826,18,D06_px-1055_py-0118,0.8163941233547921,2.7328984482504826,2.9929355641262205,1.6105866882182869,2.9732680783274823,1.498814497882638
-417.1919109160564,-68.1538113346159,83.05621050408811,1.2772527281758717,28.595874718863968,2.696545917152603,18,D06_px-1055_py-0118,0.8258816740837046,2.696545917152603,2.273652350798959,1.9643487613681079,3.160445090871546,1.1577924045574832
-417.5748446374337,-57.73567570110065,82.1737288093313,1.2794332928397472,29.581511901772444,2.67200628278664,18,D06_px-1055_py-0118,0.8272916443701813,2.67200628278664,2.231982545763078,2.6258237621764184,3.587014405771342,1.5858722195920627
392.1650265097373,-56.190312703395016,73.5167854264667,1.2927037095884066,47.84468585750796,-0.7492932299213668,8,D06_px-1055_py-0118,0.8358724003618507,0.7492932299213668,1.9232846261576755,1.4586914852433321,2.5844463297993707,2.8782705382280573
-426.3254486171567,-22.427328282090265,82.43902460071126,1.2820176184938332,26.16243864062176,2.5871707960547137,18,D06_px-1055_py-0118,0.828962689693077,2.5871707960547137,2.2569728369280835,2.0729368568508075,2.470927092165014,2.495431063398029
-439.0224013274607,36.19611684464198,65.5149225496692,1.3458613855583104,21.911562818882373,2.4523520913666528,17,D06_px-1055_py-0118,0.8702445723306063,2.4523520913666528,2.722092097194052,1.9054997036587102,2.940420380217318,0.963835866726255
-411.692612498484,67.29894042114735,79.57696616893611,1.2853343631088276,33.05598407657948,2.3725773845329976,17,D06_px-1055_py-0118,0.8311073228848587,2.3725773845329976,1.974344249106578,3.3535599968193885,2.3569728408016073,1.1928055516155291
-430.9792829461432,124.59766627847436,76.61403051314105,1.3138738405560415,14.138795620343672,2.2531827502173774,17,D06_px-1055_py-0118,0.8495611737881497,2.2531827502173774,2.913304637262289,1.2499074917038495,2.0051733560120293,2.1461377950304295
435.1721563419868,119.33989879282902,79.94708633954227,1.3046880931312494,11.637899795303042,-0.3393236858904928,9,D06_px-1055_py-0118,0.8436215971534362,0.3393236858904928,2.744449988440251,1.684461041299537,2.463566635282211,2.194913345995865
439.241854888897,136.34680525147832,79.759831780974,1.3100663795085272,6.240494445088473,-0.3059962362649756,9,D06_px-1055_py-0118,0.8470992394860632,0.3059962362649756,2.5721786380336473,1.6541279892882883,3.0449665767373455,0.7997962138048539
424.74598567576777,137.10144319490433,73.32273151373985,1.32324043303054,16.4103015097362,-0.2947527317459923,9,D06_px-1055_py-0118,0.8556176862563959,0.2947527317459923,2.3458573819894544,2.3179816828054705,2.7597714704662,2.3313489047283626
405.759457099428,176.69728627436703,74.12829179102411,1.318594751773232,18.579955617072983,-0.1962717104415881,9,D06_px-1055_py-0118,0.8526137521645701,0.1962717104415881,2.1485456043921918,2.628738201193161,2.724206721036598,2.044332290812214
396.57115584011535,202.37250052140763,82.5382855761168,1.2929629709075776,14.708818001798818,-0.1351214357265938,10,D06_px-1055_py-0118,0.8360400407728507,0.1351214357265938,2.510241566892101,2.6707181829819024,2.5311985402450996,2.5875194158426917
-331.5610474797674,222.97518631909503,77.1683220144794,1.2819785106140356,44.70597312763459,1.9425821289308445,16,D06_px-1055_py-0118,0.8289374022299738,1.9425821289308445,2.3771560328148063,2.355345833467591,3.195291302107555,1.2170450319396204
397.7656830411395,237.1962577863933,79.68274762656466,1.312028651244165,4.24868625290253,-0.0692691471491343,10,D06_px-1055_py-0118,0.8483680598457974,0.0692691471491343,1.821938971753267,2.9717838753840837,2.5125090055429116,1.487461837519299
300.98040560905963,249.5669915258041,74.59828655544831,1.285287220915306,50.77845308626763,0.0853027005156659,10,D06_px-1055_py-0118,0.8310768403712208,0.0853027005156659,2.720298387514914,2.1448629226252343,3.0423576209389944,2.0847318942435265
345.7460960964172,244.21713444226103,79.42487034594771,1.289769928897594,29.265011048781616,0.0079942786666984,10,D06_px-1055_py-0118,0.8339753946597895,0.0079942786666984,1.933258268431009,1.8729746989803155,2.5624678402580368,1.1342057976429636
-271.18207561663894,273.1152458660304,71.72021251576786,1.291599870811149,55.39513667601534,1.745663292670399,15,D06_px-1055_py-0118,0.8351586495142936,1.745663292670399,2.025415768229958,2.586676029521123,2.932148470230923,1.0381218632770528
386.37331173717206,272.6013540318963,80.6126626095961,1.3142978482968637,2.1101683426891213,0.0074540681986147,10,D06_px-1055_py-0118,0.8498353405329839,0.0074540681986147,2.80450449310825,2.320687802590378,3.052232557358831,1.3969160169673545
-228.78565275712668,329.7289690623342,86.1717151728667,1.251748438715299,40.91650981802945,1.570409872729313,15,D06_px-1055_py-0118,0.8093903996386734,1.570409872729313,2.7262350925720926,1.8971187755088472,3.522410398025617,1.693191628123139
-220.8607787143804,354.6928545386173,83.79824817002867,1.2715201054121292,31.41696511304628,1.520747339973691,15,D06_px-1055_py-0118,0.8221749150527244,1.520747339973691,2.4951848571440873,1.1153333924254167,3.6102824754920704,1.056330769496191
-34.55429791079968,374.0553439319265,79.35524693233978,1.2565658628134009,58.901174724111,1.0559328622873134,13,D06_px-1055_py-0118,0.8125053840040571,1.0559328622873134,2.3277199913247095,1.5806739673172172,3.6487996222378998,1.9067516242256464
-256.7738838193693,380.3620078237448,84.45356798335638,1.2948988643767965,5.620792386669677,1.5576197926658204,15,D06_px-1055_py-0118,0.8372918047377549,1.5576197926658204,2.00638613823715,2.057258658845062,3.58104893343661,2.64627679129908
-213.6387961592075,386.5503753913988,79.98774302030634,1.2990614141167085,17.630397310609055,1.4687155256052984,14,D06_px-1055_py-0118,0.8399833421851362,1.4687155256052984,2.110739487503323,2.368960337832436,2.1704025947327272,1.6444834790372016
156.62915952281162,395.8146655453029,76.47006703424265,1.3011534610287707,28.580321553799703,0.5870112325882203,12,D06_px-1055_py-0118,0.8413360761960966,0.5870112325882203,2.270782755177417,2.4358568617309775,2.927927023874897,2.572627244433942
221.71191294847964,395.9502050600559,64.9655663757743,1.3540118034317103,13.605636570851573,0.4533673146908282,11,D06_px-1055_py-0118,0.8755146967228076,0.4533673146908282,3.5816998729331657,1.7731723529389591,2.4825191573595387,1.0601290406890134
-6.960674450586583,406.9328453411064,77.71754431974281,1.2850574115353257,39.91921506508282,0.9809203435649012,13,D06_px-1055_py-0118,0.8309282438160744,0.9809203435649012,2.450245454285173,1.9574445923577377,3.304655394955038,1.4675204636917236
205.2035283673741,409.5571258490114,77.3277702286592,1.3167091122342365,8.008847108848386,0.4993394330190982,12,D06_px-1055_py-0118,0.8513944827867641,0.4993394330190982,2.5095555266007734,1.8812955576772272,2.5868979624044663,1.774711298709431
49.847191334094894,-438.1523711774896,73.35292431367287,1.3202635490880468,19.77069191379786,-2.0644961096023824,4,D06_px-1055_py-0118,0.8536928096523032,2.0644961096023824,2.8942254001911216,1.6234204935286707,2.981494354949154,2.0778663664703205
8.118238595973166,-437.5657904361869,73.86447814732239,1.3167472532836209,21.74378635777697,-2.159224803045068,3,D06_px-1055_py-0118,0.851419145089707,2.159224803045068,2.1940553110630647,1.6580429277488637,2.1938583805911516,1.3351311461446633
143.92701155945875,-426.4099896019191,77.4431548262649,1.311996846794967,13.037233657044167,-1.8522512865726064,4,D06_px-1055_py-0118,0.8483474948384442,1.8522512865726064,2.6386143959531125,1.9456145617951561,3.4135802149222414,1.4062455564648166
-153.65536486053452,-415.0136236856933,77.25277527023118,1.3084261294817217,17.796539165306285,-2.532368389112625,2,D06_px-1055_py-0118,0.8460386408996043,2.532368389112625,2.4432998911896444,2.013329352637205,3.105183148196388,1.6757067457093329
-250.2716776018471,-393.1470088429334,81.0867263150601,1.3092538135384335,2.048192366986654,-2.744662961240238,2,D06_px-1055_py-0118,0.8465738279297749,2.744662961240238,3.7719700936424925,2.0869074130810787,2.856345350950327,1.8592282229820651
-129.5528794508457,-382.5860569212622,71.03298286611675,1.3065733387346914,43.652876232511744,-2.504280568780445,2,D06_px-1055_py-0118,0.8448406118094105,2.504280568780445,3.1625858830860056,2.200152427033326,2.446989728336235,1.10049944757878
216.32170335941947,-371.8992731470332,75.83066007196837,1.3060049186759064,25.890905428641645,-1.6509452472689374,5,D06_px-1055_py-0118,0.8444730669223446,1.6509452472689374,3.3317523344592814,2.6749139786146836,2.641483036081991,2.2871020075626545
-241.7108107578478,-365.18446729177793,83.75535861166995,1.2846375389366782,18.92243718741525,-2.762462080957646,2,D06_px-1055_py-0118,0.83065675088674,2.762462080957646,2.5231191416291794,1.989613215795282,2.5283942852563004,1.7047222666677606
-223.3124651304052,-359.2812665301235,78.32958899767985,1.293278547457871,29.737388867408185,-2.7338928244849448,2,D06_px-1055_py-0118,0.8362440950558507,2.7338928244849448,1.843690846397073,1.9099241430150191,2.341380224031446,1.8412787142254907
-251.0872347677617,-349.40199453702826,78.61706982022434,1.2967629109585026,25.132939008210823,-2.8008894152134927,2,D06_px-1055_py-0118,0.8384971119393047,2.8008894152134927,2.4915768915309746,2.476992532763818,3.041380147132081,1.5753210552681283
-276.0487940039636,-344.4856506577203,78.87489464235051,1.3025380789250425,18.06160126700161,-2.8533309761175816,1,D06_px-1055_py-0118,0.842231381033513,2.8533309761175816,2.433709332669033,2.6840100876316293,3.174550684720251,2.4873865287713866
-206.17801513686112,-339.2310026981091,83.16625755503694,1.258999520483585,44.54030459700181,-2.723896740061259,2,D06_px-1055_py-0118,0.8140790062218534,2.723896740061259,1.8610391265093233,2.449207865764077,2.5942144853021762,1.5045085029269343
288.5816196814758,-322.61630806158314,69.14223103521473,1.329823069579373,25.918992944992738,-1.4480054606376331,6,D06_px-1055_py-0118,0.859874070895792,1.4480054606376331,3.7327241537384355,2.358461546189994,2.8993375377166695,2.154694151175541
-302.1564253841853,-317.27482873756105,79.31686337196987,1.299167483675443,20.017377329524493,-2.938771955892154,1,D06_px-1055_py-0118,0.8400519275972511,2.938771955892154,2.5748719708505265,3.531600488300988,3.0544035331438346,2.1491059524681706
319.8997156671573,-314.5349267903984,78.3725578263811,1.308241398437589,13.686925437032071,-1.3839218817322545,6,D06_px-1055_py-0118,0.8459191923514682,1.3839218817322545,2.093484854844495,2.154139780398931,2.3462081254021516,1.9596886584333697
-316.3707182008878,-309.04900159607126,81.49986489232077,1.2945425326509572,16.8396839882501,-2.974880372045764,1,D06_px-1055_py-0118,0.8370613978372462,2.974880372045764,2.705616503468469,2.9720984400620445,2.816669110658976,1.8109392810191425
375.2184001608038,-267.62784798625665,79.28246098601363,1.3120772048355178,5.756139290101828,-1.2265487428336783,6,D06_px-1055_py-0118,0.8483994549803896,1.2265487428336783,1.8038477849418466,1.4012672804992206,2.2474818061876265,1.877854461547654
356.6354020441704,-257.74904340230773,74.88395445340149,1.3147278226474746,19.98617464013057,-1.2327944079886102,6,D06_px-1055_py-0118,0.8501133653347024,1.2327944079886102,3.163053088924127,2.013211428764963,2.667677332583072,2.4664976240287353
-312.8868673646982,-253.8529265154043,70.53598731028362,1.3077087495882052,44.41748180756639,-3.066963823865564,1,D06_px-1055_py-0118,0.8455747774101464,3.066963823865564,3.0226650330611435,3.0496643218138817,2.863860003321774,2.039084250329142
302.00417564383247,-241.0351862325728,79.52837623138603,1.2641398983910936,52.19388155660994,-1.280572299201901,6,D06_px-1055_py-0118,0.8174028150640854,1.280572299201901,2.6375474331388626,1.6910286075670813,3.359308733827384,2.4507757345600485
-415.2031866868216,-192.33797851871148,79.31508321248961,1.3101949484885094,7.817417777659671,2.9684212419116505,19,D06_px-1055_py-0118,0.8471823732011695,2.9684212419116505,3.0499305061504884,3.6575025652344273,3.1070019121735024,2.3418309832895297
396.823260772643,-191.5801544308777,74.92818999918441,1.3149294719808893,19.58349330083968,-1.0567602039415536,7,D06_px-1055_py-0118,0.8502437533819421,1.0567602039415536,2.9205752144515786,2.3905288328000944,3.492764437262933,1.7391214219930597
-425.04421388908935,-152.03784873197714,79.18619962277319,1.3072040473480693,11.72498965388172,2.8781301194086137,19,D06_px-1055_py-0118,0.8452484329664806,2.8781301194086137,2.5834581944338115,2.386597788190618,2.126565125392649,1.9924342313837422
442.4931952498521,-115.90835904824311,84.8283724962775,1.2928743430734837,6.45522560277476,-0.8631674674215326,7,D06_px-1055_py-0118,0.8359827333172647,0.8631674674215326,2.3419537556218923,2.687091646244557,2.057082158301894,1.1997360497313854
-433.8533978122768,-96.02141178049428,76.40696056666707,1.312179961400583,16.87947338033075,2.7524242873035685,18,D06_px-1055_py-0118,0.8484658981847037,2.7524242873035685,3.0797898810170303,2.554412625842055,2.589271562465337,3.153568384023146
-373.9633553700471,-71.0613252447087,81.37225486070639,1.253063294513919,55.18088469952005,2.722396457876979,18,D06_px-1055_py-0118,0.81024059575428,2.722396457876979,2.858863006779937,1.841080140170882,2.881838608700738,2.3524754828257333
406.1028582216565,6.986406570644284,75.66846118878405,1.2916627116080877,41.00805757809724,-0.5897776892090981,8,D06_px-1055_py-0118,0.8351992828685482,0.5897776892090981,3.407678840151639,1.7513986959924506,3.0297471026007523,2.8368804604277624
404.1532507110378,30.30210882512812,80.9568439031004,1.2726465695281006,40.04809093086294,-0.5321427756091112,8,D06_px-1055_py-0118,0.8229032956224981,0.5321427756091112,2.2323870614837817,3.162711653302648,3.013754605014112,1.8708392363204527
-407.3171999459682,42.45299201101917,74.7882407177209,1.2968997011154877,39.146929106529626,2.430762207799737,17,D06_px-1055_py-0118,0.8385855615322135,2.430762207799737,1.966786109674763,1.97010935947606,2.995631187048318,1.655252743643796
-451.6754422490673,71.80166046532383,80.51198053009085,1.3063083496084091,7.658676369805562,2.376964868816799,17,D06_px-1055_py-0118,0.8446692677532185,2.376964868816799,2.462013780621544,1.8279142561432464,3.166144745815491,2.0996643604545664
424.120777435439,110.861684562312,79.96142508468961,1.297208496062626,19.696047760869533,-0.3513082635410455,9,D06_px-1055_py-0118,0.8387852307771996,0.3513082635410455,1.9790981178772098,1.8772054159057574,2.8557020934766477,1.4978221069846316
-364.55119069325735,129.36670847237198,83.9448772826708,1.2485702545598765,50.56499872571584,2.1936102086458305,17,D06_px-1055_py-0118,0.8073353607313968,2.1936102086458305,1.9183832555954856,2.6369623277259775,3.4747137914483766,1.6927606526685017
-416.8030934371264,130.2625898819392,77.71273695660443,1.303559081333029,21.3529960686974,2.2317028480806496,17,D06_px-1055_py-0118,0.842891569232254,2.2317028480806496,2.52751394433768,1.251426407438486,2.325051718513309,1.7718593944763428
-372.2273438446054,154.1298850731715,84.07031658220865,1.2601512171613365,40.61032382624279,2.142032665574382,16,D06_px-1055_py-0118,0.8148237023648135,2.142032665574382,2.2503324951418313,2.1222432249786323,2.8378881691387097,1.9965989562072366
399.2113181741736,167.17676383439476,82.9120793674617,1.2841872219278538,22.35877068118708,-0.2103996076979061,9,D06_px-1055_py-0118,0.8303655723619954,0.2103996076979061,1.5649252231232156,1.7791623684690316,3.662807071480325,1.6689823502471954
-337.9499280031313,189.51215176873384,80.3989327037481,1.261787541572294,51.273307093870585,2.0235388829516765,16,D06_px-1055_py-0118,0.8158817626171456,2.0235388829516765,3.056808762418666,1.6271414127472603,2.2057981205370245,2.5881910132130495
361.945149049762,197.4898386275516,83.65816350714115,1.2682311159727269,34.88341144007728,-0.1074939630780442,10,D06_px-1055_py-0118,0.820048228576089,0.1074939630780442,2.025889498645066,3.306044235159553,3.3059998316728985,1.7125897260806004
-367.4537108351728,238.8378578731792,79.26865824875549,1.2993944765280665,19.95604679575996,1.9582513968456088,16,D06_px-1055_py-0118,0.8401987029636248,1.9582513968456088,3.3116020320268813,1.7809486566297292,1.769942843418235,1.983807546339464
-355.4186747019693,269.282155610086,71.98569414377502,1.3273594016840664,16.997174935386283,1.8862353998524184,16,D06_px-1055_py-0118,0.8582810438300618,1.8862353998524184,2.3140522765237446,1.9834656107978836,3.6607344175928205,2.6129962422531356
307.6392976442011,272.13990864920646,80.61851168215759,1.2775348192894225,36.76045898180303,0.1172658243861747,10,D06_px-1055_py-0118,0.8260640764195651,0.1172658243861747,2.2733697826017103,2.2381883954698814,1.9976883961281493,1.6409852520794401
335.0401357152292,287.544015344314,58.85611300646363,1.3685156450164606,22.68753439288332,0.1022774402988334,10,D06_px-1055_py-0118,0.8848929949283363,0.1022774402988334,1.743834398329542,2.4071976788607743,3.3066995639236083,1.9140046146786123
355.36356744507674,294.2244149525277,78.33673308101379,1.3152816070086737,5.698239648477966,0.0845751910425283,10,D06_px-1055_py-0118,0.850471446664434,0.0845751910425283,1.6037237240550235,2.070885627011507,3.02034715876566,2.2796695315615896
384.56901046142616,292.8694675875756,80.17376293630323,1.3209623235107126,8.627067165945789,0.0438742324680043,10,D06_px-1055_py-0118,0.8541446426977666,0.0438742324680043,1.9244264463224974,2.5869611661793153,2.581367705100423,1.9862676864469997
-250.52716750043373,301.1970408537163,79.87987303197119,1.2668326554629887,48.75893138124064,1.6576327292441273,15,D06_px-1055_py-0118,0.8191439729957765,1.6576327292441273,1.986779381827841,1.5916886834702935,1.584251735620429,2.1129405500699865
-318.78868900722125,297.0160756105486,76.95780515513249,1.3054713445098605,22.161484286465907,1.784556594215998,15,D06_px-1055_py-0118,0.8441280536639809,1.784556594215998,3.0136276080626363,1.4482360728710988,2.695446121499005,2.1323399881866814
366.3222387562925,306.0719129293058,73.48539786642911,1.3382480085346051,3.2228898875469554,0.089051636609311,10,D06_px-1055_py-0118,0.8653217027817207,0.089051636609311,2.5414104650510687,2.527472165331691,3.0140137042240744,2.030896168904439
-242.4434569253119,323.0178425718965,82.52186237499242,1.2662338876573782,40.4570696787585,1.6076745935305046,15,D06_px-1055_py-0118,0.8187568050165848,1.6076745935305046,2.48980969177578,2.03834634929344,2.6199927141777337,1.8305306039927984
317.8328741486423,328.1251321893966,74.78108365097182,1.324081590300915,9.439493588069864,0.1943506071788524,11,D06_px-1055_py-0118,0.8561615851726402,0.1943506071788524,2.333187233466269,1.5911027837985994,3.5440168653681536,1.4680509633052794
-250.65801059145616,351.0271186410707,79.0223485339049,1.2960703527020472,24.352909133568403,1.5839235718932398,15,D06_px-1055_py-0118,0.8380492983158734,1.5839235718932398,2.5603412880370113,1.664329311740242,2.1163160826711276,1.7241708202388009
266.4169651211395,349.67193228021534,70.95362892295626,1.3274040226032622,21.22600358270796,0.3127396124480753,11,D06_px-1055_py-0118,0.8583098960678621,0.3127396124480753,2.1812758519025537,2.0429574578324017,3.0305227005482944,2.4242985432144826
-115.63528357465752,360.8244889700871,83.59347949685582,1.2435805636169266,55.55845505611819,1.2739506975772246,14,D06_px-1055_py-0118,0.8041089872673063,1.2739506975772246,2.1665720076908306,2.548076247326357,2.9046173138189006,2.4898596115034124
-145.20534490189905,365.1879486112538,78.89855092583147,1.27122811889734,48.28875684307684,1.3422681406745185,14,D06_px-1055_py-0118,0.8219861142724839,1.3422681406745185,2.613283360590911,2.0702802902863375,2.9146532361689665,2.277541945385657
-9.97884782625883,389.8718202557851,76.57115830844174,1.2774541474687742,50.83220359734082,0.9894064094666604,13,D06_px-1055_py-0118,0.8260119133849372,0.9894064094666604,3.042722273221699,1.1071068675431004,2.81454696206224,1.596117318234029
259.4841080919582,393.833231909884,81.49952752315994,1.3109554351288055,1.5652584852363134,0.3812327290417238,11,D06_px-1055_py-0118,0.8476741098526176,0.3812327290417238,1.8934414283179888,1.4196944865345205,2.533553852818155,2.6691252417061255
-131.2602223096507,400.4460930514308,73.79535681337563,1.307636095949397,31.96101272383356,1.2805655648515666,14,D06_px-1055_py-0118,0.84552779899505,1.2805655648515666,2.706037057506279,1.296973756493473,2.968241812047271,2.076004031068484
90.46927062929711,412.3642110818474,76.17892095372974,1.3000068732469272,30.85457877706841,0.7478468153834837,12,D06_px-1055_py-0118,0.8405946835054697,0.7478468153834837,2.3116283976671106,2.012822586465501,3.060508694482807,2.8816548710401446
108.98466685210204,413.8803161266597,67.6921298300947,1.3321069092722932,29.33377482604885,0.7063376341516191,12,D06_px-1055_py-0118,0.8613508196294758,0.7063376341516191,2.6735554797872423,2.2626333789926316,3.428510193081752,2.3314454321823055
-156.3426181065082,416.46224322641376,76.76701445328649,1.3112882413103208,16.47991109402824,1.3229437695763036,14,D06_px-1055_py-0118,0.8478893049508718,1.3229437695763036,2.5975747018578863,1.7045088723166146,3.740619211405207,1.7801717525351872
-168.7249839772068,420.1808359151351,84.06466612632354,1.292575723250702,9.559193209732086,1.345661470741338,14,D06_px-1055_py-0118,0.8357896433878302,1.345661470741338,2.7507324794581467,2.2735431734675258,3.4179675529876525,1.999594240264943
-13.69337680515549,-469.2596338584277,80.62774773859442,1.312475313462021,0.0230708144318896,-2.2069483914337726,3,D06_px-1055_py-0118,0.8486568751539156,2.2069483914337726,2.5620329263841297,1.654623519371729,3.7411189780542258,1.5756323093799263
79.82085813642401,-456.72320923065496,64.89389174168679,1.3587049763822232,7.366467925451673,-2.0047547626146605,4,D06_px-1055_py-0118,0.8785493393175191,2.0047547626146605,1.6302437445979647,2.2787905425877035,2.620781397425077,1.6651227652149923
152.52729565860486,-427.9014095177656,73.54650802647683,1.3266876901417544,11.344760385108373,-1.835362721015775,4,D06_px-1055_py-0118,0.8578467098561909,1.835362721015775,2.7316832861967875,1.463304539720046,2.937101755748012,1.6711509477925457
-89.7161371865203,-397.0113681803379,76.29389602935083,1.2900379983951953,40.29852278133052,-2.4000217045311207,3,D06_px-1055_py-0118,0.8341487305083385,2.4000217045311207,2.9618290369199824,1.706768898149776,2.8592185480485055,2.1586075392300055
-185.0459770139812,-386.7122797000205,83.48548771414013,1.2797085877042789,24.747987206724645,-2.624084739441058,2,D06_px-1055_py-0118,0.8274696521978966,2.624084739441058,2.9704288675112105,2.252062198444075,2.0961777844405263,2.4878938146099316
235.80314414886143,-335.5918563187215,82.16367761446182,1.2718410731966925,36.6708810071197,-1.5652745290366004,5,D06_px-1055_py-0118,0.8223824553502666,1.5652745290366004,2.710407489839146,2.1832188471934235,2.486955412616943,1.556170341783985
253.2585687035715,-334.13160065280823,75.10933564834326,1.3018653733074823,32.96017919687216,-1.529199440576254,5,D06_px-1055_py-0118,0.841796404282757,1.529199440576254,2.822182266882023,2.428857771039614,2.046933684620522,2.3199243583254265
193.49834845281225,-323.27571704048165,79.11585552577361,1.258319336021772,58.28677073794319,-1.6384194181287088,5,D06_px-1055_py-0118,0.8136391935914977,1.6384194181287088,3.5001300716726678,3.1652491890140952,2.507762192444418,3.0439736082698032
-267.97894680388777,-294.4345580988822,69.95218668083123,1.3067926025798249,47.57407042161884,-2.916169239813171,1,D06_px-1055_py-0118,0.844982389538665,2.916169239813171,1.7009835779962568,3.031238375737547,3.282085831509371,2.310676812826919
307.59077571281205,-288.1085558026843,81.79452552889319,1.2806390594551451,29.751928249343,-1.3596845608711994,6,D06_px-1055_py-0118,0.8280713025606956,1.3596845608711994,2.4619963495036483,2.1792580692560364,3.0563212278718677,1.7705092712584678
314.4397439291307,-277.68851574365,65.77640013357373,1.3340940443156697,35.145290680082326,-1.330390879072666,6,D06_px-1055_py-0118,0.8626357167998251,1.330390879072666,2.7795545503867016,2.544385115472755,3.030292273259896,1.7126404398398178
-310.85185668202627,-276.3294540765237,78.77752996998586,1.2872523751920435,34.054044588129216,-3.021899847904225,1,D06_px-1055_py-0118,0.8323475246047339,3.021899847904225,2.689155202383734,2.860295389213369,3.0063263987540534,2.5416325216751146
-358.25769263944113,-253.85711789418755,77.42956250859729,1.3058737210460276,19.92449279854492,-3.132105657194955,1,D06_px-1055_py-0118,0.844388233501511,3.132105657194955,2.520640476510027,2.939201945205458,2.3426582298464957,1.9504607941145191
-349.6594869232378,-182.93851003021305,81.95147900280841,1.2615544350142098,46.364791355233535,3.0166405203398217,19,D06_px-1055_py-0118,0.8157310340806677,3.0166405203398217,1.9714035826909875,3.15445470832823,2.6341261427700857,2.0913788976018473
-346.3184463093302,-163.49677775813316,82.85915971590131,1.2494729548835004,53.2839692759818,2.975692280988998,19,D06_px-1055_py-0118,0.8079190538706044,2.975692280988998,1.9855873215722584,2.7657779115266665,2.3682687995161062,1.422642018616962
396.650015519846,-151.53759408466377,87.2150554075113,1.2647264756383676,26.194323148049875,-0.971911055464732,7,D06_px-1055_py-0118,0.8177821005322401,0.971911055464732,2.2887304731759395,0.8942509037812392,2.9936554295346136,3.1676690109568
-388.56797334848574,-150.79673351853828,80.47613139549361,1.2820523192963929,33.02205050976892,2.904804441783417,19,D06_px-1055_py-0118,0.8289851275053265,2.904804441783417,1.731993997524098,2.6107790087680485,2.2411691957245257,2.21229638162473
-365.220122637603,-147.89455677660897,80.34276666275454,1.266824405961766,47.21942644883672,2.919376310113534,19,D06_px-1055_py-0118,0.8191386388033102,2.919376310113534,2.3697285064761484,3.3797651070604124,2.847921313687521,2.2777936735254007
-463.5199849816712,-16.950988352323378,80.9725894479837,1.3084129075626605,3.4701995415721854,2.5711669670077586,18,D06_px-1055_py-0118,0.8460300915025994,2.5711669670077586,2.0880728357944722,1.9697471642920492,2.9034750800342355,2.0749041211774184
424.15007612166863,-2.764151668049477,81.5209640852261,1.2833042580030196,28.140786140974228,-0.6134963585262474,8,D06_px-1055_py-0118,0.8297946409336954,0.6134963585262474,2.181269946797269,2.330331407245768,3.1041128046974906,2.832338831666119
-425.46680747197706,75.12560937853978,78.76572279567867,1.2973488272883251,23.97564390536718,2.359842383431821,17,D06_px-1055_py-0118,0.8388759700530296,2.359842383431821,2.777821182862769,1.6468444952760788,2.3346173840560143,2.5996721757829446
-402.3872692020278,91.26141740612856,74.30254265390266,1.3005275867934625,37.3472389753627,2.3115861113950213,17,D06_px-1055_py-0118,0.8409313809859635,2.3115861113950213,2.3585820754051356,2.18534996266969,2.4318005970153194,1.5198981638149773
-446.39784708727353,118.19223978843208,76.13954063401161,1.3223703822891724,5.980658014799246,2.275783396352049,17,D06_px-1055_py-0118,0.8550551045942335,2.275783396352049,3.0678149344753045,1.6094291687559483,3.121292881111189,2.0340363577915634
-391.6714818326373,146.86034308792134,83.31352490316385,1.2734615955695234,31.27111676870908,2.1758793016618507,17,D06_px-1055_py-0118,0.8234302978802841,2.1758793016618507,3.073886484318646,1.5646739481520635,3.0242735412621915,2.629125480850399
-435.24592419703697,161.75049873867255,75.52591779844465,1.3255921785986997,4.523157455532271,2.1788001275785183,17,D06_px-1055_py-0118,0.8571383434638574,2.1788001275785183,2.3446330444840378,1.9418025625588022,3.2400755475300316,2.3236249011102332
-371.9257819329073,176.19849570241337,79.81975502625741,1.2808245032008954,36.48084971335544,2.0921881172443806,16,D06_px-1055_py-0118,0.8281912119473112,2.0921881172443806,2.9520056666538013,2.0425250367974535,2.3576287075290736,1.4952257030062859
437.67973512590567,179.97481679466028,76.00421422569045,1.3285641130245605,1.2116146666134,-0.2168536464794601,9,D06_px-1055_py-0118,0.8590600196715116,0.2168536464794601,1.9408730209946992,1.5143818916561802,2.880925275007967,2.5653900565426735
-387.05760204886025,193.5859457321457,72.799742237987,1.3175548719532777,25.07642820412724,2.070847408715565,16,D06_px-1055_py-0118,0.8519413576825664,2.070847408715565,3.1269111733064543,1.8583755811289058,2.7844391932195225,1.7842641479015873
-362.28504594031057,211.24519304793327,80.33462810350986,1.2842044514351194,31.459382461608016,2.00671941144356,16,D06_px-1055_py-0118,0.8303767130970984,2.00671941144356,2.959230455095126,1.8742030945101344,2.40392024902488,1.948398838241252
417.9048606223943,218.038302862258,69.80562133941999,1.3467856026305265,1.405030125442977,-0.1260904003250709,10,D06_px-1055_py-0118,0.8708421783689263,0.1260904003250709,2.128126779081352,1.7726821946817188,2.682220821818584,2.2217511074511984
-330.6177931520924,312.784438126025,71.823251625535,1.3326220536075772,11.216276532489474,1.7769251363076926,15,D06_px-1055_py-0118,0.8616839160141097,1.7769251363076926,2.3141977414300094,1.8062318288397772,2.5727666739183785,1.8766358598353259
303.1597752340643,327.370504186492,78.29025508398485,1.3071310071458009,15.244951952688552,0.2167971865753848,11,D06_px-1055_py-0118,0.8452012045964061,0.2167971865753848,2.2424502751347877,2.0172640221138853,2.337075487250609,1.9947633371238345
-271.08461591981063,365.1600332461294,75.9658963030758,1.3192588044988336,10.429291125936343,1.6024181384215352,15,D06_px-1055_py-0118,0.8530431338872327,1.6024181384215352,2.2798582333085244,2.1619861516016434,3.114621425474427,1.3881946972248225
-127.09086259587716,364.09437576987295,70.55559172628969,1.296421440828831,55.2385511511784,1.299654147891637,14,D06_px-1055_py-0118,0.8382763146639326,1.299654147891637,2.904528905381734,0.850074276176038,3.104991675549435,2.80168951327745
-156.8154407469693,371.2559398634569,76.95526644851509,1.2850679685294832,42.61379709327241,1.3634761462526015,14,D06_px-1055_py-0118,0.8309350700516469,1.3634761462526015,2.365624415224392,1.6497979340547175,2.7708585701473796,2.0256938562236444
-213.40229247666312,372.4505625181837,74.66212626334507,1.309331162163213,26.81129764143003,1.484122709904557,14,D06_px-1055_py-0118,0.8466238421597795,1.484122709904557,2.9399125058977367,2.033322765569971,2.958088859962231,1.9448272505935091
-176.516458335407,372.3993421645888,77.76401749123161,1.2882627159638775,36.70956151251835,1.4064470854016426,14,D06_px-1055_py-0118,0.8330008189055643,1.4064470854016426,2.445535657802088,1.9824105861467003,3.3174951427253125,2.2365344177131563
229.5545538467553,373.55664246272767,80.0614301078057,1.2969313496048014,19.61826109868781,0.4127959296623339,11,D06_px-1055_py-0118,0.8386060256946773,0.4127959296623339,2.6778192811461032,1.683503301914493,2.7136423592303758,2.6275475425496104
-200.6026917173743,381.3179136405006,76.64957560194739,1.3036507156454074,25.281905664028955,1.4481079354143185,14,D06_px-1055_py-0118,0.8429508207003785,1.4481079354143185,3.34898788956351,1.7269667880920134,2.4703555988693617,1.4991630469830628
61.71575744372734,385.8457861010421,72.44263299787957,1.29295275959977,51.52708240533968,0.8052109826817272,12,D06_px-1055_py-0118,0.8360334380607948,0.8052109826817272,2.909654079303578,1.4931284016929496,3.7392655697090884,1.8308648697034708
212.80165078886685,388.3132778242685,77.22399948898209,1.3086634617719632,17.644127741172895,0.4624985568914462,11,D06_px-1055_py-0118,0.8461921018277786,0.4624985568914462,2.4457852272551697,1.7696182863551195,2.4103928035743625,2.1689340453298915
82.08546525529562,400.4533540512765,78.09896098512425,1.2849184890565255,38.696993634471255,0.7616361052617536,12,D06_px-1055_py-0118,0.8308384154470849,0.7616361052617536,2.684299342532821,1.7346005291495312,3.15628975932919,2.0847660078018473
-21.525615971170108,-456.9958537736926,69.46651847435894,1.3413136320432797,10.26140017461313,-2.2248435021544646,3,D06_px-1055_py-0118,0.867303959088247,2.2248435021544646,2.2817425398142044,1.6078844078073873,2.411495235456731,2.133914108436088
-15.448168586590588,-447.4920554808728,76.27757659721695,1.3144777486292836,14.771228629842426,-2.212283814742216,3,D06_px-1055_py-0118,0.8499516655048783,2.212283814742216,2.0681741593616927,2.065302950755865,2.5708148591865196,1.8735874249427924
79.93484561754546,-449.6302446816041,74.73522730213506,1.3241548184844858,9.538254467816728,-2.001834982970826,4,D06_px-1055_py-0118,0.8562089350929053,2.001834982970826,2.146679283582092,1.9601573683636535,2.461229594023115,1.6149763756349516
-38.38464842273879,-428.1938358993214,78.50009914998077,1.296937242513686,25.385164145594217,-2.2671800484587075,3,D06_px-1055_py-0118,0.8386098360959765,2.2671800484587075,3.1407075050517848,1.794827657240457,4.041112298664789,2.008387456148402
-24.95257050967736,-427.0456702643266,74.80670123605745,1.307981870683128,27.7036424157152,-2.236140181335636,3,D06_px-1055_py-0118,0.8457513796613114,2.236140181335636,1.9975915084554874,1.7570607376118061,3.072986123991379,2.4533597742764917
-244.9366374926135,-379.5765085751911,81.06549063536585,1.3014288647705283,11.025845123976126,-2.7508323427205923,2,D06_px-1055_py-0118,0.8415141544246838,2.7508323427205923,1.6146192284274252,2.304096585494544,2.735354716032771,2.38956253565428
-140.77110722627685,-374.5510490981188,74.50150289395879,1.2918163599344694,45.098452604719625,-2.5372823916784126,2,D06_px-1055_py-0118,0.8352986330865694,2.5372823916784126,2.3675704073471664,1.0071249051641056,2.404069268632679,2.1911693747428247
175.1172898663283,-358.1889377904629,73.66789211975399,1.293843008972433,46.21888791580676,-1.7230505043879836,5,D06_px-1055_py-0118,0.8366090803170434,1.7230505043879836,3.650156946832176,2.6456971700849268,2.9761046457030864,1.5073956048059791
287.55793260439566,-354.4404818193552,78.55320835547718,1.3119548095887954,8.748466225214997,-1.4961819228856892,5,D06_px-1055_py-0118,0.8483203132498354,1.4961819228856892,3.3094649604610584,1.2768920913328818,3.3055355966483,1.9836595731193216
-326.0285425268055,-309.3354447424365,73.92335013915235,1.3229466760195083,14.3093728434298,-2.989441262078015,1,D06_px-1055_py-0118,0.8554277406593399,2.989441262078015,3.241242230446212,1.6741225607453378,3.8287918679072703,1.508521587171055
252.0094239249761,-303.65257478795576,69.60403296387665,1.305810412100339,49.8738149475904,-1.4850513388820064,6,D06_px-1055_py-0118,0.8443472974385876,1.4850513388820064,2.667939659592818,2.276303566079041,2.366606178396819,2.7351189920047836
-280.206842437012,-297.9003486634183,78.27925076770666,1.2844233857272735,38.52442242259309,-2.932577646535425,1,D06_px-1055_py-0118,0.8305182777348007,2.932577646535425,2.909586840186532,2.820492512605573,2.675930975780418,3.281671664403335
-327.70093404723264,-272.85743466256883,80.7462520419337,1.2873247649429314,26.945137803358875,-3.054242275878949,1,D06_px-1055_py-0118,0.8323943323878226,3.054242275878949,3.295113617090032,2.724679896903965,2.862210366664157,2.6271898627747925
-372.9239615350343,-271.66321946025107,67.72436949146427,1.3486972143159477,8.193875350602525,-3.1189944880053706,1,D06_px-1055_py-0118,0.872078241541176,3.1189944880053706,1.8567867775407556,3.212909037139092,2.75483541238858,2.307441671850054
368.3677110823062,-251.83438816901463,67.1672822061721,1.3432323844883534,17.923096629054783,-1.206647487638826,6,D06_px-1055_py-0118,0.8685446395319307,1.206647487638826,3.1091313203084314,1.7846206191679146,2.1067357676288005,1.646660068600402
333.2173822513432,-239.6237977360848,79.91705678777353,1.2797417145772263,37.15099469809422,-1.2304238018776956,6,D06_px-1055_py-0118,0.8274910722948622,1.2304238018776956,2.9057799808839295,1.9167379686689714,2.5672234341367557,1.8397121876152789
-378.5885899772625,-197.38745219651312,76.22104124176747,1.302756035503975,27.845960183184104,3.015215856455306,19,D06_px-1055_py-0118,0.8423723134741454,3.015215856455306,2.294414820677879,2.6091511443539774,2.8434936880646737,2.4823813479789862
403.1425355347199,-145.8080831778454,69.62038852579954,1.3259642604420945,28.42324845058488,-0.9540204508918196,7,D06_px-1055_py-0118,0.8573789345144304,0.9540204508918196,2.5031551153673584,2.3102603023268093,2.762593522361101,1.5940451932979525
-395.84980445424793,-135.54089382779753,78.94215150182731,1.2882963002668422,32.450911310461265,2.864505704641077,19,D06_px-1055_py-0118,0.8330225347803818,2.864505704641077,2.799040479337076,3.510481614236966,3.1279199893022973,2.1992553058366053
-354.29790188466376,-114.58453699976084,82.51291432119169,1.2422433787750515,59.92763527744808,2.8474089382539134,19,D06_px-1055_py-0118,0.8032443530164605,2.8474089382539134,2.768696226033168,3.1809983839668288,3.63511679069527,2.6066336632521083
401.1183846893125,-66.45020770071369,82.17808956910162,1.269323871543966,38.881564483364855,-0.7711508615591762,8,D06_px-1055_py-0118,0.8207548129353398,0.7711508615591762,2.045532152286,2.2610533363798684,3.102854630351498,1.428399701296975
429.3891896826431,-50.74281644288476,73.62934306463862,1.3145706977012586,25.11399960534516,-0.7246084016321578,8,D06_px-1055_py-0118,0.8500117671069135,0.7246084016321578,3.730554845997658,2.6081373682712954,3.0505012413052492,2.273545838449027
-471.3688296459446,-48.1611969019965,77.87344871124222,1.3231386955129658,2.0335182641335336,2.636432855164191,18,D06_px-1055_py-0118,0.8555519019762156,2.636432855164191,3.0231021762838743,2.76342681878329,2.029065639026003,2.1539027448008206
407.82110205722415,-36.62072175115825,74.96809002969013,1.296234361357265,39.1367534687256,-0.6965353854203395,8,D06_px-1055_py-0118,0.8381553476041211,0.6965353854203395,2.9692608954854607,1.557259349117047,2.5753784437362945,1.4571826619619426
-401.6958640191843,-21.18882261260462,77.47711237641761,1.2827200968431411,42.94110580175328,2.5873127020936324,18,D06_px-1055_py-0118,0.8294169177266805,2.5873127020936324,3.369082005379881,1.9023849226610632,2.343920141246361,2.1265369477749836
-445.4076369732151,3.894480973870381,77.00668936801685,1.3108397822412323,16.051912646868118,2.525869711429451,18,D06_px-1055_py-0118,0.8475993277845941,2.525869711429451,2.398459102260845,2.545674406693721,2.707950444449287,1.5708054723862142
-432.4418590882103,64.78985868494655,78.51806891478313,1.301264924185948,20.77333321886897,2.385896007779358,17,D06_px-1055_py-0118,0.8414081491514463,2.385896007779358,2.7568926094915436,1.8710904740536238,2.5563706495518,1.74823049607698
-377.5094040234595,104.3779118948361,67.69480476806251,1.3109101236919476,52.20982145906805,2.264861369345257,17,D06_px-1055_py-0118,0.847644811120658,2.264861369345257,1.7742454347277778,1.860285478197227,3.1582649212952774,3.0866077790134514
-442.5812759159157,147.76441540934394,70.9118382303111,1.3411120727861765,4.176357525737274,2.2123800419243183,17,D06_px-1055_py-0118,0.8671736292850597,2.2123800419243183,3.6603862510100074,2.0830964314503797,2.5812269269334456,1.760110167658931
-363.8122727277392,187.7315814460575,76.04421328492555,1.2924476457878122,38.886259936514136,2.058237940718725,16,D06_px-1055_py-0118,0.8357068274915472,2.058237940718725,2.1113120272405927,2.1893829690421804,3.2100456526272554,2.4533777719142753
-421.0537288838985,192.6875729052092,71.94064615663146,1.3361784837144126,6.183576090861664,2.1054307487998063,16,D06_px-1055_py-0118,0.8639835317327542,2.1054307487998063,2.6316445088466196,1.769314606890994,1.8348979540803623,2.1040387727814025
429.8366494291603,193.2176633819339,76.45740349934391,1.326197116576412,0.0772888814802854,-0.1845296983357249,9,D06_px-1055_py-0118,0.8575295011249284,0.1845296983357249,2.136874315473124,1.9886644452013529,3.071703740160535,2.683179055013663
-406.89097816271817,218.1295564707085,77.60061939446095,1.3177456240562824,5.686098772679259,2.04251325770855,16,D06_px-1055_py-0118,0.8520646994947929,2.04251325770855,2.747286670435977,3.656760706827467,3.068680237619373,1.9741410876559824
377.58578071270887,234.47180955060747,80.30847085991729,1.2996628939263493,15.788087334747445,-0.0512789195248504,10,D06_px-1055_py-0118,0.8403722637674944,0.0512789195248504,2.2699845224167716,2.06386500965069,2.8738478143818864,2.487273544106218
410.4674375890753,239.1120521191993,73.94563486821122,1.335740746340983,1.8596541174426304,-0.0795002043319293,10,D06_px-1055_py-0118,0.863700487299337,0.0795002043319293,2.098485769074224,2.0818235157393064,2.227250845933212,2.6301363096897115
356.3653634741252,257.2300661600957,79.5490127563541,1.2992186176040468,19.097674567915988,0.0182382013189913,10,D06_px-1055_py-0118,0.8400849911982333,0.0182382013189913,2.281687490938163,2.492247244958966,3.0113516707955004,2.107865549771117
-294.9192612808285,261.82843916185567,80.46245795619677,1.2666500499779318,46.968868746667226,1.8085810564858689,15,D06_px-1055_py-0118,0.8190258988508804,1.8085810564858689,2.1676303952946236,1.961205895374075,2.4799163734920997,2.0274710267729583
-287.96887949420903,284.74996673643807,75.10620506673342,1.292863110853618,41.90207033651876,1.7548353057340984,15,D06_px-1055_py-0118,0.835975470475431,1.7548353057340984,2.2784708938163742,1.6373419112516068,2.25927935243244,2.6719636126612336
277.1584179657917,289.9619939858586,78.02128927360678,1.2800311153810826,43.4943865333052,0.2009912653480087,11,D06_px-1055_py-0118,0.8276782011340476,0.2009912653480087,1.8368275448414118,1.7837512935628421,1.5318149088655215,1.2879453449837226
-279.3865682000101,317.1944398684889,75.90201099127813,1.301260788599348,30.602070909855115,1.685925351539593,15,D06_px-1055_py-0118,0.8414054750485777,1.685925351539593,2.728387933341628,1.5800785945175904,2.4657082483276596,2.9663468600827816
218.66661199970773,358.1072066927901,78.69079236896255,1.2898988690422943,31.78504950817097,0.4156266923851109,11,D06_px-1055_py-0118,0.8340587683729261,0.4156266923851109,3.3150364750022816,1.9015391074104309,2.7842013043433864,2.378023204449347
-130.2490974422807,414.4557008623984,56.43254792260655,1.3735529372025652,27.674121040803755,1.2683092137213654,14,D06_px-1055_py-0118,0.888150147731173,1.2683092137213654,3.1374730351671762,1.3532247832220459,2.2866693585915865,2.101335523356889
-105.88709237368344,-455.29772162635,77.57047157324578,1.3208365113067602,2.0568254846343166,-2.4062806269346764,3,D06_px-1055_py-0118,0.8540632915357543,2.4062806269346764,2.729282316942178,2.5140982334707926,1.979525511622506,2.0388592969010997
-153.86841741679655,-443.8581385791655,77.4760672113512,1.322312662825848,0.6166203082439665,-2.511473200167837,2,D06_px-1055_py-0118,0.8550177827346312,2.511473200167837,2.39164963808827,2.4326555521914566,2.034993968871489,1.8549305807393632
-162.33606433415918,-423.4680845288162,65.72161057294329,1.3514372763844775,13.620088347512706,-2.543846028941156,2,D06_px-1055_py-0118,0.8738499872562802,2.543846028941156,2.7399878738981824,1.7688178543215183,3.053532427456835,1.8127234690637373
89.69618315216114,-421.26016137244847,78.68298196471994,1.2968109646967942,24.83966407910032,-1.9679853089539017,4,D06_px-1055_py-0118,0.8385281838649704,1.9679853089539017,3.1605574032854706,2.0274804535531064,2.0906616834840857,2.3632201000481015
-163.9687423614119,-405.4160675256372,66.18470313965906,1.3420382559567432,23.783189939393083,-2.562108759976654,2,D06_px-1055_py-0118,0.8677725066180588,2.562108759976654,3.307314862823273,2.092179517356795,2.5720305858691823,1.947622376674943
-55.005748388681816,-402.1081960120496,72.3681991928159,1.303057594533279,42.09328372844902,-2.31372546902543,3,D06_px-1055_py-0118,0.8425673039176674,2.31372546902543,2.281918004243307,2.5806527959271786,1.7844497229474914,2.231169477944475
147.06760811243856,-389.42585166042136,79.74007344502931,1.2842044896668157,33.5625885983377,-1.8166818254109551,5,D06_px-1055_py-0118,0.8303767378180142,1.8166818254109551,3.276373687339074,2.622602111227895,2.3165157688790567,2.8320360004317067
226.01999670587333,-385.560945145242,67.2037996257805,1.3434582972711584,17.47034190409323,-1.6475571679775824,5,D06_px-1055_py-0118,0.8686907165166529,1.6475571679775824,2.579180483199858,2.081997473299502,2.9751316532120518,2.0890553858852687
116.9310098097512,-381.1598477386006,76.4570481782169,1.2839054098970906,45.45051535436659,-1.880113443352668,4,D06_px-1055_py-0118,0.8301833504832634,1.880113443352668,2.460523407095086,2.5618260108219353,3.178258294131247,1.7043856556111716
-156.1633641761425,-372.26551254301694,77.81806013225514,1.282496911519898,41.947182603990086,-2.574974138360144,2,D06_px-1055_py-0118,0.8292726043387935,2.574974138360144,3.3437471669743006,1.3668912769404458,2.8632375734125985,2.7335368154437694
-225.6406856701908,-343.8307439027305,78.39226365515142,1.2855391208367304,37.06864656689135,-2.758535790072789,2,D06_px-1055_py-0118,0.831239720844457,2.758535790072789,3.5982569515953857,2.433481210567756,2.594042054512469,2.573056110529049
212.09470650043184,-345.6929350148102,76.37315558662314,1.2888082217939212,41.18270536386569,-1.627463567921617,5,D06_px-1055_py-0118,0.8333535472718464,1.627463567921617,1.8373744234100875,1.8212185120315532,1.9970333569530694,1.6413113476973777
207.99503373559585,-329.65143309118565,77.34635770954529,1.2745002938528407,50.74064379089208,-1.614906156563149,5,D06_px-1055_py-0118,0.8241019283713923,1.614906156563149,2.3618947565837294,2.5049627460853383,1.4542521715385064,2.79384191473174
-264.6266559568255,-321.00939859594195,80.71063906362127,1.2807435080846492,33.44165813859826,-2.867193763940456,1,D06_px-1055_py-0118,0.8281388398672033,2.867193763940456,2.6256332196506,1.9135878647261992,2.0236835118425898,2.462769207942319
-229.73935387950425,-317.1545149117573,76.26525519705851,1.2797031403544157,49.91091648118408,-2.804675402842729,2,D06_px-1055_py-0118,0.82746612989857,2.804675402842729,2.382204501865112,3.3598327546487425,2.319603987980405,1.5664218654291222
-356.2473237122239,-307.8609992224401,77.86212317673474,1.321668586484381,0.1515628813992862,-3.035904592868047,1,D06_px-1055_py-0118,0.8546013178992904,3.035904592868047,1.8163614227822784,2.3439635156013896,3.3490503897115578,1.6099622086269358
-363.3974955362031,-283.2341338951647,64.7658042718549,1.3578150220131215,9.24118119021449,-3.086515402421734,1,D06_px-1055_py-0118,0.8779738878128968,3.086515402421734,2.523031496823647,3.0316918336130136,2.3634248698428872,2.0296984422458184
324.6312432439105,-266.1860647632577,73.62249569545443,1.3072695120716966,33.01008340733625,-1.2937758984546672,6,D06_px-1055_py-0118,0.8452907629723988,1.2937758984546672,3.860104864417699,1.7091067478805293,2.746566439189068,1.5028147701225691
-336.6653341965088,-233.04446828249263,68.31128583816383,1.3195510572575695,40.8713673970434,3.140094467943917,19,D06_px-1055_py-0118,0.8532321068229063,3.140094467943917,2.8711386530031024,3.0947294808162886,2.8497549271489317,1.4392158023572703
-379.27720276397895,-224.3542190861733,77.96297194837734,1.3050479866252516,18.79070176054909,3.068782135730584,19,D06_px-1055_py-0118,0.8438543071212926,3.068782135730584,2.1435846161475585,3.4805826612813275,3.062309597004063,1.556963533387287
328.7518093153004,-219.2996947148989,77.0934104207804,1.279223099479448,47.45502954753175,-1.1952596833105886,6,D06_px-1055_py-0118,0.8271557316878627,1.1952596833105886,2.4253686754222583,1.974096661948198,3.170264981123668,2.0774463604184796
-370.3404863979413,-183.10010483500443,75.45202423042065,1.2968828737485194,36.70958468699081,2.993778879908913,19,D06_px-1055_py-0118,0.8385746808241943,2.993778879908913,2.674749160085951,2.549715242680252,2.2437410386713132,2.2301974500038595
-400.1559140550492,-120.0394255864952,78.29302265099574,1.2900925578850488,33.030186770678654,2.826053068059786,19,D06_px-1055_py-0118,0.8341840091042055,2.826053068059786,2.2736112353531364,2.9816616017693436,2.9536627654568273,1.4677447210503336
431.9942118738709,-109.3462161809324,67.65368594839609,1.341340922154255,18.196062709064734,-0.854892157685389,7,D06_px-1055_py-0118,0.8673216050889491,0.854892157685389,3.678692802221785,1.772129808928593,2.61365444235105,1.9605025142249186
-391.19475862530135,-103.41838655090388,79.55013595714411,1.27708596101994,40.8647043216406,2.7930658659061125,18,D06_px-1055_py-0118,0.8257738411271686,2.7930658659061125,2.5674631795783056,3.2588533912894713,2.033427221708072,2.1177780474301553
442.4339465361999,-100.18206020640795,76.02385340123982,1.3184635979994064,11.138604541259724,-0.8296583958489463,7,D06_px-1055_py-0118,0.852528947101406,0.8296583958489463,3.1437741880637358,1.322268223693722,2.1645068600946304,2.0553385181080444
-454.9824812909117,-50.74651559793306,72.44048987642401,1.3320029704904213,9.380967532700822,2.6456891396443702,18,D06_px-1055_py-0118,0.8612836119944628,2.6456891396443702,3.2014124097818675,2.7863533918088565,3.06029565094485,2.1101639686446596
-382.4707631184067,-52.07635664851278,78.6448475204349,1.2670451707717476,52.70710846191895,2.6699386975104185,18,D06_px-1055_py-0118,0.8192813870682576,2.6699386975104185,2.840647526156128,2.6735413144316436,3.077379121641655,2.027228122780524
403.7019924519483,-10.262180655693887,78.2295636096764,1.2811501172173307,41.74350114698166,-0.6323942468424659,8,D06_px-1055_py-0118,0.8284017565349769,0.6323942468424659,2.3813440823851613,2.313149283054927,3.0840753563050836,2.2010193870067183
395.5403626877098,22.983339924043705,73.74232568436722,1.2919190527973208,47.7592971961476,-0.5489386138130715,8,D06_px-1055_py-0118,0.8353650351005304,0.5489386138130715,2.6588475977865818,1.1189967514819865,2.263492495673426,1.347832732208703
435.8988196191232,44.90787684818892,79.41330787358714,1.2988954635597494,19.946706626982632,-0.5043180953863181,8,D06_px-1055_py-0118,0.8398760372479275,0.5043180953863181,2.432375887661306,1.8624320299244186,2.267401268431771,1.802090465476772
-427.55048702771546,45.17859169034558,74.7812565266536,1.309325817692167,26.356216581308843,2.4293353622976035,17,D06_px-1055_py-0118,0.8466203863827063,2.4293353622976035,1.5590076644187225,2.657919655957368,2.7906599888121395,2.4425947346860166
-459.352770038822,53.124940929341776,74.8993457903311,1.326578780938472,5.882828013319681,2.419472922732373,17,D06_px-1055_py-0118,0.8577762883075453,2.419472922732373,2.4536556556853477,2.550063299018279,3.094777330327086,2.7746039555353343
-385.075847116543,60.57906118988626,79.12434377995757,1.2681134541306442,50.19916514186178,2.378574765423541,17,D06_px-1055_py-0118,0.8199721475022567,2.378574765423541,2.278686027732217,2.578036974108999,2.1727592511957807,1.4439488451059699
-416.1583192750911,84.54652851465224,77.126791354192,1.2983294958670102,29.042347879290787,2.334181406480107,17,D06_px-1055_py-0118,0.8395100780800623,2.334181406480107,3.1533651810744248,2.70388180306255,2.339048028517829,1.9106701886887554
437.0091954529112,148.3260815178654,67.81425125766253,1.348464839972033,8.10229006346674,-0.2797683615028746,9,D06_px-1055_py-0118,0.8719279864601471,0.2797683615028746,1.7073780965374352,2.2161975689643114,2.4889009843317957,1.819719351969109
410.17446670247375,163.84861293070395,75.49383587290535,1.3136624894360258,18.785983244828344,-0.2269380848587486,9,D06_px-1055_py-0118,0.8494245124892794,0.2269380848587486,1.9275626347218415,1.7078099229952122,2.7213997921581323,2.5011886125522165
-434.31986556519297,179.69225748442182,69.04458560598542,1.3485365551127897,2.4232889001017384,2.142324695361057,16,D06_px-1055_py-0118,0.8719743580350114,2.142324695361057,3.066655179321738,1.7483324614183093,3.0583562689957864,2.3375725054053413
-382.0566112474366,207.49128959995764,76.81859430941086,1.3053785365192845,22.79239186411689,2.0370902352954365,16,D06_px-1055_py-0118,0.8440680432862895,2.0370902352954365,3.242303020827462,0.9014189465323523,3.4045352320954825,2.899160980539154
-349.1325790677796,216.56192527354688,67.1573357135349,1.324425253988033,40.28050803901891,1.9794110931152693,16,D06_px-1055_py-0118,0.8563838008195342,1.9794110931152693,2.519507275107578,1.941337602909102,2.556002725870755,1.6659881475676945
-376.273491505171,253.6920035883109,76.31062904762851,1.317644413742369,10.95791644657578,1.9413978748006493,16,D06_px-1055_py-0118,0.8519992561086522,1.9413978748006493,2.8542113917637515,1.4027287010267027,3.159973461452485,2.311299845183306
-309.4678700370934,255.85858295800176,71.77591533969067,1.302427522174367,44.953776502402775,1.8437611344384293,16,D06_px-1055_py-0118,0.8421598941677465,1.8437611344384293,2.38962890258769,3.322659962305374,3.659672308164555,2.2171175062258515
371.51601561096777,289.2537806456851,75.3262342656763,1.3294668277007242,0.463196830625975,0.0545613469599258,10,D06_px-1055_py-0118,0.8596437220911844,0.0545613469599258,2.377937364815204,1.677968956976528,3.019697827466783,1.717683344301885
-340.728705867699,302.7130425336199,75.18931905236317,1.322244253043741,9.997228597090045,1.808228105511267,15,D06_px-1055_py-0118,0.854973548430704,1.808228105511267,3.148929666346394,1.9563468584567416,2.5170800650875833,1.9060263303315186
309.4428552701251,314.4299458724955,80.873406591122,1.2959049098529614,17.70444840852673,0.1864122231609613,11,D06_px-1055_py-0118,0.8379423216665745,0.1864122231609613,1.9550962613562453,2.9474236263076645,2.737722893333085,2.1599929343445323
265.6705971497802,317.32834173810664,81.34690421418026,1.277142399172051,34.60593113566932,0.266794755263008,11,D06_px-1055_py-0118,0.8258103344808481,0.266794755263008,2.255999065724925,1.2433311111559955,1.7804266008616576,2.527519083820791
251.25431260732057,320.9936920746598,79.35847626495081,1.2797904175540584,39.052552904583365,0.2996897671495149,11,D06_px-1055_py-0118,0.8275225640232818,0.2996897671495149,2.237180566115467,2.2124245852723514,2.5268286931334623,1.756553566010331
295.60839239097413,369.0133301795144,80.43968350833285,1.3148022102907693,2.039282083747992,0.2884189936768919,11,D06_px-1055_py-0118,0.8501614649707573,0.2884189936768919,2.5145132096040372,1.5573395519535127,2.9551227769082677,3.0179817157124447
125.64395021630564,403.4579322357791,77.55003439477397,1.2956200164610432,30.2361184607106,0.661918220003937,12,D06_px-1055_py-0118,0.83775810735545,0.661918220003937,2.1330888625592133,2.3111314230708597,2.7124296246148094,1.3887721273251392
147.26033679515973,405.89339263125584,71.00824366574182,1.3229900517417914,26.142627860226582,0.6157798557854238,12,D06_px-1055_py-0118,0.855455787743009,0.6157798557854238,2.744867559800717,2.261940098824938,3.089386869489829,2.2683735500437927
223.02158319141364,413.2726051346264,78.5725326013521,1.318858402171037,0.4474721017297156,0.4689563859338984,11,D06_px-1055_py-0118,0.8527842305883845,0.4689563859338984,2.790272164304251,1.2907387271913406,3.471136427615349,1.9713069597627513
-122.67260989302336,411.5418076166891,77.66207699355726,1.299433682419867,25.908092192122297,1.2535117005858425,14,D06_px-1055_py-0118,0.8402240538020609,1.2535117005858425,2.403237689269142,2.1253003352847957,3.245332992104802,2.3438811481345367
-141.26813741026038,421.1849520766579,66.42881819153646,1.3446811708730544,19.342319029597377,1.2874319665587255,14,D06_px-1055_py-0118,0.8694814362193768,1.2874319665587255,2.1686152279754216,2.5650170800373333,2.1349433379266127,1.0078278633697133
27.77631891383224,-457.6007764307729,75.85006315044586,1.3215486508974057,8.153963346672867,-2.1171503487485053,4,D06_px-1055_py-0118,0.8545237666041017,2.1171503487485053,2.271351392037103,2.2713606036597067,2.466819322102892,2.858483161197736
63.82003954002514,-436.7121644298649,68.7641484952807,1.3355367075311488,20.639653291099705,-2.032665505781456,4,D06_px-1055_py-0118,0.8635685541978243,2.032665505781456,3.5074938191858562,0.954031867260652,2.9338578269808293,1.4346134412376976
11.594312113135786,-407.8706078270735,73.89254555345781,1.299081343054883,40.3198224061926,-2.149357064956829,4,D06_px-1055_py-0118,0.8399962283935264,2.149357064956829,2.24944196803849,2.1510199457798937,2.07070544828922,1.8138605959319953
-195.22413891776347,-400.6462894191952,70.16341136439746,1.333171745090779,17.57671125524172,-2.6311901665525497,2,D06_px-1055_py-0118,0.8620393508566913,2.6311901665525497,2.553648950800334,1.4165511076008617,3.029426886301446,1.150075205628386
170.9579142348875,-398.9338525880651,74.95992502202375,1.311089327552006,23.740900849329137,-1.7729131634698034,5,D06_px-1055_py-0118,0.8477606857480379,1.7729131634698034,2.775278270851463,1.3808514302315653,3.2136329250957862,1.3218896980130388
-30.755463699630003,-383.49769849101614,76.68269815862266,1.2732587645844642,54.077152154503096,-2.257801844405246,3,D06_px-1055_py-0118,0.8232991457677841,2.257801844405246,2.614048921462556,1.6902911822654065,3.0992045486291904,1.4864864723899156
246.7312297181056,-379.9566220264189,68.81778891138117,1.3412196900631916,13.234900269633217,-1.6018458728528011,5,D06_px-1055_py-0118,0.8672432154640053,1.6018458728528011,3.221702631622994,1.854962431099596,3.7531441271194406,1.3821596770680662
133.08681235902264,-368.3592418277304,75.89720165023229,1.281060326104582,49.98969393860483,-1.8310732231916165,4,D06_px-1055_py-0118,0.8283436968942505,1.8310732231916165,3.2519239639816844,2.178601836789225,3.1823365400168098,2.3507968485439332
-297.50189738206694,-353.1340684436381,64.01604747100333,1.3606551163604437,8.756739923028931,-2.8778771889554804,1,D06_px-1055_py-0118,0.8798103151873538,2.8778771889554804,2.642760819126592,2.7558516643323534,3.1720499701030938,2.1753867946126517
158.2098105511249,-342.702307030948,74.54536193684785,1.2758250299779028,59.2208222072307,-1.745273031611832,5,D06_px-1055_py-0118,0.8249585131838968,1.745273031611832,2.2435655141322344,2.187760812819235,2.01945049188353,2.6547681076058183
-263.1869898345247,-334.59063086823943,76.15553635038745,1.3022213950485866,28.65192140057127,-2.8442888010653573,1,D06_px-1055_py-0118,0.8420266107446946,2.8442888010653573,1.9978568419834906,3.2120042447324764,2.3160885002961953,2.6609573578522516
-219.84604159401937,-332.8639777466638,78.04542990363922,1.2784283114821944,44.86018630560835,-2.761474866762114,2,D06_px-1055_py-0118,0.8266418155088376,2.761474866762114,2.2408482478228318,2.9798729589786346,2.3206889826603905,2.332113428472088
300.3395445093749,-330.3764885235582,72.29972629218219,1.326643966606911,16.55583003342241,-1.4399653025333787,6,D06_px-1055_py-0118,0.8578184378741808,1.4399653025333787,3.162390465849122,2.5908701154110823,2.6996804919337,2.4621748261490173
304.74606652111856,-315.19047232456734,74.52599322145542,1.3150074959738152,21.08482047925565,-1.4092236417735775,6,D06_px-1055_py-0118,0.8502942043103096,1.4092236417735775,2.414380080639216,1.9302720749298576,3.1211423455741674,2.399287359948545
280.94227695287054,-306.4207626873402,66.70482116164933,1.3287787134399702,37.31506890103617,-1.4357282666509938,6,D06_px-1055_py-0118,0.859198781990376,1.4357282666509938,2.4902145857277818,1.8948803446851605,2.8563962694599128,1.9714845384304094
325.3230019121871,-291.9316731239041,73.61436649069333,1.3172726502338958,22.14504985590969,-1.3383338544760577,6,D06_px-1055_py-0118,0.8517588708959468,1.3383338544760577,2.8508315384042646,1.1363975173868863,2.753708564880254,2.4193977210468813
354.63069101399293,-278.7244680052164,66.17506856648819,1.3488056441400025,15.082959188991763,-1.273098810440076,6,D06_px-1055_py-0118,0.8721483531194373,1.273098810440076,2.6580714696731054,2.864530967593865,2.648307049408504,1.8358909911333117
-401.473614613257,-240.69573912579204,77.36328202491922,1.321808474887036,1.6990265648356626,3.0746874439330543,19,D06_px-1055_py-0118,0.8546917708422523,3.0746874439330543,2.818244774596352,2.2746572138025023,2.395427459629202,1.831877901729436
341.72054108869327,-206.1956050756488,73.16027596654354,1.295922428324895,46.10305172109986,-1.1498983515408503,7,D06_px-1055_py-0118,0.8379536492485077,1.1498983515408503,2.122607231670686,2.756590054776492,2.7426195161277707,2.2903591157906247
387.6722876440132,-203.32904825998747,69.13017499728929,1.3324624014584163,22.82361326351316,-1.0900242383338732,7,D06_px-1055_py-0118,0.8615806836769915,1.0900242383338732,2.3743619906465976,3.0384054131049947,2.552270879546069,1.8187082378765203
405.4258235271609,-203.87188080251207,76.30570387624198,1.317655630045688,10.964371487715653,-1.0729114419102994,7,D06_px-1055_py-0118,0.8520065086587214,1.0729114419102994,2.4644162487022485,1.8148087767864274,3.0657601165834465,2.3138748940368226
397.7226433068074,-178.05344488186947,69.29489285574181,1.3308614938595962,24.046981697959893,-1.027904505699251,7,D06_px-1055_py-0118,0.8605455242143414,1.027904505699251,3.1753964622550725,0.6910787359264328,3.4418683080745938,2.966111996275309
-338.25169766157046,-169.61630570334657,75.59686336605449,1.272603593689418,58.33068667396708,2.999420038718129,19,D06_px-1055_py-0118,0.8228755071067146,2.999420038718129,1.477536598091277,2.1602680474977376,2.224758082187148,1.8472414421728731
353.19728171592607,-158.27773377568892,80.2842178447325,1.2618874022688646,51.56790890428135,-1.0282759466831708,7,D06_px-1055_py-0118,0.8159463333300826,1.0282759466831708,2.019719135740722,1.7419712393466584,3.7285053492719147,1.7250895368297468
386.82278942932254,-142.13350978165894,74.4853889121922,1.2995832436152033,37.60997838949959,-0.9591043459457144,7,D06_px-1055_py-0118,0.8403207612489565,0.9591043459457144,2.1444527197825183,1.4231847694499233,2.9506971859627544,1.2936238708621364
-459.48822060202593,-96.77703028467565,77.02162363764023,1.3236090828513378,0.8557698960241282,2.742198265469486,18,D06_px-1055_py-0118,0.8558560581341259,2.742198265469486,3.6955845149255797,2.181912780271715,3.0810979870477944,1.734063390959343
-438.4442734884509,-79.43522239668893,76.27282206800169,1.313295520632872,16.14079673015641,2.713844130340872,18,D06_px-1055_py-0118,0.8491872275707981,2.713844130340872,2.846878393219649,1.4805866928546894,2.604332906903722,2.4847548550682323
-461.1068594028429,-32.182583266926834,76.1512678692641,1.3225651903473374,5.694925085757859,2.6042943215871857,18,D06_px-1055_py-0118,0.8551810690190128,2.6042943215871857,2.5681870559067517,1.4112461752637055,2.879127711228879,2.312595135264812
-392.40615485643616,-31.594923161545868,80.44965680859318,1.266188476935772,47.40603291405978,2.6149556763635133,18,D06_px-1055_py-0118,0.8187274420863251,2.6149556763635133,2.4919288872783145,2.349827333348242,3.1962976464842554,2.3172638746149934
-416.35044698488906,7.558193884103555,77.13133532979583,1.29319233994185,34.1962394754957,2.516461673038348,18,D06_px-1055_py-0118,0.8361883525969939,2.516461673038348,3.353290155300405,1.6094219966798344,3.195620879934224,2.466199717849028
-376.1387476769464,23.021310919496745,76.32838684493035,1.2687215928020832,59.07929626696887,2.473485067795243,17,D06_px-1055_py-0118,0.820365374757101,2.473485067795243,2.5461481964621555,2.4570574168950046,2.8371939380835602,2.2019373187889726
414.2249948020541,44.48822347127431,66.7319037532753,1.3291805703665402,36.74802883197032,-0.4999885461226284,8,D06_px-1055_py-0118,0.859458625844248,0.4999885461226284,3.1335995729763537,1.6070182414096805,2.857179601905047,2.9519573609953054
-437.2972905867672,77.56424391080844,75.72341911829241,1.3142663983577725,17.197739359799755,2.359066983213181,17,D06_px-1055_py-0118,0.8498150047546579,2.359066983213181,3.042109326267326,1.7355329451268138,2.039589651439166,2.216208985723982
-447.5868720228109,94.05919374289336,69.58087206948181,1.3408814650129994,10.32351789366021,2.327479808188188,17,D06_px-1055_py-0118,0.8670245164825839,2.327479808188188,3.5516900728191967,2.577779713727649,3.0406114464904643,0.9792495832321256
384.9559238616089,147.37682492892145,75.94475184435481,1.294592998186445,37.15690716685833,-0.2413525377427069,9,D06_px-1055_py-0118,0.837094029249975,0.2413525377427069,2.9801422013546235,1.5150158149503357,2.567177320078436,2.36329942055656
380.1766342036936,180.78858242174445,69.1669439549166,1.3232096690366293,33.40462464472063,-0.1630920137167649,10,D06_px-1055_py-0118,0.8555977940156262,0.1630920137167649,1.9295676594288733,2.672877207205096,3.1421623737619573,1.80216234312493
443.6245851242799,195.6040152877028,73.35733361169449,1.3420934255713108,7.923279697466114,-0.1917001346796207,9,D06_px-1055_py-0118,0.8678081797253716,0.1917001346796207,2.446598332967071,0.9213798885358568,2.466004388659847,2.089727947951918
-321.1483599433422,198.96464903732968,76.69019008491611,1.2680889675202929,58.385386274598034,1.9799488499557103,16,D06_px-1055_py-0118,0.8199563142671392,1.9799488499557103,2.7195440767245334,1.9487394212636369,3.565484771466436,1.8873026616011723
369.094515622557,249.1031706682469,67.8739492098731,1.3404561996546958,18.35362013343996,-0.0132961807974618,10,D06_px-1055_py-0118,0.8667495365523807,0.0132961807974618,2.1694743926782007,1.5695574322601047,3.2067487152865173,2.605772926986533
308.87895940734256,257.85043327540313,73.47597332731081,1.2969135964551988,43.98503100913064,0.0886204085184017,10,D06_px-1055_py-0118,0.8385945463683149,0.0886204085184017,2.069569754530138,1.5829079864680586,3.6946281748164145,2.6462201745501877
368.2029515940935,265.1483283717505,76.07295288344159,1.318361995623101,11.061966933320718,0.0171190040406314,10,D06_px-1055_py-0118,0.8524632502046346,0.0171190040406314,1.536971156242142,2.922615412137107,3.5299823098059044,2.054291402890456
-304.8943261397499,281.69069175379155,77.87459887722426,1.2898119787016793,34.813850375916275,1.7887514999621734,15,D06_px-1055_py-0118,0.8340025843943087,1.7887514999621734,1.6911822303784378,1.4353261858230852,2.9664668268857337,1.9369767486160991
365.51814030017897,277.377298622868,72.21601861745117,1.3332369879767283,8.774191290279987,0.0421682558607686,10,D06_px-1055_py-0118,0.8620815374206197,0.0421682558607686,1.7300574631121126,1.940560716959417,2.815526703700617,2.3094036614442706
-351.6443665332385,293.68034520227656,71.52143894273107,1.33509273479545,9.377875531067104,1.8387960451086875,16,D06_px-1055_py-0118,0.8632814779300522,1.8387960451086875,2.709136306638217,1.9140224793747098,3.6260645910159948,2.0357550729028966
258.4187284131905,305.3758294742336,69.88877303491313,1.30822765096095,46.38736789027104,0.2615144549342861,11,D06_px-1055_py-0118,0.8459103031247941,0.2615144549342861,2.4063560001607622,2.4012972171061824,2.1693955751870453,2.542956243982171
-303.614834445004,308.181353634284,75.85926675172263,1.3073001708419656,24.390112466742664,1.7417509785623446,15,D06_px-1055_py-0118,0.8453105871747328,1.7417509785623446,2.4679344045627287,1.7849646150199898,3.4939500992880173,0.7620773745638518
-203.8517410667889,333.24792695843945,71.65134908203649,1.295771049293173,51.8039388092194,1.5128035491863612,15,D06_px-1055_py-0118,0.8378557663742874,1.5128035491863612,2.5870362545076104,1.6540763681731445,2.7465533438550906,1.5357973746146771
-197.5166923125369,343.6040099253614,79.40201919378859,1.2718143212331463,46.07102934080592,1.4855294293235295,14,D06_px-1055_py-0118,0.8223651573199307,1.4855294293235295,2.605920821326423,2.495267195989549,2.4975708869921416,1.6474931413681788
139.3856034809806,355.19937619980595,70.03096731805755,1.2956002694005135,57.92660277014892,0.5898661659606429,12,D06_px-1055_py-0118,0.8377453387505774,0.5898661659606429,2.4593647296764938,1.8705232812384553,2.2835050730658493,2.440021427594627
-287.53177384642163,356.06247589709375,63.67805917132418,1.3599208979515514,11.424172985180974,1.6431334577126826,15,D06_px-1055_py-0118,0.8793355637812282,1.6431334577126826,2.8719389572450034,2.1342964997015104,3.20449971094754,1.5867285384547591
-223.4167023747621,364.2609023370264,73.85543640576802,1.310910316232974,28.23553940647463,1.5139892559634265,15,D06_px-1055_py-0118,0.8476449356192023,1.5139892559634265,3.331995555388258,1.6080671658695733,2.234218771055193,2.3426952293902956
-256.0781025839003,373.9704700455109,69.89954531737811,1.3378413274506682,12.856700010959344,1.5642376878662367,15,D06_px-1055_py-0118,0.8650587395896986,1.5642376878662367,2.2861082093999823,2.4395084707572474,2.99042300873877,2.579245623724602
209.6768505870768,372.1616131884667,74.77088074890125,1.3077436011839678,28.09617462401241,0.450741883115448,11,D06_px-1055_py-0118,0.8455973127264687,0.450741883115448,3.181956101546644,1.2607564992351254,2.4759942601982146,2.54431096204029
94.76041600540934,386.604541448137,69.5087208738999,1.3083414004535114,47.73818955212772,0.7234462981710142,12,D06_px-1055_py-0118,0.8459838544426111,0.7234462981710142,1.6018988844459703,2.4903501205754135,2.816671520279013,1.7100176802104572
-57.09539116787814,389.093184372815,75.389666578596,1.2839975035802795,49.13936989414975,1.1095166048093872,13,D06_px-1055_py-0118,0.8302428989841724,1.1095166048093872,2.7522254908722172,1.4208407125932088,2.2688803482066033,1.8239790340595978
165.54053695638763,421.26293341485086,63.39375035784158,1.3585656672565352,14.687569096456857,0.5893919084557545,12,D06_px-1055_py-0118,0.8784592609396066,0.5893919084557545,2.2502461384175403,1.3987513002193368,3.801739874933096,2.030679084418172
-88.75303273960044,-457.9358893123428,75.0234461741959,1.3282275110462431,3.302613380675268,-2.3692134785058503,3,D06_px-1055_py-0118,0.8588423701811483,2.3692134785058503,2.609150837867739,1.8249468472989694,3.2097845396613742,1.7557286125219034
40.53675508837614,-424.8536429321238,76.13339247425503,1.3029466084098442,27.9772968869309,-2.08265036899443,4,D06_px-1055_py-0118,0.8424955394160929,2.08265036899443,1.6581418465585394,1.4522189868680373,2.7126065301010054,1.985241231552445
-98.73474815320046,-425.098879520924,74.37703175297867,1.3143722728545435,22.3858425271032,-2.405992499131175,3,D06_px-1055_py-0118,0.8498834640381709,2.405992499131175,2.7100318822801377,1.4743565142833484,2.9702538515889096,2.362727895513883
78.36058881378011,-417.945140958438,76.00970774400881,1.3024292011680791,28.985030460124506,-1.992437443436501,4,D06_px-1055_py-0118,0.842160979818305,1.992437443436501,3.3937199579717734,2.295663627597896,3.4523706626564996,1.3470362628434387
-73.27748820751123,-405.6725118113733,72.02316349989931,1.30821365479594,38.17877123144882,-2.3564810170374537,3,D06_px-1055_py-0118,0.8459012530942603,2.3564810170374537,2.6828864513790975,2.455215740581769,2.901116141875656,2.2410278910208463
126.09729957482246,-403.6894678519221,76.30086361639641,1.3000542371190889,30.3500296066386,-1.8750166047257029,4,D06_px-1055_py-0118,0.8406253093582622,1.8750166047257029,2.396826820819059,1.8764386525218137,3.0493229833499154,2.2717138935767642
-266.29404634046534,-393.3743026584327,78.71288057761413,1.3211895799132731,3.0021819050166414,-2.7728627459328834,2,D06_px-1055_py-0118,0.8542915884776053,2.7728627459328834,2.3006663194610564,2.5513740419143094,2.564670495689683,2.057455694854496
-251.17403500498543,-384.0321777588414,68.15216984030505,1.346161643763207,9.686103328343163,-2.756988880478464,2,D06_px-1055_py-0118,0.8704387216508207,2.756988880478464,2.1599924310283485,2.0617737123978017,3.373930799968532,0.9652230036453402
-228.8644861538395,-375.3417728990466,69.91673989082841,1.3308320698255098,21.465594502285057,-2.72533333913542,2,D06_px-1055_py-0118,0.8605264984021482,2.72533333913542,2.8973749694234963,2.200497416794874,1.7758454791212284,1.6041688156704557
-195.79539411970435,-371.0235501858542,78.0280452388605,1.2920973521550534,32.01389770258476,-2.6633503283909183,2,D06_px-1055_py-0118,0.8354803248695822,2.6633503283909183,2.585349175015621,2.6076554425883955,2.240080862592287,1.0394215018515385
-284.2721221070787,-367.97134001003246,74.47032754349189,1.3292153087023253,4.362581023562882,-2.835546418147868,1,D06_px-1055_py-0118,0.8594810879257767,2.835546418147868,3.167647710981747,2.1105404299464463,1.8842022449674332,1.3792174025954698
243.9706644962824,-366.0409825368188,74.92918450000849,1.3145065634893662,20.057387816471987,-1.5898804207154074,5,D06_px-1055_py-0118,0.8499702974203627,1.5898804207154074,2.6460433973287527,2.2007306702352114,3.80409625181731,1.7035567993122005
-210.6873534752695,-364.3187659644272,76.6371719451208,1.2976455641830045,31.55706207184363,-2.7020903647650534,2,D06_px-1055_py-0118,0.8390678424663226,2.7020903647650534,2.0407392642831192,2.4850304548816275,3.3875910929916544,1.8205913663269488
-237.2506070536608,-351.0132367657296,79.0641874130936,1.2912140002815795,29.131915821040764,-2.772145045272964,2,D06_px-1055_py-0118,0.8349091425906362,2.772145045272964,2.1033011747719366,2.677822982282759,2.342160591310551,1.3220066336449094
146.89201655319422,-346.2222724059304,78.26837618369981,1.2609423459740994,58.95857714753026,-1.7765229729282717,5,D06_px-1055_py-0118,0.815335252486326,1.7765229729282717,2.8373009253762786,2.7316376731934673,2.775935202102225,1.6621358640039383
-339.7056666000136,-312.6472929233591,70.74620041316041,1.3392751987104383,7.325598192441134,-3.0046283787436345,1,D06_px-1055_py-0118,0.8659858920398881,3.0046283787436345,3.2258895018955114,1.8992192620399275,2.8828126857701637,2.499367693357968
291.03660113184964,-302.1027972769565,78.76491082903411,1.2895817793340618,31.82958132849501,-1.4110325214945187,6,D06_px-1055_py-0118,0.8338537356700845,1.4110325214945187,2.044739740013097,2.211464154263786,2.0968176032797565,2.064965769088066
-306.3924553707524,-287.040615192492,69.37959354622495,1.3218382364035304,34.06435687643659,-2.9957724494810427,1,D06_px-1055_py-0118,0.8547110148732286,2.9957724494810427,3.1903353508096695,3.150037020887326,2.6594533736767483,1.519167076514946
-280.88319503178565,-285.2942470807904,64.31590222151601,1.3285052154870922,47.57992350276106,-2.955383243948821,1,D06_px-1055_py-0118,0.859021936059889,2.955383243948821,2.14531718693492,2.6437717715239044,2.2096028083865744,1.962663010644365
-362.5923182234114,-265.55696909993407,72.74115833371681,1.3267598150221251,14.58972265114454,-3.1164406896851577,1,D06_px-1055_py-0118,0.8578933463719169,3.1164406896851577,2.496703849298995,2.9723093667589673,3.4271221881188594,2.7032857783563076
-385.7895955128132,-252.6164421528166,73.51211924682113,1.3302904404668774,7.020982981597911,3.1143578528885785,19,D06_px-1055_py-0118,0.8601762765928129,3.1143578528885785,2.578975665611888,3.4273162756092646,3.2720496120986597,1.6337375522666342
-304.5479211445224,-237.3666766842717,76.41562794795195,1.275245854891239,53.28749682291726,-3.086514901270957,1,D06_px-1055_py-0118,0.8245840140110945,3.086514901270957,3.0206045672733994,2.3043418978816907,2.75052099248473,1.3573575898030952
371.8197236385607,-203.2438907313578,63.894063081220935,1.342851151789827,32.897182486878705,-1.1072236021548143,7,D06_px-1055_py-0118,0.8682981314663547,1.1072236021548143,2.599750151526278,1.865738682272335,3.0225733463595152,0.9682868192771161
-395.82007773112974,-199.58637128785267,75.1071512201953,1.315808391540632,17.875823341756984,3.001643057570162,19,D06_px-1055_py-0118,0.8508120696919194,3.001643057570162,2.6573656348757804,2.5583663984753255,3.4336358948030385,2.0532074949072214
-385.3739757808325,-183.9217600209769,75.83694653615089,1.3040777319326524,27.91133052163292,2.979899945308874,19,D06_px-1055_py-0118,0.8432269327950261,2.979899945308874,2.9295100352612957,2.4440228788772234,2.466618197734052,1.3722787481261225
-343.519576761511,-163.6916557093136,76.20459789117143,1.2719309316461231,56.82847536588906,2.9792954711411506,19,D06_px-1055_py-0118,0.8224405585314218,2.9792954711411506,2.7969965025883248,2.7095377839656343,3.123109228514772,3.0830988959203083
-374.37882045899,-154.21652087926216,76.46394192729335,1.2880458235711831,41.5776031954282,2.9253584134207253,19,D06_px-1055_py-0118,0.8328605745761353,2.9253584134207253,2.181084667844017,2.8467425891808817,2.5308181711078,2.569771711770614
-418.5464807024293,-141.45040837141576,67.4628515521913,1.3400585101886238,20.65448795997679,2.86051853491679,19,D06_px-1055_py-0118,0.866492387411291,2.86051853491679,2.5738326207816886,3.1644349293956893,2.674107094082015,1.7085760326117903
-428.6622212203426,-27.444453160103507,58.08649548240771,1.3656768077365589,30.464662931278497,2.5985493526981345,18,D06_px-1055_py-0118,0.8830573803835744,2.5985493526981345,2.615685426084693,3.0928181367012,2.891801098879994,1.266625993932093
-415.4767988956477,-25.0244763847536,77.5912159346152,1.2915011461768284,34.1881442184382,2.594771189217444,18,D06_px-1055_py-0118,0.8350948133881557,2.594771189217444,2.99928343008885,1.8165906570840236,2.164652490382798,2.8464201815141026
-472.74703652660025,-13.586299240282557,74.32088531847305,1.3335852472633545,0.6249929245063299,2.563344260370399,18,D06_px-1055_py-0118,0.8623067246183521,2.563344260370399,2.7932853947941068,2.1808900641080653,2.368239879057939,1.8197964726880684
-411.9083452936817,-11.128603362433031,78.67942398953326,1.285076504458271,36.48853591020662,2.5616237346288377,18,D06_px-1055_py-0118,0.8309405894504327,2.5616237346288377,3.0831010201156337,3.0943280515408094,3.528893714613654,1.581734996710389
-458.0465446702626,-3.96473576019249,69.70701255430714,1.3408191299216006,9.851454935257095,2.5432686542460217,18,D06_px-1055_py-0118,0.8669842101215146,2.5432686542460217,2.5731866782596127,2.475173628997376,2.8940595285119617,2.5329813044616376
-426.89609502839227,30.22763387886217,72.54112092591723,1.31570429721913,28.16384990250845,2.4639231632880985,17,D06_px-1055_py-0118,0.8507447614837564,2.4639231632880985,2.644973804527992,1.6237391118490319,2.8446472031143024,1.876362363145502
-380.1292823340407,131.84913848698093,67.99497239604997,1.3164337689352272,45.42424114429389,2.2007442446266,17,D06_px-1055_py-0118,0.8512164436409341,2.2007442446266,3.1608402813137957,1.7888996025906352,3.353025559026536,1.6919078902310838
394.49239782889487,133.08118220077918,71.30165152744078,1.3131738714732335,35.790533532924655,-0.2816202288725182,9,D06_px-1055_py-0118,0.8491085682660288,0.2816202288725182,3.1203529776793424,1.6842274756517543,3.055827087837089,2.104988325811593
-428.7751750460226,137.33838116419284,75.77225207148763,1.3174436838300878,13.342051297837202,2.224634487179016,17,D06_px-1055_py-0118,0.8518694625663591,2.224634487179016,1.718979483376957,1.0347859042337832,1.9776100335755973,1.5159797544656866
-344.61265565973696,203.5282906025444,74.9558817380435,1.2902662289363251,44.91315569355845,2.001133936765463,16,D06_px-1055_py-0118,0.8342963061738488,2.001133936765463,1.8060531218768352,2.1734759394454457,3.2551879812748936,2.17527312496612
354.0109198007503,225.6904578633882,71.00807128052719,1.3162351667670231,33.66523810920097,-0.0394248420055544,10,D06_px-1055_py-0118,0.8510880259147201,0.0394248420055544,2.29792987740117,2.2177179471853954,3.8452035692830133,2.527240710392706
-390.2378331740237,244.434295718378,76.68344649867726,1.3199872241344477,6.670451313494027,1.975027359509105,16,D06_px-1055_py-0118,0.8535141357608835,1.975027359509105,2.890551942745347,1.844246531783941,3.332109621653636,2.4210013693609196
404.7512678044424,248.19381967332168,54.69616518129766,1.3953851995468387,2.2221139207867395,-0.0569100294205872,10,D06_px-1055_py-0118,0.9022670605207618,0.0569100294205872,3.061387377122112,1.605080513801731,3.52243665838171,2.204706003372897
-388.372906515922,260.65391992869064,72.77087417105611,1.335859275328621,3.029739435523368,1.9435176292276688,16,D06_px-1055_py-0118,0.8637771290763154,1.9435176292276688,2.785965831625088,3.5384116740407725,3.039366112743157,1.6216262707029896
-359.10809100538285,281.9838559891418,71.9570648530599,1.3329295074012395,10.262358203866311,1.8689409587298116,16,D06_px-1055_py-0118,0.8618827180586947,1.8689409587298116,2.3776115969995932,1.7258049753906142,2.894093286389478,2.1588679246724736
-227.55886305703143,319.8558742156597,71.6347666386581,1.2970908758201578,50.62519265559382,1.5821806645031566,15,D06_px-1055_py-0118,0.8387091766020055,1.5821806645031566,2.5877359739884165,2.1054224472027707,3.877229474438316,2.209226529377021
261.9913950385983,334.9465155679324,69.74315835147178,1.323633719420457,30.575096644105315,0.3000311228395947,11,D06_px-1055_py-0118,0.8558719883337638,0.3000311228395947,1.6152001821421331,2.290105482143264,2.529361304794591,2.5713577185608654
277.03086199292363,339.01464599854114,61.7718607930145,1.357046054935059,24.440683214227025,0.2786967446984312,11,D06_px-1055_py-0118,0.8774766676435943,0.2786967446984312,2.165123695924608,1.9713551944613927,2.5706731179623916,2.0406231411923934
-204.2096167119174,363.31160043666193,77.47475781803334,1.2922417770792172,33.8828690999913,1.4758859602250212,14,D06_px-1055_py-0118,0.8355737111630828,1.4758859602250212,3.4345215338862265,2.2128060131613605,2.155352514091876,2.5481473406474064
169.87057761484624,366.1100450271608,73.9036377599279,1.2962029183028183,43.09323015091093,0.5293917290467477,12,D06_px-1055_py-0118,0.8381350162774605,0.5293917290467477,2.9670976640110984,1.928064090784431,2.194211960171043,1.5810681853345834
-213.36892009165743,399.4714802037344,60.58045122651754,1.3678360402866094,15.100499251298118,1.45439263590022,14,D06_px-1055_py-0118,0.8844535571572334,1.45439263590022,2.3497597936107235,2.1513691631130016,2.3213238815551542,2.3215638338633156
112.76907427785213,394.7028069178425,73.55343468904846,1.301812695836074,38.86891414711613,0.6855245290303035,12,D06_px-1055_py-0118,0.8417623426148402,0.6855245290303035,2.1914513601498853,1.5080044024821821,2.145606554982077,2.099509966833113
-162.650614418765,400.1277576150927,76.0113548175726,1.3063911841900475,24.78611253118595,1.3499112016362136,14,D06_px-1055_py-0118,0.8447228292461372,1.3499112016362136,2.619190603334016,2.0190540366220544,3.007075727110375,1.6705002127261706
-91.92290795044596,411.69403043117126,72.61039982917151,1.3119212395612565,32.00207525540236,1.1834932020304674,14,D06_px-1055_py-0118,0.8482986066056206,1.1834932020304674,2.184930876743445,1.4060201410233644,3.1116720132741666,2.1758156481828985
-138.2581629306114,-448.38729780423256,69.593518556889,1.346456058070128,2.8123068060396577,-2.476871293842572,3,D06_px-1055_py-0118,0.8706290922605757,2.476871293842572,2.9988867968888986,2.041290803282058,2.2213542092186094,2.1494999380796953
-193.74772175085005,-424.3306560855835,71.43672507040131,1.3394113450868423,4.136329082853024,-2.606101543985222,2,D06_px-1055_py-0118,0.8660739253592027,2.606101543985222,2.5793594828881097,2.6974968642576718,3.0578511620629794,2.5843115031806754
174.51880600757704,-422.8303139769831,74.15374380816274,1.3263832351984124,9.206874166004525,-1.786335555299693,5,D06_px-1055_py-0118,0.8576498468918429,1.786335555299693,2.875495979874275,2.0983209194205985,2.9723202970173834,1.4284792972467555
153.90032580896454,-417.1397493648061,57.70540173231271,1.3737194317260732,20.933335803558407,-1.824326960971156,4,D06_px-1055_py-0118,0.8882578044014366,1.824326960971156,2.567155056222909,2.540867022259843,2.6131511802319434,2.302136835014644
-242.7374409001029,-403.1215881262764,63.45029798755709,1.366252195439995,3.266756753966717,-2.71977069406388,2,D06_px-1055_py-0118,0.8834294306045511,2.71977069406388,2.9093907505048224,2.900593307777182,3.517438284393143,1.8854546813579476
-42.99378785673753,-398.07076934646966,76.4711971449808,1.2850036026337088,44.3906622561139,-2.285364194803261,3,D06_px-1055_py-0118,0.830893450556473,2.285364194803261,2.479127552697636,2.115284507065717,3.2742175147838664,1.3203264932060477
171.9856104985782,-370.15140257102126,69.1800102783485,1.3157163088641948,41.471282950793466,-1.7428176398762925,5,D06_px-1055_py-0118,0.8507525283080628,1.7428176398762925,2.4949778094746757,1.4936236125654982,3.311801890732884,2.423037512004647
230.7169176142226,-358.5743149339656,66.61529915595119,1.334913847121482,30.599044815265245,-1.6060342337939677,5,D06_px-1055_py-0118,0.8631658077510888,1.6060342337939677,2.9886204434372785,2.2793649153607127,3.3552871309117664,2.0921558747943507
-312.815193639788,-357.15020963265687,74.03399964680526,1.335345177560219,1.7148924487602812,-2.897095282958831,1,D06_px-1055_py-0118,0.8634447094100706,2.897095282958831,3.939314324637043,3.6843477101433857,2.8420984027342335,1.4545951123150187
273.0503704590069,-354.5119693127703,67.15188733538801,1.343898220284393,17.132976272443557,-1.521462297542997,5,D06_px-1055_py-0118,0.8689751742019827,1.521462297542997,3.4582770526892057,1.708724285360602,3.5628079776255266,1.3742555125162168
-326.71986900171856,-335.254634347253,68.70010222383627,1.3487414727305602,3.7031807874932383,-2.950281844989597,1,D06_px-1055_py-0118,0.8721068593806577,2.950281844989597,1.7584645845327835,3.8554241742186095,2.639562811797294,1.5032868626175901
221.6954544644832,-328.58605731148367,69.78884719132313,1.3062742235665998,48.711876837084446,-1.5842355767681455,5,D06_px-1055_py-0118,0.8446472015857972,1.5842355767681455,2.147293086987718,1.753949788439106,2.672559528706345,2.011495894689048
279.271918277874,-271.7731921840637,74.66787220308117,1.284129106160739,51.57309758229121,-1.3787703459880452,6,D06_px-1055_py-0118,0.8303279942492408,1.3787703459880452,2.8541412787861833,2.2775465028447073,3.1029070921377837,2.5411126097500722
-389.9207925669822,-237.0461166426231,72.57935204815334,1.3308147096181564,10.284181826730332,3.0808460490477945,19,D06_px-1055_py-0118,0.860515273155339,3.0808460490477945,2.805215161323237,3.3267207160256236,2.9209985573773007,1.4705750178528483
397.1441353987117,-230.1014855604196,78.01827553954499,1.3150182460502955,7.269128885416023,-1.1321070276348042,7,D06_px-1055_py-0118,0.8503011553944327,1.1321070276348042,2.3925186247244827,1.9195700791744623,2.8662638194278927,2.5241711608250217
379.3440179905944,-216.5213256823004,64.1354831256057,1.348626145852809,24.57803215722538,-1.125635288201571,7,D06_px-1055_py-0118,0.8720322881131529,1.125635288201571,2.7496642439410213,2.573873881392794,3.635142528720203,2.475401442013351
-396.1008744192402,-213.01042295950955,69.10840896866225,1.3386554543396727,15.252861757333108,3.0280167775040536,19,D06_px-1055_py-0118,0.865585160448449,3.0280167775040536,2.443151988379257,2.397053394660469,1.8724956288722985,1.8837213059290923
-362.3695786043535,-201.58088982401213,71.12842215772011,1.3127822910592173,36.88471604196491,3.042269130612022,19,D06_px-1055_py-0118,0.848855369286115,3.042269130612022,3.1318080562012742,3.1183010975349856,3.2612407825422864,1.3610095400541513
-357.26115711458255,-163.83991966605907,71.53295869285643,1.2977876235571744,50.34337254620033,2.9645956429546216,19,D06_px-1055_py-0118,0.8391596991765653,2.9645956429546216,3.312892846278862,2.5737168582481336,2.654984946589616,2.5279993030768506
-446.8794790202869,-137.54407838050977,76.60742285094253,1.3238748844059909,2.218466106385506,2.8331993390253944,19,D06_px-1055_py-0118,0.8560279275129015,2.8331993390253944,3.4349605424503036,2.291127754803778,2.7273445871567166,1.8427109586365789
-406.2429245752128,-107.53285235746436,73.37112212798479,1.308381408109437,32.80931438914365,2.79337932219295,18,D06_px-1055_py-0118,0.8460097237080455,2.79337932219295,2.5079874446701127,1.8487680959318151,3.4811071443481536,2.5271317715249384
-397.4159012797788,-71.20560559537186,75.71821603202022,1.2899019013616266,42.505060777820745,2.711903451137317,18,D06_px-1055_py-0118,0.8340607290944899,2.711903451137317,3.0528001352688046,2.356889592680574,2.5357830949314577,1.8724507728586552
-425.75921637885966,-61.20063280033404,74.46358348761831,1.3105052183690724,26.309712558465662,2.6773798786066285,18,D06_px-1055_py-0118,0.847382996149725,2.6773798786066285,1.716435568472939,1.8957719518002325,2.818306922795245,2.5780468042284825
-437.96519064783246,19.109996132048607,68.91222197006638,1.333511161690787,22.48114442620528,2.4910071854993703,18,D06_px-1055_py-0118,0.8622588203036087,2.4910071854993703,1.9494726200551857,1.8086480059232968,2.853008812333999,1.837212294503939
-444.2043338173473,43.805896016168006,75.8520073959316,1.3150814472352583,15.759035433223232,2.4363144149518576,17,D06_px-1055_py-0118,0.8503420217784221,2.4363144149518576,2.9739101259515905,1.2269462267023927,2.436108357405404,2.2411351822197316
-419.52566229723465,70.10419906349232,71.44543539219731,1.3179109874822863,30.08895476418849,2.369039464712671,17,D06_px-1055_py-0118,0.8521716247885015,2.369039464712671,2.0638465184303376,1.4119545927793533,3.480010129058981,1.5739377749387298
-391.3662435114205,102.58601732126547,76.5780167981101,1.287440745468384,41.73912370787912,2.2782577039047625,17,D06_px-1055_py-0118,0.8324693263090794,2.2782577039047625,1.9026486618178668,1.9671430668741023,2.792672714394271,1.1411499081719927
-392.54973672326986,118.4232860629435,73.6352545726404,1.301232159576976,39.14328427715122,2.241618368094103,17,D06_px-1055_py-0118,0.8413869632972207,2.241618368094103,1.9585656359260055,2.513455876714981,3.248916402626537,1.5001879469033739
-355.80939842899414,164.79492156958705,70.39492472231058,1.301323165975081,51.22363466712062,2.100873462165714,16,D06_px-1055_py-0118,0.8414458087510305,2.100873462165714,2.7474379060108878,1.5963300571370165,2.3685912894701264,1.9854179136532475
-391.1392928239448,217.5670687043153,65.37860746213511,1.3497422019940886,17.46301567050699,2.0269922415997845,16,D06_px-1055_py-0118,0.8727539388045142,2.0269922415997845,3.803584002581409,2.568888931508292,1.6275578328495308,3.1467161284735456
386.4748641300366,230.3230035153476,74.05646531862806,1.3227707380699592,13.97648736281468,-0.0695369776802479,10,D06_px-1055_py-0118,0.8553139777954186,0.0695369776802479,1.3261559987274367,1.5974794745019858,2.6931204508556577,2.277042240324433
-278.3205857001184,264.3200795580417,79.98892053742739,1.2605417654642384,53.64374408451778,1.7750099303885154,15,D06_px-1055_py-0118,0.8150762339735514,1.7750099303885154,3.090961999371852,2.5589479808405553,2.572254826011731,1.6770956454207795
334.4350289551212,316.03071805694685,68.58370827878198,1.3453826630909034,8.794812765420374,0.1501321274245658,10,D06_px-1055_py-0118,0.8699350266126118,0.1501321274245658,2.822977782646456,1.0863768832805802,3.3527211554371865,2.152161061876207
-264.4891839643165,327.4099371270958,65.70902876646969,1.3350800730515826,34.28236059998119,1.6433095161880575,15,D06_px-1055_py-0118,0.8632732907467396,1.6433095161880575,2.621643672008526,1.5924838173499027,2.5724645459906035,1.1733273355196387
-216.96888257079124,334.65354758939714,72.2892839395038,1.2988556267506155,46.51161946295292,1.5390233323456304,15,D06_px-1055_py-0118,0.8398502784533742,1.5390233323456304,2.862782690470776,1.4923582837534728,2.547836836079434,1.6837747080446435
339.79214271885616,339.5904054644769,68.3134066071332,1.35541693898001,3.9987495294037103,0.1781216895108698,11,D06_px-1055_py-0118,0.8764232684356287,0.1781216895108698,1.8810034839566008,1.968661986392609,2.4524247771489716,1.5677468737593596
-240.7573759080153,343.2149626427251,72.89590125815579,1.3094131147138794,33.557597257444,1.575533295198654,15,D06_px-1055_py-0118,0.8466768333245245,1.575533295198654,4.413839849432933,2.6527209498752207,2.460305459581057,2.2101870217652273
-308.82206402523974,347.6133952123379,69.54421554526041,1.3446344615681454,5.50925438031328,1.6901897019436625,15,D06_px-1055_py-0118,0.8694512336149254,1.6901897019436625,2.802507586136646,1.7346780386162886,3.185242223633756,2.1662058774479087
256.4915390080072,357.27110336394685,63.851231078068736,1.351049293806114,22.72515094328412,0.3411659382986357,11,D06_px-1055_py-0118,0.8735991146652372,0.3411659382986357,2.7949360489822075,1.6704937056898344,2.520922900054898,3.0991029016799603
277.9358026907859,362.5349781756815,77.02847091000973,1.3169749028602236,8.885594072482036,0.3097474137059484,11,D06_px-1055_py-0118,0.8515663450989781,0.3097474137059484,3.3582482136033294,0.9555699092739276,2.842107519270372,2.1282950357872132
240.5382605163101,375.5695796252497,74.36394441393455,1.3196916390315176,16.361476183816478,0.394175511443296,11,D06_px-1055_py-0118,0.8533230081052076,0.394175511443296,2.437438930037214,1.8425401728903463,2.7580993632037663,1.6959916882581685
108.3845333556541,379.2254985932676,71.13208561744474,1.300142158008179,49.5921472145522,0.6854332950771517,12,D06_px-1055_py-0118,0.8406821596976405,0.6854332950771517,2.9177353901941006,2.6305252417648965,2.6972984924683,2.8015232795788076
168.4346660588594,402.1953748999429,53.4560976001475,1.3843795173391276,27.220498705679063,0.5672193640915332,12,D06_px-1055_py-0118,0.8951506997210328,0.5672193640915332,3.502853840344338,1.9438237330711443,4.283339183870786,1.8056355277930036
134.91900447703748,409.7625176833295,69.15716743041395,1.328994674937714,26.829870562628457,0.6457353929827742,12,D06_px-1055_py-0118,0.859338424395798,0.6457353929827742,3.009131309046156,2.09089026448659,3.6593198806753944,2.437935737687498
-79.7432544678877,-469.45366345358775,73.9381001155906,1.3363077115943676,2.580737117648312,-2.34603378597432,3,D06_px-1055_py-0118,0.8640670914977726,2.34603378597432,3.0330900547125097,2.4288214637145127,2.7443341751448496,1.6620847869432434
-129.4260386881365,-460.71894275140806,72.91572063235387,1.3405427582783518,3.8474456146576586,-2.451639230348792,3,D06_px-1055_py-0118,0.8668055060401997,2.451639230348792,2.5808537692594595,2.2411316947349866,2.7076142055852115,2.4949515383905356
-212.7147505155949,-426.44195900835,61.7534760144097,1.3740157134290127,0.2095139874455185,-2.6404733372451963,2,D06_px-1055_py-0118,0.8884493824841654,2.6404733372451963,2.801047130007194,2.262473484646896,3.3010067064853157,2.4215268135440606
-19.566675122644902,-415.3428757036746,71.58700430533759,1.311872121675114,36.05167684234908,-2.224850746837459,3,D06_px-1055_py-0118,0.8482668465935728,2.224850746837459,2.280878385082921,1.672486575646964,2.5604775869077416,0.8794614588995207
159.8104243960848,-359.4115587067021,73.96457528862123,1.2891882221757092,49.48926271246506,-1.7593843649285517,5,D06_px-1055_py-0118,0.8335992585117133,1.7593843649285517,3.048007810183627,1.3517407910641759,3.2118174964307107,1.8380766258872951
-278.7329323708171,-358.4156638882528,69.3288230114866,1.3400679889374534,12.483072069878231,-2.838758516825466,1,D06_px-1055_py-0118,0.8664985164449418,2.838758516825466,3.2130156629482967,2.4450288681265517,2.863342931129255,2.0396545180874774
224.42290965481044,-346.46741712588994,73.30248023052042,1.3041142515148678,37.490157711220206,-1.6029867516191667,5,D06_px-1055_py-0118,0.8432505466445264,1.6029867516191667,2.960408140098335,2.7848524019222927,2.7287717932160156,1.716587231731011
-280.3557290154326,-344.3412675814984,64.93009938892607,1.3495166433977022,19.80551206727182,-2.861103457510401,1,D06_px-1055_py-0118,0.8726080908395202,2.861103457510401,2.885900440994952,2.783780595868664,4.168317771981432,1.4848157265078532
196.70329211390344,-341.67762469757935,71.81260950441467,1.2975760205181983,49.50732734419773,-1.6554168045672872,5,D06_px-1055_py-0118,0.8390228749849111,1.6554168045672872,1.5308526229508934,2.8430243811315146,2.8430223843609648,1.5783588132597908
271.89936531273395,-338.7388467856293,71.86241552712877,1.321561843893461,24.30445897453961,-1.5014020652400648,5,D06_px-1055_py-0118,0.8545322972992633,1.5014020652400648,2.0448615263608523,2.021606587787007,3.2459376177549046,2.4062012609574674
-290.19342534562884,-338.0245703851993,73.12227775202174,1.323452753991416,16.9774535997758,-2.887182821002894,1,D06_px-1055_py-0118,0.8557549746620051,2.887182821002894,2.052527867252193,2.726305654314912,2.871975836577024,2.553986440661109
179.95030560362656,-332.33405548489867,73.05631027423786,1.281728645852817,59.35875528834754,-1.6815019497743826,5,D06_px-1055_py-0118,0.8287758377073563,1.6815019497743826,1.952603122601126,2.7519849310667244,3.2105439347279057,1.6446923107518363
270.782279890066,-318.2602559266808,64.10089802565531,1.339036437432641,36.56905586458197,-1.472805772614357,6,D06_px-1055_py-0118,0.8658315071171052,1.472805772614357,2.437363680461858,1.292663515123658,2.7018523477593774,1.7442860846801773
307.88491688083434,-261.4724606282259,70.68478103375867,1.307813311852229,43.739774201162106,-1.3110402761623048,6,D06_px-1055_py-0118,0.8456423881936296,1.3110402761623048,2.671911416261301,3.227688050363851,2.0339941324398594,2.806119626591709
-366.6626183683977,-251.747814758299,67.82175304591627,1.3403664037649987,18.69594767031697,3.1362839936705145,19,D06_px-1055_py-0118,0.8666914738228418,3.1362839936705145,3.442540300505782,2.918513615035514,2.9491840224473425,2.400802016818838
-360.49813347081897,-219.5772134355888,75.6835861425229,1.301643389343362,31.028145571997925,3.0816924935745145,19,D06_px-1055_py-0118,0.8416528677031413,3.0816924935745145,2.063882289019363,2.792401418926099,2.691807764064216,2.315127261252374
-406.9216395404415,-204.68814808956944,71.83685754458878,1.3327667165196129,10.977066826520684,3.000670722064782,19,D06_px-1055_py-0118,0.8617774561924426,3.000670722064782,2.153285585616356,2.828679507173764,2.887991637827053,2.1144541119985316
412.4314835780581,-192.6180833628274,71.91766958919521,1.332353488962137,11.15289498442121,-1.0439054209668637,7,D06_px-1055_py-0118,0.861510259999068,1.0439054209668637,2.2717332456311574,1.0739188719656156,2.998245941425086,1.7159225973990822
-393.1036663376718,-170.25281848022914,71.63696135333839,1.318988725737789,28.12418299456232,2.9433236759887627,19,D06_px-1055_py-0118,0.8528684988331159,2.9433236759887627,2.8127213792108785,3.4524185926767355,2.0638913498695084,2.080767063559896
-445.7599115900811,-94.4162709633406,73.25481564727153,1.3283239843782422,10.546908521872354,2.7433379420006454,18,D06_px-1055_py-0118,0.8589047505974732,2.7433379420006454,1.380221454986786,2.427281065711664,2.663091367493915,2.276635862023499
-434.9939791891488,-18.15600678307637,73.48696016941605,1.3167295899954663,23.265785297845923,2.576327433765029,18,D06_px-1055_py-0118,0.8514077238684646,2.576327433765029,3.452666914829544,0.9973751928774175,3.859316084692992,2.0338723804665095
-401.1716625166157,0.3825547562876881,72.22774041111498,1.3005832605329064,45.06393791961489,2.533659528379294,18,D06_px-1055_py-0118,0.8409673800643919,2.533659528379294,2.0623939281991115,1.3988358646192585,3.347507225089992,2.1158239918513595
-467.8698867767592,33.49661421800472,72.18591520344265,1.3383194534865115,2.3212863354169144,2.4631412028837296,17,D06_px-1055_py-0118,0.8653678996503463,2.4631412028837296,1.4880851141700397,2.330535664030224,2.8540524547816455,1.0617107733359838
420.9328184097554,98.53359276571094,73.2565750272035,1.3157753182925105,25.24942032236055,-0.3770359112173367,9,D06_px-1055_py-0118,0.8507906842691886,0.3770359112173367,2.2937042616220973,1.632559249033747,3.725093207978687,1.5802717024436708
405.8938323268206,119.22778089123769,76.88807128052719,1.298144065925786,30.11890601532565,-0.3212745109617633,9,D06_px-1055_py-0118,0.839390177619562,0.3212745109617633,1.3709378461271293,2.521339942300971,2.8073748396019145,2.715008399725327
416.2687985886289,151.30378300671333,75.92095416341002,1.3129548665090782,17.9076093635166,-0.2583500322910035,9,D06_px-1055_py-0118,0.8489669579312538,0.2583500322910035,2.532794776433776,1.823738740889296,2.6609496074646493,2.1122324783761846
447.7649474051584,159.02989269820165,71.12685773273066,1.3444532071549125,1.298929900785879,-0.2657118873661249,9,D06_px-1055_py-0118,0.8693340330837122,0.2657118873661249,1.8413749681093023,1.2860001604985078,2.577628046172345,1.034014479544862
391.22317282921233,210.7225459373232,74.18576265355267,1.3193874185114598,17.432232448063928,-0.1129115217681099,10,D06_px-1055_py-0118,0.8531262967208014,0.1129115217681099,2.3349025366593468,1.1249422234994597,2.9824722762458142,2.3391803876412385
-325.1934284856068,237.5489519748081,76.92096793263778,1.2849870808143686,42.81060790809363,1.9037189829569396,16,D06_px-1055_py-0118,0.8308827674179566,1.9037189829569396,2.2552976603802612,1.8132990794281625,2.3148964739449855,1.9536280549320044
-361.2476931917138,249.2425987899678,72.32371311333583,1.3225061331530774,21.34231496571175,1.9306644808077331,16,D06_px-1055_py-0118,0.8551428821720511,1.9306644808077331,2.0640312539240897,2.878154063105523,2.2766906298687366,1.3533077349388565
-374.01307489068967,268.4485025437687,71.65623255963735,1.3357669330561743,7.936803774959742,1.9120723827149293,16,D06_px-1055_py-0118,0.8637174198356345,1.9120723827149293,1.8410322895636386,1.9086311404647172,2.5628254451755557,1.4234122442724095
345.94685572315746,276.8767561766476,65.48572468382119,1.3472293408245724,20.276295932638448,0.0679715997666674,10,D06_px-1055_py-0118,0.8711291029802183,0.0679715997666674,2.0917536106881314,1.4111214346281806,2.996424358295899,2.2026278201314393
-266.7055661348389,287.30310632105903,72.8581759143089,1.2922949959832362,50.623185931686976,1.7120529814502232,15,D06_px-1055_py-0118,0.8356081229255903,1.7120529814502232,3.410362235652115,2.0148089905934565,1.6477926508226899,1.9101869869324977
-334.7675109351805,290.5503027407331,68.36803159798745,1.3378197596967505,19.51774946483539,1.819809031197668,16,D06_px-1055_py-0118,0.865044793710141,1.819809031197668,2.9179170408368904,1.797896425043143,3.139178300474221,1.576119273522179
-230.8465433166896,303.32695185060106,67.65214686985118,1.3042455708734642,58.80746261141735,1.6143515709759386,15,D06_px-1055_py-0118,0.8433354587761074,1.6143515709759386,2.598010562140038,1.956345590343247,2.369364980074459,1.4438640148254809
-216.8002196056724,349.3547358648238,75.6580678476401,1.2949195012373762,37.88820755808052,1.5192265268824334,15,D06_px-1055_py-0118,0.8373051486943481,1.5192265268824334,2.5422007632800074,2.1081535909062623,2.4608326553539444,2.050092705536169
223.2984989631609,380.7953540159248,71.56207877116387,1.3263804843872349,19.92007527803412,0.4334571154834726,11,D06_px-1055_py-0118,0.8576480681956692,0.4334571154834726,2.567704573554531,2.220212740651802,3.6965482005353785,2.045683050008419
-239.5577850723584,382.5499987506356,44.64217787729433,1.4197940921869687,18.87819518631096,1.5232879095504883,15,D06_px-1055_py-0118,0.918050042754004,1.5232879095504883,3.6658097054319674,1.4966675529043254,3.2004854185797926,2.1651935424041584
-90.59014028103653,393.4409443895496,71.91733886991585,1.3033173452563769,43.5398716133318,1.1901234852179767,14,D06_px-1055_py-0118,0.8427352607811012,1.1901234852179767,2.632057196451898,2.193513022048039,3.4580090055840214,1.0634797725620455
202.93249545107048,395.6880552061333,56.71338558941631,1.3770510605314326,21.08311270934041,0.4899343551613694,11,D06_px-1055_py-0118,0.8904120618279409,0.4899343551613694,2.9190986769579332,1.7702691736862897,3.4045374364835386,1.754579931232137
236.1399560482305,398.9478839848052,71.05943542934341,1.3392136796208296,6.041282786972886,0.4293694472941604,11,D06_px-1055_py-0118,0.8659461133120033,0.4293694472941604,1.9629536790750595,1.8509763896132114,1.980178252367733,1.9428903635653239
193.4827553188621,425.21243379534064,76.45024369047479,1.3241561962260224,2.512059968862559,0.5367910310173075,12,D06_px-1055_py-0118,0.8562098259514344,0.5367910310173075,2.343486328443747,2.749924098391258,2.6531769371308673,1.466122391796425
-36.827693244819365,-472.3612655822482,69.49734204197185,1.3488488162914287,0.0668810889770838,-2.255583560388442,3,D06_px-1055_py-0118,0.872176268572587,2.255583560388442,2.6572919209390333,1.8508129031778533,3.8914717090176913,2.6236850266549148
-20.946197671655067,-466.3760383628986,61.92372323764511,1.369494565985803,5.940065166856982,-2.2226583763933547,3,D06_px-1055_py-0118,0.8855259729374033,2.2226583763933547,2.2229157827672417,2.1282999200234975,2.457717317503067,1.4357823948166901
10.55703388274677,-460.54221593340327,71.85212356810891,1.335287141683794,7.712567322225993,-2.1548568189007877,3,D06_px-1055_py-0118,0.8634071829552653,2.1548568189007877,1.8203038317707156,1.51804002516659,2.75231089683337,2.1731596873046386
-165.65594487380065,-450.15307618614384,75.98049100909387,1.331758947169471,5.263731893791601,-2.5303947066346115,2,D06_px-1055_py-0118,0.8611258245931318,2.5303947066346115,2.420747376651398,1.7196239148158992,1.6200199315793802,2.2909403444552527
-3.5895735846836136,-445.04338925617617,66.26438752426961,1.3456203456468343,18.864018783645804,-2.185841354790268,3,D06_px-1055_py-0118,0.8700887140253395,2.185841354790268,2.3194245179761337,2.554205173472345,2.5676285358206012,1.8996882861690088
-99.9802146706988,-444.5640466638453,70.29217242144611,1.3377813172924538,11.232931760990256,-2.3989903226675224,3,D06_px-1055_py-0118,0.8650199365487382,2.3989903226675224,2.097487954732311,1.4839949514011426,2.7054800890566186,2.507625431974479
-195.36331901785485,-439.0149916655274,72.99688314464166,1.3412068133498498,5.111800820283349,-2.5964671429152197,2,D06_px-1055_py-0118,0.8672348892797375,2.5964671429152197,2.8856327889872295,1.54841722219509,3.5372604819809306,0.8727723346876693
89.31237012626839,-439.8249007618009,60.7391935892766,1.3655191729548997,17.66684985659998,-1.9774363983006664,4,D06_px-1055_py-0118,0.8829554524921722,1.9774363983006664,2.9375041643523847,1.5846260227555282,2.8310329133770273,2.0132368348038336
126.90788537053932,-416.6567040649576,69.9935366201465,1.3284263586397091,24.00901035705965,-1.8821168632564351,4,D06_px-1055_py-0118,0.8589709466012697,1.8821168632564351,2.6794221744808357,2.6770356869636585,3.517654530779507,1.3369503522343287
-135.4495234580226,-407.2855541757389,69.93041343799345,1.3252021379549754,28.021509905137805,-2.49883608709708,2,D06_px-1055_py-0118,0.8568861401115423,2.49883608709708,2.545796340271786,1.611200882761518,2.665582306328752,1.489337107555604
185.1709863372368,-409.9584941869481,68.63628130439355,1.3402322532860036,15.30139437116111,-1.7535238301993026,5,D06_px-1055_py-0118,0.8666047310665121,1.7535238301993026,2.938052095301558,1.5372013140162877,2.9915749085305214,1.4951620993430925
-210.1487434033275,-400.6711065386162,73.18449900704718,1.32689525778524,12.59001806013748,-2.6608244495527544,2,D06_px-1055_py-0118,0.8579809247293368,2.6608244495527544,3.131389071558555,3.144528102364401,2.3372549373422356,2.3568850050909864
-27.683521249070527,-399.1274830701601,66.6704652119023,1.3198318898948431,47.17758579059716,-2.2470250499671693,3,D06_px-1055_py-0118,0.8534136954180939,2.2470250499671693,2.7307683659462736,2.158684516716455,2.359017977061125,1.9775704436209878
140.8928702029961,-393.3109233067726,65.5845126995321,1.333824071545295,36.27623222934585,-1.8337946264014309,4,D06_px-1055_py-0118,0.8624611502801102,1.8337946264014309,2.82811188646542,1.6105165066341736,2.4264073225125955,1.9271822770929785
-98.17884104359275,-388.47062551049055,72.72490399632241,1.2984990544233226,45.2355726813355,-2.425323875091656,3,D06_px-1055_py-0118,0.8396197159780705,2.425323875091656,2.861006745870804,1.592589148082728,2.576375615891745,2.121981127541995
-152.51981897208623,-386.4051643313373,75.19698507823199,1.2991924119741285,35.34772822151848,-2.553717701055103,2,D06_px-1055_py-0118,0.8400680464315243,2.553717701055103,2.8582771192720786,1.6269598879518354,2.872006688278267,2.742688909630412
-197.64830452102728,-383.2974725041166,73.4180767360645,1.314638723200644,25.872382237064983,-2.6538669223529334,2,D06_px-1055_py-0118,0.8500557529306064,2.6538669223529334,2.7154970163879035,1.809114711171449,2.567886690963552,2.333757612880188
-176.8576087484994,-378.94028677464297,72.5955981622476,1.3098123870601008,34.29973071722748,-2.6144437753652667,2,D06_px-1055_py-0118,0.8469350059683861,2.6144437753652667,1.7928489615832577,1.6461556124468857,3.3672193087308404,2.7322598138218703
149.86886272643363,-377.4840062944075,72.42866134833,1.303028881144755,41.89339089615692,-1.7998407119388973,5,D06_px-1055_py-0118,0.8425487376144922,1.7998407119388973,1.8823513334135322,1.8893220616287905,2.3840133964588137,1.728808604815622
-272.9790797917684,-370.83546392735656,67.5176843090644,1.3489307624904692,8.814837680975813,-2.812333862421992,1,D06_px-1055_py-0118,0.8722292556303206,2.812333862421992,3.5728843880320236,2.5754470287242768,2.800545399895335,1.9860789381129516
-263.4035640583782,-347.4699895810403,67.18015483327423,1.338054220530026,24.37505434352204,-2.826416289882186,1,D06_px-1055_py-0118,0.8651963979316244,2.826416289882186,2.833559965053272,2.3272914338684245,2.964801011136893,2.215457301525656
-207.0626697358233,-343.9272244661236,67.4317065676793,1.3179116641944804,46.130422531975626,-2.719704089330408,2,D06_px-1055_py-0118,0.8521720623559362,2.719704089330408,2.0545281470462804,1.867978006358594,3.3794646760512776,1.8613204105640895
282.39519356379697,-336.3332703919965,67.25488401789201,1.339412711087486,22.3699986060019,-1.4793335469408402,6,D06_px-1055_py-0118,0.866074808625978,1.4793335469408402,2.390917544661945,2.7565395687198695,3.0594493294453815,2.9433453230624895
337.3766718799014,-311.9194759383516,73.07984309966491,1.330817983729483,8.174375249687444,-1.3531903942983157,6,D06_px-1055_py-0118,0.8605173902215106,1.3531903942983157,2.872224245542936,2.736664131951576,2.1558545767907913,2.1917199976318815
265.60050044403533,-305.1615772671882,72.82345195871011,1.3006325193951875,42.783754913545295,-1.4615797437509852,6,D06_px-1055_py-0118,0.8409992312327211,1.4615797437509852,2.3013799228394447,1.388387723134766,2.112690329634291,1.468858424192809
309.56068391418773,-300.7861849495811,72.09778945351067,1.3192576354435217,25.97182853386096,-1.3780024358619984,6,D06_px-1055_py-0118,0.8530423779668602,1.3780024358619984,2.592938842784299,1.932213683889974,2.607137993125672,2.0707598464120798
-336.2288327266709,-297.775627984355,72.89680178002627,1.3260989909996947,14.744058804766835,-3.0237511312247607,1,D06_px-1055_py-0118,0.8574660523541551,3.0237511312247607,2.9369907362463845,2.933701737496887,1.8099026042408028,1.7441772279159986
-325.3813073155277,-285.2535250956702,68.65124311002145,1.3313968458493386,26.121906898301745,-3.0287945305923865,1,D06_px-1055_py-0118,0.86089168702751,3.0287945305923865,3.4712035083752886,3.0993212065090274,2.579891272613314,2.0351291615365423
299.1981055436549,-285.72304973657305,55.627319253002014,1.366813074952187,41.0381687571263,-1.3693443810634087,6,D06_px-1055_py-0118,0.8837920997147983,1.3693443810634087,2.7119703902492045,2.721182711947278,3.0185470115398254,1.7944536198520329
-369.55027357631946,-229.83423129624947,72.8665936172969,1.318683519932902,23.53549634112256,3.091001417600784,19,D06_px-1055_py-0118,0.8526711503557788,3.091001417600784,1.8015796127059291,3.084550344222938,2.5602675049927166,1.8616551315245942
-420.7504650838428,-187.92319488777144,69.11553843604199,1.3440164918124906,8.246464605298343,2.9546677876686585,19,D06_px-1055_py-0118,0.8690516495035945,2.9546677876686585,3.0802328248651873,2.4699532075044246,2.6819306311849873,1.8148661109262378
371.9624476813566,-162.3612627720272,74.1335349181897,1.2968452719987622,41.6205041020242,-1.0185495405130904,7,D06_px-1055_py-0118,0.838550367236638,1.0185495405130904,3.3496698683428634,2.9343888706627874,2.281835114246084,2.52574004331837
388.9117721692924,-154.4752797828891,75.19779584488919,1.3010745720821637,33.43689649862711,-0.9850687303153932,7,D06_px-1055_py-0118,0.8412850659818663,0.9850687303153932,2.8206185471999916,2.6277355303225765,3.0406812711055093,1.6972112203416434
-433.2241242583297,-140.16653838401163,70.4789072009595,1.3370198194152338,11.40037365463496,2.847526452933138,19,D06_px-1055_py-0118,0.8645275460235304,2.847526452933138,2.14617354771516,2.984286570166341,2.611404924833024,2.1591409892770717
422.3652817690572,-116.33450321528846,72.96337709092475,1.3199658175478235,21.683940159053577,-0.8757508220260762,7,D06_px-1055_py-0118,0.8535002940933674,0.8757508220260762,3.0106607092497235,2.209437470293236,2.685947070234774,1.0400627638114779
427.28998437464674,-90.68387919198594,68.28977077840281,1.334758897511751,23.62228398834668,-0.8161068577741671,8,D06_px-1055_py-0118,0.8630656161130047,0.8161068577741671,3.3899374434212977,1.999275138686186,2.9936884286611933,1.8265329018600451
-420.4256227557923,-79.05224609931574,71.7255626180185,1.318354282044368,28.476694873604004,2.720472140968932,18,D06_px-1055_py-0118,0.8524582625438714,2.720472140968932,2.623967919907347,2.5993773843106416,3.1351850821777827,1.5452505360496784
-459.31976672890966,-72.63191552498719,71.42476098108654,1.3387560486894423,5.052293195069126,2.691443852993649,18,D06_px-1055_py-0118,0.8656502055473229,2.691443852993649,3.0603782859148776,2.3086415830882956,2.6054791567307087,1.8857975522508394
411.4535622343221,-55.901861015218905,73.04245521997942,1.3065011993582705,36.03299977633816,-0.7420170181684278,8,D06_px-1055_py-0118,0.8447939659204243,0.7420170181684278,2.3949321707755633,1.218919827539298,3.228857466875991,2.420138085354658
-429.9318287426697,-48.61670080364836,74.40706076848917,1.3121515590933677,24.730660788231205,2.647214820404272,18,D06_px-1055_py-0118,0.8484475330291529,2.647214820404272,2.553073070255649,1.8863674084631379,2.107136611780974,0.8294696961966317
-443.8395039943968,-41.944903872047234,73.53259772579162,1.3222892998395874,16.678783208645314,2.6288379408238587,18,D06_px-1055_py-0118,0.855002676043701,2.6288379408238587,2.001749678410666,2.6899192429008876,2.6318432285973348,2.15473198616547
-467.7963163923935,8.196418609496295,70.58979041426241,1.3427191790018926,3.444576006928856,2.517093573787957,18,D06_px-1055_py-0118,0.8682127968222171,2.517093573787957,2.3150833707549623,1.8087148548170768,3.7674900261242423,1.5549879915343705
-405.1897889819924,58.58440752954117,72.44038766470797,1.3050186787739548,39.84828751977415,2.3910230770135263,17,D06_px-1055_py-0118,0.8438353564338062,2.3910230770135263,2.612175395773603,2.1872115646744694,3.0457919284686388,2.251671203432967
-372.109347537216,119.2611114349856,67.85556998047517,1.3097348838047391,52.74599478380571,2.224456527438285,17,D06_px-1055_py-0118,0.8468848917530292,2.224456527438285,2.697220935811094,2.633263121398633,2.3486825824063002,2.260380332134394
-420.0283780962525,124.7835742733898,63.07386363025398,1.3528557597016988,23.931520439876067,2.2458339974327166,17,D06_px-1055_py-0118,0.8747671897416173,2.2458339974327166,2.890116741859455,1.8112048826065852,3.7515344213404163,1.824679485621092
-359.3272040965901,124.72098902635436,74.0855569390161,1.2796514063707267,57.55026059170319,2.2005278384244678,17,D06_px-1055_py-0118,0.8274326782972437,2.2005278384244678,2.8773416509751613,3.600054917963021,3.499265877239296,2.13980792790846
428.29711929240057,124.60584787534476,69.42783262535775,1.3357625792669203,17.511447180776997,-0.3238615264292624,9,D06_px-1055_py-0118,0.8637146046412111,0.3238615264292624,0.9597622743053718,3.0236851219486827,3.3199095516168926,1.977686949583036
-366.50522101921416,137.59650955679288,73.45302226091931,1.2897773056351882,50.79068159728598,2.175466823172284,17,D06_px-1055_py-0118,0.8339801645164195,2.175466823172284,3.5895125671738337,1.5229068381075233,2.034997975999937,2.2437275816048996
-406.1588505776932,157.99475891441102,74.00602635838302,1.3152557083038694,22.86206000830896,2.163627532938551,17,D06_px-1055_py-0118,0.8504547003579211,2.163627532938551,2.2354336598260107,1.1444663041252734,2.722407594878202,1.649533497525063
-370.18673774355096,159.73062143683907,70.14574140740146,1.3092620640831132,44.35311570289656,2.12726110945677,16,D06_px-1055_py-0118,0.8465791627969487,2.12726110945677,2.544554003917943,1.617334562985728,3.3358639725500767,2.1797257165107116
363.9116323314628,185.8669484448788,63.95220928216517,1.334518202706305,42.44401037422489,-0.1347709539764895,10,D06_px-1055_py-0118,0.8629099809560151,0.1347709539764895,2.3015481227067762,1.8725124740398966,2.942344216331603,2.1514100833339853
400.8635535727914,192.1922895960304,72.79379142213327,1.324015519958287,17.654988916418006,-0.1599101933834543,10,D06_px-1055_py-0118,0.856118863568706,0.1599101933834543,1.3492467864868853,1.1835663749475116,2.488831816825701,3.14756667747541
-329.2503351833008,202.5391211409001,68.35380592965001,1.305183636795607,55.2489557372374,1.983126615675563,16,D06_px-1055_py-0118,0.8439420195898679,1.983126615675563,2.6256004942188946,1.4174733690229346,2.2404301731751706,2.054175270750303
-424.3789325240912,207.84380655669355,71.25543792305677,1.3428415785558383,0.3343277541684415,2.079191056615618,16,D06_px-1055_py-0118,0.8682919413378558,2.079191056615618,3.7040746754806673,1.8017614506777169,2.8947537427554204,1.2232352415719268
-365.698872842902,224.44654276460665,73.68628963561318,1.3124984952073728,27.170400600686943,1.9841468919081413,16,D06_px-1055_py-0118,0.8486718646530469,1.9841468919081413,2.11867235988364,2.761195316235834,2.6705141459691975,2.1162321138802795
383.6018948776597,246.33900275318857,66.79546052362019,1.3490902783623426,11.882123715510318,-0.0361258774932315,10,D06_px-1055_py-0118,0.8723323998494713,0.0361258774932315,1.7358211564216548,2.2575180754240423,3.2480844650673175,3.6735485303352906
321.2392357470989,259.0316525976157,60.610584941729286,1.34856517546946,40.64928703537288,0.0716221307216484,10,D06_px-1055_py-0118,0.8719928641830575,0.0716221307216484,4.0768800195535295,2.217736994341845,2.88370908680239,1.5540990784387636
-318.5627052312343,327.8937345384623,68.6202787594174,1.343850264846102,10.668868994808122,1.734781841456062,15,D06_px-1055_py-0118,0.8689441658378715,1.734781841456062,2.613443849053543,1.741213862440461,3.2131151315083013,2.4411279628502194
319.34492271977257,338.7161779168477,56.56168879913449,1.3860029425117073,7.814184523905396,0.2078469974620697,11,D06_px-1055_py-0118,0.8962004192242313,0.2078469974620697,2.6235049348920434,1.4137787921296985,2.8104938264082806,2.6161455101515316
-161.27654317167054,366.9583596339024,67.03285124307399,1.3189761349730984,46.6162512394053,1.3779009095899428,14,D06_px-1055_py-0118,0.8528603575454982,1.3779009095899428,2.4078576941069296,2.896283131062442,3.633181492780645,1.7860732461082383
149.83789396103057,379.6986357880438,73.38122912028481,1.3009712047065456,40.35714950669228,0.5879541593216567,12,D06_px-1055_py-0118,0.8412182278226376,0.5879541593216567,2.047381433425302,2.4399069876769084,2.728419317539576,1.5976316702347617
-185.86481541832103,383.1075733648341,71.7859595456969,1.3170257539400647,29.70732907991448,1.4155143563067214,14,D06_px-1055_py-0118,0.8515992258077226,1.4155143563067214,2.66097208472354,1.7529180591155051,3.008563700743978,1.4839155752356392
246.84840803458715,390.71623360445,71.54361169832919,1.3369945278991515,6.837052583303944,0.4003537030892624,11,D06_px-1055_py-0118,0.8645111923300277,0.4003537030892624,3.0877177762418437,1.5650207756758554,2.771368919168854,1.4285121072505167
182.832293228149,395.8166472282674,66.35418714558077,1.3408045963473771,24.57778044958974,0.5311014671835877,12,D06_px-1055_py-0118,0.8669748125979507,0.5311014671835877,2.2675255611833247,2.5067675639118034,3.4177331991760713,2.4476128892106517
-188.41746339220168,409.4353634689648,71.44611174911077,1.33158962657687,14.09696933470559,1.3951111394792934,14,D06_px-1055_py-0118,0.8610163405643336,1.3951111394792934,2.848436612477758,2.1309369201454444,2.444330288083162,2.6036298863273033
43.34074843365583,-469.0921728392425,70.8423682655934,1.343442995056347,1.3473283125688909,-2.08564460248978,4,D06_px-1055_py-0118,0.8686808219840306,2.08564460248978,1.901235987936035,2.5669537757392926,2.8086114300039196,1.830453495249775
-70.493472921442,-459.3088712997063,62.034537691052265,1.368232374689675,7.292814105299271,-2.330064815017087,3,D06_px-1055_py-0118,0.8847098301039102,2.330064815017087,2.407349757965334,1.3268310817575766,3.7549409106716674,2.2502008685793395
18.995984055866828,-449.1224629679619,68.83539795036691,1.3394311110577724,15.454512807558784,-2.1355052748772687,4,D06_px-1055_py-0118,0.866086706191689,2.1355052748772687,2.8775609642379987,1.854824174456273,3.1147979281283833,2.010343654366467
-31.425344565151363,-446.364706754576,69.75969702866445,1.335399441331441,16.539945462552794,-2.248062728121553,3,D06_px-1055_py-0118,0.8634797967919413,2.248062728121553,2.885822073398895,2.1080363056370333,2.6341793657124377,2.363060498002217
95.39634288199532,-419.5220251871418,72.08358013920042,1.3185246763725769,26.85252705270949,-1.9541849607468764,4,D06_px-1055_py-0118,0.8525684408585706,1.9541849607468764,2.9599238064444737,2.381631052907159,2.3173454216299105,1.8220993896506654
62.66079486058568,-413.9691841009715,42.628972269683175,1.415418281733979,40.18036592036077,-2.0275503908472543,4,D06_px-1055_py-0118,0.9152206092498383,2.0275503908472543,3.3944323740231144,1.569043873718729,2.862147748750631,2.174196728562351
-42.56435585382773,-411.7129497367636,71.86764790545263,1.3097646884312606,37.17063504397248,-2.280793449098027,3,D06_px-1055_py-0118,0.8469041636592886,2.280793449098027,2.9676974012918054,2.6951734581211793,2.6716177430729093,2.670473186625115
34.39486628663242,-407.3217311428984,73.3630150858954,1.3013977112575383,40.00037568230556,-2.093534183669811,4,D06_px-1055_py-0118,0.8414940103178096,2.093534183669811,1.4447027500779672,2.7326406728589725,2.702366194614979,2.016894817939817
-151.49881475698555,-403.6845449743226,72.34329592488291,1.3181854191888558,26.19296394122091,-2.536800842153656,2,D06_px-1055_py-0118,0.85234907449148,2.536800842153656,1.8542850012247682,1.7251648376712505,2.8642755167755896,1.6174735217195062
219.5658637128792,-400.2672657090976,71.69698302003013,1.3337297236209384,10.358454217670952,-1.676048003571931,5,D06_px-1055_py-0118,0.8624001441691073,1.676048003571931,2.971237603373402,2.2062089105596554,2.8322109764935472,1.2396290006982935
-135.04076425290106,-393.1258064187777,74.86238822041787,1.300501240239227,35.277026071989724,-2.508653001053226,2,D06_px-1055_py-0118,0.8409143450964811,2.508653001053226,2.6639608971894475,2.398220651708949,2.7002990963026874,1.4011880560478351
-193.85296411273407,-352.9684004220686,63.42540089638837,1.333068790647384,46.31551333673775,-2.680010575926516,2,D06_px-1055_py-0118,0.8619727797026904,2.680010575926516,3.2067800302885177,1.9221641224664294,2.165958899944878,2.2293164475992673
318.71949928932963,-330.7843551314248,72.13111432357022,1.3337544339159673,8.47851007056056,-1.4109510545602728,6,D06_px-1055_py-0118,0.862416122040499,1.4109510545602728,3.198471607406651,2.495328282605092,2.4645988142297126,1.8236165104869544
242.191451516336,-330.6429962062582,73.19932414281041,1.3026476718878668,39.36446468268355,-1.545578088994282,5,D06_px-1055_py-0118,0.842302244706464,1.545578088994282,2.769271108603771,1.7956619324971763,2.362038244216601,1.7706525204695795
-296.556884902433,-322.2556352443453,66.97416486622643,1.3397238312081563,23.20792867916049,-2.92166873435564,1,D06_px-1055_py-0118,0.8662759813464835,2.92166873435564,2.7993010226435637,2.9574073812350274,1.908377036657205,2.123876445508335
-252.68239926349816,-320.70606047989594,74.1675012681356,1.2982813743255948,40.086464611482654,-2.845091414863953,1,D06_px-1055_py-0118,0.8394789623123626,2.845091414863953,3.289155289163508,2.1984368427750947,2.944908777114291,2.3168452647300484
324.3009334721541,-309.1516168200058,54.69657205983549,1.3851469223837758,19.321728863160104,-1.368466781272983,6,D06_px-1055_py-0118,0.8956469098672264,1.368466781272983,2.1955875520350263,1.4168050831841756,2.7857494060116155,2.0131197735235187
-305.3128130300171,-308.1294439658671,65.88584593501298,1.3412387349494526,26.095267707823552,-2.9585825366654355,1,D06_px-1055_py-0118,0.8672555300374651,2.9585825366654355,3.2632689006731637,2.5515984880262783,3.013958625563437,2.031816496902626
260.79789064867606,-279.99171908789344,71.62075350154362,1.2904176002718888,56.82322070448953,-1.42785503189273,6,D06_px-1055_py-0118,0.8343941840716725,1.42785503189273,2.338055713692924,1.8167839020648322,2.7763807200732207,2.0985054359254103
391.9661439635606,-223.1391266517136,69.5782737983159,1.3377765623646605,14.330615410674396,-1.1245056882862037,7,D06_px-1055_py-0118,0.8650168619749757,1.1245056882862037,3.681851192969183,3.315431050163368,3.1619098390262153,2.2717491540735724
403.654637712655,-215.33448365540048,70.63012223862361,1.3376050639673067,9.99637714627056,-1.0970371671309749,7,D06_px-1055_py-0118,0.8649059697604714,1.0970371671309749,2.679707806515148,1.5171310831275382,2.50139409700859,2.87420961869583
-406.900558504313,-182.86470466334663,66.26030514961639,1.3461435017216234,18.202930530070603,2.9569753231935345,19,D06_px-1055_py-0118,0.8704269908638403,2.9569753231935345,2.657394892602656,3.211608700555161,3.600467915670975,2.198657728550912
-348.7971922080348,-172.26558208745757,73.98197407028846,1.2861617148047808,52.18168579618396,2.9933565001956146,19,D06_px-1055_py-0118,0.8316422950079448,2.9933565001956146,2.343793234386369,3.235281874942378,3.351490332446436,1.7796260700717976
437.3865560147111,-144.60601890262555,66.28355732017866,1.3529480607841868,8.959079484523613,-0.926280486956443,7,D06_px-1055_py-0118,0.8748268723485464,0.926280486956443,1.8873421194579119,1.5697198241956054,2.883101153017817,1.4652653054758464
-382.5336141309618,-68.93784504562186,73.36216512086517,1.2881993449662188,52.55614175292857,2.7129131648597684,18,D06_px-1055_py-0118,0.8329598427193482,2.7129131648597684,2.1743514681578473,2.72916622986061,2.365663890288436,2.812610560394715
-394.332724872675,-56.69355299473601,72.86034428479286,1.296520938668832,46.63711870018591,2.677405499454892,18,D06_px-1055_py-0118,0.8383406507509535,2.677405499454892,2.338341878130907,2.239013815483222,3.038864178589768,1.7835469890910098
-394.4416708426726,-41.313719619765045,68.10395401547478,1.3125129530739543,49.01002201754,2.6389723544512025,18,D06_px-1055_py-0118,0.8486812132234531,2.6389723544512025,2.5375226225185568,2.116590389009908,2.3568744477613963,2.8731365615847166
-455.2460340569464,-20.617799757029,58.421345663182535,1.376068214862204,13.724467036619046,2.5798715512023063,18,D06_px-1055_py-0118,0.8897765460770154,2.5798715512023063,2.3579860188650805,2.0200606042938705,2.309909284989802,1.0988036726312966
-429.3325633453172,1.7443019219514937,73.11721666697593,1.3145515373227847,27.155869105254908,2.5305503217880347,18,D06_px-1055_py-0118,0.8499993778552792,2.5305503217880347,2.6206877992807422,2.854448236099062,2.437348786884628,1.2606173841873545
-432.9269978473609,57.34655216156843,65.81553383655645,1.3429633939858023,24.253217514847336,2.402917400605419,17,D06_px-1055_py-0118,0.8683707081543273,2.402917400605419,3.113866763625738,2.513741829572008,2.466648374812394,1.6246608503731306
434.4163889500748,100.69746041906552,68.16879417209347,1.339813384551907,17.878359356787087,-0.379202818173436,9,D06_px-1055_py-0118,0.866333887243903,0.379202818173436,2.635122266964527,2.4678593202548043,2.8333034232729237,1.9278242246354647
-435.7601145380453,104.4915732653991,69.00498670341273,1.3381771274378005,16.308032321513963,2.29926529101923,17,D06_px-1055_py-0118,0.8652758705062449,2.29926529101923,1.9827418875553944,2.3323579073825256,2.237431630995969,1.158858729154191
-451.0705903612429,107.59598492322914,64.41441595670719,1.360261187813892,7.416243583956884,2.300454102816071,17,D06_px-1055_py-0118,0.879555597886448,2.300454102816071,2.2586485481368292,1.24049680313008,2.9439860241706035,2.1192879722282623
-382.9431061732758,149.77696969705318,66.20180085995014,1.3279909722999872,40.29252970674128,2.161784685385271,17,D06_px-1055_py-0118,0.8586894223647654,2.161784685385271,2.976281280107669,1.801828550089561,2.953458840679625,2.3683102635066398
-338.86616013170124,173.13778922655553,71.78564609992861,1.2883346347666798,58.08977258151669,2.0622576841904534,16,D06_px-1055_py-0118,0.8330473221699114,2.0622576841904534,3.6699705705579437,1.7110449293586705,3.756404785714479,1.1083954210402347
-416.7707250092076,174.23212193688596,64.51546996171561,1.354509419286024,15.018967573737427,2.1386415947290778,16,D06_px-1055_py-0118,0.8758364590535862,2.1386415947290778,1.2608256309004553,1.3246876572393484,3.048520680604815,1.7939325927242196
-406.5610529490168,191.80299404171424,61.92483338727865,1.3619577307084865,16.957427620778276,2.0938041040073605,16,D06_px-1055_py-0118,0.8806525958845995,2.0938041040073605,1.687043606537634,1.1928879624564743,2.215642326092692,2.9525110579771097
-409.837218199357,209.54172727598748,61.19346835574521,1.3690508174572054,10.256391092842025,2.061981989232619,16,D06_px-1055_py-0118,0.8852390416437087,2.061981989232619,3.1170499802168967,2.6384060789573964,3.2751390831112253,2.0273549695979716
406.1595548325246,229.012446777223,69.7119864472636,1.3447157533971157,4.651202605121966,-0.0935662987486616,10,D06_px-1055_py-0118,0.8695037975518177,0.0935662987486616,1.8612419703988943,2.0180222139909265,3.168055341286898,2.6814780874100754
-379.74681322571695,237.7275656501163,66.7408138965609,1.3455049250877444,16.880777528407805,1.9752835623588092,16,D06_px-1055_py-0118,0.8700140821827433,1.9752835623588092,3.0969846936302616,1.3530217796543824,3.0239757066430175,1.9178950456968507
-297.4444112879142,257.83707963667666,69.00387374966294,1.3073762966223508,50.63589885176259,1.8204227439987613,16,D06_px-1055_py-0118,0.8453598107039206,1.8204227439987613,3.6608918805013237,2.1804380778512096,3.0872402929396707,1.204172014794398
386.0356568261769,263.9827323322145,69.58922070581451,1.3457488348703708,3.7980808807718063,-0.0071886075745457,10,D06_px-1055_py-0118,0.8701717961692998,0.0071886075745457,2.4108606547405533,1.9184111873712069,2.5095738782404777,2.280724802206015
-340.4576938756497,266.5853542138572,70.02586732672015,1.326624516740255,25.98489891845361,1.870311622725668,16,D06_px-1055_py-0118,0.8578058614372078,1.870311622725668,3.1918900783504243,1.8392158697014325,3.1729835524052086,1.9215476800541957
-368.9483275415029,289.67689277722195,70.5135344493429,1.3435254277646966,2.6947130241071022,1.868997716054714,16,D06_px-1055_py-0118,0.8687341236225156,1.868997716054714,2.7216254670926165,1.6824935006768906,2.2426953952296698,1.5909246103423518
-243.03771292994173,292.43896579175515,72.26888933412374,1.2863297904464708,58.13433427998501,1.6572187794417277,15,D06_px-1055_py-0118,0.8317509740416783,1.6572187794417277,2.1406632581079243,1.84301953809846,3.290798854228247,2.3292793941168606
345.4392664248862,298.42797957169944,64.3330030544063,1.357288265444634,12.02822239500722,0.105534021074706,10,D06_px-1055_py-0118,0.877633282866812,0.105534021074706,3.4747572751445666,1.7870958084281363,3.019395296453748,3.075218693344879
-348.19093630924147,311.37852933993423,69.1059268712641,1.3470041840144444,4.256044755590381,1.8049698951795332,15,D06_px-1055_py-0118,0.8709835148133835,1.8049698951795332,2.9283696715807954,1.3638883851378956,2.8268745877306776,1.8557901587545715
228.30865899666705,325.3318972921908,69.9857856538973,1.3062422895549468,47.9901711109207,0.3519028824194942,11,D06_px-1055_py-0118,0.84462655280234,0.3519028824194942,2.352248117611465,2.319816879401085,3.165635543529822,2.391187948512468
250.07223944884413,344.06481758968346,70.09914654934437,1.3224812618933552,30.422561354729,0.3353184895384953,11,D06_px-1055_py-0118,0.855126800219621,0.3353184895384953,2.5871820683922717,2.013295279334542,3.0006096249898233,1.49886781945546
73.81814818212494,376.2772723497149,70.47408754068974,1.2952363352974334,56.62972542337923,0.7700968092209824,12,D06_px-1055_py-0118,0.8375100160930661,0.7700968092209824,2.27263559024237,2.3923864025443793,2.3800370707840353,1.9135524412680525
41.77783464118018,383.38432115255847,66.79461726280641,1.3103878272439824,56.22243370325231,0.8552739202534306,13,D06_px-1055_py-0118,0.8473070901236323,0.8552739202534306,2.5234917969163653,2.4728054635193812,2.6165568148993645,2.5649679415741065
275.8908559575707,383.0960077240122,66.73253221029967,1.3566648102455756,1.6067593633790125,0.3396876281372205,11,D06_px-1055_py-0118,0.877230151824571,0.3396876281372205,2.5609855606808276,1.3539362220663027,3.296505470232364,2.2365339941777624
-12.659189847568348,390.7613936023836,71.97775798215415,1.2947911751895502,51.51907514511152,0.9962016829587448,13,D06_px-1055_py-0118,0.8372221720610874,0.9962016829587448,3.45148418618494,1.9474694047530567,3.1839611309995512,1.1247574311690776
191.9989566292563,385.00561885646414,61.94102730220601,1.3528174684848124,29.22033600554056,0.5012166854933163,12,D06_px-1055_py-0118,0.8747424303391849,0.5012166854933163,3.472988394541877,3.2908902196577294,2.8528566060543707,1.997763126123261
-36.22919760592446,392.4887722235434,68.3452005467895,1.3101042982484972,50.48231118392937,1.0558622917019678,13,D06_px-1055_py-0118,0.8471237580419877,1.0558622917019678,3.3196795762172213,3.0964800690896617,3.226838100772107,2.1527056552761925
133.47227334279987,391.119570869485,71.37453686444053,1.311092082361096,37.69995308729091,0.6349520135474215,12,D06_px-1055_py-0118,0.8477624670292934,0.6349520135474215,2.8189973538834447,2.199994376772633,2.963410186736179,1.5827174012548793
71.20091188541507,399.30202754276826,69.60773160515362,1.312661438368223,42.969320382728085,0.7873579813242578,12,D06_px-1055_py-0118,0.8487772249842442,0.7873579813242578,2.461627859697682,1.7325581071740601,2.5579451147910346,1.9705955957602665
-116.03276836293792,-455.5315908286605,71.75203139448729,1.3401464900090991,1.7819905202579776,-2.4271914258530662,3,D06_px-1055_py-0118,0.8665492758561671,2.4271914258530662,2.196007814302148,2.6831079592309317,3.305847669562341,1.5990219764639688
-83.26308575701083,-429.2073799029212,71.4957198183067,1.3243303563256792,22.602530513305283,-2.3693885236271472,3,D06_px-1055_py-0118,0.8563224392436123,2.3693885236271472,3.1558545134863465,2.5734696547297387,1.9174302677608948,2.5024338483497712
116.14428878470736,-425.3985884824229,71.06944382954677,1.327749286592326,20.3348133085226,-1.9112470668964927,4,D06_px-1055_py-0118,0.8585331464825988,1.9112470668964927,2.994451869013864,2.2747798576147638,2.8404649142796634,1.8738956792933612
16.422987284259026,-394.8552781884179,59.91108356566494,1.341664363294402,51.87209592196393,-2.1362073959417867,4,D06_px-1055_py-0118,0.8675307446776925,2.1362073959417867,3.4603876085816414,2.601101531204165,3.6645275077280592,1.1796797682614288
-78.92883505113944,-396.3976796919404,70.15041380691463,1.309864630943712,43.72284779546288,-2.374320581780962,3,D06_px-1055_py-0118,0.8469687872750185,2.374320581780962,2.8405313255208133,3.08544564700734,2.639468219516308,1.6505758970036473
158.44250717710443,-395.4149464387,70.3645982078313,1.3219354718841398,29.95741365570956,-1.7966667495622637,5,D06_px-1055_py-0118,0.8547738881008481,1.7966667495622637,3.174123817225016,2.0058558496529417,2.1521657744551623,1.4624843033027761
-166.45549378566332,-390.96966201673166,63.96982286227879,1.3432054159670404,32.12893871050068,-2.5802819381063977,2,D06_px-1055_py-0118,0.8685272014736372,2.5802819381063977,3.090210867466408,2.036493998708482,3.936224773679044,1.9974744171609566
64.72473798256846,-381.3842088032785,71.8235864320423,1.2925615759529827,54.14268064682693,-2.0096675084583024,4,D06_px-1055_py-0118,0.8357804956336964,2.0096675084583024,3.202633477325346,1.3789883406228838,1.591790599197268,2.4160960899031725
-242.4874605088964,-373.8226637457159,70.7576491553452,1.331184915996158,17.49745608801817,-2.753215373897953,2,D06_px-1055_py-0118,0.860754651515217,2.753215373897953,2.36783751438486,2.471276559550872,3.198926636649156,1.6006993889273922
-234.62794564488803,-361.8762054630792,72.74620559365229,1.3168979455772163,26.025209812961805,-2.753000990532102,2,D06_px-1055_py-0118,0.8515165839136458,2.753000990532102,2.6920072488829847,2.594026930188342,3.0575263243512176,1.6891737925025874
143.043084732302,-355.73124774089626,70.42970037580821,1.2953766304088377,56.66436032531072,-1.7954518581499204,5,D06_px-1055_py-0118,0.8376007320171086,1.7954518581499204,2.4798495603517097,1.984180415969307,3.191572601758188,2.112118708056717
233.9434164748077,-335.77911789418755,64.43994119922638,1.333124856671204,41.94405971596802,-1.5692558544145403,5,D06_px-1055_py-0118,0.8620090324352861,1.5692558544145403,1.320512339086688,2.0916818567178836,2.9087144011450308,2.2481980927759437
-285.4136615347847,-306.06943713973413,73.98878149126182,1.3052262165090245,33.73830076026138,-2.9282662031929454,1,D06_px-1055_py-0118,0.843969551967935,2.9282662031929454,2.125900022815835,3.3874579066999617,1.9783892428040883,2.151175326707362
-316.2766727244547,-298.0885824574086,64.10367445139286,1.3476576826273032,25.9641529372604,-2.992770063358084,1,D06_px-1055_py-0118,0.8714060721636191,2.992770063358084,3.4829365064310727,1.759669381753403,3.09383120751045,2.309028012136559
-317.121509972866,-268.967065742949,70.82701087200914,1.314513453085848,36.23261690034167,-3.04515228421129,1,D06_px-1055_py-0118,0.8499747522877125,3.04515228421129,2.750009478908236,2.314963791382796,1.881839113014597,2.3817125013629576
365.3404829648589,-266.3526275360608,70.51656399992899,1.335299610038801,13.42057255988692,-1.2369393207731592,6,D06_px-1055_py-0118,0.8634152450918176,1.2369393207731592,2.357302736618051,2.2898338192757715,2.4537270581435653,1.8982340803713882
-353.9681798616232,-235.80103811427009,73.4414871448096,1.3111408988782955,29.598362020526626,3.1222679958881727,19,D06_px-1055_py-0118,0.8477940321738088,3.1222679958881727,4.002260519451726,3.1293743753481817,2.6358232116242513,3.1111367689656952
-348.4993306960341,-192.8627849556713,71.4163007051709,1.301643633879417,47.07546392171787,3.040070100137988,19,D06_px-1055_py-0118,0.8416530258220805,3.040070100137988,2.4158318085851125,3.233317803523536,2.679122799681379,1.695060698793048
440.13762951722686,-156.4085311387306,65.80853003006473,1.3573492716844584,4.977147946422349,-0.9484238710523598,7,D06_px-1055_py-0118,0.8776727299819868,0.9484238710523598,2.6909549718998726,2.184958121021028,3.3540336688998633,1.8448667822163967
417.5716669612666,-147.20762968545696,69.38397360533065,1.334221755302822,19.60432597657348,-0.9459087899829892,7,D06_px-1055_py-0118,0.8627182957300098,0.9459087899829892,3.3178103293586707,1.773798110521272,2.63594852027615,2.1068402867519165
-407.659709282692,-131.29865793525525,67.7979959896305,1.331905247542023,29.123456329741373,2.846200870732154,19,D06_px-1055_py-0118,0.8612204235663317,2.846200870732154,2.5112603794867923,3.2259213809639062,2.4853100593205104,2.0476382785387006
-444.83356797733273,-125.77974629297913,67.35886684951001,1.3502699387357773,7.708200490190791,2.8101764332077552,18,D06_px-1055_py-0118,0.8730951775383111,2.8101764332077552,2.7542410358957183,3.185749903870722,2.4770560790829066,1.8929435938255363
-375.4205321612018,-86.56763828540367,71.6958463927865,1.2919602275005555,55.156108419055386,2.761240322025158,18,D06_px-1055_py-0118,0.8353916589879469,2.761240322025158,3.070464216015515,1.940444330247245,2.237037962250902,2.276179479778577
422.62462530069865,4.0501579287409255,77.15897555597175,1.2969852506420796,30.29528161073506,-0.5973964793953872,8,D06_px-1055_py-0118,0.838640878529923,0.5973964793953872,2.3680926698927345,2.8300169203586494,3.663649028666827,1.367074494750297
425.0529131719623,7.482309189145833,72.7956233638605,1.3132088412873015,29.88888518701509,-0.5893781080040713,8,D06_px-1055_py-0118,0.8491311800232384,0.5893781080040713,2.9755588295919178,2.4913479187127816,3.2851883187887125,1.4269691771903683
-480.1799111593344,21.6637071017121,72.26142429567122,1.343507759130994,5.03817285155651,2.4895278815038218,18,D06_px-1055_py-0118,0.8687226989447998,2.4895278815038218,2.594872384083726,2.1767139119047156,2.763698628351369,2.109123234189394
-468.5728513779709,46.37766500494413,69.6338962638271,1.347087726833642,1.7618288500613062,2.4359580136581283,17,D06_px-1055_py-0118,0.8710375342582863,2.4359580136581283,3.055321545157722,3.010679392595852,2.708176349150335,0.6479882808267254
428.54795125753526,81.36116877994463,68.56798916033307,1.3335168335475545,23.938720202855507,-0.4193593443894773,9,D06_px-1055_py-0118,0.8622624877708678,0.4193593443894773,2.838008180054363,2.1127226974462787,2.3454102174713856,2.469007487252062
-429.4464636452968,88.92959924428072,67.19551038520129,1.3393001721602862,22.768798920926884,2.330419620177361,17,D06_px-1055_py-0118,0.8660020400692585,2.330419620177361,2.894473198832854,2.386631580132038,2.1890620706242343,1.454310013993783
411.7221068357284,136.250718418136,70.15649398356891,1.3268753164416105,25.15213469687302,-0.2873945819573095,9,D06_px-1055_py-0118,0.8579680304994818,0.2873945819573095,2.8245081660474813,1.6427862024455997,2.5887471794030894,2.3005803189969773
-398.49397697578,134.18340003409935,66.7190938568884,1.331365197813566,34.30681317220319,2.2098120173826685,17,D06_px-1055_py-0118,0.8608712231583096,2.2098120173826685,2.4394403982906723,1.2196698642375705,3.2305901612972114,2.0172703851203266
-428.62297464240254,150.52539833638494,64.46732237895986,1.3558472849775194,13.402751597483018,2.1968841785627538,17,D06_px-1055_py-0118,0.8767015335471591,2.1968841785627538,1.4132562653194274,1.9636003306158765,3.0517547009970962,2.3912329397261924
433.55072746954943,165.41173463830913,72.76196938302235,1.3340832805518903,5.369691545776163,-0.2424980170205707,9,D06_px-1055_py-0118,0.8626287568653865,0.2424980170205707,1.8269618429098815,1.734132336774749,3.3824774479927067,1.1580166506970033
392.9989883869684,166.44007071791214,71.50147578823771,1.3185437471431418,29.16343976209589,-0.2063692976754803,9,D06_px-1055_py-0118,0.8525807721690253,0.2063692976754803,2.488241506534453,1.6805950334469932,2.455753241804204,1.1852301758641044
449.0158544768526,170.82054677647113,67.83143455398027,1.356896961397636,3.905711242384712,-0.2434540210201997,9,D06_px-1055_py-0118,0.877380262587989,0.2434540210201997,2.478708104071905,2.0394773486545246,4.390548903345299,1.983084504692446
372.6227277979162,168.81557085398595,71.8760563430373,1.3067952351518024,40.19876069390307,-0.1815946941953715,9,D06_px-1055_py-0118,0.8449840917804406,0.1815946941953715,1.6330493679293718,2.0929799682078927,3.990415010861593,2.6147623790856684
-286.3715700066009,255.21661598690343,64.62400646254247,1.3171923236234042,58.0692683342308,1.8066768038535752,15,D06_px-1055_py-0118,0.8517069310769253,1.8066768038535752,2.984739832688506,1.849274839486981,3.418002953928931,1.515016689794689
-331.93565637616825,257.69148370814315,65.83466025843441,1.3342819799472296,34.67794174032599,1.8744728967898228,16,D06_px-1055_py-0118,0.8627572374594321,1.8744728967898228,2.6561383279174535,2.5542017566257513,2.6333699478139754,2.2387003343898146
284.4517516938254,280.85651539689826,74.07818534896822,1.2930642960883332,45.45840398839493,0.1720589371535679,11,D06_px-1055_py-0118,0.8361055584327962,0.1720589371535679,2.065459542179778,2.927448670277699,2.5220565519214078,2.3004860375931724
267.625741089795,316.8381709325165,69.01872622089627,1.3201582582796032,37.36741862911487,0.2624214569214489,11,D06_px-1055_py-0118,0.85362472778626,0.2624214569214489,2.594056544932564,1.7033047101296934,3.034254213677161,1.8948108407288846
-237.03191623454623,330.1711665301916,72.98889897051961,1.3012447782428411,41.55783345697864,1.586459504298424,15,D06_px-1055_py-0118,0.8413951226259577,1.586459504298424,2.6364765025960866,1.7272981498795537,2.3239163293924743,2.068422594825895
-274.5566929039215,340.7428054065265,64.05954267257513,1.3492755386335018,24.084464848200184,1.6420596679846162,15,D06_px-1055_py-0118,0.8724521905999711,1.6420596679846162,2.5909346403785167,1.1723841440455067,1.8567515018892118,2.487014512097865
282.23034893223905,352.3570621701212,62.32316364544741,1.3615209142148816,15.654427404495834,0.2884796332135459,11,D06_px-1055_py-0118,0.8803701468993302,0.2884796332135459,2.309452989253262,1.7025046444688106,1.8588015704144611,2.085554639004311
-276.53667214928447,359.74877905237724,67.78915270546358,1.3448790003294158,13.0143820475501,1.6191750094234862,15,D06_px-1055_py-0118,0.8696093543040272,1.6191750094234862,2.297296266753849,1.7438125030227762,2.5688168651801147,1.9799006855043122
224.28577184701768,365.3554881354496,72.73341278963969,1.3154801963740468,27.64928539047173,0.4132512025606342,11,D06_px-1055_py-0118,0.8505998561122367,0.4132512025606342,3.5464274067329393,2.180382446144473,3.027075939769057,2.0882105393719175
-180.2399257515469,399.3439867001428,59.567201290302336,1.3646053210778823,24.693347712052685,1.3877845296892772,14,D06_px-1055_py-0118,0.8823645486707073,1.3877845296892772,2.764451354391964,1.761147558916153,2.5546411863349308,1.8971032384128128
-227.8699394950679,402.9422664974751,70.10337262161619,1.34189502117528,6.692734607131115,1.4784937129327314,14,D06_px-1055_py-0118,0.8676798898802025,1.4784937129327314,1.6746255063283482,2.449063333576067,3.415207832460963,1.8485502067609727
47.00674249196604,399.9901649655373,55.821966919312814,1.3607052124250163,47.97555362067044,0.8468336272531382,13,D06_px-1055_py-0118,0.8798427076972788,0.8468336272531382,2.394436526073983,2.003440807243738,3.2146994067909036,1.9373546720005295
-99.9145347447043,406.1382521574475,73.15772130921329,1.307923827717203,34.111508334590496,1.2050377285193807,14,D06_px-1055_py-0118,0.8457138486223795,1.2050377285193807,2.823287268608932,1.8983178593556371,2.1753591407583714,2.0211430379172683
149.92794645830318,421.2322054140831,69.28794596724399,1.3367567379687766,16.871584896291267,0.6218715203852067,12,D06_px-1055_py-0118,0.8643574354881388,0.6218715203852067,2.444760088773666,1.4308234630744057,2.0659987010046645,1.2369982727623468
55.90571522018824,-453.4989224160244,53.80151976622673,1.391593171669118,13.804539257783972,-2.0551183041809384,4,D06_px-1055_py-0118,0.8998151054278204,2.0551183041809384,3.318754887993251,3.2166268734786883,2.2990845479030404,1.5532444565758299
71.09631288395366,-448.4934347458525,60.72090007299269,1.367905549701128,14.301941073653268,-2.020561520793406,4,D06_px-1055_py-0118,0.8844985024921392,2.020561520793406,3.221420383333913,2.2805812656298405,3.581067575472999,2.256773235281683
-63.39969852119758,-435.11706009071935,68.35589401655801,1.336042599001367,21.77083393363,-2.322464870528035,3,D06_px-1055_py-0118,0.863895667607028,2.322464870528035,2.593812325808206,2.6206681047282947,3.0753146839882755,1.6806246580833308
30.161660736115348,-435.5210537848864,66.6775265266298,1.340009938999925,24.148683402469203,-2.1086320620763144,4,D06_px-1055_py-0118,0.8664609808981163,2.1086320620763144,3.0851616775172634,2.1196179335854195,2.746396191681288,2.1115020236337734
47.65819252802307,-400.2907542578239,69.83822279567869,1.3103205545515737,44.46993497120695,-2.0592747376361484,4,D06_px-1055_py-0118,0.8472635910708599,2.0592747376361484,2.1600977834019934,1.2044175208958898,2.1301433191109633,2.651774172122584
-286.1775240685477,-382.8994310614473,69.30681386652958,1.3513346972223903,2.7092463170549195,-2.819608358302813,1,D06_px-1055_py-0118,0.8737836587621287,2.819608358302813,2.868533908188515,3.292350604223798,2.612890090144371,1.501667826061842
84.67558580807427,-377.7587615284128,70.19552987113778,1.2987555887538649,54.40036539944958,-1.9572681873968265,4,D06_px-1055_py-0118,0.8397855930967445,1.9572681873968265,1.891205032551302,2.6307551049296967,2.5913897894219415,2.482688384316005
-188.0660177955517,-365.53859035181466,70.92638342741986,1.311338900551181,39.18832159487215,-2.6529483053682625,2,D06_px-1055_py-0118,0.8479220616150202,2.6529483053682625,1.8768957186409496,2.7259407210970283,3.8939418050435695,0.7257996534224311
-319.37437310855057,-344.89931977444485,60.720332537330734,1.3746200555407777,4.130373648096224,-2.9247675707888754,1,D06_px-1055_py-0118,0.8888401548536217,2.9247675707888754,1.9127516047661532,2.6922814356157794,2.742414835598494,2.204121265444691
163.92278871378696,-348.13905726724994,55.78241908165245,1.351365091544591,59.3786359936114,-1.7377154327643325,5,D06_px-1055_py-0118,0.8738033119702588,1.7377154327643325,1.8106076000051727,1.775333553996378,2.4720367925333364,2.6735995519052675
291.9678181964722,-346.5039806392856,66.0057183393507,1.3503283300518003,13.815592575969449,-1.4775875790943538,6,D06_px-1055_py-0118,0.87313293382316,1.4775875790943538,2.543003351858542,2.0186365417755425,3.0562019632905377,1.8540688066975184
291.0584596953275,-312.6552989902956,70.69956188153321,1.32146478181091,29.12807608539805,-1.4281357566408557,6,D06_px-1055_py-0118,0.8544695361921942,1.4281357566408557,2.09005356146056,2.2682286503924285,3.211991165692946,2.2680535149072614
311.326420646936,-308.88364757455287,59.14588652464374,1.366215356252054,24.50984290919655,-1.388439093511822,6,D06_px-1055_py-0118,0.8834056100954715,1.388439093511822,1.925885676730098,1.1897982350784555,4.16532365005938,1.9663191790418022
-299.3380041324594,-255.23414413325457,65.25104504146009,1.32093986515789,51.7526128379281,-3.0425347161628515,1,D06_px-1055_py-0118,0.8541301209499425,3.0425347161628515,2.074345560712022,2.5165294642147757,2.6927796006349736,2.5767229343672216
-318.8137515889719,-239.32387999458555,62.00533066341757,1.335920491596661,49.20896321335891,-3.104642492575102,1,D06_px-1055_py-0118,0.8638167119973887,3.104642492575102,2.401328167120364,3.164520718172256,1.9339441073742123,2.00173879423216
-339.14471863817295,-221.5322795936169,73.59616682058211,1.2982445060579173,42.24523332759952,3.1132407103172413,19,D06_px-1055_py-0118,0.8394551230000963,3.1132407103172413,2.4155926066967344,2.1669246084114855,3.2832364876459836,2.2151611630161843
-347.7748951050647,-207.96492801199764,71.0346409270968,1.3073678595346092,42.84531273235518,3.0735512913037195,19,D06_px-1055_py-0118,0.8453543552165337,3.0735512913037195,2.507137209814399,3.120026425234012,3.4044520609085085,2.1413344324618677
-432.7484474523135,-182.5356076585753,70.93982871583037,1.342476480198576,2.224152610145211,2.933774757881824,19,D06_px-1055_py-0118,0.8680558658644202,2.933774757881824,2.585929602325049,3.518350862030985,2.6704055812810448,2.290637114204194
-339.17716582192065,-183.21508738894445,72.45210051471847,1.289328064039692,54.805673939601775,3.029882007317949,19,D06_px-1055_py-0118,0.8336896813624033,3.029882007317949,2.9859996915074873,2.8063015273216942,2.244265399612698,2.9228177473833057
444.5007476473223,-166.28209653680742,73.38103125521471,1.3372574797835337,1.443993317500997,-0.9649498104408668,7,D06_px-1055_py-0118,0.8646812190895612,0.9649498104408668,2.768184108717194,1.9654464406005956,2.11353546344523,1.8973226198418551
-401.9160280249433,-167.276933722958,56.97352009419899,1.3721107115030826,26.99641440871966,2.9290054457353305,19,D06_px-1055_py-0118,0.8872175932344631,2.9290054457353305,2.44734207262997,2.8247271260735,3.175276338530228,2.566913782768855
-435.1270404085013,-156.93887140574165,70.22956048155419,1.3413308762837617,6.884190457225827,2.880764963316255,19,D06_px-1055_py-0118,0.8673151093499637,2.880764963316255,2.6482702787582424,2.3038175900249773,3.6031295514825663,3.780347183051905
424.1827326593294,-158.02278477772688,63.72595894047083,1.3575050495795942,14.592110629306376,-0.9635870886336546,7,D06_px-1055_py-0118,0.8777734571959374,0.9635870886336546,3.1969397415030874,1.5966028344495244,2.7665914340619935,2.356526706069463
390.22328192963937,-126.13689219174628,68.44922589437641,1.3194463406187258,40.428804663024266,-0.9196213437228036,7,D06_px-1055_py-0118,0.8531643962194487,0.9196213437228036,2.8460558235244564,1.2853802652383246,2.719825293589541,2.681211115279039
-392.3019797666955,-116.66179202453542,69.8323602316134,1.3140921649618291,40.59865925297044,2.8236622432362632,19,D06_px-1055_py-0118,0.8497023440685237,2.8236622432362632,2.8803656315951134,2.650602157011165,3.6150251490232126,2.1672736269636568
414.9841973390884,-116.85687533630444,50.2231135444008,1.3934581423475554,30.948713534424883,-0.8814653256313221,7,D06_px-1055_py-0118,0.9010210101575952,0.8814653256313221,3.2150904165455083,2.5972561396966345,1.9489365447498233,1.4994027881828278
400.5068073895091,-41.665049687366825,73.46892936633569,1.2971382672756908,43.793667945352695,-0.7106374772562927,8,D06_px-1055_py-0118,0.8387398202904233,0.7106374772562927,2.316599321750447,2.124477622657766,2.3124880522165734,2.0854022008998507
428.4177536565496,34.537939577076905,59.11377660968077,1.3622789611025157,30.083345456232166,-0.526536069690778,8,D06_px-1055_py-0118,0.8808603059874907,0.526536069690778,2.6054367456938587,2.4034081411126076,4.01138341544671,1.8889537393314637
428.284092257584,50.72565098453109,64.96785770310535,1.3430621643355083,27.88362016036706,-0.4890894730431659,9,D06_px-1055_py-0118,0.8684345738403936,0.4890894730431659,2.592544129305232,1.9918906167055068,2.343069420387619,1.8709049311634076
-444.45375043097886,69.52052916463597,68.292074548501,1.3413581040113458,15.36721892901005,2.3794524703613846,17,D06_px-1055_py-0118,0.8673327150130737,2.3794524703613846,2.2837967217959054,1.9473786620890894,2.521517449450238,1.419527395048237
404.1234224671659,86.85923131216161,71.27316444822907,1.311496042897263,37.67208054546813,-0.3952679523182161,9,D06_px-1055_py-0118,0.8480236710936995,0.3952679523182161,2.866418498157871,3.0228575914401135,2.885261683579538,1.3074498934853402
-460.3010558106321,104.96858579744324,55.948240242578606,1.3904619265558171,3.708736141352688,2.3104038884143123,17,D06_px-1055_py-0118,0.899083633427517,2.3104038884143123,2.4629650974481674,2.145232531062712,2.8763633703363793,2.115043071843777
374.2512023070885,169.19896444313,63.59192254214733,1.336954383861859,41.20553754259595,-0.1823806261889238,9,D06_px-1055_py-0118,0.8644852348793272,0.1823806261889238,2.4251686119277682,2.5753404297641755,2.734943774979496,1.3800836902841724
-364.92318168174,196.4515667970802,62.4732618785055,1.3429158659620413,39.10742654714119,2.0407684823193306,16,D06_px-1055_py-0118,0.8683399761598177,2.0407684823193306,2.9557908254325564,2.104194983611067,2.528598710643048,1.8109949636046223
399.6423459892407,203.5877444911337,69.2370009441357,1.3376225659775285,16.00294365213375,-0.135820497609393,10,D06_px-1055_py-0118,0.8649172866981322,0.135820497609393,1.8119385719461127,2.347413348442924,2.2601828910670343,1.4665109263275484
-321.8728483401567,218.2208593677736,62.88957135947865,1.3269437617194937,55.17010313888977,1.9388243615822212,16,D06_px-1055_py-0118,0.8580122877552576,1.9388243615822212,2.1437261631968116,1.7067666218554034,3.3067074592733046,2.085904276753566
-405.9061553245602,239.1368774133372,70.61004212014507,1.3441733327018237,1.3859223684611948,2.0022147632125877,16,D06_px-1055_py-0118,0.8691530640579656,2.0022147632125877,3.0549106590981285,2.0838789872176995,3.4069107459190686,1.7738290156683716
-342.54119198352345,243.0783726485029,64.87051191454995,1.3375158092655102,35.02618902783047,1.9174515846921136,16,D06_px-1055_py-0118,0.8648482569672916,1.9174515846921136,3.182249914051484,2.2522076131461715,3.327530649894962,1.8677325117167727
380.9348782210946,279.5844798597685,69.2862336082454,1.3489253539134027,0.785347220819915,0.0261656347147248,10,D06_px-1055_py-0118,0.8722257584017898,0.0261656347147248,2.5660568566808486,1.3547917140617327,2.371511056474363,1.747131267521522
358.793012425107,289.1407358793974,59.6215225383888,1.3743069249021311,10.24877649604082,0.0713308003260685,10,D06_px-1055_py-0118,0.8886376821163571,0.0713308003260685,1.5421334675407448,1.4995673111771008,3.3444781181433534,1.6318304140728395
326.67846660119073,295.2846452282889,68.26393489649845,1.3366766743102905,21.385978650906907,0.1279860574858579,10,D06_px-1055_py-0118,0.864305665695955,0.1279860574858579,1.8253005176478911,1.5456880945126303,2.326524072410349,2.2493036602122816
280.3103618329564,301.294727411065,62.2123786642554,1.3422812903492796,41.013639976956654,0.2144830805238726,11,D06_px-1055_py-0118,0.8679296545704883,0.2144830805238726,1.5338167141223351,1.681767331669998,3.8996507114095387,2.1923091266211534
303.5572221699821,313.93959811672016,70.25724411522398,1.3281604697913068,23.22472551855753,0.195230698297651,11,D06_px-1055_py-0118,0.8587990207776683,0.195230698297651,1.541381673520478,1.6759227042229452,2.8333736431280965,2.640944581830561
351.094293505697,312.0802496820565,58.88659990546029,1.380276387038286,4.682437595272972,0.1196571337908344,10,D06_px-1055_py-0118,0.8924975833509606,0.1196571337908344,1.63006721853082,2.8856286354848155,3.954513829334788,2.197798888602792
288.1714043313498,318.14531704630065,70.92202999211347,1.321880925914462,27.755982988473026,0.2278144826243019,11,D06_px-1055_py-0118,0.8547386182472331,0.2278144826243019,1.7434234483986915,2.5554325746078366,3.213008018372353,2.1946291032213847
-177.10087753390084,352.391118898746,65.01756564664461,1.3224097265270254,51.173253373729096,1.4295175486398677,14,D06_px-1055_py-0118,0.855080544888317,1.4295175486398677,2.328160956320212,2.4718025283387766,2.986461778350282,2.261659721470724
204.9626032256492,354.40587526430727,63.71427804601561,1.3357951978623168,42.00894422847654,0.4394855345306897,11,D06_px-1055_py-0118,0.8637356960819088,0.4394855345306897,1.2445473189052934,1.799755469757029,2.562659685793277,1.842922920363511
129.807625611643,369.2169132862133,69.8322063955977,1.302888218395195,51.84216977145985,0.6257390908139081,12,D06_px-1055_py-0118,0.8424577839727225,0.6257390908139081,2.5457493570960104,1.9155422479544733,2.858272909920503,2.102417784799805
247.4546241338004,380.92391014319566,63.356918632552095,1.359420186615058,13.664744568367157,0.3877109093516622,11,D06_px-1055_py-0118,0.8790117998872913,0.3877109093516622,3.5655727960378067,1.9206266402629764,2.6047930475002206,2.232031109595937
-159.13075096092052,394.2214695611924,59.352970141652406,1.3592227325257016,33.008901646069376,1.3474728575590262,14,D06_px-1055_py-0118,0.8788841245179028,1.3474728575590262,2.5059569509621205,2.0415279130336677,3.500758358437746,2.8558567820438974
89.1440238138543,407.25198120491154,67.07275596521185,1.328154981112574,36.48514155737689,0.748323998314759,12,D06_px-1055_py-0118,0.8587954717547691,0.748323998314759,2.743908286695489,2.4219856834952007,2.2866693060035215,2.8910675352803183
-179.00531001457676,423.84449152681344,65.9584016697977,1.3537202362193528,9.395149081742543,1.363429895153594,14,D06_px-1055_py-0118,0.8753261670668219,1.363429895153594,3.09288943628718,1.9451566456092202,2.632195287851828,2.4281212964490417
-167.5850683873957,-440.3582547851388,68.81954846536863,1.3497582081398405,1.7471029736855712,-2.541416740612804,2,D06_px-1055_py-0118,0.8727642885044269,2.541416740612804,2.115605570104943,1.8554627111050896,3.152862099549384,2.429522278436826
126.3956693369283,-438.6404123548289,68.68379528441443,1.3433237097876096,11.081001041032266,-1.8972227449084405,4,D06_px-1055_py-0118,0.8686036911897367,1.8972227449084405,2.796639357565815,0.7595921103026673,3.3340721304674483,1.5556545344482624
-17.334021542770433,-437.02246188823744,69.44118892029411,1.331223912433403,22.99781722326441,-2.217418992592622,3,D06_px-1055_py-0118,0.8607798669186879,2.217418992592622,2.4955459809090375,2.92725208085194,2.8467837115201062,1.4507057337578835
-156.6665151848021,-432.8242817083685,56.26678358696563,1.384909109944473,11.200493356576942,-2.5250684196541204,2,D06_px-1055_py-0118,0.8954931384708875,2.5250684196541204,3.091952155471212,2.1511515239360843,3.345454697579637,2.203927361967314
134.12439018578695,-428.4879890712033,68.9489301004221,1.3387967890846235,15.766776539642764,-1.874419279567709,4,D06_px-1055_py-0118,0.8656765486077311,1.874419279567709,1.7218374644808419,1.7562303966788653,3.4225200903847073,1.5966684861397775
-61.26975199811384,-414.272268544362,72.57186449334037,1.310250259455637,33.92981087835818,-2.3246087490513867,3,D06_px-1055_py-0118,0.8472181377081608,2.3246087490513867,2.8657816378969976,1.2289074239336917,2.596345516677595,1.9283822359637517
-196.8265293839717,-412.3732514657757,59.71034810280403,1.37240254797548,12.691572025973755,-2.623100648693516,2,D06_px-1055_py-0118,0.8874062969961114,2.623100648693516,3.491861801002985,2.1649389240250314,3.006924284557459,1.8591410590821926
-184.72685358528403,-404.2025526767962,68.29423070081702,1.3386397193987931,18.81157814865213,-2.606448583091236,2,D06_px-1055_py-0118,0.8655749861117429,2.606448583091236,2.365993418341395,1.5283499039842718,2.8276337539609337,2.1644574316632905
201.5750518266355,-397.5846062373645,65.81792310935319,1.3474301795601291,18.515478438037064,-1.7085446312646368,5,D06_px-1055_py-0118,0.8712589668884985,1.7085446312646368,2.634637898639962,1.3717548690527503,3.2561267197995227,1.5900589113361243
102.11280241358124,-393.8020622073836,65.90500231888919,1.3265444426623338,43.11826829183059,-1.924063760128902,4,D06_px-1055_py-0118,0.8577540849077353,1.924063760128902,3.6277948792703683,2.047049102188806,2.4196527029971175,2.074805735298173
-185.52348459853835,-387.194880430729,65.26502952953399,1.341063542331272,29.038440492420023,-2.624602793110908,2,D06_px-1055_py-0118,0.8671422491106774,2.624602793110908,3.278550840431444,2.044799381151224,2.3434088198017644,1.6981676966292534
132.1039003228909,-386.08697860701017,68.29760289325418,1.3187776649813123,41.75161301805554,-1.8481015697300125,4,D06_px-1055_py-0118,0.852732025285597,1.8481015697300125,2.62136006507301,2.4942364210045898,3.1994791651312577,1.8776639211389567
144.46997944435785,-368.3132896664108,62.03309414590333,1.3340964426644395,51.10571237007628,-1.803970455694686,5,D06_px-1055_py-0118,0.8626372675910299,1.803970455694686,2.2007849867992086,2.2791826333569833,3.353399849449707,1.0821807969874044
-205.52377515190864,-360.3727639396065,59.58084079240399,1.3533410103589445,39.48136599159943,-2.69607746506678,2,D06_px-1055_py-0118,0.8750809566385794,2.69607746506678,3.876242974211931,2.718987045111622,2.8680710214911533,2.219700271027472
188.5931308613125,-352.66733773798273,69.542781530262,1.3093964469717094,46.54997855709422,-1.6867068203370748,5,D06_px-1055_py-0118,0.846666055831157,1.6867068203370748,1.6397785355699255,1.5381786807027136,4.118148541780988,2.2624210569801075
-242.34819900463216,-331.44188323714786,71.78052013732619,1.308057363564882,39.27423670919529,-2.809131858076136,2,D06_px-1055_py-0118,0.8458001939532592,2.809131858076136,2.8220600938825013,1.8967181238998694,2.226874034720429,1.5194690067457746
310.3885715375077,-321.0068198025313,39.33186568086148,1.4361030745754495,22.74839950135862,-1.4091932241049052,6,D06_px-1055_py-0118,0.9285955592210831,1.4091932241049052,3.3296154928033443,1.444628920669217,2.461358952332976,2.1695304576120567
-270.24598550361713,-310.78340451614304,71.23481795660675,1.3107250234878192,38.62670862301155,-2.893518617915152,1,D06_px-1055_py-0118,0.8475251238707611,2.893518617915152,3.046484861678945,2.863936268035588,2.815005431607439,3.085810877751957
-349.08603645118893,-308.14703256995546,66.2888107572052,1.3551820406025483,5.807125371300117,-3.0253835797404105,1,D06_px-1055_py-0118,0.8762713812946283,3.0253835797404105,2.1313203257370397,2.345277525636835,2.2465014918407693,2.0059978059833297
334.36902847368646,-296.5289569746473,55.162094269032906,1.383139961484672,19.958827383734217,-1.332471347307162,6,D06_px-1055_py-0118,0.8943491931424091,1.332471347307162,3.0032303254391532,2.6841161526821002,2.893663269815563,1.8144311802772273
265.6891925726081,-291.60655879659066,70.76431780660201,1.3015289946463109,49.637861433911326,-1.4388497990253644,6,D06_px-1055_py-0118,0.8415788991910192,1.4388497990253644,2.816497600120389,1.0157044156557617,2.242465619686008,2.3180346412655983
-356.6682998049453,-274.5572082556333,68.46763955361953,1.3409103165038818,15.1713352518712,-3.09252968584277,1,D06_px-1055_py-0118,0.867043172083832,3.09252968584277,2.337806483969917,1.8371326185631351,2.578354585054524,2.233743835099595
377.5916300833295,-262.3711282770558,63.573773205684006,1.361205421952007,10.088559185883582,-1.2142435806711085,6,D06_px-1055_py-0118,0.880166147117239,1.2142435806711085,1.7083913406979834,1.8688487583636326,3.3126194548075647,1.7115991041242196
381.6792096053228,-244.6834042800129,59.309996188620886,1.37218978964929,15.040957457979404,-1.17705201669335,6,D06_px-1055_py-0118,0.8872687257866453,1.17705201669335,3.833808151761911,2.947339533731462,2.895216284671832,1.6399387440803705
350.98176550431737,-222.28343948792647,64.90941599770966,1.3349035976669053,37.91031039075728,-1.1715387335686342,6,D06_px-1055_py-0118,0.8631591803730315,1.1715387335686342,1.9904228804179085,1.6787602736186094,2.874900260986613,2.2942773173403515
417.6117182385893,-214.0598693432159,66.03396854157958,1.3576027860436914,3.5478604937906653,-1.0806412801320655,7,D06_px-1055_py-0118,0.8778366543634258,1.0806412801320655,2.9906166116323147,1.5154862756756415,3.5337466593016496,2.1082199203273357
-360.7158020258103,-182.7722331015608,71.33430783966693,1.3057872280590184,43.29034985558548,3.003600918530986,19,D06_px-1055_py-0118,0.8443323064548648,3.003600918530986,2.552489476659092,3.024690154161143,2.721972391223803,1.7021690148910797
-428.0784691709338,-168.78886262486668,70.19564348973873,1.3402782213375712,8.417686311464081,2.910191059061802,19,D06_px-1055_py-0118,0.8666344543707147,2.910191059061802,3.417946773412724,1.7750246805567467,2.8719189850548923,2.433383599761721
-432.1425823023608,-121.10947285765982,56.62521495621834,1.3790692984587103,18.483777175634657,2.807856883421432,18,D06_px-1055_py-0118,0.8917170703679969,2.807856883421432,1.8620955010757771,2.60223897757192,2.2730759665643014,2.1714656217665222
-406.98923409715576,-115.77681262129212,64.60507713929991,1.3400843761642396,33.11934163421927,2.8117633559047315,19,D06_px-1055_py-0118,0.8665091125548527,2.8117633559047315,2.8198473775187276,2.6550450558984933,1.9496612111965588,2.2667510047879564
-439.2692930904941,-109.29380449109831,69.04601846538014,1.3403002300776603,13.420923471787546,2.7784697816619457,18,D06_px-1055_py-0118,0.8666486853954041,2.7784697816619457,2.819241898562492,2.5755128213112815,2.6206942428452638,1.4748346731368993
-396.38396031604464,-104.07410986453958,65.33011369353929,1.3302938178932175,41.36738324645563,2.791376491352993,18,D06_px-1055_py-0118,0.8601784604632862,2.791376491352993,2.4117802878778294,2.9700542123582063,3.310088032067568,1.9083103737550164
-454.81909656943424,-102.854170715316,53.1157623569577,1.3973147844519889,7.9274179532365,2.7570152542546262,18,D06_px-1055_py-0118,0.903514745318451,2.7570152542546262,2.6458993058709908,2.922760526980771,3.1020374805273248,2.1650089568024944
-392.1845486917057,-89.5133661508124,70.30090252181029,1.3081453618370795,44.88247665243125,2.75901211752294,18,D06_px-1055_py-0118,0.8458570943291643,2.75901211752294,2.377599204528569,1.97023801075854,3.061581036965776,2.0308416481660267
-407.31506175392695,-82.3304292688033,68.68385520674585,1.3217917253824585,36.9390234048015,2.7340555298706506,18,D06_px-1055_py-0118,0.8546809404806681,2.7340555298706506,3.195265974718693,2.128281702361703,3.056636988356793,1.9798568320946486
-411.8228749594029,-63.66999155232135,68.43940626538813,1.3233066520699743,36.26618750489308,2.6880039410864884,18,D06_px-1055_py-0118,0.8556605040088561,2.6880039410864884,2.009990154079667,2.1038834112598908,3.154594095481333,1.846553633992516
408.7252452736276,-9.501410592018305,67.1575488240652,1.3232630863278252,41.546140431047945,-0.6302217948065526,8,D06_px-1055_py-0118,0.8556323340568449,0.6302217948065526,3.373870474054737,1.6111264698966254,3.2072671493931235,0.6037082215494005
428.1531894773824,-10.501073558210342,66.625512809915,1.3358847963748273,29.398886975258165,-0.631501055785325,8,D06_px-1055_py-0118,0.8637936311858042,0.631501055785325,2.691471532989207,2.145353486798014,2.6176123772271316,2.370647108851534
-443.48625545752935,-9.195788650833684,64.60177271202002,1.3503800906711747,20.16725509396321,2.555345378886257,18,D06_px-1055_py-0118,0.8731664026473305,2.555345378886257,3.3747598523874327,2.221625960784518,3.029553695834836,2.913944732884511
-421.23255594611777,-5.727329908321683,70.38465549725274,1.319201807565487,32.91622086559687,2.5482088824213025,18,D06_px-1055_py-0118,0.8530062792212051,2.5482088824213025,1.9852027508915615,2.4150143566963056,2.919819858922008,2.0245285887498436
-384.2028131329827,88.60086745379782,61.20169765415358,1.3363843312556356,52.15137163675172,2.307965812854451,17,D06_px-1055_py-0118,0.8641166343742291,2.307965812854451,2.9124334898741813,2.6083382918642766,3.6093519465491575,2.583882256983773
-420.8060799342088,149.9129404148503,71.22432006575553,1.3302515226379414,16.67319795689542,2.1923796272738323,17,D06_px-1055_py-0118,0.8601511120180938,2.1923796272738323,2.2718985122253423,1.6147981539903893,3.0501848192491465,2.02010851604767
-350.5207276784082,182.07358476559813,61.53383017956119,1.3355618602695776,51.63064955517461,2.0555367634130914,16,D06_px-1055_py-0118,0.8635848181566032,2.0555367634130914,2.310986087711381,2.3505708718889853,3.1038900816178288,2.2526785021464306
-381.0615935682337,183.10631347836147,67.44199284915462,1.3301322149886876,32.68749136460565,2.0866735977062474,16,D06_px-1055_py-0118,0.8600739667523817,2.0866735977062474,3.292741778732299,2.8066915611901515,3.6365851988874667,1.9017524853692809
-333.7211863794281,187.49081897165243,65.2498713556869,1.3143227746101234,58.421495497369165,2.022741321348142,16,D06_px-1055_py-0118,0.8498514580834651,2.022741321348142,3.094149287978616,1.428707992798615,1.9752392666331775,1.5761526497859915
-369.8289222272128,212.3789983760072,61.38779565825689,1.3528621248415558,31.72131069654233,2.0133330316447227,16,D06_px-1055_py-0118,0.8747713054911825,2.0133330316447227,2.5134439713758336,1.7483985636015682,2.7183366671429354,2.377900676765658
390.6755761610258,275.49530354758696,58.79518773154379,1.3837896399187772,0.5976563186147814,0.0072122678396706,10,D06_px-1055_py-0118,0.8947692803349737,0.0072122678396706,1.3409457093843407,2.410877908159072,3.261734258969005,1.3420014185473166
-241.76206392275247,311.6819359920802,72.27553920536786,1.296035191872583,49.25612658528587,1.6235447864413026,15,D06_px-1055_py-0118,0.8380265630466041,1.6235447864413026,2.3216361712072837,2.1289392869256494,2.8879288956838463,2.0651350290751016
371.0103453831593,318.394313467915,62.994979467350106,1.3751020400544869,8.325005313103816,0.1022453334359881,10,D06_px-1055_py-0118,0.889151809836448,0.1022453334359881,2.1355397342519464,2.017997065148852,2.8978678236767332,2.4927822582598447
280.258023969758,326.5908301898669,65.75836382276037,1.339911487991649,28.28739934816224,0.25462062199706,11,D06_px-1055_py-0118,0.8663973217007339,0.25462062199706,2.493667789898202,2.246311964011814,3.288901543028234,2.262239023460193
-303.1398242893656,330.570064399958,61.45954518184399,1.363027159257102,17.69802853817413,1.7059567913661215,15,D06_px-1055_py-0118,0.8813440968072906,1.7059567913661215,2.738919962436055,1.4668259404924324,3.445832712027755,1.5768658129569502
177.0694144276749,344.6102470949446,75.26286925188089,1.280388827750695,52.80194097575679,0.4891703304696907,11,D06_px-1055_py-0118,0.8279095007696944,0.4891703304696907,2.593232865171719,2.6014601076601473,3.339418155214579,2.6733752767394496
225.50118279515905,347.3709914452203,67.22596042251655,1.326072412831954,38.18141165948191,0.3880286044594543,11,D06_px-1055_py-0118,0.857448866701556,0.3880286044594543,2.335521147521419,3.1903010098087985,2.514763706917994,1.5268942789331734
-109.52528420222392,364.4564207471077,69.8611976367281,1.2955410286842644,58.60529089997812,1.2557476677777966,14,D06_px-1055_py-0118,0.8377070332368521,1.2557476677777966,2.719237295940767,2.36233216018522,3.6057139174965562,2.799381872622778
-196.1156841699917,372.28793957707694,71.01307128052719,1.3167691366291083,33.06546240924183,1.4486620444259173,14,D06_px-1055_py-0118,0.8514332950332594,1.4486620444259173,3.355780832736449,2.383032847710461,2.8562486031096115,2.2975369056008317
-278.9464538304787,374.9682636899449,70.19460834432158,1.3437077609869998,3.8643369420508407,1.6034154425901497,15,D06_px-1055_py-0118,0.8688520217201707,1.6034154425901497,3.220826084726869,1.7658095774783795,3.107630336669231,0.9765698705178525
69.17645748209041,378.5458862210388,68.64893090558434,1.302938281526787,56.26486743053295,0.7830686092463414,12,D06_px-1055_py-0118,0.8424901551879229,0.7830686092463414,2.73319521694826,2.1012126259331665,3.14857331330468,1.5576979176262113
124.14497308527336,381.93923557337394,69.89836210826766,1.309170691764438,45.40211341710437,0.6495500344045001,12,D06_px-1055_py-0118,0.846520080736016,0.6495500344045001,2.8523136795383532,1.7417969711079642,2.2053631841193897,1.8605524597703464
122.28618210117378,397.1705472363809,63.20501956521738,1.340943349202708,38.22736336159818,0.6651341917722778,12,D06_px-1055_py-0118,0.867064531287069,0.6651341917722778,3.3580479571069333,1.770923079055446,2.5956361311189213,1.973308874497038
195.0138232231497,405.3806908450096,48.94824412601622,1.4049335491790396,19.173525888245024,0.5154328870187465,12,D06_px-1055_py-0118,0.908441098598755,0.5154328870187465,2.993829610847892,1.966088050256249,3.3630371778907184,2.3027307762348745
179.26602662940545,409.89628386534326,59.60242681746331,1.368635076638597,18.79988742154888,0.5515365894546204,12,D06_px-1055_py-0118,0.8849702203558908,0.5515365894546204,2.9427436252106434,1.3292989909851034,3.1926071368096887,3.081803077729999
-154.6058642244731,420.7958493505138,64.74703081809943,1.352151220044125,17.14280294623677,1.3159193121814412,14,D06_px-1055_py-0118,0.8743116288498536,1.3159193121814412,3.0166516214787436,1.8798930175131772,2.7851114521267313,2.223003689007534
-54.15720826655528,-469.66417016496735,57.09732577924183,1.3870907324767896,3.079942069321476,-2.2925793175629057,3,D06_px-1055_py-0118,0.8969037927834302,2.2925793175629057,2.44253814588635,2.531362835892722,3.094872467573503,2.101623115396329
36.88861486159497,-458.0584039834264,65.83907740476161,1.3538479797711538,9.772014848047377,-2.097416724333305,4,D06_px-1055_py-0118,0.875408767053565,2.097416724333305,1.9775954686194108,1.5319286627773134,2.9838507442982665,1.613181022812849
-259.03546576173926,-392.4343164099575,58.966049579284686,1.3802120420597246,4.366742099060389,-2.7612000140918287,2,D06_px-1055_py-0118,0.8924559773810216,2.7612000140918287,3.3582056627579515,3.0022765957616184,3.3803321388306147,2.6730891169014406
81.6664122357323,-389.1991167600793,58.043774900222814,1.3499097438445282,50.71844263609893,-1.9709446153971744,4,D06_px-1055_py-0118,0.872862272684621,1.9709446153971744,2.2605734893137677,1.61789004153561,3.7414653715611044,2.3495454808729015
166.68186049185823,-386.7854828764856,60.16668945454282,1.3544582401632492,35.34841487814816,-1.7708836114517816,5,D06_px-1055_py-0118,0.8758033662296971,1.7708836114517816,3.1535427852170854,1.9812059222839316,3.6381759028548166,2.131113920091145
204.2813940084763,-381.580931860826,65.74444673995606,1.3412280835017985,26.729844210064243,-1.6862456184658503,5,D06_px-1055_py-0118,0.8672486427275179,1.6862456184658503,2.772797333427193,2.5301022808696914,3.2183847124240716,2.5736214499636665
-218.5284513624377,-369.45281372507424,67.16914389747765,1.334549474119484,28.66419237949009,-2.7119161246540675,2,D06_px-1055_py-0118,0.8629302012980803,2.7119161246540675,2.783024561257065,3.0654058079697375,1.4662295423196678,2.411841105049438
-252.24226965164945,-336.90363173894474,64.2459166429118,1.3401289408573889,34.63667329079868,-2.820449242288881,1,D06_px-1055_py-0118,0.8665379284364486,2.820449242288881,2.43372163364086,2.4050633097519762,2.487003993318321,2.2497360275604503
-324.61571479799704,-321.9447577876021,68.30971827963893,1.3448569491421345,10.7196881746612,-2.967305022806756,1,D06_px-1055_py-0118,0.869595095832649,2.967305022806756,2.1886578694675443,2.839436826845508,2.5940690530351733,1.558313460311075
254.95735137629217,-322.0009053878327,65.13599536119145,1.3314853770009356,40.84704137574926,-1.5080606152643374,5,D06_px-1055_py-0118,0.8609489319674318,1.5080606152643374,2.1253881563462973,1.3881143702481151,3.1110967890295225,2.5738312445256133
-380.0642695468258,-257.6996270741141,64.29688401002531,1.3586208620691629,10.321810793699228,3.1304498271185306,19,D06_px-1055_py-0118,0.8784949503401834,3.1304498271185306,2.1608066337134852,2.3483621326348203,2.39856851573513,1.4200217651917777
-390.36042896878223,-244.7477789937004,56.51385416152925,1.3842842117217633,10.876317034210617,3.0946342498259702,19,D06_px-1055_py-0118,0.895089074358188,3.0946342498259702,3.6110328280824615,2.830599850000097,2.8052332053756794,2.2371758319761637
-351.3012655800429,-230.7170044531425,66.65901203909249,1.3314686275688266,34.44101689658538,3.1157186809364656,19,D06_px-1055_py-0118,0.8609381016527063,3.1157186809364656,2.4337226900915043,3.72910380893641,2.9970329790281474,2.786828426097265
373.49698461974447,-230.63192424969893,62.27959726530042,1.355893115430261,23.598121987365232,-1.160162625036511,6,D06_px-1055_py-0118,0.8767311678788768,1.160162625036511,2.7723354470992776,1.9358333371606757,3.3674121568814015,2.5943121430732674
-390.0068360692077,-222.2610251789557,67.3095668655161,1.3440770227415637,16.200130044845537,3.0525986779971146,19,D06_px-1055_py-0118,0.8690907892790938,3.0525986779971146,3.974531143294574,2.1480367698418057,2.3687631491789385,2.0174896141860446
-396.0768253739483,-190.8736004654868,62.32982471345306,1.3560589363202142,23.140375356112088,2.9836847262895763,19,D06_px-1055_py-0118,0.8768383889723783,2.9836847262895763,3.3211857437775696,2.900533082674232,3.635947590275652,1.9156715402205462
-387.5439763690698,-19.44959251347681,71.6081431925407,1.294164890741824,53.45508695232104,2.584757851140388,18,D06_px-1055_py-0118,0.8368172116043738,2.584757851140388,2.320187003270558,2.437814723578039,3.636210161621772,2.5057177295469435
427.805641553043,11.884713643520572,53.10622341895353,1.3821607483332183,32.43917237176703,-0.5792060372676564,8,D06_px-1055_py-0118,0.8937160262060877,0.5792060372676564,3.4550632785381374,1.9453568810601376,2.3717418732979945,2.272643292050749
-446.46354464569447,51.40684250185201,67.28625609900902,1.344406216209986,15.876042052479704,2.4199756477475685,17,D06_px-1055_py-0118,0.8693036483686071,2.4199756477475685,2.4684274893209537,2.3289798265899746,3.5633083317712018,2.4250143635116292
-451.32477761693247,159.35985148279235,68.51302728193511,1.3540360238513744,2.9222701753818683,2.195185050956989,17,D06_px-1055_py-0118,0.8755303578369301,2.195185050956989,2.0405450984769837,1.6299389608118913,2.3980608995685184,2.5204506119671524
-367.6314248251333,175.41306977337277,60.0488845066219,1.3477713899946846,44.151401543829024,2.0894170581441696,16,D06_px-1055_py-0118,0.871479596242963,2.0894170581441696,2.4335247421237547,1.7204610956401436,2.743571800812795,1.8627332683669624
370.5383312773952,215.75992630470745,63.92720571883291,1.345324988014657,29.70030172935708,-0.0796855726589114,10,D06_px-1055_py-0118,0.8698977334540439,0.0796855726589114,2.1638583815855714,1.5947690123383038,3.0467440684297493,1.6571834234084215
-367.9434699298896,245.41098395766423,65.91353424349009,1.3454115156013928,20.70427786229152,1.9463935354900035,16,D06_px-1055_py-0118,0.8699536828731458,1.9463935354900035,2.4395091284209456,1.8579675518829402,3.50624713517474,1.4006649059344292
410.10416814250937,261.06519898819056,57.52342424122503,1.3907299400072444,5.545760885915854,-0.0400944421122196,10,D06_px-1055_py-0118,0.8992569330361683,0.0400944421122196,2.3423249128477526,1.9256223003406006,3.5858303575488018,2.80868147887799
-366.5174759211749,260.4416075960085,61.082679123664434,1.3647595209692291,17.071017110091418,1.9168187867096125,16,D06_px-1055_py-0118,0.8824642555349792,1.9168187867096125,2.2152782350907994,1.9082333733053372,3.2008425640849585,2.513545051885514
296.68003656076735,289.22461842636386,68.7091254238562,1.3209994633500972,37.70237272253877,0.1656946913697792,11,D06_px-1055_py-0118,0.8541686576104378,0.1656946913697792,2.262812455427584,1.7850259511246085,2.8331497196386866,2.034119428121561
-324.4070922548532,300.8477400219153,63.64179252545273,1.3530075916835549,21.10294640002263,1.7868767420409526,15,D06_px-1055_py-0118,0.8748653654969619,1.7868767420409526,2.548378871676545,2.039347204193721,2.578950787724886,2.2992336947792706
-292.2111885413581,310.69664014957056,66.05216394461982,1.3369062650553227,30.645651369591235,1.7185640669953486,15,D06_px-1055_py-0118,0.8644541208800219,1.7185640669953486,2.700281818051339,1.5490316503957633,2.8905066941057846,1.3623363594481073
244.83546525529565,323.0734597231409,67.86016815176663,1.3187280250669131,43.55830001095035,0.3153219045693017,11,D06_px-1055_py-0118,0.8526999277259668,0.3153219045693017,2.7700376675355973,1.7733653069605018,2.718860566994484,1.8058047804631874
-282.2709247315291,328.7793643192512,66.5784533622136,1.338680424465969,26.21915782766348,1.673249129951592,15,D06_px-1055_py-0118,0.8656013063287847,1.673249129951592,2.522004218879812,0.8321882229560817,2.5640634272708627,2.046548133568341
-248.42033478153,335.10141828699454,60.0162858512017,1.3529613389926405,37.94021587925681,1.6017452034069932,15,D06_px-1055_py-0118,0.8748354581427159,1.6017452034069932,1.9540238765685192,1.7077506311263413,3.3693313599247157,1.2779794473185375
-225.2691446737824,343.77061260226634,69.3377166705981,1.316856021146486,39.63974635056485,1.5439012253136255,15,D06_px-1055_py-0118,0.8514894752465255,1.5439012253136255,2.5040807052449408,2.3012841601267118,3.17770642725915,1.541036417919581
317.7900272843048,358.7132499852387,65.26135275420569,1.3642781539906637,2.621410441211026,0.2388372819866026,11,D06_px-1055_py-0118,0.8821529998552406,0.2388372819866026,3.75596371897936,1.0129421420572715,2.447634762533512,1.9198668956026685
195.4013113099076,366.8918629701427,60.37728506967645,1.3509484164998518,38.786984879119984,0.4744418195383034,11,D06_px-1055_py-0118,0.8735338866044665,0.4744418195383034,2.7096025360756233,1.708896647935564,2.985560237402444,1.9920786956634515
-179.74300907845495,366.39013841058807,61.90965358542198,1.3415150414713894,43.24734556092915,1.4198985822174448,14,D06_px-1055_py-0118,0.8674341920108268,1.4198985822174448,2.359713272664485,1.8808754009576465,2.2525661045623813,2.8734942340840357
-23.96299923606709,377.4451085933365,68.54626065992574,1.298870733281308,60.43303113665516,1.0272190774829917,13,D06_px-1055_py-0118,0.8398600464551038,1.0272190774829917,2.600034852566879,1.9599728859502086,2.7654284722333795,1.8354357667237744
263.53800388664223,380.296590715084,68.50440682136602,1.3468355400783174,7.195005208545069,0.3578176656316165,11,D06_px-1055_py-0118,0.870874468315991,0.3578176656316165,1.9595598464067108,2.040972667258117,3.3208300826804305,2.2396674198452278
16.49056793108903,386.16190513008127,66.77834300838447,1.3110019546189653,55.68644900434737,0.9211389581907672,13,D06_px-1055_py-0118,0.8477041897213571,0.9211389581907672,2.6416952274042496,2.328391070353396,3.126108718337158,1.387172682229728
-197.01994467220013,400.8386043590193,57.3333213270042,1.3758198701514768,19.71995023309762,1.4206569248680054,14,D06_px-1055_py-0118,0.8896159644310179,1.4206569248680054,3.1196858545863257,1.5398217818660167,3.531862090118308,1.8976980273980213
122.8813490051543,408.28456818519726,53.240402691435975,1.3810047862374484,33.432268869399934,0.6714704590728501,12,D06_px-1055_py-0118,0.8929685720102408,0.6714704590728501,2.2493301224106843,2.186310706704287,2.6230487605986497,3.2863535440196734
212.4630312377004,414.0605067392436,64.06487968717425,1.362097182815717,6.431720650790339,0.4897277795948346,11,D06_px-1055_py-0118,0.8807427667155034,0.4897277795948346,3.098795272125618,2.1723396765578045,2.9317148924852425,0.5207218840282783
-160.82574790964884,429.4037431850317,64.06373144126198,1.3590722892399778,10.790086635066984,1.322177723995095,14,D06_px-1055_py-0118,0.8787868467044151,1.322177723995095,2.13413907182538,2.033980549697666,2.225629335010805,2.174659974612209
13.714202796823937,-474.42996673139686,67.3966537832957,1.3557156099872143,0.1403328552283937,-2.1488772100968503,4,D06_px-1055_py-0118,0.8766163914613141,2.1488772100968503,3.200997006414464,2.303399800126898,3.240312542816059,1.618692687245332
-99.8277596091182,-458.0108642437912,65.37242672483251,1.3594509701819568,4.013488296757146,-2.392378909490579,3,D06_px-1055_py-0118,0.8790317047841092,2.392378909490579,2.488204495975351,2.2724830223744767,2.819005402044674,2.4303741260961536
93.60884553698584,-451.1234559223565,66.53295390963518,1.3521826934410448,8.865766890872521,-1.973177723011355,4,D06_px-1055_py-0118,0.8743319797961963,1.973177723011355,2.279839108743928,2.3837379359234627,2.179340923812088,1.983568488832891
42.69561269675277,-448.8562245724182,58.86581051151879,1.3725770257449987,16.717063276334954,-2.0829402851125485,4,D06_px-1055_py-0118,0.8875191156961242,2.0829402851125485,2.673378727915905,1.4134122417955925,3.1183769120605263,2.695678839969402
-72.27386622102743,-438.35467857862847,63.75463183232449,1.3535075261801837,19.912592598647507,-2.3411810957308434,3,D06_px-1055_py-0118,0.8751886270801238,2.3411810957308434,2.381907031576808,1.7713582339658824,3.0923462813766367,2.0145978763467394
87.22313442090747,-419.0781080606757,52.42459807116745,1.3845634053211353,32.50991888756721,-1.9725744198929536,4,D06_px-1055_py-0118,0.8952696031385587,1.9725744198929536,3.1379704904251158,1.5717831781090794,2.3805335866348436,2.277463435596947
71.7654511110241,-399.9054630144139,69.22953757001326,1.314422235571759,42.62965474335408,-2.0002098582928416,4,D06_px-1055_py-0118,0.8499157703246446,2.0002098582928416,2.5395023566626587,2.6318960670021943,2.3522940037605164,1.436328289301295
-222.39806866878843,-395.5999944978114,58.35829126906481,1.375485829293105,14.93822192897926,-2.689921553815841,2,D06_px-1055_py-0118,0.8893999709809834,2.689921553815841,2.2037204232275833,2.371228290399763,3.17805959799375,2.1587877824529498
-201.08571987251227,-395.9489769182,66.81629229782641,1.343327857120506,19.356715784600965,-2.6476898157531843,2,D06_px-1055_py-0118,0.8686063728878533,2.6476898157531843,3.230426002278375,2.537149192932974,3.6619006070616393,1.9204820377148197
102.25372138608576,-379.60461108219846,70.0647288645417,1.3031878628493652,50.67453600788315,-1.91465222618934,4,D06_px-1055_py-0118,0.8426515364368832,1.91465222618934,2.154504838305688,2.0149926025219074,3.486158657808729,2.4661182511094264
71.75844055331692,-369.4905368446607,71.40746827368599,1.2868160774698325,60.77986564590103,-1.9859545803841128,4,D06_px-1055_py-0118,0.8320654110611339,1.9859545803841128,3.3614181064775694,1.5505750850819429,3.454572619190945,2.215716724886533
234.78550966026904,-370.9290450700312,60.56154670977523,1.3616590971484703,23.94409345987896,-1.6134686126223046,5,D06_px-1055_py-0118,0.880459497072561,1.6134686126223046,3.1755435010704938,2.302589195203833,1.8709055926406448,2.3530212799712396
158.14155381618136,-368.0489629126377,69.58819428175721,1.3096441199646969,46.12472401408047,-1.7719518520931707,5,D06_px-1055_py-0118,0.8468262031391732,1.7719518520931707,2.333210240298496,1.7758622197883782,1.7464326321905976,2.240644797467722
-261.8806114408696,-363.53492517049045,66.906262037656,1.3449744822371648,16.831714219097535,-2.8020442802396945,2,D06_px-1055_py-0118,0.8696710936576234,2.8020442802396945,2.850795382315704,2.904102335882791,3.3592611086844792,2.3331589982236176
89.3365946733132,-364.8868468338634,70.22353057718763,1.2907658552072443,61.56516782321353,-1.9376654804463305,4,D06_px-1055_py-0118,0.8346193684558392,1.9376654804463305,2.0739954326183554,2.4477632459914958,1.900108270936979,1.239884130493306
253.4561889395062,-364.7915257889244,64.5401546138605,1.3508799764830688,19.78897492340837,-1.5705501401933095,5,D06_px-1055_py-0118,0.8734896327505595,1.5705501401933095,3.487529674241305,1.742206035045501,2.968072722585645,1.8974947583881203
-169.29716385268554,-358.4476957201175,66.33435152610323,1.3188293004016234,49.57143781457864,-2.6190242187689714,2,D06_px-1055_py-0118,0.8527654131550669,2.6190242187689714,2.4005915990783935,2.9437649320290995,2.6434036018036826,1.8735886603417293
-244.1303666903941,-352.0539194825057,55.819841913719614,1.3729672554960672,31.63300957261509,-2.7840895785241844,2,D06_px-1055_py-0118,0.8877714413267376,2.7840895785241844,2.2740232933263425,3.232925088416011,3.24611443301568,2.264834161947677
-271.13445571486375,-331.40298381597523,54.51027230700674,1.377389697694141,32.036249927090864,-2.8634810760491765,1,D06_px-1055_py-0118,0.8906310272845612,2.8634810760491765,3.1611575909619734,2.4919900040911873,3.231146247524851,2.604668559647836
-350.3583046203909,-322.7021337947368,65.8160851573702,1.3613386541810526,0.886948976824101,-3.004241094285342,1,D06_px-1055_py-0118,0.8802522961259188,3.004241094285342,2.1120820299811314,2.4693098383419185,2.591755055902067,2.540747499903648
-341.42966895372774,-280.185495963862,62.940136766915856,1.3549757528699031,21.735789748619425,-3.0613813315100304,1,D06_px-1055_py-0118,0.8761379940219127,3.0613813315100304,3.0243874619778515,3.4289133339818028,2.8376761955485668,0.9594257692574342
-288.4974593991849,-271.7160434403311,66.33999578639731,1.3187427478055378,49.63823025338894,-2.993120460499753,1,D06_px-1055_py-0118,0.8527094475647226,2.993120460499753,2.5902965838597387,3.6552262603111063,3.2367632532701265,1.3369737581423746
-341.0058120032713,-268.74151041755204,65.76719900638386,1.3418416733480412,25.86894859700851,-3.0811389302808325,1,D06_px-1055_py-0118,0.8676453947549255,3.0811389302808325,2.927930602570733,2.5502849037385387,3.857107327643391,2.163975029361791
-354.8296791171262,-246.6447018659024,69.2502790982447,1.3290742258649535,26.347702815053424,-3.1411374625102093,1,D06_px-1055_py-0118,0.8593898626519193,3.1411374625102093,3.3324267097074034,3.922669717536804,3.1118599335624824,2.0236289528222886
-398.0868466785366,-230.25554640935096,58.72120768593609,1.3768235607858004,11.008002253635368,3.0590028173145107,19,D06_px-1055_py-0118,0.8902649587005553,3.0590028173145107,2.8572296157063977,2.740996751711774,2.99873750486364,1.5616203735168255
-318.65852962033154,-221.95691825716392,64.67790082395979,1.3199626717225112,55.06824482494716,-3.140175302045176,1,D06_px-1055_py-0118,0.8534982599779429,3.140175302045176,2.663800372547428,2.556794890227068,2.8985384178184574,2.2428215749555913
429.6729857807472,-182.8568059073238,66.8302716089344,1.3540750666901449,4.846965369177156,-1.009334596236371,7,D06_px-1055_py-0118,0.8755556032439927,1.009334596236371,1.983474556808916,1.8051620863171642,2.1950058771621954,1.8078952807875432
-373.6336477330887,-171.38830057634172,69.66860630340642,1.315733268113948,39.51693184935709,2.9646840021139345,19,D06_px-1055_py-0118,0.8507634942925296,2.9646840021139345,3.2720814240852687,3.356338284558639,2.621183246594165,1.8462453535078058
-412.268132572431,-155.5877273375425,53.0788491756345,1.3875584977151074,24.34461341265694,2.895481428646349,19,D06_px-1055_py-0118,0.8972062534707931,2.895481428646349,2.4073379229085834,2.9848680191016577,2.987817181641683,2.336275133767168
-384.5451128380106,-129.7740955818143,68.21684071933717,1.3177503984602403,43.16240935566333,2.8600859114096044,19,D06_px-1055_py-0118,0.8520677866619969,2.8600859114096044,1.9327046395327323,3.5825562022200392,3.0733770596586085,2.168331596841866
-374.55242272187166,-115.52496306008123,68.13096579830571,1.309495651383763,51.91516191308614,2.8337900945303365,19,D06_px-1055_py-0118,0.846730202185356,2.8337900945303365,3.396631087075529,2.5294599876527606,2.0724228231999167,2.3224659860079075
379.50429468074753,-109.1130477313095,62.6349091780273,1.3314463489148725,51.44092813382832,-0.8869428938042478,7,D06_px-1055_py-0118,0.8609236960995859,0.8869428938042478,3.275574014716117,2.0577555863163886,2.7519538910143977,1.7754841514361748
417.2918709492459,-101.67452002941882,63.48119109072883,1.347209598134096,29.34242809489598,-0.8459759196177552,7,D06_px-1055_py-0118,0.8711163372010565,0.8459759196177552,3.129053216622734,0.7577111384463426,2.2912969214638523,1.848209936051957
411.5099394426761,-71.95663563372442,72.90453612012774,1.308496617836087,34.487339477322735,-0.7800893731291504,8,D06_px-1055_py-0118,0.8460842192247255,0.7800893731291504,3.411896524420666,1.7445172587968902,2.0747753355463763,1.7216780302420425
-466.4073119573188,-66.50195004067785,61.33167928323999,1.3731323348028168,3.331622133726228,2.676241918503542,18,D06_px-1055_py-0118,0.8878781829066985,2.676241918503542,2.193426292720697,1.5475737088370485,2.6868867134536805,2.261517548598962
-388.9184769260447,-64.2516295017215,64.83200470146451,1.3229688474502648,51.34536146693023,2.698340183129743,18,D06_px-1055_py-0118,0.8554420768810962,2.698340183129743,2.714598262810667,1.948076515610946,2.7124994048932676,2.142384373569504
-388.5940239208451,1.6893250274757483,65.72335135112883,1.3162415974250683,54.64482749820496,2.53026587429062,18,D06_px-1055_py-0118,0.851092184028862,2.53026587429062,2.555481135335388,2.582569171825953,2.637909630437858,1.2107640124603485
-455.66044768541735,36.511066072722016,64.39650802138462,1.3573677313018084,11.617082162602742,2.454656156916153,17,D06_px-1055_py-0118,0.877684666115959,2.454656156916153,2.80831239282295,2.5636313631260723,2.5273402513589414,2.9599232429055635
403.8664387066232,101.9533245836886,68.3638824899667,1.3234666509507935,36.39765278281135,-0.3597027384910474,9,D06_px-1055_py-0118,0.8557639605453954,0.3597027384910474,2.031655963946604,2.481005589374692,3.501832512881414,1.0758656621098575
-420.6197541990341,99.16909404729137,56.3230258080084,1.3729104751137766,29.153965827353943,2.303072542501161,17,D06_px-1055_py-0118,0.8877347266843283,2.303072542501161,2.2571676627019976,1.9980592852437922,2.50665958921218,2.1530536859009968
414.78059726849705,108.52738705630748,54.50044751815091,1.3776697347240945,31.68134027484234,-0.3510664738499865,9,D06_px-1055_py-0118,0.8908121014337891,0.3510664738499865,2.312264438644769,1.7658015669707572,3.341065702706045,2.525505085078729
407.06066780869605,151.36095968990293,65.40235231825531,1.3431274616004556,25.87748279652681,-0.2509831804494777,9,D06_px-1055_py-0118,0.8684767955662104,0.2509831804494777,2.1420864895367107,1.9918536584327593,2.1694951513992304,2.857201239198776
356.50831681779573,197.36137819956244,68.0212093013605,1.3194185807768644,42.17930241411068,-0.1013800985554347,10,D06_px-1055_py-0118,0.8531464464870558,0.1013800985554347,1.2457284558526855,2.275587146148304,3.1031706126854344,2.045520866619388
434.5350555652352,209.38640544033336,64.57694433598374,1.3676687806089185,4.466185744030895,-0.1579464411171763,10,D06_px-1055_py-0118,0.8843454057322485,0.1579464411171763,1.7683214757643695,2.8339622734897953,2.925060046450093,2.3787988204968764
380.2407917157767,222.24841475186065,64.9172809025203,1.3478048759488717,22.097109221046537,-0.0780396225001957,10,D06_px-1055_py-0118,0.8715012485246862,0.0780396225001957,2.5511094549551876,1.8737294056148115,2.8407500544597806,1.9171113242598739
-412.1522117242533,224.0523315027711,49.51492847332565,1.409817354433795,6.725072784872396,2.036684847641933,16,D06_px-1055_py-0118,0.91159900554287,2.036684847641933,2.3437051553702184,2.0055765955898757,2.4750090240191276,1.7656902208801841
431.77080402392096,226.8448978494168,62.58392921324199,1.375893645214405,7.501598430225783,-0.1232325912266855,10,D06_px-1055_py-0118,0.8896636679677828,0.1232325912266855,1.9424080415596752,1.8563082650547662,3.4852974510042976,2.6979678998863976
-351.3359845503297,255.44318624484748,61.47134744486894,1.356427217430368,26.68110803771173,1.9059544105782504,16,D06_px-1055_py-0118,0.8770765224389018,1.9059544105782504,2.5427923221481965,1.3875291572690358,2.0812249553215203,1.6387559888275298
278.5641915949016,280.76854901161244,47.461292037291855,1.3882365992958603,54.2173775010312,0.1823596595853773,11,D06_px-1055_py-0118,0.8976447192938497,0.1823596595853773,1.671988875708817,3.364314239681979,2.9883169047714797,1.877286692613044
313.6832927478599,284.3158848214468,61.987601432688905,1.3492350509347364,33.565369732058514,0.129348608888313,10,D06_px-1055_py-0118,0.8724260109350556,0.129348608888313,1.9606680990346663,2.0399041872930184,3.1737049411195852,2.136872683309019
-249.9518879997737,288.87806887208785,66.140294688567,1.310470698815485,58.68381782134787,1.677098190953346,15,D06_px-1055_py-0118,0.8473606755344885,1.677098190953346,3.4456931195518936,1.5309612704859306,2.6206856250742403,1.0588722363069691
209.48830579758103,338.3426819766969,66.64813153445442,1.3186194905678894,48.53052988723789,0.4094279483553905,11,D06_px-1055_py-0118,0.8526297484640462,0.4094279483553905,2.8741057238209953,1.5127178742623326,2.802747453020798,1.8729068566622389
-298.36675461785444,342.7852288288568,56.09117205572093,1.3831433586659394,14.973317914626024,1.6800463125044205,15,D06_px-1055_py-0118,0.8943513897865739,1.6800463125044205,2.2179269698895787,1.4787447241600806,2.4071841471549797,1.6221308302212096
-192.22987908622667,349.89734444975124,64.2415415449922,1.3281129999037935,48.314078987940775,1.4661910656012989,14,D06_px-1055_py-0118,0.8587683263745145,1.4661910656012989,2.489984133413629,2.8210495981492096,2.9232056039683023,2.6482593758813144
176.8916942115247,371.1616363145666,58.773929866385686,1.354323796611544,42.00418260164429,0.519072465957613,12,D06_px-1055_py-0118,0.8757164339702447,0.519072465957613,2.841767398583186,1.7887709412323303,3.4418546448591414,2.143585525865082
-80.77366139687096,379.0432117026001,60.03084078585314,1.3368569123628775,56.679767962337394,1.1737750665690423,14,D06_px-1055_py-0118,0.8644222090403696,1.1737750665690423,2.1494889389000806,1.868226865354032,3.2171181149082386,2.1272857867384065
-178.01006993674957,380.3736853813047,56.94318273825121,1.365145563612606,36.789841583471,1.4015279018227536,14,D06_px-1055_py-0118,0.8827138737487802,1.4015279018227536,2.7185293961199193,2.354434307308182,2.7551148186195733,2.257571867662644
-226.9021013521644,392.486955522035,55.61157631309081,1.3842718745241007,15.761721288070705,1.4879879835937428,14,D06_px-1055_py-0118,0.8950810970290077,1.4879879835937428,3.1710354487890697,1.3712540062786682,2.6805807171767313,2.299547176661156
-107.3685688173498,408.6483819450924,61.80578262736094,1.3494385058476734,34.138485413637,1.2207503113079017,14,D06_px-1055_py-0118,0.8725575664842357,1.2207503113079017,2.4123322429686347,1.9989103710114762,2.9912224411381314,1.5844161868263211
-86.68594491856136,-463.4411294846576,61.24040010645547,1.37356338106411,3.1237894044843983,-2.36268755859442,3,D06_px-1055_py-0118,0.8881569008143069,2.36268755859442,3.1524759791294703,2.3426899536469796,2.966813229455653,2.5195355234635732
-150.38068626494618,-451.9615979882578,61.93482641799287,1.3733609173948642,0.1000878473059287,-2.4989823262602626,2,D06_px-1055_py-0118,0.888025986211105,2.4989823262602626,3.363355063433919,1.612072674066141,2.6228671115128144,2.538441428408412
114.25075165971258,-447.5410447402883,56.33803677397091,1.3853045993930395,10.17252801109214,-1.9278288013298357,4,D06_px-1055_py-0118,0.8957488650633302,1.9278288013298357,2.3975469718753217,2.1805273724931684,3.9659890070723733,2.3426881275917046
-124.10713603654226,-425.6741877708758,68.55493368021399,1.3372700854457629,19.394431008648723,-2.461466399346559,3,D06_px-1055_py-0118,0.8646893700100446,2.461466399346559,3.391962492520496,2.351960441432737,2.4122521256214045,1.2528532064036437
-229.72048183873787,-419.7426575736624,57.7438027602208,1.3872272065404274,0.6913796384226316,-2.678535199819492,2,D06_px-1055_py-0118,0.8969920379878913,2.678535199819492,2.8288297147717896,1.9852122564617622,2.68264212784826,2.100097726929709
40.11006343838447,-419.41252669921903,54.88024458590803,1.3730221263302445,36.33721576702425,-2.082431901560444,4,D06_px-1055_py-0118,0.8878069212402966,2.082431901560444,3.115803949577396,0.9572441122294966,2.3618617401634805,2.5941894442685047
-211.6983882396747,-409.506261561972,54.40285934690155,1.391194017229056,11.101911997925356,-2.654899287013533,2,D06_px-1055_py-0118,0.8995570090230102,2.654899287013533,2.2582079141316522,1.9685409095233664,3.647496247729209,1.5909799501379647
-120.88945231418148,-407.3087288221197,60.58362788281951,1.35484294685641,32.91111837594599,-2.466294793838692,3,D06_px-1055_py-0118,0.8760521206075661,2.466294793838692,2.43432356951941,1.4664060969116504,3.5859194962594376,1.4113502024167366
84.2257873396121,-403.8130118320273,55.88126716386563,1.3653242601626252,41.75547309676381,-1.9721477076019127,4,D06_px-1055_py-0118,0.882829420345493,1.9721477076019127,2.6425009613751533,1.568145565091227,3.823671652031467,2.0061622256802254
-143.88531938577276,-387.4389375936867,69.29861663389389,1.318340178082896,38.2086132486761,-2.533365082558209,2,D06_px-1055_py-0118,0.8524491428112962,2.533365082558209,2.4856286780529726,2.092817155951919,1.5474449435931743,2.135581896172999
-212.83180747197704,-379.41529971236935,69.0804955229514,1.3311912026378243,24.55686762940689,-2.688984675470852,2,D06_px-1055_py-0118,0.860758716507234,2.688984675470852,2.3806432801747244,2.0570435608426862,2.8419619792878015,2.1057407031735274
-160.74352256207877,-375.58530530167934,60.49374891535203,1.3468126183208482,43.2913105149068,-2.58216906103288,2,D06_px-1055_py-0118,0.8708596469270724,2.58216906103288,1.7964205236119706,1.3214475369648995,3.6868849575068072,2.809292967396475
194.29864354986927,-364.9614589794589,66.9714046138605,1.3265734761578174,38.67629317942817,-1.6885600543205883,5,D06_px-1055_py-0118,0.8577728581945919,1.6885600543205883,1.979814023321961,1.492036843828239,3.1128502378159215,1.5339328789403326
210.86567457974857,-360.9907905868612,64.54680899064451,1.3375887911361644,36.34067735132737,-1.649106955891923,5,D06_px-1055_py-0118,0.8648954476196847,1.649106955891923,2.5072327633431746,1.7188918509103974,2.4681559068752064,2.7360510529497883
242.5027992166712,-352.8209756426567,63.730118697704114,1.3456647726100324,30.158937262370955,-1.5756071199958963,5,D06_px-1055_py-0118,0.8701174408496641,1.5756071199958963,2.4912190218727384,2.208187999270038,2.624696147978898,2.1337014429436927
302.742132651836,-332.7373083912316,55.852015518174056,1.3820599074787965,17.953665808606843,-1.4395435481364984,6,D06_px-1055_py-0118,0.8936508217153641,1.4395435481364984,2.522964872472372,1.8770446756973025,2.690845740270115,2.050345967316946
-285.2238413140474,-329.5761324927277,65.93399585473642,1.3421378439446263,24.764339759773463,-2.8911577709189293,1,D06_px-1055_py-0118,0.8678369009954104,2.8911577709189293,2.780094466650943,2.195116511428577,2.461614502005414,1.6886663806277113
322.69170263469886,-327.6506853162203,53.36185783351499,1.3941408885997446,11.999589666576298,-1.4000027350040385,6,D06_px-1055_py-0118,0.9014624792617855,1.4000027350040385,2.589882350145113,2.1641422431638886,2.9003096830104207,1.5982720387591873
197.0541697676683,-324.7470451139837,67.68865352215747,1.3032236592298352,59.62690437609649,-1.632376614981501,5,D06_px-1055_py-0118,0.8426746826584386,1.632376614981501,2.0201105469004537,2.0514223095973305,4.029751159307411,1.5052971126665735
-336.04679280922045,-320.8516340232198,63.70592074289277,1.362900232058843,6.993798158916604,-2.986301569384884,1,D06_px-1055_py-0118,0.8812620246811779,2.986301569384884,1.9437453958403474,2.5671970930584407,2.9981284233858867,1.9077586687758403
301.06234089763905,-317.9920305355031,64.1962247577454,1.348969734947118,23.85855058966576,-1.4197185424502023,6,D06_px-1055_py-0118,0.872254455527749,1.4197185424502023,2.097865429388318,3.0881679779077,2.548259697780544,2.4483874534510566
-256.3826089827428,-308.4629019909013,60.11464486586121,1.3441809953874906,48.08798188062684,-2.8712312586815383,1,D06_px-1055_py-0118,0.8691580188108714,2.8712312586815383,1.9941772902769292,2.8615311468496185,2.9857935896215633,2.4786167297620767
350.5921526209513,-297.75934621995776,60.97277791216479,1.369620810544962,10.507326123397377,-1.31106944085436,6,D06_px-1055_py-0118,0.8856076036636975,1.31106944085436,4.3141697120902975,2.151021383441304,3.289309495459131,1.9923561927612727
288.87887314228794,-267.14994308547654,65.38758079592839,1.32049472130872,51.6608862762086,-1.3533187860068132,6,D06_px-1055_py-0118,0.8538422874309758,1.3533187860068132,1.6778460989316426,2.418916731337484,2.976927529201414,1.943851064775847
-341.699715675204,-251.73425172531904,64.50974464832345,1.341083149942618,32.33145167402853,-3.1136298338415487,1,D06_px-1055_py-0118,0.8671549275466093,3.1136298338415487,2.7093999368814585,2.7027509123457487,2.666933235682218,1.3107077619713308
333.40130155422804,-243.6650301124556,59.65052679654141,1.3521204457418454,40.677128991777465,-1.2381090057780504,6,D06_px-1055_py-0118,0.8742917299436115,1.2381090057780504,1.7809658730507567,1.944447671791678,3.5718987501463264,2.322039087287196
-365.2938450895319,-221.3925994637476,64.90749260434802,1.3411423127035489,30.512491195866065,3.07948182290621,19,D06_px-1055_py-0118,0.8671931826538118,3.07948182290621,3.214859990110835,3.600024810162038,3.5385385556731856,1.6677609222679113
408.6839757495409,-207.8322228366385,62.922826414808384,1.362716902993936,11.052539434064386,-1.0774359204543051,7,D06_px-1055_py-0118,0.8811434826638516,1.0774359204543051,2.79476549909175,1.3244052835682247,2.5600449155861043,2.0377290819450224
399.4550721584597,-197.2128897062681,62.98650528500147,1.3566120669895845,19.307087920744948,-1.065578316702688,7,D06_px-1055_py-0118,0.8771960476198246,1.065578316702688,2.806099215383375,2.654461241710491,3.0119447415802383,2.4567312428677033
370.4362485033775,-144.7144452599164,61.14052226091931,1.338548357883834,50.006926209106325,-0.9794079240059852,7,D06_px-1055_py-0118,0.8655159110365782,0.9794079240059852,2.371138932821403,1.3879340763374655,2.6224519874680805,2.4587313750535147
-354.817361599828,-151.6424232955,67.17799219588974,1.309096335315633,55.99173932437458,2.938499302766331,19,D06_px-1055_py-0118,0.846472001270564,2.938499302766331,3.4847049100482375,2.839798416860156,2.482625300035439,1.7836940967198225
390.8476020875355,-149.22865491386884,58.063016610111646,1.3604398411611591,37.57568198291733,-0.971705266936121,7,D06_px-1055_py-0118,0.879671116547921,0.971705266936121,1.777110407088422,1.6657626647893884,2.8106701651375805,2.5400679254310425
-391.546883549205,-145.177497641023,66.85628506393081,1.3292980497069244,36.094926066014864,2.889678368389601,19,D06_px-1055_py-0118,0.8595345889110448,2.889678368389601,2.6190369352782703,2.064225368381911,3.4852514737138054,2.2951921077113884
407.1436118331273,-133.2393044477914,67.0003264793965,1.334669512579436,29.24265679913429,-0.9232485864190494,7,D06_px-1055_py-0118,0.8630078191117458,0.9232485864190494,2.965485046527822,2.441305902774122,1.9895383212623694,2.0370072475412284
-428.1687177279724,-88.9423475132691,63.44532771816807,1.35119402348032,24.39851498067844,2.7394276522135312,18,D06_px-1055_py-0118,0.8736926980125153,2.7394276522135312,2.945978165501378,2.1459644986247337,2.336293552168848,1.2908703820838707
-455.8140875482819,-83.50535662827768,54.69130485465854,1.391181159953324,9.50890102501387,2.715804353568533,18,D06_px-1055_py-0118,0.8995486954072538,2.715804353568533,2.4981486015322383,2.2230893207563844,2.7291745790695767,2.8163285202123314
-430.0547327645063,-70.10513769616776,66.11685015841493,1.3414608291793295,24.803641604407005,2.696206204679172,18,D06_px-1055_py-0118,0.8673991379157878,2.696206204679172,2.344246265746691,1.6939628568431377,2.6680684249495883,2.6578029002780257
-474.8152475756616,-60.909745185429855,65.82731092750609,1.362315038235152,2.401909832592935,2.6621972628391344,18,D06_px-1055_py-0118,0.8808836337456082,2.6621972628391344,3.2353376724697824,3.1269030548249255,3.000483608138971,2.585841346217562
-442.3120502726546,-50.83158994387698,66.32965661031125,1.345486935090008,18.744615445294755,2.64903362224994,18,D06_px-1055_py-0118,0.870002449708512,2.64903362224994,2.42269549107547,3.366018776444003,2.949658762892244,2.303441992993597
405.22946122743633,-42.54918217210983,59.65045554949867,1.349266826843382,44.16240429776326,-0.7115964060732748,8,D06_px-1055_py-0118,0.8724465574878629,0.7115964060732748,2.8083083897317005,1.391222391867914,2.601357619787585,1.1455152247827605
-432.4903269228373,9.09821467789348,63.11349710601007,1.3499971760443006,27.466830257586025,2.5135794191777405,18,D06_px-1055_py-0118,0.8729188070336373,2.5135794191777405,3.0332235164542216,2.590684741778788,3.15159142689743,1.2928832656513911
-465.17084787601743,71.21790735833778,63.44110158355747,1.366293337098619,3.2500764146976167,2.38269225043266,17,D06_px-1055_py-0118,0.883456033125062,2.38269225043266,3.079667370743861,2.532112209446148,2.2698220345431843,1.6250693275310768
-472.472147639336,89.43615105479344,65.88132202427747,1.363057832643806,3.784502611818766,2.3475326477356098,17,D06_px-1055_py-0118,0.8813639304607268,2.3475326477356098,2.372553040439687,2.353236336064314,3.5703924211356517,2.8185871030374723
-458.1975365530226,94.41508825409448,66.28876446919503,1.3561603933040685,4.416948836490178,2.3313997820692305,17,D06_px-1055_py-0118,0.8769039918572457,2.3313997820692305,2.639063362523297,2.0672266520734066,3.3027462263343734,2.002565777519057
-438.862095720314,118.68702844727584,66.06693306914505,1.3508428286937073,12.840476596684423,2.270488759242548,17,D06_px-1055_py-0118,0.8734656126973707,2.270488759242548,2.496481883119016,2.0673807782920477,2.7348653699150214,1.3221580402198039
-448.3422412974109,132.47606586649627,59.08821373066962,1.3787457403310854,6.074347340776626,2.247308461891548,17,D06_px-1055_py-0118,0.8915078551342288,2.247308461891548,3.2777304466787935,1.8463644837711588,3.141114039926348,2.65399687003403
-435.1585025731226,136.84189014870796,63.13829469428947,1.3609908866549931,12.48734847268679,2.229939555831,17,D06_px-1055_py-0118,0.8800274269044421,2.229939555831,3.2121155660147256,1.1872828331848206,2.4831314474232222,1.6676037186709702
-417.463375222568,137.69083010300147,66.12372365813317,1.3433792990141569,22.362633225730576,2.2160212828945416,17,D06_px-1055_py-0118,0.8686396356214604,2.2160212828945416,3.1559271569748963,2.0567865856060217,2.639823796687765,1.4775346189253384
418.01133938116976,158.70602895895925,68.95846755092347,1.3378331620416064,16.9434911813251,-0.2441216172817268,9,D06_px-1055_py-0118,0.865053459771886,0.2441216172817268,2.6096718385375315,2.18060318055905,3.0631812517997763,2.250069100894984
-346.9402037118916,198.62176453709952,56.84654082889867,1.3554243845183709,49.646369302427615,2.014662948778933,16,D06_px-1055_py-0118,0.8764280827793763,2.014662948778933,3.057532985756263,1.8163341616943436,3.209427248676943,2.64152515925778
-334.26714104251613,209.4557641552697,58.18564585207434,1.3476470912935337,52.71955592096572,1.974855535968848,16,D06_px-1055_py-0118,0.8713992237237831,1.974855535968848,2.1065255415611635,1.5801945697400612,3.1219552701560316,2.1505046134273336
-375.3829940716111,226.9715020956654,57.03148409973906,1.373384526725781,24.862850989423578,1.990788979114003,16,D06_px-1055_py-0118,0.8880412521904303,1.990788979114003,3.11527826298246,1.6145188462184157,2.5653899754317906,1.5184341871842066
-398.7572828363074,224.20402714398045,52.8507175909597,1.3948957534529034,13.6309622632578,2.022408362556064,16,D06_px-1055_py-0118,0.9019505808213915,2.022408362556064,2.5499633844016394,2.01055843924365,3.1923188923807784,2.753698233756988
417.3143191549661,241.37422959757365,62.99694470906371,1.372403783132878,3.985592782801007,-0.0825944850250406,10,D06_px-1055_py-0118,0.8874070956586134,0.0825944850250406,3.1079972452472093,2.3505451247852616,3.695529748993006,1.7121887784180287
-392.85550155245664,250.60253681732948,59.69456121889502,1.3762048481685782,6.930664285736043,1.9667911133011649,16,D06_px-1055_py-0118,0.8898648942490839,1.9667911133011649,2.936989892308019,2.406644248751282,3.204791490645078,1.6196711837774787
360.7334865642759,269.29747875725855,61.63084144795491,1.36320479186619,16.615642050484723,0.0342954894983396,10,D06_px-1055_py-0118,0.8814589554514175,0.0342954894983396,2.014454749494928,1.926040147056173,3.7630961619435395,2.0520089264678694
-259.41111146641185,298.21973671716967,63.46224231019559,1.328630268030501,51.00400936949393,1.6797314464811135,15,D06_px-1055_py-0118,0.8591027960194104,1.6797314464811135,2.5886143159476482,2.1628678582579433,3.127473553173565,0.3931810609589492
-304.123382776879,302.8479409969357,60.99187287010869,1.3555556850478334,30.0780488617076,1.7513162765801908,15,D06_px-1055_py-0118,0.8765129827358912,1.7513162765801908,3.731523023837407,2.9793730591451366,2.5317349248142467,2.1049472515250165
330.6508886732107,327.7722645576621,58.62418663770643,1.379448706356797,7.390962094424026,0.1740466623207012,11,D06_px-1055_py-0118,0.891962398503236,0.1740466623207012,1.6128893680329892,2.2244492330589747,2.321051897588897,2.3881292413636444
231.1712079032669,365.1852062155035,53.49600444014169,1.3826262645978356,29.663163815774453,0.3994678028441892,11,D06_px-1055_py-0118,0.894017032689342,0.3994678028441892,2.096076589299485,1.7098743025366954,1.3004976045879681,1.8642093092890288
282.12638787434327,368.736810677241,57.15072009005098,1.383637897404628,8.493752793771478,0.3107115073249541,11,D06_px-1055_py-0118,0.8946711624301529,0.3107115073249541,1.95132193653218,2.068192346980081,1.8579403833946158,1.156257636471964
-268.11818316924825,368.1387859200743,60.22870146294841,1.3700794125983673,13.55166668151179,1.5932894468177254,15,D06_px-1055_py-0118,0.8859041393635236,1.5932894468177254,2.154064192040065,2.557832031116312,3.415703457285525,2.1864816244914405
150.52375123573353,388.5043026926779,59.71418523798721,1.3537742553840968,38.3194885527862,0.5941809942893305,12,D06_px-1055_py-0118,0.8753610962842173,0.5941809942893305,2.5216391255565154,1.9600338439794496,3.341219489536745,0.7937452922893415
-122.61931826425736,402.794118139332,60.84291299374877,1.352039107224997,35.28328598148664,1.2593253511794449,14,D06_px-1055_py-0118,0.8742391358179695,1.2593253511794449,3.110561062046993,2.170659747858643,3.716657988455432,1.7527751846563149
157.80381699701198,414.1596790471889,64.3781590743533,1.350937781421484,20.455233777219007,0.5997773226238216,12,D06_px-1055_py-0118,0.8735270098790288,0.5997773226238216,2.3280893890013523,2.0948938503142975,3.186169254272967,2.343652704747321
-118.51693985556486,-448.3027736626956,62.21689503099691,1.367234415331312,7.881666883723028,-2.4362310338402327,3,D06_px-1055_py-0118,0.8840645417225503,2.4362310338402327,2.521039881035414,1.9658345128484032,2.5597174737159407,0.9685968157271264
-36.068626816315565,-428.3132304261569,60.22524093099605,1.358484465065129,29.837497736233782,-2.261788504860521,3,D06_px-1055_py-0118,0.8784067549630693,2.261788504860521,2.10492348519371,1.723575879285284,2.2798957764717422,2.001507881789767
-178.42967493162027,-422.9826319128791,64.9948625577857,1.3563346477248297,10.247717012156272,-2.5769642696309,2,D06_px-1055_py-0118,0.8770166661381926,2.5769642696309,2.7556317977104614,2.0407980994973056,2.4424664378084326,1.5426188483090475
130.45250937868505,-401.2854232436604,63.98594971343098,1.341602037771625,34.00685796835546,-1.8634656449268492,4,D06_px-1055_py-0118,0.8674904445037694,1.8634656449268492,2.7084309486359928,1.7990818598892893,3.534454773053165,2.1749964169788027
-111.66211226408414,-388.1121372740325,67.77905965262019,1.3181152062363364,44.52855970090957,-2.4579157571799786,3,D06_px-1055_py-0118,0.8523036742433616,2.4579157571799786,2.8100805567890044,2.6252540391798553,2.4901880967405896,1.3167312035835037
263.3560944048372,-379.65094337632473,61.516693896187405,1.368762688130021,9.075192997397096,-1.5713044165609362,5,D06_px-1055_py-0118,0.8850527349513538,1.5713044165609362,3.3205527801903956,1.0023881207624068,3.658955705049533,1.4897996487415885
-194.8615707019444,-374.3675260574528,64.01489343796163,1.3415480827085018,33.944610547942375,-2.657695526754276,2,D06_px-1055_py-0118,0.8674555567349869,2.657695526754276,2.5375878849972624,2.1793242993346995,2.467862058665432,1.6301841045106946
-311.57974897854604,-327.8649101962936,64.98465806338845,1.3532552957536284,14.550994231652624,-2.9377118628046155,1,D06_px-1055_py-0118,0.8750255328996668,2.9377118628046155,3.31924733890511,3.0437988382410683,2.847074205967959,1.6190374671712822
-281.0827590437697,-317.77936088484176,68.53448872601001,1.3272063508734626,31.49027816810417,-2.901973332966276,1,D06_px-1055_py-0118,0.8581820799704489,2.901973332966276,3.4840117455180692,2.524707554811795,3.804891297668492,1.458969950900878
283.3579008209722,-291.8788433884428,55.9397567513204,1.362313105987255,45.37244894132357,-1.4071895435792583,6,D06_px-1055_py-0118,0.880882384338899,1.4071895435792583,2.8327917873652786,1.9182526951870988,2.2451380622336634,2.2349861185653426
326.4417688856588,-286.3472499073889,50.011503623761485,1.3954290048165938,28.995467566185937,-1.3270412596654553,6,D06_px-1055_py-0118,0.9022953853532096,1.3270412596654553,3.1670127295126758,2.468072987824281,3.8391196850470513,1.9439098634887304
-296.90307280698806,-278.91250140053126,45.94898535203811,1.3989743380529025,46.90147037245919,-2.994407496280829,1,D06_px-1055_py-0118,0.9045878257479691,2.994407496280829,3.282311185847377,3.290744814574441,2.247103967449823,1.1144386907485067
274.70228099769287,-277.602931847676,63.34734379096247,1.3262480834169963,54.00561871266228,-1.39762954532062,6,D06_px-1055_py-0118,0.8575624566854811,1.39762954532062,3.5993810262884063,2.4038382365851856,2.4036144225193885,2.6042435417827043
382.5915398258864,-258.3957144589131,56.169456561912455,1.3857615978915447,10.343030284552754,-1.200992076102859,6,D06_px-1055_py-0118,0.8960443638919279,1.200992076102859,2.9906994603598496,1.3133708279807905,2.77619271739279,1.8879147641576175
391.8124755355379,-232.98935138242868,45.09599974130737,1.419760235572751,15.928033429789537,-1.143452269457176,7,D06_px-1055_py-0118,0.9180281508005855,1.143452269457176,2.5527475766582417,1.7567398322632088,2.41073067064373,2.7239230883170498
-389.2759155429783,-198.25272738717567,65.2575426936879,1.3449014305778364,24.287755007069336,3.0056618092698755,19,D06_px-1055_py-0118,0.8696238578793237,3.0056618092698755,3.4135649970202215,2.9288362675357553,3.0736885725656746,1.6685705234825516
-410.0219086127509,-196.925384388366,66.65348740816839,1.3490627070850223,12.564837555218787,2.9823607634312577,19,D06_px-1055_py-0118,0.8723145720443959,2.9823607634312577,1.6349262144342311,3.2608786928928026,3.341689153788712,2.0119396067680455
-428.657626604301,-177.71022469030405,49.40019475575741,1.4084561747037714,10.002629998552948,2.9276196533631165,19,D06_px-1055_py-0118,0.9107188560083559,2.9276196533631165,2.3671101758149042,2.8715631690509564,2.3888150892579163,2.0926450563776093
-383.1758809966166,-162.16863752702793,65.10360757153518,1.3345691708769292,37.46642225247575,2.934977210759422,19,D06_px-1055_py-0118,0.8629429373765821,2.934977210759422,1.4483663184225581,2.146786874144029,2.9367954221730503,1.5008868718789345
-447.7851891414323,-154.27835511300145,65.26256003308342,1.361895316234409,0.9510115038061712,2.8664124400064424,19,D06_px-1055_py-0118,0.8806122381940649,2.8664124400064424,2.320201366953752,2.8937333939643897,3.688357791444401,1.8825852540932666
-442.8352321575277,-146.12045872658348,55.25683768472664,1.3904756255353212,7.54044782591717,2.853329793811942,19,D06_px-1055_py-0118,0.8990924912955618,2.853329793811942,2.6373499749457636,3.226290923399932,2.139485144983941,2.1446378733642297
-377.4231700787926,-141.94720283189986,55.29600823786959,1.3628738363449298,47.772670717227584,2.8943439933229205,19,D06_px-1055_py-0118,0.8812449570046605,2.8943439933229205,2.2646615348463888,3.6694765751243894,3.0900048674200615,1.3941011828664398
-421.0707487838298,-49.05281409671925,67.1451675597753,1.3317750475263206,32.03398654245893,2.6505857990595825,18,D06_px-1055_py-0118,0.8611362352106822,2.6505857990595825,3.1599018959223404,2.714046274453149,2.757860272535906,1.660012190378898
-447.8881047140608,-34.235269068855565,52.14096539016285,1.3940798236573488,19.04827407737139,2.6109018795813697,18,D06_px-1055_py-0118,0.9014229941890656,2.6109018795813697,3.5903247419670095,2.430893864013621,3.309008444273186,1.4963492117093202
-468.2644385766321,-33.359693719013684,59.86158807295209,1.3770810210404223,4.684340186685233,2.6057341068075246,18,D06_px-1055_py-0118,0.8904314345290321,2.6057341068075246,1.9712394466925667,2.633489394200174,3.3381254906755,2.19027944772442
-378.7986500640938,52.03459493792086,66.87276131256033,1.3079498571137222,58.27298386911974,2.398100077161777,17,D06_px-1055_py-0118,0.8457306794351847,2.398100077161777,3.2932381150500767,2.599444066127688,1.9716511729257364,2.229207725698792
422.75995872244215,67.74140700639953,51.28351406282849,1.3885660125625263,32.65884405359918,-0.4480940714577691,9,D06_px-1055_py-0118,0.8978577205066387,0.4480940714577691,3.488196120420335,2.8941304364154465,1.9254404540526693,2.320059439245078
-427.19071886745286,70.31865929060228,64.84315244574842,1.344327381913327,26.859180667859164,2.3714689365665658,17,D06_px-1055_py-0118,0.8692526734914637,2.3714689365665658,3.66018913447929,1.0418387244630072,3.6405490362660244,1.1311683787474114
-443.4007108399829,81.95360520236713,65.43748287842877,1.35113296032038,15.335696553805237,2.3518460579632894,17,D06_px-1055_py-0118,0.8736532140923454,2.3518460579632894,3.423561296356114,1.9743112113035357,2.9883040112415733,1.779135657906366
-401.83699164447296,115.76729362906042,51.00803048146258,1.3852981644791345,39.08192350311424,2.2541136612966146,17,D06_px-1055_py-0118,0.8957447041973158,2.2541136612966146,2.8006884374787324,2.749593806615539,2.6645598881720742,1.7974391285543438
-396.30656559303344,111.88295922663524,58.1247465161741,1.3569637760617734,41.73763211138174,2.2594597812084376,17,D06_px-1055_py-0118,0.8774234654760735,2.2594597812084376,2.7015954219670073,1.7396966800512548,2.8720548164526463,2.2393889183818905
-347.99963126980083,154.22832612125637,72.71792971038559,1.284939498555605,57.760247281126055,2.117440721550356,16,D06_px-1055_py-0118,0.8308520003546672,2.117440721550356,2.5495596638922633,2.1566220185541853,2.3142526769963405,2.3189025507803516
-410.7601518402124,157.44224102425986,61.78224194486791,1.357996751149819,23.110388623269444,2.1685901799784104,17,D06_px-1055_py-0118,0.8780913953040412,2.1685901799784104,2.951016543587013,1.8025402634665235,3.3266093631756792,3.012525006410732
388.4320819449781,159.01251911508456,62.11882027769951,1.3469196275921014,35.84354351675546,-0.2184215860124954,9,D06_px-1055_py-0118,0.8709288399647035,0.2184215860124954,2.3416287805820835,1.8721972807092568,2.4658503040951176,1.7481993384952375
443.8284239646203,178.5456904186372,61.28128976562425,1.3762166162056066,1.29410137242553,-0.2245045452724103,9,D06_px-1055_py-0118,0.8898725035545152,0.2245045452724103,1.4771682097060141,1.385068336352281,2.336042747263274,1.8534465804921894
403.2218435119699,197.18810243389217,55.41310612560062,1.3831022394310792,18.67232358176756,-0.152145324027097,10,D06_px-1055_py-0118,0.8943248017654453,0.152145324027097,3.0224102699064206,1.834139244149084,2.580870043456709,2.0496493473139323
-334.1724280851129,229.2426937269321,60.08555956212263,1.346526278236419,45.46862936774073,1.9333442263261864,16,D06_px-1055_py-0118,0.8706744971731757,1.9333442263261864,2.614922918519094,2.467480472573025,3.142910316342424,2.1259963731509264
370.0650986565177,232.1347558329,61.946048198381874,1.3560034669551186,25.01528987665125,-0.046741723760626,10,D06_px-1055_py-0118,0.8768025220440132,0.046741723760626,2.163446332258724,1.7934148304232782,2.3444027414349002,2.038682053368837
393.3396427809741,229.8584623602966,55.92138928349107,1.3841507574250531,14.284479737107972,-0.0781270802834568,10,D06_px-1055_py-0118,0.8950027817588071,0.0781270802834568,2.2941060350381397,1.4416646242791975,2.2704922503869347,1.5323953343388141
380.311492652556,237.50121870072445,66.43960422247105,1.3466613959913043,16.720542408196195,-0.0487461063973714,10,D06_px-1055_py-0118,0.8707618653777146,0.0487461063973714,1.3167122198203542,2.061558625556142,2.317623875405852,1.3875076949994192
-224.2926791861433,377.0759278185525,62.127003748293816,1.356296971552427,23.77362392919639,1.5004195021859474,15,D06_px-1055_py-0118,0.8769923044283675,1.5004195021859474,2.5277222448909002,2.0746158109219515,2.6155773979681918,2.0822285625318884
206.28703422457008,378.1045055531866,53.10678269187318,1.3833336283532096,30.6852716285145,0.464371804659322,11,D06_px-1055_py-0118,0.8944744196649869,0.464371804659322,2.7326215224145525,1.3315089083312122,3.495349133909162,2.292971779777397
255.6480207122611,390.4984899141531,63.459204081473615,1.3645954758074703,5.697805411032391,0.3841649531897593,11,D06_px-1055_py-0118,0.8823581826413145,0.3841649531897593,1.4603562182840246,1.263317490212283,3.1292060315130246,1.852569950754278
-55.64912179394818,-433.99698218267145,55.59965199656693,1.377738331941501,25.85252837604321,-2.305304647057345,3,D06_px-1055_py-0118,0.8908564569348575,2.305304647057345,3.549478416226584,2.1755228675295055,3.8041157186441446,0.7455508919907974
-139.36609860221952,-435.41162701668975,55.994645274155886,1.3845486408258856,13.252558004897992,-2.4875504226047465,2,D06_px-1055_py-0118,0.8952600562996404,2.4875504226047465,3.477134541904066,1.8405037356809815,2.2149737426521323,1.5925438267866239
142.13716392590115,-434.9150647184121,63.56409294473201,1.3602379996716358,11.518100459118784,-1.8619024061178135,4,D06_px-1055_py-0118,0.879540604251028,1.8619024061178135,2.8327120026931647,2.113773452941639,3.062503528033466,2.4279069505749518
20.59333148638232,-426.57536755030856,41.60143384357167,1.4220406171491091,34.94704198456111,-2.129537358855841,4,D06_px-1055_py-0118,0.919502663488863,2.129537358855841,3.109887979650688,1.4236048941884216,3.0851608612421044,1.6673555535133195
-16.41203890443815,-426.3426808448253,62.31901969982837,1.3497557107214329,31.40019635544826,-2.216251807801124,3,D06_px-1055_py-0118,0.872762673654014,2.216251807801124,2.409638083745813,2.2732660272550627,3.2895486501110964,2.1915230607882066
-32.066845848234976,-414.0070189687228,56.99796951237661,1.362680427870991,39.78072896874363,-2.255076359655177,3,D06_px-1055_py-0118,0.8811198975620657,2.255076359655177,1.8722305336622007,1.6462189883053993,3.8077456357371946,2.5128664659537954
61.84540272738148,-399.8203202166529,55.69617013418207,1.3620869946867715,46.83662409801229,-2.0243091455485764,4,D06_px-1055_py-0118,0.8807361789910825,2.0243091455485764,3.0764827788829168,1.662364675724272,2.9528941474355417,2.4983733143004274
-110.19081102098058,-400.6263971734668,64.5036868961428,1.3363541947846684,37.970313414952216,-2.44618512025496,3,D06_px-1055_py-0118,0.8640971478947375,2.44618512025496,1.7660713135219437,1.972815456344828,2.3041388509225835,0.8702762573808337
31.85169902152954,-398.81764736471706,66.48813788059374,1.3204905604275017,47.22208132500356,-2.098079697895024,4,D06_px-1055_py-0118,0.8538395969724076,2.098079697895024,2.9413797463093445,1.8539992575828153,2.214653311444658,1.7799529661470583
54.55203136892062,-390.6291691762388,64.5904342770078,1.3239932251273905,51.25967658315989,-2.0390215284203315,4,D06_px-1055_py-0118,0.8561044475554472,2.0390215284203315,2.5378366218710187,1.9294473737108087,3.412229236987587,1.1377403117506264
-207.2838907038192,-334.5941160087057,64.40330398867442,1.3241866559397004,51.823088014228006,-2.732416462629196,2,D06_px-1055_py-0118,0.8562295214422089,2.732416462629196,2.3654721856476653,2.055445901764333,3.480695880432929,1.9901248870735484
296.25970631870496,-301.0469562272216,59.52551813999665,1.3572840072938754,34.722370198930946,-1.4003922507490647,6,D06_px-1055_py-0118,0.8776305295129928,1.4003922507490647,3.5815350118243146,1.333209786745888,3.498283201377748,2.5095394191340468
-370.9825223126919,-298.22474027180994,63.8177527102086,1.367381674874424,0.2625082593797856,-3.07147099271255,1,D06_px-1055_py-0118,0.8841597609029891,3.07147099271255,2.641395049393008,3.0535129833038694,3.010654944073408,1.7936278641468624
312.75627335719594,-294.5823444550562,46.25930396654371,1.4066429250281232,32.568963349157,-1.3624627404837035,6,D06_px-1055_py-0118,0.9095463944863557,1.3624627404837035,2.8700064924627053,0.8963160490539788,3.4847302433646745,2.840324342885059
-293.4875012518814,-296.79847355606955,65.85577462980945,1.3326701815000837,36.45447802888594,-2.957564982132156,1,D06_px-1055_py-0118,0.8617150358884748,2.957564982132156,2.5899612106392693,2.552352467044423,2.707420326054425,2.2099589328694353
254.83435742663983,-291.4305743195938,64.54045926674087,1.3197257281424326,55.86219270561668,-1.4592712704294963,6,D06_px-1055_py-0118,0.8533450503928217,1.4592712704294963,2.984039307079499,2.2712155209874103,2.95575158841191,1.9203275477515207
333.50495007325503,-274.48598679618783,54.589946850153495,1.378754749972829,29.62800156377233,-1.295608775925192,6,D06_px-1055_py-0118,0.891513680839543,1.295608775925192,2.9305579810122424,2.463846989809179,2.2470827618925906,2.193770942790151
363.45953627098527,-273.5510815605789,62.93321303665161,1.3610864004639698,13.336440237966428,-1.252162649114268,6,D06_px-1055_py-0118,0.8800891868856233,1.252162649114268,2.36373671067929,1.4958469679498012,2.8796612902548406,1.9849716797338437
-325.2334664022063,-268.38246746213724,59.11064263428469,1.3583848716495408,35.25650633113378,-3.058653494758602,1,D06_px-1055_py-0118,0.8783423570761208,3.058653494758602,2.3027564748585547,2.2267969355796478,3.283133739010407,2.3595057447088537
367.0960753348712,-219.7883203698728,67.47250983048295,1.3327847229952492,29.46543465965772,-1.1464584433522171,7,D06_px-1055_py-0118,0.8617890993214137,1.1464584433522171,2.298929463756504,2.0453598608136554,3.165224303317492,1.2460702385000988
-334.7019998393366,-204.2248715398593,66.23846946027689,1.316518137173952,52.31933096540155,3.08247648449592,19,D06_px-1055_py-0118,0.8512709968086044,3.08247648449592,2.853620752901647,3.168487474306966,2.2387198394471124,2.635272228127711
-384.093422738258,-178.2584796991835,64.11141267187827,1.341946037981362,33.03789728817964,2.969132092441914,19,D06_px-1055_py-0118,0.8677128777488394,2.969132092441914,2.567561474289916,3.4641513111085502,3.7881022392425323,1.6416543609228529
-419.115621701226,-176.79397779756917,65.32225002448851,1.353360034932144,12.843348552373698,2.9337925198837973,19,D06_px-1055_py-0118,0.8750932580774538,2.9337925198837973,2.81609672615099,3.8222855206203983,2.8886095913616927,1.9042579568345355
-442.37799012546446,-92.64643572796172,53.48160230284839,1.3907242406957887,17.031635752026432,2.7410576249989216,18,D06_px-1055_py-0118,0.8992532478164914,2.7410576249989216,2.702239632400582,3.2011410598350403,2.8044724623588158,1.7042527916960732
-450.3644858369769,-73.95063925056189,62.81547047626677,1.3621340185697903,12.409310931856794,2.69736255294341,18,D06_px-1055_py-0118,0.8807665850042173,2.69736255294341,3.072107493149765,2.495289417564796,2.8693479115400033,1.4795717119117087
-399.0460041081784,-30.211484342730028,67.78654441159998,1.315871034294323,46.83432962138602,2.610178241381324,18,D06_px-1055_py-0118,0.85085257498985,2.610178241381324,2.9366279379881908,2.203448579049391,2.420484095622751,2.546522826821077
-473.6036576234612,-0.6180236394339562,51.28376404955873,1.4057214271513003,3.5587807176323736,2.5359180595001223,18,D06_px-1055_py-0118,0.9089505467011941,2.5359180595001223,2.5487219160573007,2.2225797664368896,1.8103386518319013,2.0537767392634465
-467.5698427394618,19.66140110974432,63.4127545483297,1.3652747535695962,4.915532762230612,2.492587689314901,18,D06_px-1055_py-0118,0.8827974089925109,2.492587689314901,2.815236099748099,1.036766145283385,2.6110506655331847,2.7428627446694755
415.39514789123655,20.93103047856359,62.02492189706243,1.3452740794207725,38.27069598302705,-0.5566338716372689,8,D06_px-1055_py-0118,0.8698648155562659,0.5566338716372689,2.4944843507771384,1.422894749241353,2.93674129410147,1.5580532680427903
-399.1016891470863,26.71200588292873,71.2641523807682,1.3032702065969806,46.057617243265895,2.4677824705759965,17,D06_px-1055_py-0118,0.8427047805526566,2.4677824705759965,2.84121783888567,2.494179447401094,1.1979839980579834,2.1663988674207535
-422.26551681131406,43.18618697344688,63.01388966936861,1.3462572183516424,32.635174247562304,2.4326948927014325,17,D06_px-1055_py-0118,0.8705005209324786,2.4326948927014325,3.4893075299678467,2.3469982922928874,2.467698815226039,2.339376581315852
-412.726842437012,55.93727771020816,65.84689911935502,1.3322050038142286,37.02602603337874,2.39990294427288,17,D06_px-1055_py-0118,0.8614142483329147,2.39990294427288,3.2281151415097886,1.9288746592534811,2.315103925562014,1.8267303862377657
-394.43829471695545,58.84851165836188,69.00877887678107,1.310616326057667,47.39288041522485,2.386509833128003,17,D06_px-1055_py-0118,0.8474548392562895,2.386509833128003,2.7872160375023873,1.7809873531340026,2.10699730873783,2.2473513788214934
413.8060553771687,85.56077177867967,58.50427825080726,1.3609291491411102,34.818852234239046,-0.4030873300378,9,D06_px-1055_py-0118,0.8799875069417012,0.4030873300378,2.056854724152729,2.0043562788070806,2.9069190880118008,2.0000110158754607
-457.5394574410556,120.16617833339436,57.2909778977195,1.3865883082029984,2.865592185216088,2.2777778788256557,17,D06_px-1055_py-0118,0.8965789212907449,2.2777778788256557,2.865735960132075,1.6867125392600928,3.3572897253252014,2.1369951254008477
-464.2947698051248,130.03973858652768,61.91350857015914,1.3757566539514932,3.8182655119068727,2.261530117485098,17,D06_px-1055_py-0118,0.8895750883381977,2.261530117485098,2.278338139142225,2.0355697102171155,2.7737096170058018,2.3251481742290725
439.8097133255645,162.09871654818673,56.40080307007557,1.387750560551007,5.792433699379842,-0.2538619064645389,9,D06_px-1055_py-0118,0.8973304428132332,0.2538619064645389,1.9373101900190004,1.6189890753407232,2.8722315860748386,1.673375431415497
431.9770627656691,172.18815181535598,55.75615565120489,1.38838828211408,8.275028054800089,-0.2276764495286905,9,D06_px-1055_py-0118,0.8977427985988123,0.2276764495286905,1.8387547300743718,2.1106196976635143,2.6981558175425286,2.1499184334553623
385.1285852772676,208.4584300322063,60.4988009335529,1.3613762806394178,24.634080730499363,-0.1108637535571156,10,D06_px-1055_py-0118,0.8802766256902557,0.1108637535571156,2.3468209782487888,0.8010289682941965,3.107889439725164,1.8024754052548269
354.1900930218953,237.05579961084263,50.16079093176796,1.3916705897551362,34.10957328504554,-0.0171631438123074,10,D06_px-1055_py-0118,0.8998651645720092,0.0171631438123074,2.531311466697768,1.2376477906733012,3.220072300458817,2.289328353893672
-317.1515947861122,238.7750353149221,68.09718101137602,1.3127786185521009,48.76815756985286,1.889275499798153,16,D06_px-1055_py-0118,0.8488529946140878,1.889275499798153,3.4912567641005787,2.0147298682696393,2.971649679148588,2.6195167089695834
287.6068819345752,289.10028637401285,55.186744404991146,1.3655292403183048,44.89321089091936,0.1810081625828278,11,D06_px-1055_py-0118,0.8829619621286438,0.1810081625828278,1.5926552713739035,2.3790919494275267,2.6375911214431076,2.5466268054629992
378.3469774781496,290.33281388523267,61.52441768947165,1.37486959814378,0.3916713007009775,0.0475471633814997,10,D06_px-1055_py-0118,0.8890015110661991,0.0475471633814997,0.9436580476175327,2.07492703875038,2.795174883513673,2.5115763096781247
-242.43284925861232,350.9067148424322,51.67683470658059,1.3865073732284623,33.63832934786888,1.5683926420843513,15,D06_px-1055_py-0118,0.8965265880987405,1.5683926420843513,3.0219327934259503,1.7429144559473895,3.482969933465678,1.107957456931656
-260.159003771253,353.405094495193,65.16498868465695,1.3461972524263608,23.050955639633173,1.5983945310651366,15,D06_px-1055_py-0118,0.870461746492881,1.5983945310651366,2.7016844993851947,2.6129327562990845,3.510673272924773,1.8988907036425813
245.96324921966087,367.5412451347656,59.39373200806986,1.3670491740471609,22.110141810866423,0.3740536608077177,11,D06_px-1055_py-0118,0.8839447632491994,0.3740536608077177,2.6386320342842806,2.2276079194010134,2.542687952328826,2.0975433945767525
-58.02730804735102,380.2314206558699,66.3715772260584,1.311308077374319,56.97199946791795,1.1152588180457403,13,D06_px-1055_py-0118,0.8479021311060881,1.1152588180457403,2.440182730305609,1.797676919825164,1.799972445864618,1.6978460510186744
-144.48687984009507,386.1038360143049,56.23980745026094,1.3639211649337415,41.84121908294651,1.3219014149540462,14,D06_px-1055_py-0118,0.8819221679192764,1.3219014149540462,2.39816115497567,2.494476960137211,2.465612512853142,2.3653481335125752
60.6512547289798,390.81735579002304,65.42535198228154,1.3215850839048138,50.37691775476276,0.8098541850685722,12,D06_px-1055_py-0118,0.8545473244736496,0.8098541850685722,2.8920409621382683,1.8685011805702847,3.2055879763549853,2.7387824897121433
26.686283953301707,-465.1924896094919,51.66601045038499,1.4018358981813517,8.396472330695588,-2.120472551908137,4,D06_px-1055_py-0118,0.9064381330655742,2.120472551908137,2.7022240857988047,1.5769851612232801,3.8208991001199895,1.7643686902819198
-112.62244203850112,-463.2206693597635,57.31411081699613,1.387898477890749,0.5231578903282639,-2.41627744721223,3,D06_px-1055_py-0118,0.897426087330154,2.41627744721223,2.8352692719216543,2.260762325466631,2.8475162485659875,2.410581784105838
10.341352225468391,-452.65742663306776,60.15023768555071,1.369191605472863,15.25588237332181,-2.154933963160989,3,D06_px-1055_py-0118,0.8853300762835238,2.154933963160989,3.18819444987221,1.9939080417953523,3.0071732578555426,2.3774984778006325
24.40898820719545,-448.6010164226303,56.92928952490814,1.3782625245661957,18.124508130360823,-2.123418107230473,4,D06_px-1055_py-0118,0.8911954040146913,2.123418107230473,3.245727332495555,1.7988321042966937,3.2105718945236,1.7898160652622574
105.02886969587044,-448.2034522433386,62.668074182863535,1.364345133776977,9.927700617607286,-1.9475960633231,4,D06_px-1055_py-0118,0.8821963095126247,1.9475960633231,1.4702718469094331,2.3518211290327127,2.958521248491106,2.3484569811509983
134.46869126440507,-442.78484366770726,60.329618843482,1.3728518173645825,8.863973138341748,-1.8829385095994224,4,D06_px-1055_py-0118,0.8876967981216924,1.8829385095994224,2.159845624683743,1.8150256130423454,2.751313035582265,2.204314113790372
-175.11872629136155,-434.5278929790722,48.01393476255504,1.4144114777952734,7.3646574638208335,-2.5608736546163198,2,D06_px-1055_py-0118,0.9145696018931659,2.5608736546163198,3.38011107875911,2.6349586092524886,2.946979729787819,1.5332057096763396
195.46237965155552,-417.0277562949613,62.330384139896296,1.3655207900054929,9.858341554688309,-1.7394774017556336,5,D06_px-1055_py-0118,0.8829564980898222,1.7394774017556336,2.648851000662799,1.9955686676679125,3.4298400964915636,1.4711291657647085
27.918236043881016,-412.2352737702232,58.25086150247665,1.3572093010265915,40.832603894457066,-2.110155079558514,4,D06_px-1055_py-0118,0.877582223852157,2.110155079558514,2.766927979744642,1.415469583017928,2.6693794109252367,1.2196799733920336
-39.9139668855334,-404.9513200520525,59.40368740772763,1.349868518123778,44.56125037295254,-2.2760233714232325,3,D06_px-1055_py-0118,0.8728356158088771,2.2760233714232325,2.290557110047005,3.0046340525798705,2.322497518398167,2.8048531100248284
174.70409053245746,-401.2973519419825,61.93660540223203,1.3564303816851246,24.489804886401146,-1.767172921885679,5,D06_px-1055_py-0118,0.8770785684709501,1.767172921885679,2.7934348584322057,1.3900335558941421,2.8525517586735085,1.7832001626013607
67.31772515840196,-390.0171093447432,64.03103698775621,1.3268564724332794,50.53542997338264,-2.0068578990337875,4,D06_px-1055_py-0118,0.8579558458152735,2.0068578990337875,2.817771761713746,2.0216923539389136,2.2952756851340794,2.1224483572494828
-293.13541827884086,-369.3888849624606,63.31377409177213,1.3671037719505494,2.6539305890347578,-2.8485828906454667,1,D06_px-1055_py-0118,0.8839800666835607,2.8485828906454667,2.8804787813435055,1.8159185282503563,2.282460768662513,2.7703830214539686
-311.3471995011513,-357.1522754873108,60.1661446875404,1.3778662551709702,1.8461375828717337,-2.894761710959304,1,D06_px-1055_py-0118,0.8909391731025958,2.894761710959304,3.24235993968557,2.8491894585175555,3.405477272783796,2.5921662051442804
-308.2606284947043,-341.65961789418753,63.95499836386051,1.3601506392259983,9.77281608763724,-2.9118298219939054,1,D06_px-1055_py-0118,0.8794841162988004,2.9118298219939054,2.66936668833938,2.699129453772616,1.6526459189179905,1.7744136129919852
258.7715286827032,-341.02372540073395,53.8802640843289,1.3795289014024268,32.21773623049052,-1.5286614256546716,5,D06_px-1055_py-0118,0.8920142532513816,1.5286614256546716,3.377598376978446,2.564499952823007,2.5751618756487265,2.3583552106435715
-327.8199201201984,-304.7781949692864,57.82318326998694,1.3746114716555191,19.0064309605022,-2.9995818816954767,1,D06_px-1055_py-0118,0.8888346044458041,2.9995818816954767,3.1371159698225477,3.0452499064692127,2.564367145621805,3.900787828688558
-279.3570180070293,-298.86689878280595,63.68092987253365,1.335743779865161,42.21088636530624,-2.9294457698143765,1,D06_px-1055_py-0118,0.8637024487999636,2.9294457698143765,3.4947033124108287,2.52281706403499,2.7642392509591516,2.038015294223242
345.4510420345764,-281.66687861745584,34.455379190707674,1.452426877578472,23.87965425516484,-1.29101626211142,6,D06_px-1055_py-0118,0.9391506588142565,1.29101626211142,1.8193607590448313,2.0650884486615473,2.958029385249501,1.6361081401856135
397.6409198007501,-211.4598451669148,65.14140461386049,1.3518412924152157,15.742931376748572,-1.0957313560301496,7,D06_px-1055_py-0118,0.874111227203913,1.0957313560301496,2.489261944577411,2.5730034522940226,3.6881020724886397,2.434241391478289
436.4161928560174,-168.0894510270799,62.85580028433554,1.3668965013558854,5.229391819532452,-0.9746264952404676,7,D06_px-1055_py-0118,0.8838460438845224,0.9746264952404676,3.0200271357454525,1.3768843612947321,3.4275997578516244,1.4449320188272226
-425.4024335345833,-155.83501668406657,62.80941341474059,1.3606564006550792,14.539421549916256,2.8857556091711687,19,D06_px-1055_py-0118,0.8798111456223806,2.8857556091711687,2.713653757476703,2.9046239517464816,3.2765733910400474,1.6901274238643331
-368.6818391903993,-154.1023232965511,64.96591783839622,1.3257009651856786,47.907524176200695,2.9305243616252468,19,D06_px-1055_py-0118,0.8572086857278355,2.9305243616252468,2.4718489948003635,2.9230577268730755,2.9791519650144607,2.9945474980784397
-398.07036771930615,-133.28900338708465,62.22011318036931,1.3466045112126603,35.77460336681713,2.857717078187078,19,D06_px-1055_py-0118,0.870725083231801,2.857717078187078,2.1278466937276406,2.827865340420848,1.9634621815433198,2.061175840378093
423.59909666205687,-78.61211244162483,66.97494877961842,1.3360443341882984,27.705652030868293,-0.7904733974417741,8,D06_px-1055_py-0118,0.8638967895925648,0.7904733974417741,2.5909436930611114,2.986490122257447,3.2060439329926202,1.8382888294853128
-466.4467503135666,-50.31430352293009,59.05206329649522,1.3795181574790574,5.029774603125702,2.642064858479056,18,D06_px-1055_py-0118,0.8920073061459084,2.642064858479056,2.974013900317809,1.2717958978527832,3.0335084475601746,2.1731126771876106
-425.6744608758216,-39.73954633370742,66.92500572189371,1.3344653668760107,29.807131689923324,2.627699976626663,18,D06_px-1055_py-0118,0.8628758168919952,2.627699976626663,2.829356017430921,2.7082434086951377,2.701947470589289,2.1298337068257682
-415.2499435156843,-19.44267826235213,66.56520537184642,1.329257903730934,37.35738813820694,2.58140057926612,18,D06_px-1055_py-0118,0.859508630206767,2.58140057926612,2.817056957844187,1.4478684603009464,2.6525464775240186,2.194983423076881
-385.3664242795881,-18.848135336048,58.798584846418606,1.3405002333635312,58.055664244020136,2.5834838236990865,18,D06_px-1055_py-0118,0.8667780090953371,2.5834838236990865,2.2727076693432475,2.4999044657059444,3.3047580577651208,2.034587689139255
-407.525621414304,8.466344490326316,68.1628916354179,1.318988832791017,42.06747891416205,2.5138411105390026,18,D06_px-1055_py-0118,0.8528685680545763,2.5138411105390026,2.018645146754439,3.196946462870767,3.8877979055327625,2.1627129768961497
-451.4347906082438,21.43184443701356,61.12474505451439,1.365648581831555,15.588898431062262,2.487173790351134,18,D06_px-1055_py-0118,0.8830391292910826,2.487173790351134,2.8925335953551112,2.027247238668532,3.715528030057504,2.2800362790027284
-425.8688178202065,26.25851590862934,55.45414532039479,1.3734490988818893,32.813771536734635,2.473032386055676,17,D06_px-1055_py-0118,0.8880830050551606,2.473032386055676,2.0874853998760075,2.1153739893338925,2.5697683499898094,1.7879863084955439
-474.8539286840983,32.606809131168134,59.57638296883886,1.3805591034716924,0.5780373766213529,2.4660537124717306,17,D06_px-1055_py-0118,0.8926803900235651,2.4660537124717306,3.1382140606388793,2.4910999902449964,3.3690476932864266,2.1507841259660276
-458.05094838606846,59.0764244600479,62.769259399339006,1.3646738955856146,8.952638233413325,2.4063477107731983,17,D06_px-1055_py-0118,0.8824088894875215,2.4063477107731983,2.644500333719486,2.8802254287154154,3.308989800289697,2.343238290604808
415.8879429835808,124.67598901004416,51.00759615060883,1.3919852475490249,28.858372041913924,-0.3157221543656738,9,D06_px-1055_py-0118,0.9000686247798815,0.3157221543656738,2.30536696194271,1.9505800632816586,2.751308240584649,2.3090821829463604
-396.6810630104341,152.18657741082683,59.59780193101159,1.3582523869835033,33.119253534704626,2.1682807862517506,17,D06_px-1055_py-0118,0.8782566914475699,2.1682807862517506,2.86877262235274,1.5244995903106076,3.2764517094111927,2.7530150271059055
-438.841845779732,164.04924765756382,49.23733824567512,1.4104986169606604,7.162664546954431,2.1768745963464946,17,D06_px-1055_py-0118,0.9120395152585795,2.1768745963464946,3.2120536177074523,2.2615217258756672,3.0328360845623212,1.6121594186117352
395.0187985886289,179.35663797435706,64.32422151526893,1.3465251871962334,26.41083108968195,-0.1807661896518792,9,D06_px-1055_py-0118,0.8706737916979983,0.1807661896518792,2.5773212348701984,1.5326051335673752,3.283622115468579,2.429962896862521
-388.2668092858057,181.29278633566085,54.72355944227235,1.3767942911610551,31.78943208677947,2.0977710854566034,16,D06_px-1055_py-0118,0.8902460327306583,2.0977710854566034,1.6895380532256445,1.9371955511058436,2.9268334143146704,2.0733475228235534
422.05219133966887,187.0218660630317,62.77814852354561,1.3645536611425926,9.085484301438498,-0.1898575679691123,9,D06_px-1055_py-0118,0.882331144949659,0.1898575679691123,2.1326593309954385,2.5573065115877864,3.680594762529788,1.016095960567376
-380.7974024660103,201.92501270157143,57.619250457010935,1.3679623848342135,29.61559485560059,2.0470446494944152,16,D06_px-1055_py-0118,0.8845352525368437,2.0470446494944152,2.498854258733113,2.3593987585818414,2.4600814266295767,1.260946099119748
411.3789632574752,227.88027040948123,58.78660621211691,1.3808024647104982,4.361318222805323,-0.1011145283594788,10,D06_px-1055_py-0118,0.8928377493173667,0.1011145283594788,1.9338320181001425,2.202430950295777,2.677161459931667,1.405224374665536
-314.0724673677968,241.55383229297053,51.05497789344588,1.375094624507775,53.089537088539885,1.8789982611451463,16,D06_px-1055_py-0118,0.8891470148855369,1.8789982611451463,2.577456170786091,1.889253364126505,2.880749944281842,2.1049686578566984
317.88847765931223,246.8667037242413,68.80144005390773,1.313633914569735,45.1313107547802,0.0533186027262324,10,D06_px-1055_py-0118,0.8494060357556712,0.0533186027262324,1.8865045508774638,2.723057934505617,2.400042453746579,1.998991499373563
336.6025015456183,248.9976401703285,54.488138484828255,1.3731941684388704,38.09450872093584,0.0299214412910976,10,D06_px-1055_py-0118,0.887918165022792,0.0299214412910976,1.860552937002421,2.5652716403977136,2.2430467413938544,1.7722799263296336
351.1636820739381,256.53555687784893,61.51117158447855,1.3565336727226254,26.35244800809471,0.0239437992783297,10,D06_px-1055_py-0118,0.877145357269351,0.0239437992783297,2.70513937776289,2.128012793968572,2.5734694050584688,2.1794657853592145
-367.4444661993882,274.0880687013952,55.44927970906235,1.3868085770390766,12.5619732101257,1.893721524494873,16,D06_px-1055_py-0118,0.8967213488550598,1.893721524494873,2.754349064774273,2.7280513872348804,2.630775515487921,2.2206400120578467
328.37196373695895,274.6936436101338,61.60612780937561,1.352925732102053,30.62964522827349,0.0896434934470811,10,D06_px-1055_py-0118,0.8748124344468109,0.0896434934470811,1.8862998133747118,2.062560433072914,2.7989019415274834,1.9379349226467322
-276.2850841952537,280.3375707505012,56.7544449069008,1.3524968661642824,53.58308353693696,1.7419345954051058,15,D06_px-1055_py-0118,0.8745351263535651,1.7419345954051058,2.7149691823646203,2.0560339411005844,3.0950742408754435,1.3633291679614459
399.08567938805794,291.6929249323649,61.83457377874274,1.3806749774438216,11.56115236290168,0.0241870591538287,10,D06_px-1055_py-0118,0.8927553150466038,0.0241870591538287,1.698928442543204,1.7905190109002656,3.5570209306771448,1.8186278660207305
-280.9860165019642,293.3702313239808,54.55707103232663,1.3670444513987074,46.0198914021542,1.7276563939682248,15,D06_px-1055_py-0118,0.8839417095475123,1.7276563939682248,3.3268121867304643,1.846571308926854,2.201359980961369,1.9439961486533348
-344.8953709816381,298.91943262846064,61.54021994487093,1.3662560427944963,12.664792444335774,1.82050568175396,16,D06_px-1055_py-0118,0.8834319183342746,1.82050568175396,2.30800510861583,1.6475205043423649,3.070968174874503,1.4107098364430573
-278.9068365152971,309.2163924984222,54.12568996156386,1.373431412571244,39.61364457353204,1.6977244484535294,15,D06_px-1055_py-0118,0.8880715689473943,1.6977244484535294,2.041075939817483,2.6224444516480903,3.2951375855793335,1.93623816329586
-333.4302391627937,334.4860633908377,60.650962804920056,1.3757402524298616,2.72221516486286,1.7476341864196194,15,D06_px-1055_py-0118,0.8895644829851272,1.7476341864196194,2.6304294484753923,2.7005817409614075,2.822651037254331,2.359362654493988
-228.2167616800172,336.4294311135385,57.70996695290003,1.355777033314948,45.17018766848969,1.5598640140104083,15,D06_px-1055_py-0118,0.8766561082688161,1.5598640140104083,3.0125240283680426,2.743011746059791,2.360250269095941,1.5036805355913159
194.72820315179,344.83667327290925,52.84775155573331,1.3683063563605895,52.862320277752815,0.4497600335805706,11,D06_px-1055_py-0118,0.8847576672350266,0.4497600335805706,2.066839525501888,1.7925111979677624,3.448232986890071,2.1818853574044295
323.1101402673322,352.31007998737243,45.49776474867031,1.425405543491041,1.6043599712941727,0.2216239834082334,11,D06_px-1055_py-0118,0.921678451364777,0.2216239834082334,2.39804993964394,1.6700553728549854,2.0788642392665047,1.2938247400286962
137.4404004497124,380.3208781177765,64.71442555104895,1.3293995186347491,44.93925029454249,0.6170399841050175,12,D06_px-1055_py-0118,0.8596001995189775,0.6170399841050175,1.9683437255272618,2.436682699125478,3.3311061836494025,1.8889554572541396
34.90902926235313,393.4241034349636,59.19572337488773,1.3441814749627878,52.17733368989235,0.8753172760487938,13,D06_px-1055_py-0118,0.8691583289080359,0.8753172760487938,2.969258093030332,1.4103843042910855,3.1758308661033934,1.641669052329742
-92.05506961623026,397.0959864581984,59.55963219645093,1.3496821390382816,44.07496893861071,1.191613717968294,14,D06_px-1055_py-0118,0.8727151016242147,1.191613717968294,1.8543924527790618,1.782431397746247,2.911856642141351,1.617738108562785
-40.84908971852629,399.9074632576449,62.23187581804899,1.3369829046711306,47.04281662972187,1.0656100967283026,13,D06_px-1055_py-0118,0.8645036766592411,1.0656100967283026,2.5668706036342037,2.104099456514724,2.464906780740555,2.3545051461242616
48.09256882999779,-463.36132504359176,58.90701414639946,1.3786569915246285,7.164465343621998,-2.0743555221301992,4,D06_px-1055_py-0118,0.8914504694569602,2.0743555221301992,2.9052039618414343,2.8871244321830716,2.2849381182287356,2.2134296733912167
101.3209816280916,-438.7803672644646,60.20881015542221,1.367933013794551,16.8034136849235,-1.9508385877293697,4,D06_px-1055_py-0118,0.8845162609912622,1.9508385877293697,2.7840670925047206,2.635354529970006,2.03203454993062,2.4198114077565993
-90.35319165387357,-429.4732478984924,61.47065127765731,1.3585581092849426,23.827550525393804,-2.38513333444296,3,D06_px-1055_py-0118,0.8784543738956458,2.38513333444296,3.348309868851714,1.340230868613208,2.956522795265004,3.011988825724239
-100.61099656965771,-411.7946660009536,63.71178326066371,1.3435644456063536,32.834145962313016,-2.4174045699156244,3,D06_px-1055_py-0118,0.8687593528662477,2.4174045699156244,2.6576762450230498,2.1434475407287117,2.179638860369214,1.3561171747242806
20.125774003151683,-410.63785545851,62.80459500837165,1.339968860166619,41.12803151737705,-2.128804039890276,4,D06_px-1055_py-0118,0.8664344190009509,2.128804039890276,2.7905586082140728,1.9139141000340332,3.139496647983613,2.0792273897016997
-89.76179933693541,-405.0843560475331,56.71967591750089,1.3635043248453114,40.0523173381751,-2.3958402693872496,3,D06_px-1055_py-0118,0.8816526358349335,2.3958402693872496,1.4493946512003975,2.3076498322214762,2.181526937541703,2.250303591259748
192.644247124984,-404.9228969310147,58.69378421725997,1.3720812944137797,18.32440363875338,-1.733711379524268,5,D06_px-1055_py-0118,0.8871985719128217,1.733711379524268,2.956314559943796,1.8141980799710282,3.284589779336361,1.697942054687156
42.19680546148136,-403.30258181171337,59.409445850973896,1.349104635816959,45.45385624415053,-2.073527004267883,4,D06_px-1055_py-0118,0.87234168349271,2.073527004267883,2.5404204242601147,1.7020666018252806,2.8896877358574464,2.2879724654307054
119.9290991627593,-375.662889592938,64.92184365472505,1.3227310332675684,51.22762713294054,-1.8687564840922688,4,D06_px-1055_py-0118,0.8552883043574652,1.8687564840922688,3.159865865342331,1.554828973113958,1.8673994234900135,3.2557899109238964
220.71203782356807,-370.3606189681366,59.61324260097311,1.361198664112578,29.13320359534692,-1.64034833418527,5,D06_px-1055_py-0118,0.8801617774450372,1.64034833418527,2.5941501760120964,2.0773928249988485,2.8708120032771864,2.129761936825868
-242.2332567894328,-367.0056482456252,54.77322570012251,1.3814630043636706,24.613011444568546,-2.7611669512485344,2,D06_px-1055_py-0118,0.8932648594597267,2.7611669512485344,2.5382022780215014,2.4806889051994476,3.429481849246071,1.9543261531224965
199.012854961178,-357.42202598242284,62.78114726091931,1.3389429861814626,42.423017660033,-1.6697263346998752,5,D06_px-1055_py-0118,0.8657710808020418,1.6697263346998752,2.5182972320199486,1.3185302103854566,2.008914022836811,2.2755436610630957
-234.2162363153849,-342.23411614898686,62.38698053009085,1.3433600080684711,38.95942692896318,-2.7779376202790487,2,D06_px-1055_py-0118,0.8686271619440384,2.7779376202790487,2.1806936050826704,2.1103874868056307,2.4127360188811786,1.8730081623985089
-292.92807876276305,-340.4291344479874,61.57279663793878,1.362920343793307,17.30016923156211,-2.888315328786661,1,D06_px-1055_py-0118,0.8812750290870887,2.888315328786661,3.386413791873867,3.8558016164160596,2.9183110012094096,2.335299060442463
270.9934089419249,-331.20100949824325,39.330384116377104,1.430332716882428,34.716936042598434,-1.492026878810602,5,D06_px-1055_py-0118,0.9248644004876189,1.492026878810602,1.6650447748998545,2.287699355032238,4.174778820893789,1.7902666199204287
-245.35613914895129,-322.8390565493193,57.2908108269946,1.3567614876816951,45.91871624335965,-2.8276432768232107,1,D06_px-1055_py-0118,0.8772926642162279,2.8276432768232107,2.564840982892589,2.4206324039655085,2.979172840641284,2.470312866286163
242.6386473737718,-315.649694419182,58.85628679840133,1.3471672819031542,50.250229028342005,-1.5224163096525496,5,D06_px-1055_py-0118,0.8710889751928337,1.5224163096525496,1.2780662653465071,2.0700981110946075,3.5719576092349756,1.817160907772419
331.14744380118367,-314.70826211349623,55.74583846368171,1.3852244127111342,13.51260255577563,-1.366929854864988,6,D06_px-1055_py-0118,0.8956970157232346,1.366929854864988,2.2668491255371177,2.0547162698213883,3.8377412264076574,1.6327880653339162
267.3478205221695,-298.5292698286693,59.60717134642195,1.3458360589799845,48.4281980614187,-1.447424892218497,6,D06_px-1055_py-0118,0.8702281959655807,1.447424892218497,2.8015217143866464,2.8239687931190263,3.2954246697941176,2.5966114738806656
-383.4183769578191,-275.82124699254825,60.06669149910641,1.3775854791825626,2.814431219608992,-3.124961469928325,1,D06_px-1055_py-0118,0.8907576211370113,3.124961469928325,1.6596145421726374,2.1867729864009355,2.874411695919247,1.4745603282580277
-305.62073289014114,-267.44375039784785,58.73677796671558,1.351854555227647,45.21272422837336,-3.0296947293439915,1,D06_px-1055_py-0118,0.8741198030428933,3.0296947293439915,2.12591614218752,1.7958931106606053,3.0737494607845655,2.780317721802784
-380.9511746017196,-231.43335560643064,60.889858590625465,1.363651453922943,19.58296684257573,3.080539663761286,19,D06_px-1055_py-0118,0.8817477706553651,3.080539663761286,3.33708813081659,2.3304810960580484,2.7397434564580743,2.104563615144698
416.99091931583706,-199.4714011319525,51.05338221087345,1.4024859707443469,10.878183691109824,-1.0531650226892362,7,D06_px-1055_py-0118,0.9068584751049833,1.0531650226892362,3.3107293352470535,2.382521125174587,2.400851096449272,1.9470251073830505
349.57979632105537,-169.8027257783669,58.72166625697929,1.3423967394017269,56.29429648186152,-1.059149190029229,7,D06_px-1055_py-0118,0.8680043048371139,1.059149190029229,2.5316342542233157,1.014976534758081,3.3052109112421912,1.1313159089930918
-434.4845691878732,-105.05521203884882,55.344825968625145,1.382570324065736,19.86656203667235,2.771852508354577,18,D06_px-1055_py-0118,0.8939808611006812,2.771852508354577,2.3754344082275085,2.898912410229295,3.8904399086823336,1.7650722430110797
-385.0585141236168,-78.91333858892179,55.472540001119626,1.3569926597508313,54.20107876493245,2.736752758771753,18,D06_px-1055_py-0118,0.8774421418969154,2.736752758771753,3.4675640109278505,2.6219445872857348,2.0751322444183242,2.8520489622160197
416.4237710142687,-82.06685390358993,48.77126448186522,1.3958209348869948,35.48436309161218,-0.8015613380393689,8,D06_px-1055_py-0118,0.9025488104236956,0.8015613380393689,3.4735352977916283,2.5037172598684023,3.1990141309657747,2.283080231517639
-401.881310972829,-72.91885103800907,49.31050472934419,1.3871536454367497,45.61536525484928,2.7141041450760053,18,D06_px-1055_py-0118,0.8969444727988628,2.7141041450760053,3.208752000238142,2.178148869076183,2.922580996266226,2.7408228514423434
-425.8991567011332,-62.86313668957405,57.56954643359566,1.3678995167211092,29.949663362904914,2.681156026520965,18,D06_px-1055_py-0118,0.8844946015197414,2.681156026520965,2.930891162261494,2.2196507557220944,2.6278206569955813,1.5962245202722114
-478.5290494995645,62.66031762591165,50.674119353230026,1.4106424866677294,2.121796507883971,2.404410309287964,17,D06_px-1055_py-0118,0.9121325425443335,2.404410309287964,3.034741142714066,1.3839179306466267,2.7375671910558497,2.396004316539736
-416.8501219333164,85.83402089584813,62.664820983967246,1.3480321760900271,31.99808946998285,2.3315404329981426,17,D06_px-1055_py-0118,0.871648222586245,2.3315404329981426,2.7166848134863804,2.419796473403064,3.183266026976929,1.605413750684306
-365.2308048411673,141.19918435661623,53.74294802222062,1.3627018377624025,55.5082585658202,2.1657092972388607,17,D06_px-1055_py-0118,0.8811337413664834,2.1657092972388607,2.2624331232293216,1.934314755540667,3.673099665158647,1.8472375100424903
386.6412896970514,193.739121243421,50.77898903801628,1.3920813725909698,29.99177278511479,-0.1424664276944516,10,D06_px-1055_py-0118,0.9001307799891142,0.1424664276944516,1.1065590005319286,0.9038121379000026,2.8323616447591338,1.9663552530804935
-421.5202377928853,201.1464907587131,59.255819559779866,1.3780329561220552,6.330014576719009,2.089377046575133,16,D06_px-1055_py-0118,0.8910469632505567,2.089377046575133,3.1941897478788985,1.8550800396750342,1.8770845192076961,2.285496193030405
382.4665094038591,255.8236949999961,52.31986291799507,1.3976180165626444,12.01291389259802,-0.0174470955947532,10,D06_px-1055_py-0118,0.9037108175895525,0.0174470955947532,2.2641185046504413,2.9224466486144904,3.003213108936203,2.3832222859367134
376.158745976829,269.7193984530504,64.38262220123366,1.3599821918013513,7.970046898931287,0.0150887843876257,10,D06_px-1055_py-0118,0.8793751968672786,0.0150887843876257,1.6503077330769156,1.451110621807676,2.2429228334233446,2.0651584603473445
-289.6906877255817,280.37410445301896,55.61510540126207,1.3616667474831137,47.75938903835311,1.7655565287623909,15,D06_px-1055_py-0118,0.8804644438391979,1.7655565287623909,2.7884333732290982,2.6638931469743587,1.9621089349922551,2.802496347399488
-351.24262781183216,286.96855574203323,53.12959514993975,1.392498563703629,16.07680085265372,1.8495862582653808,16,D06_px-1055_py-0118,0.9004005390484884,1.8495862582653808,2.699556753714237,2.606575952273511,2.389185752434098,1.8963019894458613
-208.38932625342312,320.27210121119526,68.69941826056251,1.3009369417373349,57.9526993357236,1.540658218579576,15,D06_px-1055_py-0118,0.8411960731168799,1.540658218579576,2.6503326908440323,1.6171691931223156,2.9096632832594933,2.78830346432318
353.8561742105195,328.2280686729767,43.05843819595003,1.4343975400154252,1.0175995640403812,0.1408630717137081,10,D06_px-1055_py-0118,0.9274927471412434,0.1408630717137081,1.5641250734672834,2.6856316075784727,2.732271934056743,1.0206629541181016
214.6369674012184,364.42863317877374,65.23642607308798,1.337805078269308,33.09932295966337,0.4315482179135973,11,D06_px-1055_py-0118,0.8650353005835212,0.4315482179135973,2.933677311755372,2.7491033329883012,2.5904542791717686,1.8069126104625877
-238.0758486133175,369.0893784561775,66.17140461386049,1.3430345055582662,22.587759042897915,1.536694297684063,15,D06_px-1055_py-0118,0.8684166894571795,1.536694297684063,2.808900966208517,2.0400425327364076,2.219557317375533,1.8662660072659594
-209.03064558335075,373.8578845579949,39.75426385858833,1.428965815661028,34.407792443838105,1.4736333718943446,14,D06_px-1055_py-0118,0.9239805513917166,1.4736333718943446,2.951629677245738,1.5612746867760101,2.7891442652120966,2.17277588389514
-158.60638054751445,378.1183558658701,54.45870496212521,1.3692408433233592,43.61364545531035,1.3609875933230977,14,D06_px-1055_py-0118,0.8853619138654674,1.3609875933230977,2.9880012788310895,2.9793985630908075,3.2508286256912173,2.821597323151366
58.916663140184845,392.5054344751433,53.79817906982959,1.36521167174379,52.10758698842994,0.8148250691331863,12,D06_px-1055_py-0118,0.8827566197870923,0.8148250691331863,3.2995122416393228,2.348686892902645,2.8916743794398814,2.1690795180817988
137.37474980282914,395.673626960435,54.43636704443878,1.3734474591586388,38.00697408025292,0.6296456495367265,12,D06_px-1055_py-0118,0.8880819447971918,0.6296456495367265,2.658683859075614,2.2940901819603345,2.7441762536026575,2.7037273586221042
237.78558276410885,391.8594625993493,54.46629298048799,1.389980550439777,12.77087696978714,0.4184024787881116,11,D06_px-1055_py-0118,0.8987723718394154,0.4184024787881116,1.7149244573105746,3.038877770452874,1.7497009904883318,1.9848959436974802
242.13609816668813,402.5900430461379,60.78695615093102,1.3743032858926163,4.284850237727483,0.4223348705536976,11,D06_px-1055_py-0118,0.8886353291041429,0.4223348705536976,1.8592577115439946,2.3731503810770933,2.702085094423536,2.1756977099580563
243.94804833415324,411.0110642505942,66.38379009975958,1.36028311498842,2.03995078688422,0.4281670578032405,11,D06_px-1055_py-0118,0.8795697761702032,0.4281670578032405,2.928512203838995,1.8639208958484288,2.3223365259709725,1.8106295215819115
-204.0382417617577,414.7940618653876,60.87712169521359,1.3708959428969631,9.068874733702728,1.4209654561886595,14,D06_px-1055_py-0118,0.8864321142858458,1.4209654561886595,3.337540166318399,1.8981762013825825,3.755583158173393,1.5955705496346342
197.9217699554577,418.6888626568661,59.71184221515711,1.3749754154814078,8.755454358675877,0.5222319957486933,12,D06_px-1055_py-0118,0.8890699333901599,0.5222319957486933,2.9065600593518868,2.200407527431114,2.834048239584039,2.8049474631257283
67.99102516132551,-462.959099100139,37.33910234291295,1.44864266133644,9.209175108752843,-2.0319564200176976,4,D06_px-1055_py-0118,0.9367037547864784,2.0319564200176976,2.439134324625735,1.2664798358948577,3.445490311301292,2.1119584448945
123.96067893050932,-430.14540849247817,55.760720853176736,1.3814565082067518,19.37611934959557,-1.8971951130064504,4,D06_px-1055_py-0118,0.8932606589934972,1.8971951130064504,2.1312481173479174,2.194710575431264,2.217536702709795,2.1986973069222127
135.76302397804486,-415.7182754648287,36.75251649745786,1.4422183158116055,29.01650145583181,-1.862120459590709,4,D06_px-1055_py-0118,0.9325497223699495,1.862120459590709,2.8665280417271544,2.8391843343855947,3.3224101359595495,2.503747284423225
-113.43661354905214,-421.10968582897016,59.17622798342569,1.3650012797560354,26.05478964670669,-2.4409054931332115,3,D06_px-1055_py-0118,0.8826205786706965,2.4409054931332115,2.9138377695511584,2.6321436718562974,2.8273305876584214,1.795405376661507
-133.03046870871842,-418.3615864528965,56.337709566559454,1.3758708091207157,24.78374137314978,-2.485645041953496,2,D06_px-1055_py-0118,0.8896489019697391,2.485645041953496,2.075018198813884,1.8323928036727413,2.92302977949575,2.8358273834497467
-47.851995262708,-417.4308197261521,59.11906727968491,1.3576169563460772,36.21143441852786,-2.291912193014831,3,D06_px-1055_py-0118,0.8778458169925581,2.291912193014831,2.7860935133679385,2.6066535789896825,2.15902024315336,1.2871829045965968
120.68443697766068,-409.9186688796203,60.96819124625125,1.354719438229144,31.276528952047045,-1.8914547294437905,4,D06_px-1055_py-0118,0.875972258956383,1.8914547294437905,2.907948758089739,2.2151936902976583,2.829315873596287,2.473496832144659
211.8899913294184,-401.6363930663752,58.84291986476242,1.374021147217317,14.669040823547675,-1.6923188619011436,5,D06_px-1055_py-0118,0.8884528960144811,1.6923188619011436,2.2424265060895916,1.7346606043197335,3.275098864243942,1.2702871282429604
2.8462926631819894,-402.524881307245,63.353272745728674,1.333236480151743,46.43548830032057,-2.170704879024317,3,D06_px-1055_py-0118,0.8620812090569844,2.170704879024317,2.279876450475821,2.549445743040729,2.8272879761525993,2.0969262698171365
-240.98163572190305,-393.7640560049367,60.726290607345874,1.371121692535911,9.487318700991692,-2.726968562744484,2,D06_px-1055_py-0118,0.8865780857804649,2.726968562744484,3.5081656565841812,1.916377757690032,2.1822051719377775,2.4671802221987926
-99.69254968600632,-397.1736920670797,65.14829895751043,1.3307546975383484,41.6157083905386,-2.4237001023011007,3,D06_px-1055_py-0118,0.8604764688718611,2.4237001023011007,2.2033217339941693,2.0022304564007447,2.8645706342091137,2.6465054697806645
-207.77264743988425,-387.19606561991736,60.99601425405058,1.3604025947978065,23.5802813799541,-2.670279481330241,2,D06_px-1055_py-0118,0.8796470327560131,2.670279481330241,2.780293172013806,2.4869104401853903,2.7173640379767514,0.33606050968653967
-260.1088603470461,-375.4925806278061,58.74493535018118,1.3754643347752122,12.978826282546436,-2.783594941179876,2,D06_px-1055_py-0118,0.8893860724564164,2.783594941179876,2.159031244881321,3.1584353394013513,2.5760491739701936,0.8959479118779266
134.8016871951517,-358.3166223414556,64.58015090780373,1.3168758360977455,58.55797739767428,-1.817946278284184,5,D06_px-1055_py-0118,0.8515022877500787,1.817946278284184,3.235411880361098,2.0183102835843174,3.28071039799513,0.8472212091526928
258.07486013988705,-354.2610293102824,53.65392696778022,1.3846462672526698,25.74308416883224,-1.5481852671343617,5,D06_px-1055_py-0118,0.8953231823161356,1.5481852671343617,3.0972176277643486,1.9144410618969472,3.13368668121381,2.068117234312245
-227.9493578870131,-355.7266078859616,59.55290996072091,1.3572486391454082,34.63893729350514,-2.747655877405502,2,D06_px-1055_py-0118,0.8776076601896232,2.747655877405502,2.788128147476833,2.8412188859615415,2.3767555540778145,2.6488653183381086
-336.84674158509523,-328.728632552168,53.963261291384896,1.396203731989046,4.986980028346636,-2.975370546728504,1,D06_px-1055_py-0118,0.9027963300449126,2.975370546728504,3.280236796896599,3.3270106163245705,3.7459595254582347,2.64452229676648
205.08013571185992,-313.0509729306061,70.13861903915807,1.290080737652229,62.4754520437476,-1.5978227607214546,5,D06_px-1055_py-0118,0.8341763660485644,1.5978227607214546,2.7506510139779268,1.2103707762420104,2.324715240775733,1.5155642569311865
-336.4986286169338,-293.205657659507,58.51084398804565,1.3717794162938748,19.694750950524053,-3.031817277593646,1,D06_px-1055_py-0118,0.8870033751428039,3.031817277593646,3.41907871754287,3.2286548637152572,3.3266422315990964,1.6946650260412133
347.0561826784289,-266.87164205231346,55.71243682469506,1.3774638430733348,25.67181674493719,-1.2625037926816596,6,D06_px-1055_py-0118,0.8906789702707403,1.2625037926816596,2.8281440362831134,1.9788964313473136,3.6760478895387507,2.432485446011899
323.4942658230742,-260.10037079222394,53.96625912060287,1.3733850968178305,40.49043968485148,-1.2841753611127542,6,D06_px-1055_py-0118,0.8880416208164397,1.2841753611127542,3.78210863187614,2.6394197686052525,3.627516043573367,2.805967710086429
398.2757676536273,-246.31844219032936,60.078026094569566,1.375928506093742,5.382576849593932,-1.1608635694082523,6,D06_px-1055_py-0118,0.8896862092869375,1.1608635694082523,3.3114933602488064,2.2220142298063252,3.1705990345403783,2.2740619494639773
-348.51314464913526,-243.63773474909635,59.575010174242806,1.3585046767221836,32.89673753501268,-3.138465545847236,1,D06_px-1055_py-0118,0.8784198239797142,3.138465545847236,2.3300187300004707,2.6444403354182375,3.0871320348308364,2.259756625583279
-408.0754514824831,-241.21972547677933,55.06865561959009,1.3939417726276198,2.636540195363125,3.0684742905446,19,D06_px-1055_py-0118,0.9013337293059094,3.0684742905446,2.416808605399784,3.660029323420534,2.090677294911674,3.209832617100483
-411.0875077176773,-220.8247755518452,52.77041362286951,1.398543543039994,7.769164324779581,3.0275544096115863,19,D06_px-1055_py-0118,0.9043092702995451,3.0275544096115863,2.395944918583373,2.682882358807215,2.4727991014014963,2.192099737096013
403.6888618586922,-225.35510990217955,62.085540477996375,1.367065427953022,8.782634395136597,-1.1161267162204815,7,D06_px-1055_py-0118,0.8839552731527501,1.1161267162204815,2.575687535232806,2.137320470020452,2.333002731146916,1.8129284644768506
-368.5157001053633,-200.10500417106115,53.592712630738106,1.3766534580187588,37.85432234391476,3.0320682236696497,19,D06_px-1055_py-0118,0.8901549689116033,3.0320682236696497,2.4331178438604875,3.130821207053904,2.9199658326318976,1.7155073840418118
379.4804938075296,-155.68756129358286,57.27666158396463,1.3591828792594796,42.946746008595824,-0.9963035980332462,7,D06_px-1055_py-0118,0.8788583550820668,0.9963035980332462,2.1349676069746666,2.9867920175727694,2.9491438847526865,2.6182165872267613
444.8189751253004,-145.48794601166475,52.43035983774109,1.400120857177671,6.954081253983304,-0.9230845730176788,7,D06_px-1055_py-0118,0.9053291740443906,0.9230845730176788,3.476157770681361,1.888302223505817,3.5242815085594827,2.254071347253576
358.7878858128269,-139.09691713704635,60.782262707241216,1.332409344054738,58.23975416417306,-0.976825229231982,7,D06_px-1055_py-0118,0.8615463763418763,0.976825229231982,3.069294580800152,2.4759628870560992,2.8044119072117413,2.42959357079011
-451.2707734427152,-134.31411608586927,60.375111666301706,1.376020664004339,3.702681932037251,2.8238990654761325,19,D06_px-1055_py-0118,0.8897457993177943,2.8238990654761325,3.1935086841615843,3.0574192297364613,2.739693626804578,2.6257117315761938
442.2859703058008,-135.18903708610677,62.19615208860799,1.366778956059063,8.661585650834013,-0.9036206724013156,7,D06_px-1055_py-0118,0.8837700381697733,0.9036206724013156,2.7862687478348986,2.1433278151343726,3.4449334437984014,2.2991464706679263
-387.3099451595322,-116.56953625252824,59.48354053619059,1.348289164345855,46.09201261135991,2.82696162762463,19,D06_px-1055_py-0118,0.8718143932165838,2.82696162762463,3.1068874906961716,2.9259343912190006,3.4552180594906736,1.6739153006202656
-447.5264656990018,-114.35096370404354,53.79925990408498,1.3934894128311357,10.623719227265326,2.7847781983609194,18,D06_px-1055_py-0118,0.9010412298985744,2.7847781983609194,3.130555918083166,2.6368261064878893,2.6147383098073917,2.207632393444871
-383.7697121523799,-101.64255598252932,62.19750888612694,1.3342797183958328,50.2028893812037,2.793521484209782,18,D06_px-1055_py-0118,0.8627557751224862,2.793521484209782,2.802452473729955,2.7847078784108437,2.883991517627683,1.8085868429249112
-384.5462583141211,-46.700968275447394,58.09548581190958,1.3440361804460568,57.23706756069265,2.6554656447738965,18,D06_px-1055_py-0118,0.8690643803291322,2.6554656447738965,2.64518973893125,2.1300833197712534,2.604477049746105,1.8304970676471322
-432.1836110499252,-9.841897010653437,61.679235939161714,1.35471805636358,27.96189093333186,2.557381676595195,18,D06_px-1055_py-0118,0.8759713654312252,2.557381676595195,2.163241992952729,1.7845943369834836,3.4291985034687458,2.0416993330155604
-401.01256061264166,-10.717437839728674,64.43447472958545,1.3285386543313231,47.04938106058569,2.5613327017624865,18,D06_px-1055_py-0118,0.8590435578799436,2.5613327017624865,2.5091381603806595,2.7316354288422966,2.1455916927087157,1.7993398573721628
-397.032316334184,12.827553346521478,65.2797236533116,1.323164701331013,49.31400581486764,2.502315768902731,18,D06_px-1055_py-0118,0.8555687175429949,2.502315768902731,1.6205902092600923,2.4868820084722816,2.684834893911192,1.9528255643753432
-477.2403457461148,17.56896109029771,58.080008280997305,1.3858313711498318,0.1592161812740755,2.4978160844882087,18,D06_px-1055_py-0118,0.8960894798302925,2.4978160844882087,2.390442136162657,2.058604500804084,3.339792615312727,1.8240510739542954
-411.47653333724486,28.553937700464143,56.09839265045446,1.3645302445845886,41.734741242666416,2.4653303474422006,17,D06_px-1055_py-0118,0.8823160036188175,2.4653303474422006,3.087382342463008,2.003048680069916,3.1654977521171945,2.662766719652093
430.0466063154933,113.86245083896614,57.42468403883805,1.3747569988064323,20.83488780235268,-0.3481508710054171,9,D06_px-1055_py-0118,0.8889287034478023,0.3481508710054171,2.8966876633548697,2.194305184233218,1.779351943313963,1.7093478337761174
340.66858185694275,227.61094452453807,58.088764821922894,1.3560364238019271,43.071100153961424,-0.0179644442834085,10,D06_px-1055_py-0118,0.8768238322007381,0.0179644442834085,2.0428240492035075,1.7770840770999066,2.877279518243475,3.3522214445535305
325.97390587974763,237.4148536897452,60.14229568560231,1.3452577988965264,46.7088161020414,0.022504470368128,10,D06_px-1055_py-0118,0.8698542884410579,0.022504470368128,1.0413224859739243,2.6800133611315604,3.3722376360300714,2.189366355515184
-310.08241387173285,266.1274204382132,61.82017350026232,1.3421168817530005,42.93776171648631,1.825350469951912,16,D06_px-1055_py-0118,0.8678233466772004,1.825350469951912,2.790165410998215,2.5049488917501415,3.0019339195437946,2.1674571583731135
297.18785321735,326.9443443236731,62.58777687424649,1.356219143103754,21.71393686401734,0.2260591408328413,11,D06_px-1055_py-0118,0.8769419799404542,0.2260591408328413,1.6690041202228711,1.9409508268741251,3.94744223852961,2.323569093149993
-260.6713148947332,344.89062013235593,59.49520726821714,1.362155875329327,28.40785675742933,1.6110250881862176,15,D06_px-1055_py-0118,0.8807807177570846,1.6110250881862176,2.194813179490878,1.7278203965194066,3.3539958225291864,2.553179270981186
-197.5923102507357,359.9374864811957,61.099957057123646,1.3457449189775392,41.84516892747047,1.4658633847321645,14,D06_px-1055_py-0118,0.8701692641221521,1.4658633847321645,3.119523758160214,1.6628497974646808,2.784155793862523,2.4069748236106205
299.02539565323787,365.1063546432613,51.98536285262583,1.4029226866572515,4.514998671258354,0.2775919861917514,11,D06_px-1055_py-0118,0.9071408590539797,0.2775919861917514,2.882674624288756,1.587386529268481,2.6243731669310026,2.874771464782283
-133.07874931109382,372.446266004195,53.9870995786782,1.3638029135572065,52.956498050388745,1.306988900934421,14,D06_px-1055_py-0118,0.8818457056478237,1.306988900934421,2.755677370860311,2.284227635190783,3.0025165789354125,2.091121461656444
117.13341046077508,373.24534785923714,62.53966945404318,1.3296310116590428,53.79017510122264,0.6597260230321998,12,D06_px-1055_py-0118,0.8597498847317979,0.6597260230321998,2.801605849153203,1.7346162132426481,2.716126345533171,2.1962501863744976
219.81623448606496,375.33200298493335,61.17634966880559,1.3577014077403593,26.374619658624965,0.4340095472093409,11,D06_px-1055_py-0118,0.8779004239292668,0.4340095472093409,3.259246087613183,1.6430763830498252,2.2162699246526087,1.1865847266957057
0.3268957713209356,380.7648731960241,66.68211492199069,1.3076198752767945,59.32105106082042,0.9629582712000174,13,D06_px-1055_py-0118,0.8455173105803861,0.9629582712000174,3.2491138166983022,2.400107366645014,2.917691832814592,1.7858017178966656
-214.80263104430315,387.79733150394,61.072496900976006,1.361942903481861,21.089170930589603,1.469652648993565,14,D06_px-1055_py-0118,0.8806430084830796,1.469652648993565,2.4767448376892136,1.2939863181301967,3.52908489799193,2.2090858355553866
-132.3935184335374,390.9022547532402,58.32930925626954,1.3566962549775363,41.11185360809105,1.2903779008539944,14,D06_px-1055_py-0118,0.8772504842359254,1.2903779008539944,2.5724767438966847,0.9560003846219549,2.4321583427541187,2.2810641622801042
105.5771630862606,395.203368268864,51.09470304317989,1.3809463199064191,44.88839116535775,0.7027665587769915,12,D06_px-1055_py-0118,0.8929307672200981,0.7027665587769915,3.0071069122737075,2.282662491921207,2.824200537267727,2.2734071098207256
-253.8820425220981,395.12424977489866,58.67618050970103,1.3809064491985712,4.777948535287578,1.5349278803261153,15,D06_px-1055_py-0118,0.8929049865063694,1.5349278803261153,1.4214384947218979,1.6111675640967038,2.413504967739385,2.538497497245503
-163.53473232977575,409.80326629900674,59.39538924613274,1.366585080600764,22.759791549923875,1.34350970375257,14,D06_px-1055_py-0118,0.8836446767714129,1.34350970375257,3.2224572450202933,1.704575857599827,3.254324497539765,2.510875669458289
180.07509181131232,423.10775762448463,59.02223448937917,1.3758345592002204,10.980022753295316,0.5614371911398669,12,D06_px-1055_py-0118,0.889625462485631,0.5614371911398669,2.679346746952766,2.445710012368221,3.3412505272007644,0.8569026940583662
-167.1955264802415,-456.41663661076507,57.03861414229999,1.3921894713285667,5.413248044354759,-2.5289169367875712,2,D06_px-1055_py-0118,0.9002006774842641,2.5289169367875712,3.0443376264229816,2.0086403957809678,3.065428624821612,2.006538492013115
51.290861859157005,-427.79629212075184,54.97832482786373,1.3769515870354276,30.239450818971022,-2.058449923904432,4,D06_px-1055_py-0118,0.8903477414819394,2.058449923904432,2.6712020121580395,1.5312294833972095,3.0375534684720487,2.365078995949948
-64.47709973603887,-421.72944025120665,54.89072870398181,1.375381946084976,32.95414474092718,-2.329488424752827,3,D06_px-1055_py-0118,0.8893327992803904,2.329488424752827,3.185131781400923,2.369432023436067,3.2168884862809195,2.205848757388093
110.2366988342768,-421.0978388169687,62.54790253119469,1.3532290313343398,25.87562503032285,-1.92173744015478,4,D06_px-1055_py-0118,0.875008550119288,1.92173744015478,3.4930926284300448,1.8078822862297914,3.603851754628664,1.9629307695955989
-184.8602904382861,-410.87755267679626,51.14024519357065,1.3979138533412714,18.35588308436229,-2.600559736714572,2,D06_px-1055_py-0118,0.9039021079807165,2.600559736714572,3.050377216380622,1.6248732771625916,2.0355769482342128,2.203813348343453
-19.396722244704364,-409.9908678941876,57.8570296138605,1.3572412853645774,42.65033571292861,-2.225050741080376,3,D06_px-1055_py-0118,0.8776029051770173,2.225050741080376,2.3598763060714427,1.9674507369850662,2.4773209065155775,1.8402986113010786
-173.08393437443192,-405.291841512278,47.83341201930881,1.405340142910965,25.22043208748903,-2.5813900510270797,2,D06_px-1055_py-0118,0.9087040053082786,2.5813900510270797,2.3921961124043642,1.7358952297796555,2.5398522760859144,1.9271056064253034
106.87141208112304,-371.1303517520281,59.70634764153277,1.3372961684541145,57.60392087774977,-1.8973994255975897,4,D06_px-1055_py-0118,0.8647062354886829,1.8973994255975897,2.133515833446433,1.8549710863577906,2.6164088091878397,2.001922869977981
120.78330791128336,-357.629768714495,62.00670367082989,1.3232609205017754,62.5710400064936,-1.8520710119398625,4,D06_px-1055_py-0118,0.8556309336166624,1.8520710119398625,1.785343807052119,2.7455418273556145,2.7232238909361453,1.3992123655069584
216.0532859388288,-342.8513344942764,44.11099626943087,1.4048753369392335,48.564706003086656,-1.6154702224954485,5,D06_px-1055_py-0118,0.9084034581059985,1.6154702224954485,2.6805503619756523,1.8702635870751632,2.7550771946757804,2.413661487695578
-220.348624983572,-346.9413378882896,63.761953124624256,1.3365053581903346,40.98946902276919,-2.7436178451479125,2,D06_px-1055_py-0118,0.8641948913434517,2.7436178451479125,2.856312841856525,2.2938254762046126,2.000802928288585,2.433848215035216
202.21485242660168,-335.7831394587161,52.82015035046521,1.3663763049799995,55.44519673163688,-1.6357266308321967,5,D06_px-1055_py-0118,0.883509680810644,1.6357266308321967,2.5427169657540927,2.034153435103559,2.2835926943942257,1.5830516743216854
186.6482375864504,-330.85528782882807,56.28649175983,1.346668891913387,62.392835759071374,-1.664142520331998,5,D06_px-1055_py-0118,0.8707667122999734,1.664142520331998,2.5362672239365285,2.3270790877386327,3.1200225668232164,1.993326239983681
-319.88599593191896,-327.00784848779483,53.1917242485637,1.3937786374550185,13.580635464049408,-2.952165160365304,1,D06_px-1055_py-0118,0.9012282448184014,2.952165160365304,2.686537857963835,3.2777170634456043,3.4408034802893726,1.9872741701642327
-261.3883052365077,-321.05531461549907,61.62304395812279,1.3456836946501518,39.57496318074772,-2.861087593076273,1,D06_px-1055_py-0118,0.8701296759898414,2.861087593076273,1.766253281004175,2.1405488053096384,2.823017312821685,1.253912250559638
-272.6717667946523,-279.49779427295965,63.47530679908422,1.325730532398477,54.01967665736248,-2.950812457273528,1,D06_px-1055_py-0118,0.8572278041205116,2.950812457273528,2.946818855269606,2.8366379041340233,2.595849793461803,1.8682649805979967
344.1379755011973,-249.34609330402367,46.90339744172928,1.402604711450459,35.45592354672465,-1.233994459000907,6,D06_px-1055_py-0118,0.9069352537807946,1.233994459000907,3.090235527732868,1.7495956748829997,3.0431691324279893,1.6976475741386574
-365.1188153126212,-240.52533361785785,56.48099350981303,1.3746124135408273,25.890596329622213,3.117121241971053,19,D06_px-1055_py-0118,0.8888352134762629,3.117121241971053,3.1746351465115668,2.5366800270537344,2.959985725923233,2.4925825878661416
-424.9067899539981,-220.40833862072265,54.23053240290719,1.398231381010088,0.1828403541926491,3.01312560612004,19,D06_px-1055_py-0118,0.9041074238723213,3.01312560612004,1.818807053592839,3.189986107418936,2.7627650928927614,2.027721442758322
-408.5230873762833,-206.81011131524025,58.33160198228154,1.3772606862535448,12.354301331771808,3.0032390594682816,19,D06_px-1055_py-0118,0.8905476074709369,3.0032390594682816,2.465682243046712,2.7472309532153223,2.164259310557587,2.0379926961115746
-355.35041548939904,-211.02697728749573,46.11334576735612,1.4007962260122175,43.07811103427736,3.070502729158106,19,D06_px-1055_py-0118,0.9057658728522262,3.070502729158106,2.6869250666286524,2.1714779003987585,2.857239341259098,2.2056766919273216
-351.2917879635884,-177.2973324864623,63.02397972115665,1.329203510390314,52.220212367766806,3.0020144904581456,19,D06_px-1055_py-0118,0.859473459044303,3.0020144904581456,2.88542529743563,2.648375609891278,2.89007502456073,1.7734052010032952
382.6912827076528,-175.44975915129217,58.997064928136666,1.3584499447822287,35.71078899558199,-1.0368488877903852,7,D06_px-1055_py-0118,0.8783844338762533,1.0368488877903852,2.077091033436611,1.6326133943367411,2.0349923659664175,1.438563370021177
362.6707573069517,-174.20582000690163,51.61114903489039,1.375950370921316,49.07859111051806,-1.054777031965847,7,D06_px-1055_py-0118,0.889700347256661,1.054777031965847,3.330141714444935,2.5493135330330636,1.7816686886247037,2.342567798072098
407.9856488257409,-160.4282330846419,53.38971576576503,1.3855825679894669,25.729197462930017,-0.9816276983448018,7,D06_px-1055_py-0118,0.8959286017471484,0.9816276983448018,3.251610368768558,1.7847730617085609,3.03479024790583,2.1913063485228665
-471.4109971662768,-88.91339742963002,58.51081857728326,1.385310182053943,1.6179853500639183,2.7210343237495733,18,D06_px-1055_py-0118,0.8957524748558412,2.7210343237495733,2.9812690453172763,2.7754112075056336,3.266574692599247,2.7438604626106162
-451.3165639140131,-45.00406145791614,56.89546929363223,1.3801502759162672,15.393299037248768,2.634001848446772,18,D06_px-1055_py-0118,0.8924160389061724,2.634001848446772,2.9064666196679223,2.035815705593953,2.891889174738049,1.8665147761943757
-480.42420564539714,-18.811898494649576,47.61682897875659,1.4195927427333663,0.4779440632196383,2.5737499774876103,18,D06_px-1055_py-0118,0.917919848611413,2.5737499774876103,2.730414930304855,2.4915421987691446,2.8263451538129414,1.3695027523802328
-487.08918495046566,35.39889033626519,55.4778655192103,1.3977788503286273,6.610400167564535,2.4620663116311707,17,D06_px-1055_py-0118,0.9038148139694145,2.4620663116311707,1.7071494047230833,1.6368047207223464,2.5843033011358596,2.4204079173070485
-409.547032018423,47.30697152784072,52.47004147318441,1.3774409880030372,42.5797124012077,2.419612313761854,17,D06_px-1055_py-0118,0.8906641920022721,2.419612313761854,3.310757421936264,1.1627959712830178,2.9648511238459543,1.7844314403767738
-464.7883822494606,52.49687449568516,54.11896059220089,1.3946380585131255,6.831373040476478,2.422141873354513,17,D06_px-1055_py-0118,0.9017839532436445,2.422141873354513,2.568109665396806,2.4411981331669894,3.384755346997102,2.2832945847941657
-451.42931174631633,65.69157098276028,58.30630520494054,1.3766378475382448,13.446134378340048,2.390108361992336,17,D06_px-1055_py-0118,0.8901448750519498,2.390108361992336,2.8876793035596036,1.598342628448672,2.8368769706376975,1.3043947888292835
-383.73252484189857,70.48875226902535,60.636038760201984,1.3361009366816483,54.89613849585891,2.352945969368427,17,D06_px-1055_py-0118,0.8639333892105839,2.352945969368427,3.483818564812647,1.272082780726178,3.0555666809587914,2.345968283224192
407.5891660733713,97.39226660133252,57.59966717716401,1.3624068643601304,37.22924647244093,-0.3724303043579307,9,D06_px-1055_py-0118,0.8809430092412707,0.3724303043579307,2.6755117004366955,1.8460008405823647,2.293130433912954,2.2410806274900508
394.2813161695012,144.1043588990615,58.20628506393081,1.360629950139421,36.64113577803823,-0.2565757498577045,9,D06_px-1055_py-0118,0.8797940425106234,0.2565757498577045,2.7568742455578006,1.9159105117303024,2.9883596401203123,2.0747226651469415
-449.08943882956095,148.21336506676926,46.19815929677634,1.421623378039523,4.797026966386738,2.215837749573856,17,D06_px-1055_py-0118,0.9192328733942978,2.215837749573856,2.9421918531995357,1.5550860982373707,2.5743376611572613,1.8963729816572727
404.8324928292901,164.86259624697124,59.15689664522907,1.3655213027813664,25.426383940842527,-0.220250340110525,9,D06_px-1055_py-0118,0.8829568296547409,0.220250340110525,2.270626373104182,1.9866849034519012,2.7968844407795688,1.6663143416205337
415.5684939759223,176.75053223636075,62.00521662430438,1.3626215915703446,15.62985708504823,-0.2048359565087188,9,D06_px-1055_py-0118,0.8810818535466544,0.2048359565087188,1.9967979081215668,2.562649101474524,3.3889331352581458,1.711195419495623
-328.9377221473692,238.6075455423932,48.05338246469972,1.3908392193517416,47.17030135911404,1.9070505166285847,16,D06_px-1055_py-0118,0.8993275939210388,1.9070505166285847,2.4624293341647006,2.2735922417975107,3.4088333420669015,2.461631819693611
-322.0416825110274,253.1825657176149,51.765426417391694,1.378783224773673,44.38693043890845,1.8683563151748173,16,D06_px-1055_py-0118,0.8915320928700453,1.8683563151748173,2.644980616077783,1.5576381800247678,2.043612867070596,1.0814435489671097
-333.4797235788587,282.2157720893922,47.479696896290704,1.405126100420789,27.737074173738563,1.8322852083270704,16,D06_px-1055_py-0118,0.9085656037482644,1.8322852083270704,2.6500165148194332,1.931663862922799,2.974600872402361,1.7790800032191374
378.2343750230673,282.78601452914177,46.34655972820195,1.420946760466914,5.196101779744424,0.0350143263033373,10,D06_px-1055_py-0118,0.9187953671425955,0.0350143263033373,1.3058974086712103,1.3476098737379674,3.7000883982769985,2.0126743096684034
-362.6557420937857,292.55734404806964,56.67652272409671,1.3858027030026858,7.51927980340264,1.855795205675557,16,D06_px-1055_py-0118,0.8960709427805486,1.855795205675557,3.0209921220698113,2.313235407837615,3.7128191107438484,1.625385832223805
249.1850086342912,312.9067633843512,65.26797995632626,1.32485064839755,47.57389986611355,0.2913020890857662,11,D06_px-1055_py-0118,0.8566588641952684,0.2913020890857662,1.4345070204452328,1.8500170356734105,3.8770501692894883,2.068797971678374
314.86079283599247,321.20268502474295,40.09207682010316,1.4345145584998231,20.546093946984342,0.1883888346480449,11,D06_px-1055_py-0118,0.9275684122149296,0.1883888346480449,2.2195642957982287,2.1986469698061506,3.1827769452565686,1.8628825011302683
-240.4688678676189,322.1692496772796,46.33890844648744,1.3952888310265,50.25544417171142,1.6050133879841093,15,D06_px-1055_py-0118,0.9022047478764819,1.6050133879841093,1.8233362212840225,1.8841439151809993,2.943295673220629,2.79310433927735
-331.78053970748346,324.4088036036695,43.99548537181221,1.4259521369298205,10.835673587153336,1.7604486458337123,15,D06_px-1055_py-0118,0.922031882987434,1.7604486458337123,3.0255953414844323,1.7543678899913089,3.4388063370781543,2.1405011884945297
185.9822777890612,337.40760928031284,61.36424632104581,1.3304916445705748,57.80936706429037,0.46004546360569,11,D06_px-1055_py-0118,0.8603063767510106,0.46004546360569,2.03706485702642,1.9415950052433326,2.9339194861160793,1.5747217775443398
174.58629209205452,356.59854711880564,62.16399851889241,1.334425920026146,50.18487812193547,0.5085336021750765,12,D06_px-1055_py-0118,0.8628503102481768,0.5085336021750765,1.5831951190713502,1.599446850597541,3.087667888081485,2.2068041609846567
-219.91662242737647,364.2569182923122,55.5971874948626,1.3724178670050424,33.539013501268926,1.5069820612632014,15,D06_px-1055_py-0118,0.8874162024012839,1.5069820612632014,3.3982629620013096,1.842284359237004,2.609422485197947,2.8861487986555563
161.74679066132816,371.5995178366709,44.03165693404611,1.4051793078359749,48.56026547991269,0.553278110365259,12,D06_px-1055_py-0118,0.9086000080820021,0.553278110365259,2.88565996968794,1.0169468506647474,3.5908888520628017,1.3133122133467694
88.56946610293282,378.2189978082918,57.68177757423345,1.3462016109627883,56.64587739031322,0.7337867209120056,12,D06_px-1055_py-0118,0.8704645647568643,0.7337867209120056,2.8877240279546124,1.0676266040196325,3.3052774912301754,2.7276811024579515
-111.28286053655955,388.444194323007,54.89253583557999,1.3647635748034594,47.3233078119556,1.2428274892435427,14,D06_px-1055_py-0118,0.8824668767761218,1.2428274892435427,2.937007121539949,1.5996463189899632,3.497828515754284,2.9557473486285524
17.263003815707037,393.8304206662237,55.26848044933607,1.358356914307808,53.51552637545706,0.9200112396981892,13,D06_px-1055_py-0118,0.8783242796387556,0.9200112396981892,2.558122453428134,1.5945767452588857,2.9139092037531014,1.414213162738328
81.32844712232047,393.3654408700837,57.30333879787662,1.3547487183808682,48.33444788012497,0.759939008640207,12,D06_px-1055_py-0118,0.8759911917331076,0.759939008640207,2.927781188344143,2.6400059503865307,2.4142310063321686,2.157577359698184
95.34719577617378,404.56032937227815,56.61356991734738,1.3642362112037516,39.60719138466834,0.7323595425643331,12,D06_px-1055_py-0118,0.8821258793188687,0.7323595425643331,3.1506126759497004,1.253470737756896,2.8518670363085947,1.1632345091538894
-68.46835259199041,-470.0720488969474,58.14182779693317,1.3846748626061285,1.4465268361570909,-2.3224137500987667,3,D06_px-1055_py-0118,0.8953416722969081,2.3224137500987667,3.0613874773624503,2.0430104505752484,2.7297406990392834,2.520253484233818
97.82784122252365,-450.9424751996041,52.74074917462519,1.3967327353728762,11.111405026869932,-1.9641453478561173,4,D06_px-1055_py-0118,0.9031383877994947,1.9641453478561173,2.813467273820683,2.5059012631605118,3.587911324190472,1.8782177242160116
-119.33338720372078,-435.761052320417,56.57058494172935,1.3804964162885418,16.571364435885584,-2.4450730857621314,3,D06_px-1055_py-0118,0.8926398559971959,2.4450730857621314,3.3701688227641555,2.3933646530103063,2.6250751802780297,1.5391726343338894
160.62545432434288,-434.3757205540528,58.241991241661566,1.379681847791304,9.031571048625947,-1.823585410803332,4,D06_px-1055_py-0118,0.8921131495910836,1.823585410803332,2.82398470123932,3.157580837012707,2.8531467635298347,1.8392241236231295
3.875946655733392,-430.3208596884983,61.472498705764224,1.3544706823483137,29.24889459837277,-2.168768993733313,3,D06_px-1055_py-0118,0.8758114114445583,2.168768993733313,3.8108149391855424,1.7891395410665019,3.1969913081943764,1.628043087014063
100.95291164905784,-411.3636870949673,59.65122917526401,1.3574330639839196,33.93542519882561,-1.9371214970943305,4,D06_px-1055_py-0118,0.8777269107427929,1.9371214970943305,1.8942187392898489,0.9269697835252602,2.26749276447932,2.811048887402893
-133.84137012430844,-393.5172506929849,57.62080326081613,1.3606729801388378,39.39182594554802,-2.505618015686665,2,D06_px-1055_py-0118,0.8798218660471641,2.505618015686665,2.9409763045730726,1.7841875283979611,2.7172373799874983,1.1921653411185313
-185.58090293954663,-391.0734789257062,50.46997194910404,1.3933097849510887,29.78599720963172,-2.620850675797544,2,D06_px-1055_py-0118,0.9009250810965301,2.620850675797544,2.4444217926900267,2.242965269721704,3.468902120672537,2.3500140551722715
211.822948340546,-384.9086875829562,56.5556400671758,1.375284170832939,24.523576941006866,-1.6746870007336292,5,D06_px-1055_py-0118,0.8892695770323146,1.6746870007336292,2.8580149683007186,1.858776918083477,2.6768510798284977,1.4341695055049262
-148.20434681196454,-378.8218953422588,61.12447088487929,1.343611994589659,44.26314011762457,-2.5506941966072123,2,D06_px-1055_py-0118,0.8687900984133639,2.5506941966072123,2.7724598581918474,1.7855173952776857,3.211627543690705,1.8120904256838655
173.1274791441845,-375.0485067830765,54.536682391638266,1.3704074077258266,41.65971357761396,-1.7453061683320463,5,D06_px-1055_py-0118,0.8861162235963319,1.7453061683320463,1.7593560598485025,1.4921034124046035,3.2204219830663465,1.6214750138867973
-291.52740713597404,-372.5977153133369,44.74219480025528,1.4263121646250254,4.895329556540446,-2.8417041606226454,1,D06_px-1055_py-0118,0.9222646797308451,2.8417041606226454,3.7930883117065095,4.063305780011673,2.867510154165567,1.67505425974944
280.4764074728907,-361.1284817671704,54.191732568051066,1.3904456131285283,13.529043932345644,-1.5174254510019654,5,D06_px-1055_py-0118,0.8990730850369423,1.5174254510019654,2.969559751338896,1.6728401782600084,3.3855671082968626,1.9531124811422667
307.32485085158606,-349.42015078797107,59.011290137697614,1.3781200019567064,7.469016707749972,-1.4563870036933295,6,D06_px-1055_py-0118,0.8911032477728426,1.4563870036933295,3.348906444344297,2.117112523424317,2.5539925413072764,1.975482769548873
372.30661165343656,-279.51326816529524,60.13271367660255,1.3746378014523144,7.117484537524547,-1.250967475424566,6,D06_px-1055_py-0118,0.8888516294997937,1.250967475424566,3.8286600596152756,1.224761974632305,3.731452124113078,2.8868680754234104
-421.5364816473592,-204.34322408887783,55.699280720055214,1.3898731821489865,6.096349833011118,2.985993029541531,19,D06_px-1055_py-0118,0.8987029466569236,2.985993029541531,1.8922235909626717,2.996792962019099,2.19519691138732,1.9802771287851364
-401.9873969938107,-147.2981764589387,58.66985113571917,1.3630097404562926,31.245509794780048,2.885844750990383,19,D06_px-1055_py-0118,0.8813328336734915,2.885844750990383,3.2868366935791715,2.622589207178514,2.793800654944538,2.214743448680489
-416.03266867999406,-77.06996715428282,57.213127713935705,1.3656907540949763,34.73368489401713,2.7177864071953115,18,D06_px-1055_py-0118,0.883066398208773,2.7177864071953115,2.2576495904418974,2.010802196700777,3.619272609413039,2.316774824034418
-434.90862535534126,-44.51520719162685,60.658371127320834,1.3604927178854775,25.074372048474515,2.636613216480232,18,D06_px-1055_py-0118,0.879705307054339,2.636613216480232,2.386352410300367,1.94614947553767,2.0072684179304483,1.9420968547187056
-446.225099407728,6.752153508362583,57.89960740681738,1.3737862887467422,19.84245011825078,2.5194825559415808,18,D06_px-1055_py-0118,0.8883010346775881,2.5194825559415808,2.6210364204464307,2.4855655778674297,2.857515037940598,1.7422390440004776
-432.4282244448347,76.76044403540826,61.52844503107042,1.35851168330915,23.61610648424147,2.358932835820813,17,D06_px-1055_py-0118,0.8784243544940327,2.358932835820813,2.613553515910587,1.5159433974040888,2.263409757192431,2.1931821810412595
-437.38152777244505,101.02419200048678,49.30522007150768,1.4033986068648163,19.72440563203361,2.307618931184485,17,D06_px-1055_py-0118,0.9074485928086887,2.307618931184485,2.689190365265306,1.1906788373486752,2.7068625894929235,1.1812925970610069
-421.4180312482008,111.15581916874947,58.05692908938494,1.3686572467170084,26.4658065970142,2.2767206148029926,17,D06_px-1055_py-0118,0.8849845557032101,2.2767206148029926,1.8744159149050783,2.4355973146248413,3.297325466907489,2.1073150169850385
401.9989245508404,133.65241557910375,46.19049721941218,1.4045992151198772,36.43430743362518,-0.2860065523515606,9,D06_px-1055_py-0118,0.9082249155627802,0.2860065523515606,2.1065181183642707,2.3616005586393505,2.708854026971655,1.2261224608994308
-392.0214778180837,198.38503083894832,53.74789359049754,1.384769023507706,25.045949627721257,2.066132031883801,16,D06_px-1055_py-0118,0.895402557477509,2.066132031883801,3.094070509279117,1.963432451032224,1.7288474562535037,0.6697504827390721
425.8055073938261,209.1830374916433,54.04257922539591,1.3973049943470532,2.5755634512905203,-0.1503448867848382,10,D06_px-1055_py-0118,0.9035084149594896,0.1503448867848382,1.7429909074395165,2.8002597218612837,3.303055208212924,2.2822089255965707
357.3479727298821,220.56797080423777,54.83790850064543,1.3725343931056335,37.23027081223802,-0.0539829357303214,10,D06_px-1055_py-0118,0.8874915490957225,0.0539829357303214,1.9589941686614163,2.7921694448197276,2.9070433562323803,2.435363998712658
-422.6478799531119,227.8147987427916,57.48253749594102,1.388651135880066,1.6942748066163065,2.04024049744864,16,D06_px-1055_py-0118,0.897912761914218,2.04024049744864,2.863679751813521,1.5252106731886563,3.3728851947268406,1.059247393746983
-318.77206899127964,229.83370402362067,62.90359639468241,1.3293463499427831,52.570878810288605,1.9099337698195076,16,D06_px-1055_py-0118,0.8595658202239789,1.9099337698195076,3.193838938462769,1.2042984598414668,2.0825944461055284,1.5654324699811069
-361.8738618561226,240.520724023084,52.84394177251929,1.3858332719999544,28.308350725317496,1.9480055535020704,16,D06_px-1055_py-0118,0.8960907089349535,1.9480055535020704,2.141209247474422,2.011081710528275,3.2570212216563674,1.7243508905242475
375.4322716964498,299.5283819437028,41.497098983254205,1.438644418509248,0.7174449166979571,0.0664323667067922,10,D06_px-1055_py-0118,0.9302388122251032,0.0664323667067922,2.719464852811039,1.6644723418057845,2.7880540278850336,1.4436727512206873
-343.2123468425164,315.3321613850917,38.05297904543488,1.4458430110632683,10.312400096402314,1.791525760514475,15,D06_px-1055_py-0118,0.9348934788689173,1.791525760514475,2.244235783078959,2.986320173439661,3.309772262674678,1.8619652190323492
-276.71453474470434,323.0968821058124,47.48402530351569,1.4007276746414812,35.088367206332805,1.6720403227546443,15,D06_px-1055_py-0118,0.9057215469959758,1.6720403227546443,3.120329346540541,2.3800830777582314,2.7660324336269113,1.8615880730245031
-225.84042024921865,354.26127579566264,46.48889146771506,1.4021745268246968,38.63385889073828,1.5313521255040037,15,D06_px-1055_py-0118,0.906657093013507,1.5313521255040037,2.504731559665291,1.4525146814858088,2.751782220114027,2.957326896251802
217.14186066646752,356.7474462743553,50.18194926916232,1.3880024346353097,39.58158840036248,0.4170458686414547,11,D06_px-1055_py-0118,0.897493306579983,0.4170458686414547,2.5418394439472665,1.5414173672330618,2.729484453185385,2.576443638857315
-212.73408781733005,356.245898865589,62.4728012619052,1.3431763639969303,38.79848163666145,1.5021418984441892,15,D06_px-1055_py-0118,0.8685084162409415,1.5021418984441892,3.375122144293572,2.9872085757555573,3.197494078230926,3.0954154702012606
290.9883880110369,358.26144160476866,58.64520419632399,1.3777502337207423,9.96017269778639,0.2816667694949784,11,D06_px-1055_py-0118,0.8908641527190571,0.2816667694949784,2.6769772147670623,1.9168304677857178,3.6799290123306583,1.5162011138323264
143.12110559838945,368.8970406387908,58.50889352246742,1.347116233847937,51.875891452575786,0.5937236462712033,12,D06_px-1055_py-0118,0.8710559671182596,0.5937236462712033,2.607131720575252,2.3843255368735994,2.9837276846332563,2.051638805579138
-85.91702333864873,367.6080874148129,54.633889060148334,1.3517236526638072,64.25080977438844,1.1934145246080874,14,D06_px-1055_py-0118,0.8740351604140846,1.1934145246080874,2.9097596112605904,1.8899714688574012,3.756763663774131,1.7385251168455822
-292.23702346472334,373.6165486933214,55.79264659913719,1.3917746120913743,2.3200055365464323,1.6275997498875086,15,D06_px-1055_py-0118,0.8999324262339333,1.6275997498875086,2.7921486502955393,2.8212796176426895,3.4299818056336573,1.7782196195026827
240.3246478222856,375.8547380123916,41.52439700255826,1.4285647000369643,22.70810324101359,0.3949234645967646,11,D06_px-1055_py-0118,0.9237211868698839,0.3949234645967646,2.3443104311906535,2.1465641113426903,3.08368062825135,2.871763120768009
-264.1413046562088,380.3956918403257,56.18047541032067,1.3862865569362584,9.424263683844345,1.5707647833147251,15,D06_px-1055_py-0118,0.8963838065449827,1.5707647833147251,3.0963435511360733,2.488149224524317,2.426413222951223,1.1643100285779022
177.50766186323253,390.86101647103567,50.50446076403341,1.3917360835900987,32.078109599403945,0.537521054031593,12,D06_px-1055_py-0118,0.899907513401546,0.537521054031593,2.095681964831242,2.7344998836359196,2.8725439700831323,0.901277861324952
-187.0781199537076,413.1146988260696,55.41875188074155,1.3849618347449606,15.704856645620566,1.3890365035900087,14,D06_px-1055_py-0118,0.8955272307421599,1.3890365035900087,3.8014406283169797,2.5500137801432223,3.872182638946258,1.8164372931342905
-167.24135628641497,420.1185632040173,55.936293737408505,1.3827332153699798,16.449740124932134,1.3426680524484356,14,D06_px-1055_py-0118,0.8940861879009885,1.3426680524484356,3.1986700164318576,1.1988057152848857,2.297535195465981,1.6793807538630423
218.2421660320186,425.8782550561269,45.97864786376806,1.424042395398565,1.2120973546046798,0.4902572768080099,11,D06_px-1055_py-0118,0.9207970290715978,0.4902572768080099,2.4632860298248946,1.424768073798427,2.1935608722386286,1.7337503943123878
-67.73530727689315,-479.8133839886081,56.17230590141415,1.3943106401803882,4.296904244315954,-2.3180192300854614,3,D06_px-1055_py-0118,0.9015722419708465,2.3180192300854614,3.116461486834281,1.6599915624048882,3.3011919595397954,2.3757808978778274
5.922596056983418,-466.23825713469387,57.8776634042965,1.382102781050912,7.0877415348987824,-2.165073603008771,3,D06_px-1055_py-0118,0.8936785441047799,2.165073603008771,3.102825035004739,1.4248286793382925,2.762776918502543,1.2189294171592906
-107.6796747236196,-457.1208088863393,25.824953870039508,1.4863976784716804,9.292556098612977,-2.4091190608376216,3,D06_px-1055_py-0118,0.9611164462365434,2.4091190608376216,3.3501926217376328,2.649560042514028,4.325970262697871,2.522129340233284
-22.837793304326464,-448.2656539036326,59.272172028264265,1.3703637466181489,17.933313262493243,-2.2286788546115384,3,D06_px-1055_py-0118,0.8860879919802188,2.2286788546115384,3.7037312954253103,1.8075221112562116,2.7719080546595536,2.137574856955079
-192.62025038003733,-436.3891585177114,57.27242020195686,1.3881389131725028,0.3425102144053085,-2.593451359566292,2,D06_px-1055_py-0118,0.8975815546770801,2.593451359566292,2.752408474301059,2.2406197043605696,2.5778924966530545,1.7281811505377718
-104.00861843878802,-434.8544772015468,57.743482535938426,1.3746652752137851,19.33508429998409,-2.412545625796354,3,D06_px-1055_py-0118,0.8888693942503526,2.412545625796354,4.555289359387171,1.9971091783204176,3.355707202770361,2.638427858133676
10.313593522984704,-412.342935252152,53.48717665986959,1.373882000932907,42.25387762691293,-2.1527688979418365,3,D06_px-1055_py-0118,0.8883629229310216,2.1527688979418365,3.0410006883861858,2.496029381129862,2.664698782013264,1.4916325976603249
-115.35015791244064,-392.5150919057556,43.1790941788712,1.409827183183715,46.23741935228105,-2.463603454102252,3,D06_px-1055_py-0118,0.9116053608899826,2.463603454102252,2.4767009108223217,1.9687620287684655,3.4469792861413633,2.577217388259574
153.1667246256106,-395.7348240411141,59.99891585823835,1.356605643755438,33.371333954905765,-1.8084882405989977,5,D06_px-1055_py-0118,0.8771918943060341,1.8084882405989977,2.990012114285153,2.534379215938029,2.432391916403687,2.1940639779334505
94.90403289455293,-378.7911497244263,60.06119241226898,1.3384449784402306,54.810293128586125,-1.9322848062997648,4,D06_px-1055_py-0118,0.8654490650740951,1.9322848062997648,2.337485171871004,0.9619946718989831,2.2424852154576147,2.6481741206504386
-301.95122681357253,-375.9768102453024,58.1841480516251,1.3872551623333909,3.151706412406781,-2.8544110609832813,1,D06_px-1055_py-0118,0.8970101144238101,2.8544110609832813,2.5437204919013796,2.3242214104899106,3.3642816028667406,2.074090878383898
158.7900517486145,-371.9866989703883,56.82848298150225,1.3579111401305812,46.67257322679825,-1.7743221675370568,5,D06_px-1055_py-0118,0.8780360385447028,1.7743221675370568,2.4266466726486198,1.3321558217287255,2.965789500910649,1.805059015830028
269.7814473426201,-368.3385347370784,47.19167454793188,1.4130989607406157,15.145269436764238,-1.5456160220296955,5,D06_px-1055_py-0118,0.9137209180278261,1.5456160220296955,2.9127705572876144,1.867648517919415,3.6741126133259407,2.5087835085166965
167.62538246404785,-363.0538003306157,52.30005629925376,1.3722347225169225,50.51048800284292,-1.745227103780758,5,D06_px-1055_py-0118,0.8872977797327619,1.745227103780758,2.6557348481239162,1.6330810561479223,2.417720362282637,2.1135245415103676
-339.3433249437855,-340.89880242711246,57.88794366439649,1.387718956332662,2.323248198888507,-2.960887373332048,1,D06_px-1055_py-0118,0.8973100072767265,2.960887373332048,2.7517312296433363,3.777572439497594,2.6894566285679975,2.167494292277927
252.5592070496065,-331.7617787256974,58.807837874254375,1.357122567258408,38.31584405716558,-1.527102946565818,5,D06_px-1055_py-0118,0.877526141114507,1.527102946565818,2.7701507310799642,2.3511559929679358,3.328057972759402,1.8834838343186848
-318.5137082984233,-314.31268263247955,58.93145971027923,1.3708951891163617,18.86826326580524,-2.9698124366292022,1,D06_px-1055_py-0118,0.8864316268853719,2.9698124366292022,3.3606008160320426,3.3731285095122834,2.8646129082853786,2.2203037478624363
-292.28333515658005,-309.18837411522753,51.97445077826757,1.3850293503912534,34.24515029514191,-2.9350752945145,1,D06_px-1055_py-0118,0.8955708868908274,2.9350752945145,2.812075300282353,2.453475346208988,2.602479196776332,1.488389621870193
-357.657813805666,-300.1638539790039,58.80148791564011,1.3794228651024636,6.499929555369249,-3.050353016006928,1,D06_px-1055_py-0118,0.8919456893446501,3.050353016006928,3.441159889377577,2.817064189692619,2.542968971200641,2.114366148272549
-353.0421816280923,-263.6346216221923,57.68755433053215,1.3720328881383477,23.491793736020952,-3.1071536461201235,1,D06_px-1055_py-0118,0.8871672720338643,3.1071536461201235,2.2899478573069145,2.8060153501040825,3.9208565418963555,2.1035015096584293
302.16669028858473,-254.77956693649008,57.34820989912117,1.351172454361938,52.41273295859759,-1.307498287841124,6,D06_px-1055_py-0118,0.8736787512506843,1.307498287841124,3.395601804673133,1.6649030155573872,3.1042440994683815,1.2993383411677661
-321.0878814380911,-254.0064365314621,60.5991601248825,1.3468977355501537,42.71475436435071,-3.0792935323566417,1,D06_px-1055_py-0118,0.8709146843979515,3.0792935323566417,2.4907770342847715,3.0790822538749896,2.868694836095336,1.432285992521105
-343.4782393754928,-218.7894207727857,61.89850098432359,1.3410863278081693,43.79575817424711,3.101782272728181,19,D06_px-1055_py-0118,0.8671569823795047,3.101782272728181,2.900924994490488,2.6269650387464116,2.8894440091122378,1.4056615401785477
437.1469445266525,-183.1765776931825,43.8990113977801,1.4292582183092626,4.449067890595586,-1.003780535347323,7,D06_px-1055_py-0118,0.9241696212471205,1.003780535347323,3.9039541672698856,1.9296628831449767,2.8241424164163567,1.5327485512446946
-439.09039167465954,-169.49346662742155,52.76954172265329,1.3999904528427196,5.191998621207404,2.903001650237265,19,D06_px-1055_py-0118,0.9052448535743053,2.903001650237265,1.978562554231937,2.690276307378887,2.6161745381786763,1.8042513458946297
-377.7300311127431,-125.66382491597936,55.79138040078547,1.3584327129136045,50.94248547885189,2.855776986728698,19,D06_px-1055_py-0118,0.8783732916142772,2.855776986728698,3.2717261438281877,3.1590084950640835,2.9818272407026383,0.9408151881814746
-436.4444250878242,-78.20898559846769,53.56151780805931,1.387049111893275,22.50143716033932,2.711926939737287,18,D06_px-1055_py-0118,0.896876880586313,2.711926939737287,2.815353387110715,2.586233305844298,2.652537703880066,1.7636710554950985
-394.4361919951752,-15.97047005991245,57.59014284361567,1.3500139387908008,52.66689923320075,2.575080380313702,18,D06_px-1055_py-0118,0.8729296459575531,2.575080380313702,3.1689853678724376,1.759062683337999,2.6178491090396374,1.2404089472285742
-462.4241532644304,-8.409393733770159,54.81220996110534,1.390450067477509,10.062463664895404,2.5527965726691244,18,D06_px-1055_py-0118,0.8990759652540772,2.5527965726691244,3.174030923035789,2.4742823373206546,3.118286445449333,1.3250579054774532
-422.8878199432602,6.717322539025452,50.862559848517606,1.3878508981100242,36.06657479309024,2.518730049818909,18,D06_px-1055_py-0118,0.8973953218691839,2.518730049818909,2.7485505377409387,2.240673019008762,3.0095916448477835,2.6203850260721584
-468.9578836609815,78.60220212281197,44.47363580808064,1.427884435649828,3.385869727633178,2.368546391966895,17,D06_px-1055_py-0118,0.9232813225591847,2.368546391966895,3.417242155742554,1.8955483428871636,3.5924611702532667,1.9307636461388635
-407.5349850578921,139.38235561182225,53.17247960962823,1.3831045825853736,30.67684020293234,2.2050711092812763,17,D06_px-1055_py-0118,0.8943263168674674,2.2050711092812763,3.602852651533672,2.1287122978459516,2.324182537305859,1.791489367679739
350.45453767289155,207.4603811868074,44.06400968676826,1.4058516079124028,47.28457193046921,-0.0724815442235528,10,D06_px-1055_py-0118,0.9090347226066677,0.0724815442235528,2.3831144219249416,1.592990990105033,2.5830856963216506,2.673012278961165
-316.29561207145224,291.2724221582896,47.62995531612938,1.4019986398349944,32.12760258967984,1.7903775182268276,15,D06_px-1055_py-0118,0.9065433631006241,1.7903775182268276,3.2543073086484733,1.598002357007064,3.1856990428544574,1.8806328611966063
-290.2266406715643,324.79790102132324,56.5700805281102,1.373586237928945,26.92419451005344,1.693062861481493,15,D06_px-1055_py-0118,0.8881716802431371,1.693062861481493,1.7295116341519725,1.376662627531501,3.25292812822293,1.398272838467368
222.00328229928607,327.5563424408023,47.35475635323104,1.3887225190470365,54.11580752942916,0.3681761900577065,11,D06_px-1055_py-0118,0.8979589188322175,0.3681761900577065,2.0641065837953176,2.048226222332471,2.6943600613158196,1.9483315673584238
-254.94927794712123,357.88626579161314,53.53912868233985,1.385495876293115,25.05231663004804,1.5828000259793544,15,D06_px-1055_py-0118,0.8958725462134762,1.5828000259793544,1.819339431989463,2.0186929517366297,2.8644604191876377,2.1724152709240454
-278.30620849151825,366.3648617149883,53.141540552688014,1.3949337045031969,11.90421255690893,1.6134604032320334,15,D06_px-1055_py-0118,0.9019751202694257,1.6134604032320334,2.6973342464062453,1.7774569817039763,3.1971422371800786,2.5874038489832487
254.29044329336296,397.0668645362664,54.69212203699371,1.3942051464847,4.317940156298505,0.3942041287489964,11,D06_px-1055_py-0118,0.901504028916313,0.3942041287489964,2.536303574445749,1.5476755905887007,2.7319806495798704,2.3854309385926866
150.5211983875987,405.002674793336,48.4328633398311,1.4000219911814549,30.65328133211836,0.6079821010139216,12,D06_px-1055_py-0118,0.9052652465125375,0.6079821010139216,3.31733721419724,1.1005967933893406,3.057966695506522,1.706284827534032
-98.7506976320366,-468.2535645284033,42.088079195363605,1.436307537734723,1.74989225160283,-2.3856217470873187,3,D06_px-1055_py-0118,0.9287277667102856,2.3856217470873187,3.2677932454973293,2.2949343827016375,3.8940835799320093,1.5407870995065562
-187.24516780801065,-425.12719590198833,51.66154862826198,1.401343199174049,9.307747012266532,-2.5926555331827337,2,D06_px-1055_py-0118,0.9061195500067996,2.5926555331827337,3.333527975013396,2.1651786629345153,2.691224285089562,1.692577772675472
96.68594087955258,-426.634870569574,56.30582791944909,1.3753057168917573,25.77794950866172,-1.9549156733456687,4,D06_px-1055_py-0118,0.88928350888365,1.9549156733456687,2.102212530897569,1.4941433460348121,2.0320382580708474,1.6223698432297007
-79.17890663966529,-415.9748680716184,56.635528105698654,1.3678597694751398,34.639106954255,-2.3658711587701178,3,D06_px-1055_py-0118,0.8844689006374357,2.3658711587701178,2.9199044440105952,1.999100857375085,2.6525730243918746,3.204804359430855
-71.60862055838798,-404.08658445777473,45.34757392193927,1.4024050319371577,45.06817557277532,-2.353166095668481,3,D06_px-1055_py-0118,0.9068061394347552,2.353166095668481,2.895329670878474,2.400650656168416,3.3141118552661495,2.2890643802843185
122.4807010355582,-391.4161504658939,57.212167861308274,1.3593922057154897,42.9881268686438,-1.8745112898020224,4,D06_px-1055_py-0118,0.878993707217244,1.8745112898020224,3.3956738555725536,2.157819758866699,2.8274523325780363,0.7997022686529989
-91.32493936898176,-390.9788883930101,55.5880284631433,1.3609328604609234,48.81242640883386,-2.407241929367743,3,D06_px-1055_py-0118,0.8799899067103241,2.407241929367743,3.178632160764918,1.3199091783608767,2.8007740857839982,2.0985819199392384
-279.76314032239355,-387.01700975531446,54.94593506349051,1.3955971938089344,0.4138092627272272,-2.803686750234834,2,D06_px-1055_py-0118,0.9024041376803665,2.803686750234834,2.6771053423030304,2.842618748301144,3.2568912509299017,2.220339940594393
-283.78915341462505,-361.9906505360423,48.24382682252434,1.410814620935947,12.795285882495364,-2.842664572063394,1,D06_px-1055_py-0118,0.9122438459179467,2.842664572063394,2.752584285147041,2.660564041915734,3.2051751901483883,1.569579262582318
184.1150060566996,-361.8943539281156,55.10324140824483,1.364968498243817,46.028992791843336,-1.707150025782953,5,D06_px-1055_py-0118,0.8825993818866986,1.707150025782953,1.3450801093503142,2.6997728988830367,3.031113356103835,2.192780517635359
296.15893027427,-320.5599231875611,36.59544373033418,1.4425013069407897,29.61542160762133,-1.4319228977793204,6,D06_px-1055_py-0118,0.9327327066630073,1.4319228977793204,3.154554520224895,2.4240080673188666,2.569453825564946,1.982055805738721
-272.69204085717377,-316.2957731509113,58.432372130451455,1.3587723083037773,37.97499066856824,-2.8892771895724514,1,D06_px-1055_py-0118,0.8785928766683233,2.8892771895724514,3.50905322871462,2.441541028132525,2.3553599239915304,2.570999595772735
-333.6705173407884,-259.2111498013667,57.88529148840726,1.3630691827267452,34.96947774321035,-3.0881088329702138,1,D06_px-1055_py-0118,0.8813712695137521,3.0881088329702138,2.5464355661788343,3.358365789294485,3.0793240148638565,1.7127491145413283
-376.7627429935211,-246.9441429110909,56.283270739621145,1.3808957698745217,17.47213259703551,3.1148008118772057,19,D06_px-1055_py-0118,0.8928980811713252,3.1148008118772057,3.3112634744643916,1.9398235113657774,2.670782325308447,1.8643251732131754
-385.20747526721686,-223.03305452564945,55.026296220308495,1.382852813722148,21.132086027198284,3.059444279942347,19,D06_px-1055_py-0118,0.8941635211374949,3.059444279942347,2.58708169334631,2.6975848969598135,2.5644100450309377,0.9630358771370666
399.1891945711763,-216.80019272747973,44.81994746394696,1.4201534874861388,16.99102268758395,-1.104510854752229,7,D06_px-1055_py-0118,0.9182824305851581,1.104510854752229,3.1281820433381453,1.840188754202123,3.4651352890334053,1.8263688477329996
352.38890852255474,-214.72327134599888,46.060604887271325,1.4007317141519444,43.49212981958243,-1.1542355213361437,7,D06_px-1055_py-0118,0.9057241589752578,1.1542355213361437,3.9456803879976836,2.1615210145595984,1.999889529444025,1.8377989753407067
-387.4629905487512,-205.37658186294863,56.239153992632254,1.3759979719651043,25.10543057694639,3.02201440997536,19,D06_px-1055_py-0118,0.8897311264664954,3.02201440997536,2.803403877977795,2.925384204346142,2.9649404929043355,2.0892789827646214
-435.5939480500998,-192.20751600838344,59.0527299150653,1.3822470733184329,0.5851926849261417,2.950170006237141,19,D06_px-1055_py-0118,0.8937718446214502,2.950170006237141,3.3919562180906144,2.769427369419168,2.976695382047875,2.0263675240935792
-412.9329539566418,-190.60685209796463,56.74017355767023,1.3811670229127726,14.626798178518529,2.9670656399318367,19,D06_px-1055_py-0118,0.8930734755223327,2.9670656399318367,2.3389777476594302,3.597447658632558,3.178940417154951,1.6951943823193467
-379.8754627056323,-188.3955509426206,57.73096912342501,1.3643206130961751,34.04554843042814,2.995007699692971,19,D06_px-1055_py-0118,0.8821804542472856,2.995007699692971,2.870442264132805,2.9594099278673296,2.9061686263352446,1.6904604213680412
-363.9565959246024,-173.09274790147083,59.620348532287295,1.3470176244108645,46.98172066910729,2.9785396662994548,19,D06_px-1055_py-0118,0.8709922054795696,2.9785396662994548,2.356375992497326,2.7761020202553848,2.855459292161468,2.1800483205676526
-456.3810597181368,-57.70241367881383,51.92066072438121,1.3988683559658253,12.160201407494696,2.660380518047262,18,D06_px-1055_py-0118,0.9045192968957166,2.660380518047262,2.6645599570972367,2.1807369799147813,3.8665061977069826,2.0679047601366416
-412.15148459117313,-59.2713758266338,59.336041256644506,1.3549790055364308,38.5615256928437,2.6774435444768194,18,D06_px-1055_py-0118,0.8761400972217086,2.6774435444768194,2.386076366771456,1.4914204059793548,3.79717697241676,2.0265766895022317
-403.9015921680903,-23.48889117594896,51.73509101671681,1.3765502146619275,47.623751642505,2.5927026797229944,18,D06_px-1055_py-0118,0.8900882109438989,2.5927026797229944,2.6517432849689104,1.5798477734701666,2.5272344248334218,1.4262257250841908
409.8137492686793,-3.76036258197272,51.33169010467003,1.3804358736585842,44.35316954839044,-0.6161550586662502,8,D06_px-1055_py-0118,0.8926007086558124,0.6161550586662502,2.2139623938972512,2.2513518310152834,3.584305631793744,2.44861369330515
-408.902387890603,-2.293480662032415,56.385591866487744,1.3617527200169797,43.93807693856655,2.540221933736212,18,D06_px-1055_py-0118,0.8805200343567423,2.540221933736212,3.164416207427787,2.2888401999769474,2.7249882126863945,2.7264741494722395
413.2024144078381,59.24742071221553,54.9526663841053,1.370967457750482,38.80650327402543,-0.464564284686717,9,D06_px-1055_py-0118,0.8864783563534047,0.464564284686717,2.5815024882163957,2.1480546174013213,2.8643695731842227,1.6004260371689814
-434.8600376246334,140.8657753269024,49.386003639115245,1.4060860805661897,14.448206739824627,2.221346051633733,17,D06_px-1055_py-0118,0.9091863344713869,2.221346051633733,2.9619863608459314,2.4765342950070495,2.452696229517543,1.7730744927801922
-377.2271284478528,166.09965871750668,58.91555753739874,1.3543374174387417,41.32780237073939,2.1198403815729345,16,D06_px-1055_py-0118,0.8757252413043927,2.1198403815729345,1.6002462185565045,2.078454052069343,3.043208531219891,2.5328574891264912
-408.4302382622923,166.72134944249584,55.032962402805225,1.381179668994323,23.664630693408867,2.1470575628046205,16,D06_px-1055_py-0118,0.8930816525782678,2.1470575628046205,3.057809872388152,1.5340646685876171,2.264235463945635,1.6222601458649353
426.7022876852021,186.6195487724792,52.20863202819075,1.4000127336439498,8.452241294826706,-0.1946924349678367,9,D06_px-1055_py-0118,0.9052592605158715,0.1946924349678367,2.9025514536847314,2.4167800610505554,3.205122114763479,2.4104660863938063
371.2396103330158,200.02226897973304,58.31164641006083,1.3611845865031915,35.40742664204913,-0.1127792239094029,10,D06_px-1055_py-0118,0.8801526747519283,0.1127792239094029,1.546575627396806,1.9635897558395885,2.568783050487495,3.2818120493338343
413.0759279893118,234.26962530609504,50.68837741499084,1.408035665609339,2.8356927842215782,-0.0910764460742381,10,D06_px-1055_py-0118,0.9104469515158337,0.0910764460742381,2.102604236612586,1.698001516614472,3.2841638383837717,1.8006117656799097
-380.35068600188106,254.4956855110788,48.57717574828928,1.4089220252523147,14.23735014208006,1.944922270593865,16,D06_px-1055_py-0118,0.9110200786422298,1.944922270593865,3.472712729151226,0.8340550059480967,3.734305781987919,3.4898631719221505
371.7971129825684,260.6348896815701,58.36534400779991,1.3755567632582366,14.794008708418971,0.0044264799919994,10,D06_px-1055_py-0118,0.8894458374415359,0.0044264799919994,2.166260111382042,2.2209460186826764,3.1721338120689806,2.215914503065867
-347.2964191325059,260.0529731390396,55.63469546502117,1.3760216114520885,28.193697599803613,1.8918852255312069,16,D06_px-1055_py-0118,0.8897464119449714,1.8918852255312069,2.828802694274726,2.303998237489271,2.855012632385045,3.0261507180694527
-379.783151502265,266.0296793294117,54.622495342665616,1.391511536130972,9.33671011227392,1.9235665354365028,16,D06_px-1055_py-0118,0.899762319245868,1.9235665354365028,2.9786777275221312,1.9881980518051847,3.1190480264810567,2.0416889237560705
-349.5205213054863,301.42013928357665,45.160317258943,1.421384114605437,12.263183280768942,1.8229745551732948,16,D06_px-1055_py-0118,0.9190781637733035,1.8229745551732948,2.5940597030022836,1.896639615110443,2.4769055148836627,1.8435582904161851
-299.04621561224883,316.5219758316065,57.81009555111845,1.36932113290108,26.759379363568257,1.7208329403437816,15,D06_px-1055_py-0118,0.8854138297388077,1.7208329403437816,2.9999618153945873,1.5264346045440198,3.6890632431562436,2.320352368055668
343.2887994305926,329.640757832006,48.31258925644698,1.4158757706442398,2.53899016861061,0.1581398808648163,10,D06_px-1055_py-0118,0.9155164251825396,0.1581398808648163,1.4315653181114207,1.5804428573125193,3.3170524613648205,1.7084391987073626
-284.09351844100325,338.49436728967544,45.67124395695225,1.4131180173402411,24.79193709857776,1.6620577385917956,15,D06_px-1055_py-0118,0.9137332401752396,1.6620577385917956,2.4967953469123314,1.4111442468011655,3.1266308431789653,1.5930618616789318
252.2460818639481,382.6697891172496,55.10802818422352,1.3878836258363445,12.676825720007116,0.3810191820323662,11,D06_px-1055_py-0118,0.8974164838747966,0.3810191820323662,1.8699324188025122,2.9114927368975634,2.968708108311545,1.9505374995817866
265.48982638765995,389.5266388005332,55.10472519534483,1.3928577001651428,4.31973784137756,0.3655670707557421,11,D06_px-1055_py-0118,0.9006327595131752,0.3655670707557421,2.770241542009652,1.7712945381717344,3.104814462716771,2.4887993035761538
142.58581320240768,412.3042390995495,57.08431345171718,1.3721461080475947,26.384244183181863,0.6308646670728743,12,D06_px-1055_py-0118,0.887240480918939,0.6308646670728743,3.144962775095947,2.3343060306484817,2.9689113352481886,1.8409515137561556
199.62918880959748,428.4850400747828,53.43861194813411,1.398598410723288,3.7723852254600274,0.5278232007073967,12,D06_px-1055_py-0118,0.9043447481757183,0.5278232007073967,3.7165894528841896,1.4809673578280913,3.3785280555875907,2.2000823383675274
-22.44423528471412,-478.20659261190974,49.50589160453308,1.413025875076907,0.5540327835207677,-2.22467562369754,3,D06_px-1055_py-0118,0.9136736602620262,2.22467562369754,3.5175622307825796,1.9969782544881483,3.431195333317172,1.6147663003640718
18.010936953408926,-460.0074952526781,54.4148008402756,1.3909149286035638,11.502573138278136,-2.138642274952285,4,D06_px-1055_py-0118,0.8993765481195769,2.138642274952285,2.537016219601085,1.6226267917552253,2.663451696990516,3.0490417556900447
37.05344108611135,-434.97038073406674,56.5026734960357,1.374242214761752,26.31829062544898,-2.0927948974329795,4,D06_px-1055_py-0118,0.8885958400299104,2.0927948974329795,2.842046895889585,1.6365945942803428,2.9534991881797237,2.3708230541795627
-80.22545067945963,-428.8931655729831,52.412872618879305,1.388055587689677,27.22584151040252,-2.3626912730860496,3,D06_px-1055_py-0118,0.8975276757635872,2.3626912730860496,2.4704949087878934,1.849895136102659,3.021240082762053,1.942018148472255
179.68764934265917,-421.053046131317,51.53458714116161,1.399309490877622,13.649616573897449,-1.7744173262044725,5,D06_px-1055_py-0118,0.9048045382042021,1.7744173262044725,2.331108882275032,2.448764471162427,3.3534492890109613,2.0456731034212776
-147.72076069783478,-412.6167926056251,56.27806778280069,1.375751315583421,25.267404498653093,-2.5215682567887376,2,D06_px-1055_py-0118,0.8895716365073555,2.5215682567887376,2.950730224711316,1.9897903657943408,3.8265113996977043,1.427567201575737
-149.0160306735056,-394.9807100168916,57.53952618174535,1.3640999377448384,35.27473622272419,-2.538538854230529,2,D06_px-1055_py-0118,0.8820377638270027,2.538538854230529,3.518632226159135,2.063619074400047,3.359064730246641,1.9886801108603724
181.12031233592592,-388.9584246597112,51.64160850635358,1.3877014789158444,32.01342099384067,-1.7419800286556084,5,D06_px-1055_py-0118,0.8972987062413547,1.7419800286556084,0.9170288236326432,2.4110940582219715,2.332280745599643,2.4038766172282595
229.2171000748285,-380.8771957427367,53.17115691393127,1.3888141169523935,21.84716234686437,-1.6360238500914863,5,D06_px-1055_py-0118,0.8980181467592753,1.6360238500914863,2.7219122285057464,1.876478337953384,4.01938655777127,1.0813690432033887
-179.73783982945008,-378.1115246738486,56.844709698606266,1.364867358299988,37.64282333222235,-2.621515175390916,2,D06_px-1055_py-0118,0.8825339840024087,2.621515175390916,3.655901965987797,2.4305651453723405,3.2316827172175806,1.6430347447202596
200.84588545183928,-374.6192290429507,55.01672823297267,1.3742412788416516,33.92849368884259,-1.6856410754588982,5,D06_px-1055_py-0118,0.888595234856602,1.6856410754588982,2.4100187731821565,1.3919504777271867,3.7846598237846143,1.9427994358259126
-174.69619701383365,-368.3992287121295,56.40610118378135,1.3610875442196124,44.68877084799243,-2.6205741072430664,2,D06_px-1055_py-0118,0.8800899264470304,2.6205741072430664,2.764716974052181,1.528705119950044,2.163870705362669,1.8562479872658857
242.3327300255364,-362.9605387548732,50.82753152852132,1.39350257917709,27.451048414851183,-1.589088742736518,5,D06_px-1055_py-0118,0.9010497433615707,1.589088742736518,3.1003024173150315,1.6928975509671274,3.1044940559567316,2.16496273464958
289.26098207734674,-336.30192129913274,51.95671065358485,1.392512456436748,22.667432875653844,-1.4674342099935729,6,D06_px-1055_py-0118,0.9004095221991466,1.4674342099935729,2.7211161280739673,2.3312316159691155,3.0763473405664277,2.369429482378867
315.5515351369013,-338.81001133917744,49.35625878654321,1.4082403842328344,10.676267196751326,-1.427906508223205,6,D06_px-1055_py-0118,0.9105793241902143,1.427906508223205,3.1940049440465197,2.5807117946937623,3.8290346955628047,2.051202209062434
-230.23706526634697,-330.4008359851975,55.58522259388269,1.361552887438752,48.04688784953328,-2.786378981535014,2,D06_px-1055_py-0118,0.8803908210377159,2.786378981535014,2.6801047600038572,2.6578212255877465,3.297212488814155,2.184081182795579
339.87426102062426,-328.92709142749146,45.27672000865539,1.4245750463560498,4.892511417246055,-1.3760108143250949,6,D06_px-1055_py-0118,0.9211414453760343,1.3760108143250949,2.2489892194520955,0.5586410388617373,1.5426540186092728,2.2635744344192124
-286.64957502088384,-298.0381420598953,52.772325212249456,1.376925619796378,41.727507209405246,-2.943698451078553,1,D06_px-1055_py-0118,0.8903309508606437,2.943698451078553,2.7615622013983225,2.746813137470231,3.3660049768026106,2.2903534082198926
255.3917715616019,-296.397568344638,55.85563884809474,1.3545952154275165,55.2698062325087,-1.466555568398808,6,D06_px-1055_py-0118,0.8758919355144327,1.466555568398808,2.893861206526442,2.0597678634026932,3.157794571714791,1.9361031964584714
413.06436660484906,-221.8394197379435,44.68861617059878,1.4251997437269412,7.622271386235241,-1.0998320058384303,7,D06_px-1055_py-0118,0.9215453796163662,1.0998320058384303,3.0379661919876253,2.1375420320906304,1.9578246364687764,2.0117981188494505
-329.91173100638656,-220.2083328474586,57.26953545498199,1.35221890106736,51.53560387823672,3.1231761807829788,19,D06_px-1055_py-0118,0.8743553919325544,3.1231761807829788,3.0785859267971047,2.5778767206592255,2.7967738416557903,3.065663586509835
-357.48776529831326,-193.6659686299969,59.50031141133769,1.3493429473941831,44.75418663343317,3.0310937536122804,19,D06_px-1055_py-0118,0.8724957776355603,3.0310937536122804,2.867839103428481,2.476857337012188,3.0495786141666676,3.0675790634087443
-419.3913828356873,-171.0839172443094,56.28801712401486,1.3818893621068586,15.897412996067205,2.9219402088649105,19,D06_px-1055_py-0118,0.8935405457346,2.9219402088649105,3.3770792236985887,2.966884413631993,3.4251239832910083,1.09642695012321
-447.6227551602418,22.244571356038268,53.79322033201771,1.3881959614512545,19.40502866738416,2.4849590624524045,18,D06_px-1055_py-0118,0.8976184425434511,2.4849590624524045,3.3436798276418855,2.549815937761944,2.101771555292727,1.7113280145244456
-419.579954528578,59.156622754191474,56.470365544866354,1.3685685129653429,34.490116937476955,2.3945462384643843,17,D06_px-1055_py-0118,0.8849271797604882,2.3945462384643843,2.95813963104514,0.7737743263844874,3.133351841574661,2.057247276135741
-404.7698614263908,99.35371892589625,51.785614462589166,1.3819207291968856,39.82847798113477,2.293914485902205,17,D06_px-1055_py-0118,0.8935608279420685,2.293914485902205,3.094151735444022,2.481639188274788,2.139053032775039,2.5814336324819145
-444.0453738907622,115.62857434846732,46.43890619914902,1.4163343359189804,13.795637330476096,2.2798722012615515,17,D06_px-1055_py-0118,0.9158129371009917,2.2798722012615515,2.261008813381048,1.4416847377975017,2.6888944346827515,1.828091255889949
-425.7856284947044,162.70073366831244,55.3542171138605,1.3860937795861803,14.239224163038273,2.169615882565307,17,D06_px-1055_py-0118,0.896259155192047,2.169615882565307,2.794111394416029,2.580317622985704,2.563075685619944,1.1468099892993577
-439.6073951461642,199.444054551068,52.493302424079474,1.4050366436216657,2.4941578577072505,2.108697517023322,16,D06_px-1055_py-0118,0.9085077602773615,2.108697517023322,1.887036398894755,1.8693953184493752,3.6224139498775663,2.4673815574197997
438.7368078674144,207.9931042343096,41.35721228994652,1.440496626248826,2.6567015968195165,-0.1642881331686744,10,D06_px-1055_py-0118,0.9314364643380864,0.1642881331686744,2.1696621074244904,2.07244509088805,2.2817031471536247,2.251360618681228
390.1827872670527,241.45725833050216,51.33734190974553,1.400339886699551,13.004742191434218,-0.0528285558386465,10,D06_px-1055_py-0118,0.9054708002583837,0.0528285558386465,2.1063930433739335,2.902888207233429,2.7566257915456633,2.2471901550046716
419.9876513539504,265.60005138832366,56.38606268560935,1.397968216787152,12.241130989125338,-0.0430767941777729,10,D06_px-1055_py-0118,0.9039372598130067,0.0430767941777729,2.378554021001876,1.5843477911079913,3.0046371622886836,1.9826260482688012
-321.1139116917448,274.6528821058125,52.573429535978846,1.3816694352817156,36.000110234763724,1.8270427005375365,16,D06_px-1055_py-0118,0.8933983393172494,1.8270427005375365,2.518946761736829,2.1136656422056213,2.591645857488699,3.382659933469538
-331.7351327513488,295.2187735786807,55.647761203007775,1.3803456169158232,21.68019351940597,1.807393319267288,15,D06_px-1055_py-0118,0.8925423479350527,1.807393319267288,3.0771450416599118,1.6579197927637817,2.24933233066112,1.3222440797493604
-312.38407543058986,317.88474316549684,43.65206669620204,1.4212385324987422,22.67872469955876,1.7404876852988522,15,D06_px-1055_py-0118,0.9189840292364642,1.7404876852988522,3.1322132561998597,2.3937218271300207,3.777809423256935,0.7263368967135688
343.35119952103,319.6939660218964,56.17857244602834,1.38861221200213,5.569923411789773,0.1427540893435829,10,D06_px-1055_py-0118,0.8978875934281678,0.1427540893435829,1.2967668617764407,0.8550506075672031,2.178002119120718,2.064822330300924
254.48041660948965,334.964478214148,55.18748402485181,1.3716408157293454,36.69607113717274,0.3141215767380682,11,D06_px-1055_py-0118,0.8869137549261175,0.3141215767380682,1.9713831887230082,2.049668776504827,3.1520628755963798,2.01573944903818
346.3524991434528,346.5891172872279,39.65967547962509,1.4469097360383918,5.305342185886502,0.1787601006411834,11,D06_px-1055_py-0118,0.9355832316396944,0.1787601006411834,1.6112553415274204,1.5084156290837392,2.151218818887979,2.0252276528640243
-236.17353065075903,365.08339277161735,48.440753892033285,1.4010525162499463,28.893177839569148,1.5380117587627362,15,D06_px-1055_py-0118,0.9059315921385643,1.5380117587627362,2.1810211152664793,2.499865909091571,2.836924845763277,2.536838322783243
214.0309173935189,404.4513727717731,43.38703416503222,1.4259471021934838,15.061502151586296,0.4770921561618187,11,D06_px-1055_py-0118,0.9220286274872634,0.4770921561618187,3.000760209991147,2.6258622601834283,2.517200286465299,1.669385943870101
212.05328703747392,419.6182286404659,52.93710475530321,1.3992754184604166,5.491838145278564,0.4958998413874865,11,D06_px-1055_py-0118,0.904782506710872,0.4958998413874865,2.7763687091315195,2.912297606085316,2.477959475917978,1.82182217468424
-151.5115496700774,424.3560071058125,48.30699230042768,1.4073331053812863,18.8016191618147,1.3067484257179127,14,D06_px-1055_py-0118,0.909992670538789,1.3067484257179127,2.869764493806454,1.6858123707015356,2.964428153612002,1.542901403990588
20.13313311793021,-479.2904802724551,53.82699149238434,1.3998554594456207,0.7815106803386129,-2.1357944199498786,4,D06_px-1055_py-0118,0.9051575657804907,2.1357944199498786,2.074161441253456,1.3891915072346297,2.8629971424009613,1.510292772796833
-168.24480230323277,-446.77186705806713,56.26948153693744,1.3914126557157107,0.2729536210666197,-2.537929941271796,2,D06_px-1055_py-0118,0.8996983823905468,2.537929941271796,2.3679744224477735,2.5218796636748166,2.3648484482229932,2.300044966115796
-5.647048922398094,-425.4570737858069,53.825059308252406,1.378583605968215,33.883516996878654,-2.191047978642946,3,D06_px-1055_py-0118,0.8914030177781754,2.191047978642946,2.3140995768571058,1.4893976484097107,2.7780385028331964,2.68768442104356
-247.6111262887535,-414.07164760176806,54.27169330821698,1.3994324763304598,2.6159175687219545,-2.716716857290732,2,D06_px-1055_py-0118,0.9048840615666792,2.716716857290732,2.904973290983853,1.954725522923742,3.734057160344561,1.382412434310023
55.07451850973352,-412.9222658231816,58.098919406759904,1.3594366820262416,38.70474552664189,-2.0451809813550232,4,D06_px-1055_py-0118,0.8790224659500857,2.0451809813550232,3.302176784017421,1.2675851384620618,2.241728219673957,2.051028249706139
-218.1635488292113,-379.7863667204786,48.63924498944738,1.401581382095876,26.826946850446177,-2.6991873372434405,2,D06_px-1055_py-0118,0.9062735609600566,2.6991873372434405,2.5956603798259845,1.697108979370871,3.6226041652155927,1.4220464174035627
-258.28113246962675,-358.4887931785722,54.49932602027209,1.3832629859894183,23.322071418273083,-2.802109685781306,2,D06_px-1055_py-0118,0.8944287417561578,2.802109685781306,3.850017366369971,2.4117635351380597,2.5322635427193854,1.083886299149715
208.062383110014,-352.9842529926261,56.41319008568669,1.362065975707017,43.40307777590834,-1.64515862679375,5,D06_px-1055_py-0118,0.8807225879532211,1.64515862679375,3.4052973728829086,1.2046337824944315,2.5489542441007265,1.9231118030888066
242.06199880819807,-347.3730544936112,52.98303491439569,1.3806018394814403,35.38433450824897,-1.5691766409256946,5,D06_px-1055_py-0118,0.8927080234640704,1.5691766409256946,3.78675323634104,1.9295898756453438,3.662434221505257,1.7334519136806872
-254.9348470078542,-323.9212424962794,35.7110968982322,1.438295159385935,45.338306446130616,-2.844556384021892,1,D06_px-1055_py-0118,0.930012978525094,2.844556384021892,3.287763200030664,3.0048335379474764,3.184534139646207,2.6780511514109167
-362.1393780307485,-315.6953528001592,53.089599928938014,1.402398069980613,1.113257895338165,-3.031585311985917,1,D06_px-1055_py-0118,0.9068016377788188,3.031585311985917,1.9274795383114647,3.5275055709836454,2.9325993516792304,1.8190863279032676
267.625719927713,-286.4097590936125,46.01807744195662,1.3921120802795492,56.72979073677902,-1.4262687500845086,6,D06_px-1055_py-0118,0.9001506358224132,1.4262687500845086,3.3213318454915366,1.8844513908578093,2.933004922915381,2.0999267731548814
-382.1797653068047,-265.6692316605961,51.16755069262189,1.4032557226791582,8.806542192267841,-3.141114025730081,1,D06_px-1055_py-0118,0.9073562027688412,3.141114025730081,2.807667541346247,2.149361520562847,3.486155659502382,2.6457685936662645
437.9468642190264,-174.43455312734818,55.58668958795374,1.3913380153162926,4.227950225438633,-0.98602015809419,7,D06_px-1055_py-0118,0.8996501193203917,0.98602015809419,2.843693755319629,2.2074558012032837,3.085739182300365,2.0237675440767187
-431.83929506150304,-148.91527129143643,50.32415576017144,1.4029024602677618,14.493153925413196,2.866683288097716,19,D06_px-1055_py-0118,0.9071277805112262,2.866683288097716,3.273236901527161,3.3669074394676026,3.293965131534692,1.6246247044097526
-452.9230817532513,-126.62347117054082,52.185507177963046,1.4017117205202,5.532870423491943,2.8072225606491847,18,D06_px-1055_py-0118,0.9063578388118111,2.8072225606491847,2.9027591324456474,2.762586919497382,3.581354588834744,2.345204429475336
-465.04469263245807,-119.8406829731314,55.710458614125855,1.3941850488735186,1.443062782659581,2.786822920755575,18,D06_px-1055_py-0118,0.901491033642628,2.786822920755575,3.672741858464482,1.2615260515666344,2.6814929696786702,1.689133832386876
-399.6054438356134,-88.81289329525701,57.69466664594606,1.3572707727210094,43.37941105284909,2.7533099292892804,18,D06_px-1055_py-0118,0.877621971933938,2.7533099292892804,2.3274496986926616,2.6383350575396833,2.325871342082564,1.832132219646381
-390.9978680780377,-62.0852131322828,55.5666427090986,1.358128416197921,52.38028161336024,2.6920850258471085,18,D06_px-1055_py-0118,0.8781765309611794,2.6920850258471085,3.22340199670058,2.745281026648928,2.532458803216939,1.18100320495789
-399.6699978040176,-53.70611893477023,56.24117568566075,1.3594385500055008,47.55768740657555,2.668189123523537,18,D06_px-1055_py-0118,0.8790236738001875,2.668189123523537,2.6607575860817763,2.534329848069061,1.6134715976152423,2.3370248625558383
-444.7485182730962,-50.16462981443029,49.45374098143742,1.4024148543035628,20.5508273973544,2.6469316574730515,18,D06_px-1055_py-0118,0.9068124906542369,2.6469316574730515,2.0766266249155763,1.3227949859519246,3.6265743611827856,2.257011697246215
-407.7681308542513,-38.14491671681367,54.40031426320783,1.3692178968928967,43.9358296393724,2.627887285383458,18,D06_px-1055_py-0118,0.8853470765227971,2.627887285383458,3.2773534061712137,2.3939838323840568,2.7615483767053792,1.5650400492970051
-491.2484488704044,11.409571589322065,51.49458445206838,1.410947768302398,7.878167363405851,2.511391632266087,18,D06_px-1055_py-0118,0.9123299400538046,2.511391632266087,2.816593366724357,1.5274921131553343,2.8106194315175808,2.293133004579263
-459.8013404219428,10.388995650582116,49.904250242036426,1.4053881817476122,12.560018646870162,2.512022434488318,18,D06_px-1055_py-0118,0.9087350675984235,2.512022434488318,3.0095028219600044,1.958063905287581,3.035982644162006,1.5017378640599328
-423.6847165628861,76.93142756035793,55.30431370476961,1.3757217772245007,30.33431706158251,2.3549930323925574,17,D06_px-1055_py-0118,0.8895525367718243,2.3549930323925574,3.2921594091984896,2.3455632538404423,3.9391197285123414,2.223916148781097
-453.102451226268,85.14155380727838,55.67542504922256,1.3871023168663583,10.844751234588614,2.348871103550918,17,D06_px-1055_py-0118,0.8969112833409677,2.348871103550918,1.9667805203914748,1.597270553077008,3.0313376655605726,2.864016523207636
429.48407152707273,135.5138577155686,53.50955792396502,1.3899983702243597,18.062026881450493,-0.3013392724421485,9,D06_px-1055_py-0118,0.8987838942524807,0.3013392724421485,2.062695917248543,1.9249184218100295,2.328543396747602,2.826961317325126
-418.88210796646166,186.70309131083337,54.06920796114085,1.391364313101638,12.685491341841669,2.115326216939044,16,D06_px-1055_py-0118,0.8996671236755257,2.115326216939044,2.5399427690040337,1.7553545342734287,2.234344663439846,2.7419172633253805
416.5642812738679,198.39954490325883,52.06412080654766,1.3989095029642296,11.249525885835794,-0.1624906572847963,10,D06_px-1055_py-0118,0.9045459028689716,0.1624906572847963,1.7829511546982726,0.9109386781780322,2.800339112883161,1.648050789034494
-421.50543389149937,213.9486598349745,50.17064985560194,1.4089364968519025,4.322741281988783,2.0649181592916235,16,D06_px-1055_py-0118,0.9110294360925062,2.0649181592916235,3.4200924567036397,1.557257481906686,2.7789782357956208,2.3919217621579287
-410.5517102959183,253.02212575638453,50.14842108050851,1.4121610475033302,1.8099111826729768,1.982296038898427,16,D06_px-1055_py-0118,0.9131144559412969,1.982296038898427,2.735017726926114,1.3627007222013416,2.8719510546937848,1.531455463194052
-327.7316438892471,306.19952664858533,46.22490756371303,1.4135484367176907,20.466903115359628,1.7831679228172086,15,D06_px-1055_py-0118,0.9140115527348173,1.7831679228172086,2.450650643317622,3.3110545135734135,2.3544089985189056,2.184937040239019
303.5404255392233,347.8105633632064,49.663013537301424,1.406775268329297,11.497612153039938,0.2462809036598071,11,D06_px-1055_py-0118,0.9096319687072721,0.2462809036598071,1.9518231301205282,2.7357185779623405,3.810612666705592,1.4554410622333411
-248.6401076136319,372.88752921855314,48.588773999745,1.4055282999018024,20.30140744694904,1.5519092930291063,15,D06_px-1055_py-0118,0.9088256691005377,1.5519092930291063,3.0045583620908674,2.3647296866419265,2.0436751942324767,1.1728592540669833
-225.01979790259912,407.5743395956909,51.18739651669449,1.4032334039999053,8.728034400348292,1.4682671087951484,14,D06_px-1055_py-0118,0.9073417713350473,1.4682671087951484,2.076318933294523,1.992116419841099,2.6998658241240374,2.697887207064684
-156.8355581039924,406.8642280457458,54.42718881853239,1.3810752397189194,27.03561979684838,1.3317383326584618,14,D06_px-1055_py-0118,0.8930141277862739,1.3317383326584618,3.2563457146510078,2.8226548974659567,3.1687931037356134,2.1934472969184737
229.76204568579743,404.07761219340654,36.23369496491637,1.4514432441464251,11.337849655247624,0.4467990122035762,11,D06_px-1055_py-0118,0.9385146336896879,0.4467990122035762,2.7862114720738873,1.596848926952269,2.351522404182486,2.053308264352987
-32.5587440988246,-453.1795232393992,54.19022421296961,1.389322147256848,15.387339860644031,-2.2494977603161157,3,D06_px-1055_py-0118,0.8983466431555424,2.2494977603161157,3.1254184639080735,2.2876202570366777,1.8471283005695873,2.599653953511732
-2.492794228287319,-450.3831395709488,52.66354678791211,1.392809557232508,18.19124559305044,-2.183310632368471,3,D06_px-1055_py-0118,0.9006016299137447,2.183310632368471,2.8222216943392313,2.4876311064894336,3.6827982542178566,2.263835092760496
-184.97356252248204,-442.8568401164098,52.31862683608273,1.40463201343276,0.6704952659497394,-2.5734322481861205,2,D06_px-1055_py-0118,0.90824612321022,2.5734322481861205,2.7921826304555166,0.8420353455198712,3.296490874345065,1.7367776937538075
-200.82973044692991,-424.5631578020924,54.99001551178839,1.392579473724859,5.447694760236914,-2.619612968863743,2,D06_px-1055_py-0118,0.9004528561054885,2.619612968863743,2.8389881237239374,1.9003096911573576,2.6824633720131925,2.2334572028494204
-101.44116123591095,-413.38069310018926,43.64792041757465,1.4143239703824932,35.552625004423135,-2.418414831235634,3,D06_px-1055_py-0118,0.9145130189108263,2.418414831235634,2.7985247956861565,1.6184926008385396,3.4112114079250357,2.748542517293492
195.3955583839138,-395.9209915413056,47.86449547718797,1.4055322859325048,24.6969159216373,-1.7193243938072245,5,D06_px-1055_py-0118,0.9088282464993851,1.7193243938072245,2.144091917407866,1.2250321627429905,2.4757009724384527,1.878376612566627
188.76484497029983,-377.8517281205077,53.00346664236011,1.3800842877994242,36.02790709624395,-1.7144692226039613,5,D06_px-1055_py-0118,0.8923733704700785,1.7144692226039613,2.7819430900369464,2.2473691294062825,3.050091945888452,1.7114883376589587
213.7717397650996,-373.6756203096465,48.73461859510519,1.3983655057959845,31.60558319363281,-1.6581400333650604,5,D06_px-1055_py-0118,0.9041941500152911,1.6581400333650604,3.0989180049988168,2.878940944050522,3.2156754705892934,2.8007126932376125
-271.2544501184702,-356.0174281903793,48.69848500878288,1.4049430399030935,20.66954668714476,-2.828858047156128,1,D06_px-1055_py-0118,0.9084472353756803,2.828858047156128,1.5698142803282535,2.9193546882067025,2.4744311406424826,1.3193306430086924
294.86678821249404,-351.97046419768947,53.36926453603945,1.3938482081919958,12.454514350337377,-1.4804307841728588,6,D06_px-1055_py-0118,0.9012732298048919,1.4804307841728588,2.9040191676808065,1.5848438185810045,2.660451499801974,2.5776220539636325
239.04669823562853,-331.1194325689228,48.6251489406381,1.3896277119494418,45.77282280940796,-1.5524796252973436,5,D06_px-1055_py-0118,0.8985442236924974,1.5524796252973436,2.9227038894384463,2.4691436553784274,2.6201068591025125,0.785418613275428
-287.28579659736664,-328.0551169216614,53.80856726885685,1.3831894740713262,27.138904597790088,-2.897015863255512,1,D06_px-1055_py-0118,0.8943812083709165,2.897015863255512,3.190177343489591,3.742474135489383,2.4652478631041896,1.7023879516218439
-346.03998021868864,-318.159662441586,54.73957995242074,1.3935246837581432,5.231381848094316,-3.0051252043645134,1,D06_px-1055_py-0118,0.9010640363577823,3.0051252043645134,2.738136516370744,2.4134784071247837,3.004246525566999,2.068843890865773
-333.31570604777903,-315.45180310648624,53.26679260800401,1.3940904400030605,12.626170340276817,-2.990702204363506,1,D06_px-1055_py-0118,0.9014298588018205,2.990702204363506,2.5673032817303074,2.435873802733144,2.866248403180015,2.067861175292417
-344.5927644097761,-303.71613703294355,54.43432327414757,1.390458480696657,12.15520103572561,-3.026141827158755,1,D06_px-1055_py-0118,0.8990814053078433,3.026141827158755,2.93610766324546,3.169854257299694,3.512420622996527,1.53534165981331
-303.74919433798465,-297.26312143088074,52.708584101039975,1.382264079731729,34.40747574923972,-2.9739655165655035,1,D06_px-1055_py-0118,0.8937828411022353,2.9739655165655035,2.2913443884638944,3.5832581967319705,3.5460437421470217,1.4748241362561232
359.73547769929763,-262.90292924311734,32.226506654676825,1.4599792773620786,24.23962818551485,-1.238093911938542,6,D06_px-1055_py-0118,0.9440340999994183,1.238093911938542,2.547185243836992,1.7857953204550754,2.4864119905110416,1.8660192197286616
-364.4476516278213,-229.94452049159017,55.55257344502931,1.375006844640919,30.08673135270868,3.09747234037484,19,D06_px-1055_py-0118,0.8890902557322459,3.09747234037484,2.3790546290621633,2.3794560914253773,2.9456752120735192,2.185597804367762
-368.9575707384446,-214.1225482541249,55.47179585016721,1.3733479578628975,32.866785710540626,3.060454762963307,19,D06_px-1055_py-0118,0.888017606475662,3.060454762963307,2.852366343649364,2.3236463628889172,3.040262518858852,1.3301750007857427
428.35421813150367,-193.24173363279783,52.128445571062514,1.4017644220913563,5.776297400954945,-1.030769462558916,7,D06_px-1055_py-0118,0.906391916062815,1.030769462558916,2.483273573258726,3.1901622638746474,3.5464181672648767,0.961942222644429
-375.33828417453554,-173.625360253926,41.15100777639663,1.4188888482512985,43.70401369929721,2.9678822126312627,19,D06_px-1055_py-0118,0.917464704895213,2.9678822126312627,3.4059614804951024,2.8958233006574674,2.5170549643457942,2.159341468354613
-430.9000681985922,-162.6133927585637,43.21824005689848,1.427420888750414,13.1746107804625,2.8954693932055973,19,D06_px-1055_py-0118,0.9229815894829821,2.8954693932055973,4.5297514392954215,3.339146668041251,2.393074822119079,0.8510103306228032
419.4669778603376,-135.00402065529198,48.32008408564923,1.4036704829625797,25.16961850541253,-0.9183566500246362,7,D06_px-1055_py-0118,0.9076243900348844,0.9183566500246362,2.897312457991788,1.9410156482406227,2.383625321852085,1.6293795237497286
-435.08507045899006,-133.5029214656161,50.09595818528908,1.403041405426305,15.612773632871496,2.832336251955402,19,D06_px-1055_py-0118,0.907217623545116,2.832336251955402,2.783613987091487,2.468280361446249,2.6358474149298576,2.651515860746581
-422.8655606835352,-92.95648684501998,44.95446694448378,1.4123960477742072,30.65065330356373,2.750996646136011,18,D06_px-1055_py-0118,0.9132664089673822,2.750996646136011,3.8875882585871846,1.3603522080061028,2.7709592170929667,2.259767561816804
-421.4731026974328,-12.542112680423193,47.353602505182494,1.3997116330048598,37.50445362586692,2.56436214355746,18,D06_px-1055_py-0118,0.9050645664710723,2.56436214355746,3.77961382054913,2.466661095288625,2.9173593402363744,1.1375707692578816
-432.4087617230203,120.33438027534228,53.0104781142829,1.391056621345971,19.120721598818307,2.2631922079702864,17,D06_px-1055_py-0118,0.8994681677628341,2.2631922079702864,3.4525337580822124,1.3720201377727204,1.9287735056842883,1.80107003361156
383.591217279156,148.72545702414797,54.14002412813403,1.3710424234523364,42.79939358213505,-0.2371051793871654,9,D06_px-1055_py-0118,0.8865268297666772,0.2371051793871654,2.2676185985021995,1.9802332779871832,3.0443622903840186,2.029604756483369
421.9813339593137,164.11949217938346,57.59407014866525,1.3775418186450303,15.758851297927094,-0.2360560488992861,9,D06_px-1055_py-0118,0.8907293898895587,0.2360560488992861,3.027730811141247,2.5987280864056177,2.3572757705973952,2.536906792307091
-427.4705629054553,200.73897773502924,39.105974869067325,1.4440843273363957,6.195545870261071,2.095582209411044,16,D06_px-1055_py-0118,0.933756300119174,2.095582209411044,2.825800521172786,2.16702023155427,2.030985764895021,2.0143187563268885
418.1406981096725,223.22661083301105,38.33706751001864,1.4470008572547182,5.170781753901622,-0.1166159498623418,10,D06_px-1055_py-0118,0.9356421513358705,0.1166159498623418,1.9415048275239617,2.276132970687933,2.2030635172680655,2.4393970943371075
-399.8025504617967,242.2619194339068,50.44930245276032,1.4062683595893957,7.625562980322968,1.989827242202455,16,D06_px-1055_py-0118,0.9093041975234789,1.989827242202455,3.388506203714666,1.1996184579671527,2.36505588547955,2.0596031619115953
395.5859299393105,261.25929474521763,49.44538230902776,1.4116922487970267,3.555025313492536,-0.0233026942145416,10,D06_px-1055_py-0118,0.9128113270053947,0.0233026942145416,2.7305908857040135,2.2769286713701313,2.258580590808239,1.972965135777547
-333.14143163186384,265.5768850241004,41.947207143043386,1.4204664284793154,35.55576424981592,1.8615881881796223,16,D06_px-1055_py-0118,0.918484780696168,1.8615881881796223,3.4563712978831136,2.1721664939978034,3.020330662299062,2.299969378746388
-212.78939590723667,330.8702090217695,56.10478114107266,1.3548047256127982,53.85869166619932,1.5353405598009884,15,D06_px-1055_py-0118,0.8760274064504041,1.5353405598009884,2.837084586157661,2.4171037635590915,2.8155732742518937,1.618672621992654
-322.9858671807743,334.54296734583033,45.58098290008752,1.4211233590999737,9.96669470844597,1.7316402001957203,15,D06_px-1055_py-0118,0.9189095572096784,1.7316402001957203,2.008146425049582,1.2272969349526894,2.2639113500910346,1.2548083649756352
-112.3922067798434,368.8649062639385,46.152773574329046,1.3887000959345497,60.78508701128172,1.2595776113655646,14,D06_px-1055_py-0118,0.897944419871072,1.2595776113655646,2.6557429734427584,2.0782906624776443,3.3952034130723927,1.7842658143360892
-167.85291009484445,370.35969816556974,54.66678276512101,1.3668392124006368,45.74577976906943,1.3893418590833373,14,D06_px-1055_py-0118,0.8838090003948328,1.3893418590833373,2.142422119603323,1.6868864012292106,2.741755066844613,1.9247461925495664
264.0216631719624,369.2642102308124,52.68494628052719,1.3941031376651742,15.91479450526657,0.3430985226263153,11,D06_px-1055_py-0118,0.901438069210154,0.3430985226263153,1.8002177078817336,2.1061705621317914,2.8009540503313453,1.7672934852107132
-17.792245065606338,386.094050073433,52.39428694979571,1.3651902430587148,59.01107868756259,1.0098668868333815,13,D06_px-1055_py-0118,0.8827427638305436,1.0098668868333815,2.30842392870282,2.1070300630302423,2.787772296995925,1.893482140590856
297.5243756212042,385.8042801099479,51.34376368964939,1.4100642029161172,5.172551528950123,0.3068979870410165,11,D06_px-1055_py-0118,0.9117586197157959,0.3068979870410165,2.626766243580043,1.1737686137702932,2.525226915562769,1.4138439494617212
-48.217680950750015,392.6084650792856,49.87285433625408,1.3792030030805644,53.73868699257389,1.0860185054168363,13,D06_px-1055_py-0118,0.8918035248295875,1.0860185054168363,2.328587559110493,2.9171492939047132,4.288785181815977,1.5201560821718907
281.02686192497424,392.1848299565935,51.016809286637056,1.4095333490652309,2.089321398166476,0.3420580962522254,11,D06_px-1055_py-0118,0.9114153654346405,0.3420580962522254,2.006734127316358,2.461404900069859,2.771782293421475,2.2554205530533604
244.76473746364385,399.1904014303456,38.460909905809615,1.4450984281389692,8.857718369201336,0.4137821640792348,11,D06_px-1055_py-0118,0.9344120256854956,0.4137821640792348,2.6497421167017743,1.4619788749143514,2.71032615174778,1.115222370767508
-46.83368682752416,-485.2036621387032,46.00215393601968,1.4266170064217492,4.526304335200962,-2.274001528114604,3,D06_px-1055_py-0118,0.9224617928376367,2.274001528114604,2.1112185582259153,2.131038125385428,2.643581499440717,1.8568483869951735
-9.77146833845434,-470.88569211293753,52.8739925044855,1.3997725920567234,4.969889870201484,-2.1985241342413877,3,D06_px-1055_py-0118,0.90510398307414,2.1985241342413877,2.685252193470035,1.494542894673304,3.041224673340505,2.6309761729872934
-98.94385219775062,-447.1025003953328,49.24133132022786,1.406846406236283,13.950405460806737,-2.395565956361033,3,D06_px-1055_py-0118,0.909677967038234,2.395565956361033,3.8315118317814787,1.9103220434559498,1.6381360274033259,2.6539463537186334
-208.0398898324747,-440.19991125131486,36.43788068640765,1.4561643894505285,2.921825355108467,-2.6192668114671966,2,D06_px-1055_py-0118,0.9415673634285501,2.6192668114671966,1.841632961320674,2.4853515215680213,2.846701347183675,1.494446183406636
-95.04738673026388,-421.8041576053789,56.915267429744944,1.3709871226329648,28.89158211341453,-2.399409467297572,3,D06_px-1055_py-0118,0.8864910718213048,2.399409467297572,2.478167721819962,2.3443543503218245,2.989720230238462,2.596590416555828
118.61301814116663,-416.77516699316897,44.97068641067426,1.412470354171518,30.415146272126776,-1.900509342305144,4,D06_px-1055_py-0118,0.913314456069144,1.900509342305144,2.87387901933186,1.2979038763036428,2.8854618115516066,2.191361476986981
47.87931626041978,-405.6167276695127,49.519000199197535,1.3863900801961455,45.58377513226776,-2.0602787824089046,4,D06_px-1055_py-0118,0.8964507455002075,2.0602787824089046,3.5732100932760433,1.292878835274517,2.5391395527506972,1.6902110143375864
101.7102468279724,-402.3005730173011,48.6981321754173,1.392172078592788,41.55979750308535,-1.9301434048886343,4,D06_px-1055_py-0118,0.9001894312043189,1.9301434048886343,3.2259926392811016,1.7232660872577652,2.4786048616262275,1.452536559689838
219.760360709228,-386.28492984616383,40.91100396634931,1.430109670362807,23.88720084810961,-1.66053237284751,5,D06_px-1055_py-0118,0.9247201768512471,1.66053237284751,3.571302779282977,2.362716772511824,2.745801269553321,1.5534942341693816
93.59448200068005,-390.8202823424486,44.18297610377033,1.403238931079481,50.717366031686936,-1.9427205805230003,4,D06_px-1055_py-0118,0.9073453451882341,1.9427205805230003,2.1189677962961366,2.1857554482181283,1.8012637142537058,1.6593341472772836
-50.96049493205791,-390.5894090729541,55.64782928208845,1.3567801218711926,53.63141255205875,-2.307513765829532,3,D06_px-1055_py-0118,0.8773047132299256,2.307513765829532,3.2977624384151296,0.8373894282743364,2.829647555599486,1.6479897304254814
-134.3360490568003,-384.8808205719345,47.88760960001008,1.3920000417480398,46.3781692553253,-2.51358881323736,2,D06_px-1055_py-0118,0.9000781908254883,2.51358881323736,3.100839842652867,1.4929221811497762,3.5126963930260557,2.7288610455872204
-201.26163436639405,-377.9158442497992,51.95122806909379,1.3862523206095922,32.52830964945639,-2.6671283847265403,2,D06_px-1055_py-0118,0.8963616690665043,2.6671283847265403,3.922025254168046,1.669473742425703,3.1310746441631014,1.7952635414941778
134.0889461105915,-377.219134303934,47.38052942738608,1.390692399032567,51.142981121159664,-1.8362390056135625,4,D06_px-1055_py-0118,0.8992326587462574,1.8362390056135625,2.7482749318901165,1.6698470001120478,2.5517151368883506,2.7915155979168285
-273.532642300865,-378.6177101338063,51.880356281661705,1.401551251873169,7.635739825440226,-2.803411060201262,2,D06_px-1055_py-0118,0.9062540785207391,2.803411060201262,2.2364122724537383,2.6167819924417017,3.4741740058438815,2.230682268070835
284.5153303449279,-369.05881628635166,53.75716510175553,1.3951492212865733,8.01239389519128,-1.521018971666436,5,D06_px-1055_py-0118,0.902114475119035,1.521018971666436,3.0976982500438486,2.6006428058026367,3.539380225330194,1.8606450670601768
-222.15912472192525,-365.3735036193204,40.49627173610804,1.4261171100027326,34.7611414249435,-2.724081004059837,2,D06_px-1055_py-0118,0.9221385558757589,2.724081004059837,3.100240960609469,2.9822882238209742,2.725331175381992,2.366918043614896
221.8246287533945,-358.1944182744157,45.87889510815705,1.404809148583743,37.97034466113183,-1.6232963654901402,5,D06_px-1055_py-0118,0.9083606601940181,1.6232963654901402,3.7866386798133966,2.2294546585797357,2.05935467410829,2.723632802388034
-321.10062906151205,-351.9623536862069,30.57327885811685,1.4723891409916718,4.460518633687627,-2.917353461271558,1,D06_px-1055_py-0118,0.952058415566312,2.917353461271558,2.4751166044876722,2.467828674903763,3.425023500910318,1.9866199200948884
-287.7303516021445,-345.2146170270353,50.56826552263607,1.399382053587137,19.18808049538376,-2.872602177505496,1,D06_px-1055_py-0118,0.9048514578237014,2.872602177505496,2.83324946569207,2.5448957162673898,3.7451758193821245,2.3119637304517004
-303.1312881758449,-335.7314056367337,55.585342143439306,1.3839459671874006,16.41991733325773,-2.91218988074904,1,D06_px-1055_py-0118,0.8948703627781485,2.91218988074904,2.803090692981409,2.5889384519956113,2.6672933179209366,2.374593446023434
-307.29571121529256,-322.71064730595225,55.18728696680171,1.382521870631778,20.78349651868672,-2.938710997502257,1,D06_px-1055_py-0118,0.8939495307286494,2.938710997502257,3.793254197838949,2.759075501028353,2.7915826919224735,2.810046571192964
-365.7450590892736,-294.2076047855733,52.17739712322378,1.4014196790171989,6.110569712698805,-3.0711502853238284,1,D06_px-1055_py-0118,0.9061690024757596,3.0711502853238284,3.017534932672507,3.0386210504565705,2.751983053828421,2.1851917075310894
425.8697908932058,-176.30094535469792,53.722619680689206,1.3933662505420708,11.267444201989631,-0.999477974861996,7,D06_px-1055_py-0118,0.9009615921923999,0.999477974861996,3.0224485350556023,2.7773804930046553,2.9260149921029246,1.352408209881953
-445.27755869680016,-157.14726759478634,40.91601539230362,1.4382687473855773,6.002430343503818,2.8738867287352585,19,D06_px-1055_py-0118,0.9299959003176336,2.8738867287352585,3.2429107864136695,2.497420753160251,2.6796724118011435,2.649218853223131
-376.4942530545634,-152.8964136688354,54.80901024766331,1.3661934286931594,45.88577615566663,2.9203718157999585,19,D06_px-1055_py-0118,0.8833914315631818,2.9203718157999585,3.211387935359089,3.498374786201439,2.615673484660693,2.6850274193352845
-452.6493720228109,-145.38280576401002,40.2328691109019,1.441331752239647,4.0105300943545785,2.845387854482289,19,D06_px-1055_py-0118,0.9319764633814669,2.845387854482289,2.802749509954814,3.0046126928541805,3.102782929346639,2.250143349338824
-414.422907950446,-137.87762028653202,52.223198872233695,1.3888756805369458,26.98852488063102,2.8557916534932746,19,D06_px-1055_py-0118,0.898057954257941,2.8557916534932746,2.924592201358593,2.410261705697204,3.2458724243697974,2.0404966980754677
-386.9493872916212,-135.8109248646969,56.45018030644317,1.3621059737102197,43.17311701630695,2.872159411448536,19,D06_px-1055_py-0118,0.8807484509771288,2.872159411448536,2.707446513632962,2.9555512804189155,2.762964417833422,2.2090719421318923
-398.2322242753903,-126.08478335748478,54.90612182204342,1.371265872030193,38.63281714263866,2.84123903101111,19,D06_px-1055_py-0118,0.8866713133770706,2.84123903101111,2.837239745645177,3.4566971094835717,2.9150685175219917,2.250249271510252
428.4781812349682,-62.561685934842544,47.43390226114076,1.403839400745006,30.211059083610564,-0.7519640689236453,8,D06_px-1055_py-0118,0.9077336136034508,0.7519640689236453,4.503402540599961,1.5967624041711628,3.4292699659389054,2.276692812651442
424.5409960171701,-6.393977951567229,52.762367317080106,1.3818959216839173,34.66265862440042,-0.6220393131644414,8,D06_px-1055_py-0118,0.8935447872087914,0.6220393131644414,3.076157267357899,2.99448758141823,1.678196082239134,1.619146828406269
-412.1540540292208,15.723033028115458,49.51430567590632,1.3881648966658102,43.01484368075472,2.4964831743075155,18,D06_px-1055_py-0118,0.8975983558085069,2.4964831743075155,2.286666745459873,1.897911371346034,3.091538924028402,1.8067838890955765
-464.6531050331549,34.897324016655006,44.52296657942884,1.424840602251483,9.513795521264342,2.459649819731476,17,D06_px-1055_py-0118,0.9213131559096234,2.459649819731476,2.6336387547826066,1.8489578389411134,3.2182323441931047,2.8012386404179432
-438.1734868743689,85.59596540773475,52.01597679629549,1.3934355903480629,20.82277169840222,2.341695381187514,17,D06_px-1055_py-0118,0.9010064278570966,2.341695381187514,2.7585200705167447,1.6437939377124344,3.448886603665566,2.287020049550722
426.0553003538343,153.7244734719473,45.31887076213775,1.4180643623874638,17.76554931141459,-0.2607081887480479,9,D06_px-1055_py-0118,0.9169315858417469,0.2607081887480479,1.9527223719424451,1.5814900988468625,3.1404041946187338,2.188025328585397
430.6988837856471,152.30144440613176,58.0840244221672,1.377628100872974,13.074318109447916,-0.2670881513035888,9,D06_px-1055_py-0118,0.8907851806577333,0.2670881513035888,1.9764466063238397,2.807335636766183,2.202440113299224,2.4452894312461866
416.2886738114454,173.6913847796092,49.13851691332576,1.4047434840002573,18.358608743919547,-0.2117018353080605,9,D06_px-1055_py-0118,0.9083182009571411,0.2117018353080605,2.9782876341190203,2.9628427885313653,2.399465768728496,2.2681166310082026
408.4983421076207,184.4515535416837,54.74823138953758,1.3850422377985163,19.20709046358905,-0.18284931417369,9,D06_px-1055_py-0118,0.8955792199898689,0.18284931417369,1.4353734625632333,1.6902379512220083,3.2987990763121067,2.7097867688005737
450.58858981146665,200.60253414387523,32.30179092262347,1.4703799615741693,6.575903396865613,-0.1881235364584083,9,D06_px-1055_py-0118,0.9507592643300242,0.1881235364584083,1.337329229482807,2.7093414681268246,2.601331529557261,1.5062744175584877
-364.2378603798082,224.1725125908009,54.42348313580047,1.37747430206747,32.36542894345234,1.9829060932621645,16,D06_px-1055_py-0118,0.8906857331387265,1.9829060932621645,1.8966445254674724,1.3863406774697244,3.318096298309958,2.0031750203360175
299.1373572063019,264.291989717361,46.8745104756278,1.3920609719383077,51.98580177606283,0.1166521588309238,10,D06_px-1055_py-0118,0.9001175887664209,0.1166521588309238,2.014800310607683,1.8037696156699057,3.026083759814128,2.07134873446408
387.6102727830971,291.67726191761733,52.21883831788102,1.406675814924465,3.96272311925452,0.0381205336218836,10,D06_px-1055_py-0118,0.9095676613523814,0.0381205336218836,1.720551537470484,2.0258492786598956,3.3640482030618264,2.205247385598751
-292.9114571452319,298.7649946580217,48.26295220673808,1.3951609927140194,39.43533244987242,1.7393221418773708,15,D06_px-1055_py-0118,0.9021220866167371,1.7393221418773708,3.4060912036605666,2.173994489696896,3.493209722296893,1.823675052227628
-245.528173989222,306.04101748418736,48.1982077574782,1.384011198588351,56.09638062429645,1.6399416376659848,15,D06_px-1055_py-0118,0.8949125419157861,1.6399416376659848,2.141156163906873,1.0741308305638928,2.3812202920634213,1.4534391284327717
253.2518050663137,306.1623757766985,44.82106587255191,1.3989610927731708,53.518354743310965,0.2727202039063431,11,D06_px-1055_py-0118,0.9045792612457706,0.2727202039063431,2.335094012511296,1.6319853031587548,3.07712618178486,1.9360092052480198
-192.3884401631852,340.73772729207275,39.08464239808888,1.4183211229275838,58.3135327733649,1.4778176995397887,14,D06_px-1055_py-0118,0.9170976092293155,1.4778176995397887,2.8890303077953385,2.115258962633468,3.0424890352234097,2.7322090619149244
-271.0185760172753,350.69300821644583,50.61951295435921,1.3968630726188505,23.14291243715485,1.621756325648958,15,D06_px-1055_py-0118,0.9032226648893189,1.621756325648958,2.809144914112799,1.431839473955455,3.077875876570043,0.5554531209201933
-313.30677430607085,360.039919923892,49.52971334435398,1.4124764953675488,1.487214864896373,1.6799217918579132,15,D06_px-1055_py-0118,0.9133184270148675,1.6799217918579132,2.4929056101580658,1.8403633895983509,3.7720323616043645,1.2132601045747982
36.1670929942797,-478.9096028448256,51.88116863986579,1.406110336933974,0.8155038061726714,-2.102399272294945,4,D06_px-1055_py-0118,0.9092020188298471,2.102399272294945,2.6666152668432126,2.0693799815952616,3.789740390661194,1.6028987284282379
-132.2469722615009,-472.6479778780629,52.982355971022514,1.406220241619346,7.746277216267686,-2.450599225670935,3,D06_px-1055_py-0118,0.9092730840650525,2.450599225670935,2.1732040503306913,2.4671076424242724,2.4379443764637507,1.462025780444014
67.20681009620762,-472.6203370105085,51.06012675736167,1.4077037111501205,1.1772244891557762,-2.03652245219207,4,D06_px-1055_py-0118,0.910232307147925,2.03652245219207,2.1936311789733454,1.3228776775126097,2.66031426880515,1.6864972239386191
-84.52833069679023,-468.8481505253317,49.10244550605381,1.4135390256690925,2.1105061527078988,-2.356149056926498,3,D06_px-1055_py-0118,0.9140054674766693,2.356149056926498,2.9994377765213143,2.382516845261928,4.221845851233294,1.326812266730478
-123.77113656945906,-466.1367546647161,40.9325425033424,1.440959500061097,0.5050351803392914,-2.437312426643504,3,D06_px-1055_py-0118,0.931735762190841,2.437312426643504,2.205288747930043,2.0426977562455066,2.3909199618220542,1.6462320202197804
-46.26079168516001,-458.9866928511088,32.85829911893421,1.461650404298437,13.99607366539692,-2.2782255990196774,3,D06_px-1055_py-0118,0.9451146638387904,2.2782255990196774,2.7774389484992623,1.8874418461687916,3.2582818121366053,1.4833353999703203
-89.30443498125678,-456.0808420533977,34.81330011936291,1.4560580458655732,11.562263428155577,-2.3711377515867467,3,D06_px-1055_py-0118,0.9414986008289223,2.3711377515867467,3.218630491927269,2.211217869958362,2.951667263249182,1.627826594088312
-138.8618706838114,-456.7519728623011,45.26522275827523,1.4259451593651864,2.053717458583151,-2.472916906129412,3,D06_px-1055_py-0118,0.9220273712391841,2.472916906129412,2.593173304951147,2.137320902232739,3.3020488927334704,0.6920601940470583
-156.530794907306,-450.5885813088217,51.47994119922637,1.4062608797749354,1.3471553279960062,-2.512125260411095,2,D06_px-1055_py-0118,0.9092993610165355,2.512125260411095,2.5011170058428207,1.8840448995061714,2.908632325553226,1.596137407746541
-131.54375388828112,-445.2030372896535,50.94634164156832,1.4035371707297633,9.623800397118714,-2.465070725157294,3,D06_px-1055_py-0118,0.9075381892951361,2.465070725157294,3.4067865149153853,1.518209175171062,2.8360905342471927,2.0937282162820896
57.99290800338737,-439.15532400105775,52.52961072073074,1.3903415872004712,22.96223087945475,-2.046479977107669,4,D06_px-1055_py-0118,0.8990058210525196,2.046479977107669,3.102343518281959,2.183189543048127,2.0146130407360894,2.2434928461305814
-37.63146672733823,-439.0785216568504,53.86597769634966,1.3849185951371423,24.17586315939377,-2.2632724815097,3,D06_px-1055_py-0118,0.8954992716711758,2.2632724815097,2.405961157617023,1.30200755466326,2.5824052155860664,1.9032965569305995
144.69559999460435,-432.7651026627874,47.00728627759804,1.413618638673379,15.337928287860109,-1.8551093615576844,4,D06_px-1055_py-0118,0.914056945872298,1.8551093615576844,2.791417106521153,2.5446329531011327,3.1409064213475024,2.139298202477274
110.98819107036783,-426.90510827366376,51.75106789552805,1.39222118031649,24.297951043407807,-1.9234234597403643,4,D06_px-1055_py-0118,0.9002211807656052,1.9234234597403643,2.2428253057015493,2.5023377710636323,1.9864750614253959,1.599587833453993
-53.039046983086735,-411.38436514498574,50.10717971141281,1.3870443032795694,41.41414224872653,-2.3059967340753773,3,D06_px-1055_py-0118,0.8968737712988167,2.3059967340753773,2.724363944017879,2.068929064537921,3.2076414074932025,2.326346445831281
-105.4538096691756,-399.9460604923749,53.36037742352818,1.3748660213121229,41.54990329778639,-2.4355785256052283,3,D06_px-1055_py-0118,0.8889991982586773,2.4355785256052283,2.9589852896435214,2.769258908269517,2.5488662038229055,1.9748673883776626
-250.0452994849261,-397.876014566692,49.39420087772504,1.410474671260168,6.22571557689605,-2.738852439792107,2,D06_px-1055_py-0118,0.9120240317800372,2.738852439792107,2.497500624616343,2.5088173651286985,2.581257732335381,2.4359681303215677
158.27729760349564,-392.4078379371752,47.505123044811626,1.399758068606892,36.53945803650021,-1.7943857757971204,5,D06_px-1055_py-0118,0.9050945920970876,1.7943857757971204,2.98587042500773,2.4956914492229068,2.7294872527315195,2.535830348166451
-237.6376775486514,-381.10898719226986,51.47908474791373,1.3962520566601917,19.20672870112162,-2.735326448288945,2,D06_px-1055_py-0118,0.9028275771578957,2.735326448288945,2.404255275512019,2.8636674258200134,3.396369979623687,2.4279119591203733
-187.48446985645631,-366.0403406771724,56.51195976887129,1.36246175338199,42.41588295687546,-2.651132750822088,2,D06_px-1055_py-0118,0.8809785009151284,2.651132750822088,4.012826317985159,2.2112910682126325,3.000752717881446,2.3647594684809112
-395.26035832003606,-257.84542650725024,55.2724064353541,1.3925235436301158,3.9515209457125593,3.112633854466668,19,D06_px-1055_py-0118,0.9004166912657046,3.112633854466668,2.5084258302107836,3.413572514368579,3.1328297232173323,1.4808756593804204
-357.0953436265441,-249.65798228752607,53.86216591441561,1.3828586848815212,27.353845942493308,-3.13842675083252,1,D06_px-1055_py-0118,0.8941673174753886,3.13842675083252,2.1792317683595055,3.772388836603213,3.0463697215918173,2.5564606134950814
-376.6128248715658,-230.3007858478555,49.891564569734726,1.3986432897765606,24.398049187284187,3.0834495703996545,19,D06_px-1055_py-0118,0.9043737673250458,3.0834495703996545,2.8431935131933717,2.5681961537765057,3.7601447433009776,2.4745135402600233
392.6160484700895,-206.65437251723168,54.83449138484201,1.3829011533784283,22.08405034291229,-1.091486075820629,7,D06_px-1055_py-0118,0.894194777939984,1.091486075820629,4.0287210482878155,2.0642927887786797,2.6921815662126494,2.1142112691213013
-450.3312276085836,-164.70203773071694,56.54740272766119,1.39131977330652,1.122445457686922,2.88523670124581,19,D06_px-1055_py-0118,0.8996383238931929,2.88523670124581,3.153918763959706,2.9280698433791468,3.6655175194983696,2.0105768117193015
421.6784717441205,-164.65353462093586,36.10196217213968,1.4487129910753764,19.192310300110705,-0.9792450178085904,7,D06_px-1055_py-0118,0.9367492305496139,0.9792450178085904,3.689619097125889,1.781617477660174,2.5510565097810556,2.830117123928261
-383.45287936264,-110.7131535443188,48.27764338683272,1.3868064368921589,51.76467458442613,2.815695787731378,19,D06_px-1055_py-0118,0.8967199650192064,2.815695787731378,2.3417578173911275,2.237279723917727,2.7920471325501586,1.3694846411654544
-457.7585413128488,-70.15068932275898,44.55863778299022,1.423836383409414,11.347138429245147,2.686678305322643,18,D06_px-1055_py-0118,0.9206638200967974,2.686678305322643,2.301834993805863,1.6166631260476594,3.2656859858244895,2.4973366676517212
404.04322215401584,-65.95198583825794,51.87332441855091,1.3782743149813024,44.53119904979644,-0.7687825991882838,8,D06_px-1055_py-0118,0.8912030277899644,0.7687825991882838,2.499693159479711,2.001180183169148,2.4826893986633753,2.5453327892163067
-439.95484888083,-36.4172749622503,54.19051456150447,1.3841436781784922,23.62308107496574,2.6171998731918147,18,D06_px-1055_py-0118,0.8949982042622223,2.6171998731918147,2.2129397112727935,1.966129791840646,2.736976661048689,1.302335366055673
-443.33118897541607,-22.64050694059856,35.535984527306255,1.4482558251984703,24.92305956418312,2.5856378538965585,18,D06_px-1055_py-0118,0.9364536234928238,2.5856378538965585,2.4345854840298093,2.834962856246846,3.3788218075113767,2.190508708601342
-447.73643081769126,-8.52760182913401,51.28645816403901,1.3963935373642444,20.078807786391167,2.5536568500160866,18,D06_px-1055_py-0118,0.9029190596954829,2.5536568500160866,1.8463761830724144,2.36184419066441,2.561725890337617,3.064818765645498
-447.05165385827775,36.94408709196208,49.06766500167208,1.4040730904908592,19.969904414591326,2.4521610621537726,17,D06_px-1055_py-0118,0.9078847192337337,2.4521610621537726,3.5355255783555113,1.3142561121386847,3.570082153636468,1.8117985272146873
-426.4371118372153,53.53647241418247,37.87779227905872,1.436030400866583,33.727740658490745,2.409722874845753,17,D06_px-1055_py-0118,0.9285485678285289,2.409722874845753,3.130221856824822,2.3676418224230393,2.544361091029078,1.7692909967552952
-374.3792106369112,50.27240140661355,62.3192924507141,1.3222305826233165,62.32788692011991,2.401129577360074,17,D06_px-1055_py-0118,0.8549647090291849,2.401129577360074,2.5200355600231505,1.5205410250125757,3.010954040071803,3.316717968411357
-446.6245825915943,54.12082468954456,52.09365341768827,1.394504807928722,18.610491842358783,2.4140236298646243,17,D06_px-1055_py-0118,0.9016977923662455,2.4140236298646243,2.511924217186621,2.6315434681420866,2.2073841215234693,1.8373346187019002
-401.078107424214,70.23046529320307,54.057481671653846,1.3693205647000477,45.51242683793311,2.361266343341725,17,D06_px-1055_py-0118,0.8854134623355449,2.361266343341725,3.2060892526006377,2.218464769033115,2.5628998973290127,2.5452231923661426
-473.5111216553306,96.89514107836692,42.966302573044175,1.4348740137653302,1.4408247497759703,2.3327684929221717,17,D06_px-1055_py-0118,0.9278008388207895,2.3327684929221717,2.990227140261899,2.205932705938745,3.05851633630693,1.6161720453099413
-387.71580998381165,134.04926892834175,52.6847414895247,1.3757306061771035,43.8362897891825,2.20173749942901,17,D06_px-1055_py-0118,0.8895582456421168,2.20173749942901,2.8827167395237527,2.078016308844137,1.699422810029706,2.3816265135457355
-377.1859394668603,146.00060450027942,48.860326626739095,1.387039438380828,48.24499841364491,2.165295272018932,17,D06_px-1055_py-0118,0.8968706256169731,2.165295272018932,3.3148107514445266,2.591953088396208,3.007963683239316,2.4207921959674135
-424.1225459885553,170.56855322317014,50.246000537964505,1.403281452306671,14.286971751595331,2.152239102072809,17,D06_px-1055_py-0118,0.9073728397486457,2.152239102072809,2.6746275757007867,2.3111818312950425,1.684601494394388,1.8287588613467798
448.3320217291248,190.12074252821844,51.014793043612485,1.4110043505834566,4.976333096071869,-0.2059033280403608,9,D06_px-1055_py-0118,0.912366526602397,0.2059033280403608,2.667862829957703,2.6473191317930302,3.1369164786043116,1.6380064662768175
406.2683125052623,213.4800228702285,41.902054500662985,1.4312455795185397,14.403173017516965,-0.1231676021239106,10,D06_px-1055_py-0118,0.9254546646581225,0.1231676021239106,2.572924003207706,2.1709657113449814,3.0749700090915018,2.642240985631666
448.8487101667514,220.1748161200678,43.152406156957,1.4387767013073418,12.171109195683073,-0.1509346826962755,10,D06_px-1055_py-0118,0.9303243473242517,0.1509346826962755,1.718763898842953,2.5399616707109924,2.6998449399041053,2.6618784344808932
377.8496210994516,233.0378171707476,51.67958643204233,1.393578413186708,22.49581196690417,-0.0543366052638019,10,D06_px-1055_py-0118,0.9010987782294823,0.0543366052638019,3.7362618047348075,2.146774030351364,2.176248536848564,2.0173359101352375
406.065188202495,275.95603408332704,44.42738734825116,1.432468420961159,6.557096963801428,-0.0100863326520374,10,D06_px-1055_py-0118,0.9262453635664049,0.0100863326520374,1.9617287756409696,2.5700767023174302,2.4511459263419777,1.8063251659957658
-372.9705611100527,285.73762786852444,48.8876004707343,1.4120648769457351,6.357366680807047,1.8808791412485608,16,D06_px-1055_py-0118,0.9130522713012863,1.8808791412485608,2.657520927982037,1.7470612568786803,3.5652780084196456,2.5591352372306746
315.6878274600201,314.49146478297786,48.98518414141955,1.4032591132698402,21.88768876981618,0.1765201857490576,11,D06_px-1055_py-0118,0.9073583951514816,0.1765201857490576,2.298331306967689,2.554174216714409,4.0935954872967395,1.6512460751803184
318.36178104476926,316.9818294742334,51.34969408754475,1.3967309710695632,19.14652712144744,0.1762466581971794,11,D06_px-1055_py-0118,0.9031372469870763,0.1762466581971794,3.2403047318657006,2.813688688596666,3.0438933527422085,1.4521009069729534
247.63876567584788,360.7289471999796,42.53809870784477,1.4223295835778882,28.0725854909532,0.3622119322705457,11,D06_px-1055_py-0118,0.9196895114577022,0.3622119322705457,1.9254313457216194,2.224585460217453,3.5691660753335315,2.063841429100411
-192.1538229676029,389.5299600735015,47.53561674216769,1.4039889379218575,29.34495006082608,1.422087355042505,14,D06_px-1055_py-0118,0.907830305519805,1.422087355042505,1.9530255490912891,2.4950136024037435,3.287172132277693,1.2585093896064108
250.80372338750976,416.0312661561796,47.4347309517409,1.4216866376862944,3.657714341548626,0.4213056199725776,11,D06_px-1055_py-0118,0.9192737775801532,0.4213056199725776,3.058757482007869,2.562147275470841,2.679229831225495,2.0215487456153665
-176.21753201990862,418.8218194355127,48.86881605800221,1.4068208498311987,16.278990638640607,1.3620786070659123,14,D06_px-1055_py-0118,0.9096614420654161,1.3620786070659123,3.093031202149007,1.6315722202447471,2.9983659476767084,2.5821794824286926
186.62069473170155,421.0840391840282,49.54590364424189,1.4067881592111051,12.191181696315937,0.546639566797127,12,D06_px-1055_py-0118,0.909640304052982,0.546639566797127,2.5013586126607996,2.419807963924404,2.2347855005642097,2.100856365736041
6.907097133853575,-472.2800717208795,47.542720236883895,1.4171618450050798,4.969713302276034,-2.163151898915003,3,D06_px-1055_py-0118,0.916348010993786,2.163151898915003,2.456066993148383,1.2940573532873727,3.2604473749732303,1.9691901895286346
-16.084266429961993,-441.8486252803799,49.4809765161819,1.4002954307065325,24.023533563106923,-2.21416200225554,3,D06_px-1055_py-0118,0.9054420546631485,2.21416200225554,2.578319221490754,1.9203411393829812,1.6691228754550362,1.697251788688659
-201.0054438356134,-436.0188350659048,48.08728564640819,1.417911475035209,0.1174657381125143,-2.609741080007148,2,D06_px-1055_py-0118,0.9168327276755901,2.609741080007148,3.4762714662614167,2.2124289579874903,2.6417068511933968,2.093968062750244
-268.9902428057065,-406.2231164417548,49.61882654559616,1.415378473982579,4.905807354327351,-2.762661456940173,2,D06_px-1055_py-0118,0.9151948692442445,2.762661456940173,2.681119088856333,2.2524070924613713,2.0919425029448444,1.262291830125592
-139.669486640573,-403.5151993882452,49.15349289908971,1.395517380308555,33.772694984559905,-2.511000570567721,2,D06_px-1055_py-0118,0.9023525296423849,2.511000570567721,3.5667368029517617,1.878305795235593,2.8630837678112693,2.834973356493101
233.07287674231367,-398.3309888619295,53.397447100091824,1.394638524405921,10.94766122292475,-1.6483666807610846,5,D06_px-1055_py-0118,0.9017842544935956,1.6483666807610846,2.168118053176382,1.8750596119658451,3.004837073630237,1.4318103214679923
-175.03864821988157,-392.66626683035776,53.3632485854917,1.382105549521535,31.15076786889034,-2.5971061394965607,2,D06_px-1055_py-0118,0.8936803342196901,2.5971061394965607,3.5077896565138182,1.5871531275961468,3.4747678195367415,1.549031833042082
111.105088061357,-388.8906696220847,42.86198021617162,1.4091786462745055,49.27980914678904,-1.899491728124513,4,D06_px-1055_py-0118,0.9111860118164065,1.899491728124513,3.2401311237505652,2.287923677375048,2.71486570318205,1.7202263046020945
-310.0275757469822,-362.8942420399735,39.76269162980583,1.4433241504759646,2.86519309075345,-2.8847721937805844,1,D06_px-1055_py-0118,0.9332647637738266,2.8847721937805844,2.6897340375399468,2.3524580646921898,3.0555120344608904,2.3039959049424907
290.7006730698906,-356.9916304396769,40.383251003441046,1.436657186663752,13.684220032326095,-1.4943720003406922,5,D06_px-1055_py-0118,0.928953852461741,1.4943720003406922,1.9656648569441169,2.2230182092556277,2.9349911282622916,1.4288790743283524
276.0393114091419,-347.45319076868145,45.553712306168165,1.414160292269906,23.6260114344513,-1.506419195564368,5,D06_px-1055_py-0118,0.9144071833540469,1.506419195564368,3.038063619920468,1.6936264697682135,2.67450191810301,2.2071230232424393
262.8332818491822,-307.49340610379454,50.568566185912914,1.3807933154687195,47.88962572771948,-1.4705244422007857,6,D06_px-1055_py-0118,0.8928318333455704,1.4705244422007857,2.69319796203129,2.371740860757891,3.240948149403831,1.7039184611443403
-348.0767616228845,-286.9651963138224,52.147474652771,1.394795838333088,17.817032652234843,-3.0591109303768533,1,D06_px-1055_py-0118,0.901885974917956,3.0591109303768533,3.5200501664303685,3.452242258255925,2.443929517685148,2.0627333964697265
285.00321326701606,-276.9565779193026,48.0031124414034,1.387059891637107,52.90737738770696,-1.378059792764382,6,D06_px-1055_py-0118,0.8968838508535794,1.378059792764382,3.2462442251221573,2.141898997710534,2.6383536609038725,2.2166509404288965
394.467591146032,-251.13007513884315,38.77930247609328,1.443899394397846,9.225336424110084,-1.1738986260561146,6,D06_px-1055_py-0118,0.9336367210245176,1.1738986260561146,3.0542637926114837,1.136616930265304,2.375903101004273,1.7714760244468113
365.9265683413101,-245.73210366787987,48.05440964778478,1.4046178134139655,25.13523040731872,-1.1983442084698757,6,D06_px-1055_py-0118,0.9082369413662237,1.1983442084698757,2.8986256698041544,2.6518181623544823,2.6721333589902803,2.54094311311532
405.50053988216143,-188.5068193867248,47.93304640490527,1.4073583822623044,21.05433716434038,-1.04213392776436,7,D06_px-1055_py-0118,0.910009014769144,1.04213392776436,3.822042604265082,2.006474763273418,1.969652528106456,2.1463485658953143
-394.49892088011086,-177.832702604262,52.04615356105842,1.3878282480279371,29.595709006042966,2.958116516410194,19,D06_px-1055_py-0118,0.8973806761477073,2.958116516410194,1.7722165501146676,2.3323676263222617,2.942179409838649,2.5621646714567055
400.80377511445056,-173.92771257337375,50.730403048915264,1.39402918224048,27.15384379907414,-1.0164041413508185,7,D06_px-1055_py-0118,0.9013902490500504,1.0164041413508185,3.025834830963886,2.3691747634607028,2.0954431412620447,1.708321747078829
-395.1007119933816,-158.71881101588065,49.94230408476,1.392265959479792,34.411081366581584,2.916599095747445,19,D06_px-1055_py-0118,0.9002501353252912,2.916599095747445,3.2651750520978426,2.1429018668961843,2.792605589725495,2.8837451286505256
399.5901277774983,-131.9430326366386,52.77180425862071,1.380206901069622,37.07310017374039,-0.9259037678001012,7,D06_px-1055_py-0118,0.8924526531763293,0.9259037678001012,2.5943740579090226,1.6983663693328916,2.3920741496248157,0.9158173909001635
-399.4188608678325,-104.6880496745536,46.23854271702192,1.4001910193797216,43.2982520095245,2.790948059141119,18,D06_px-1055_py-0118,0.905374541476856,2.790948059141119,2.174958567927385,2.3631445803102236,2.336952828638473,2.14989683286103
-404.3992317328765,-53.02313301429483,41.10580895479456,1.4169689618706895,47.36671327630052,2.664985235511412,18,D06_px-1055_py-0118,0.9162232912398809,2.664985235511412,3.097346539187445,2.575607790656548,2.717154727658481,2.145977488891784
-434.9123535033797,16.060377644182434,42.92931657102884,1.4201904581250764,29.51934827150575,2.497702044956756,18,D06_px-1055_py-0118,0.9183063360914876,2.497702044956756,2.2604156437868808,2.755441692077942,2.589323344115259,2.2183088611696435
-396.5141419276448,21.629172790436453,53.71340798086385,1.3656275954994346,51.99696950936732,2.480118827439882,17,D06_px-1055_py-0118,0.8830255593634387,2.480118827439882,2.5783817247629943,2.7753511303275435,3.4766531888387053,1.8202463947332943
-438.9518765819639,67.2900593509518,40.80786691197795,1.4303530031256904,24.12182591808545,2.382500175093061,17,D06_px-1055_py-0118,0.9248775177322931,2.382500175093061,2.8600891493183997,2.0378480229633897,3.1377476273031095,2.580851153146594
-408.2260660528258,80.25672587518626,54.624690416712326,1.3714834831719502,39.75579735650695,2.3404901433394163,17,D06_px-1055_py-0118,0.8868120224553049,2.3404901433394163,2.847262353010883,1.360862883440099,1.708223218855255,1.9222995488253285
-460.1839647965178,140.04044687265184,46.61352896619212,1.422800962364312,0.4749615501211792,2.239203196027502,17,D06_px-1055_py-0118,0.9199943086937319,2.239203196027502,2.620734585504394,1.922747048496058,2.8819679475641005,0.7964508782042177
-384.6264534040905,162.7238668544474,48.59421576053722,1.3936624592074165,39.86789947620355,2.134378439932631,16,D06_px-1055_py-0118,0.9011531230484453,2.134378439932631,3.4653335696603436,2.2454371488579667,2.2572058703398605,2.620790073180677
-453.2254155737199,175.72079476310338,49.514520824075134,1.4153509827686648,4.175851774451132,2.16474478719567,17,D06_px-1055_py-0118,0.9151770932087981,2.16474478719567,2.2311083581788216,2.3461207880403387,3.153806216207102,1.8092737568287174
-395.78772896621314,210.9305707093437,50.29042548063416,1.399964272478615,19.82194748118832,2.0449631395411245,16,D06_px-1055_py-0118,0.9052279251446704,2.0449631395411245,3.3577382316274687,2.05966701175892,2.9186237148790637,2.85666976884969
-392.4819504750413,271.34014802341545,51.46597390225,1.4063528337799716,1.2583150893045172,1.9297200244839847,16,D06_px-1055_py-0118,0.9093588192004507,1.9297200244839847,3.186875012486577,1.7308323582682374,2.883470436155192,1.8019977210609655
320.98714769483297,291.6255424633309,47.92452413716927,1.4023961657744084,29.707179735100624,0.1305267839751001,10,D06_px-1055_py-0118,0.9068004065040889,0.1305267839751001,2.2217533923475816,2.92454609402232,3.278494820792475,2.277206093879755
336.1393659645156,302.61056532094244,50.56301217887233,1.400471539473304,17.341337049740957,0.1259754836895533,10,D06_px-1055_py-0118,0.9055559279788312,0.1259754836895533,2.015816669672845,2.0132580229684645,3.1836819806211114,2.912257046310895
295.72829370045434,311.7827535401235,48.11674410763311,1.400207523402654,32.20846810699186,0.2048390961492795,11,D06_px-1055_py-0118,0.9053852131080752,0.2048390961492795,2.640222972802711,2.2042568294587945,2.7463539676096467,1.1782982304336767
270.0119492735605,320.9366720601504,54.79240918007051,1.3724529063327258,37.57405808844538,0.2643808000676388,11,D06_px-1055_py-0118,0.8874388591065449,0.2643808000676388,1.924054758772472,1.7080562658173262,2.3197226415777137,3.5737852643196875
-332.30739188756144,341.2053512416149,34.56267445513032,1.459615315791439,4.134009570447745,1.7360044559253556,15,D06_px-1055_py-0118,0.9437987595811668,1.7360044559253556,2.6930394977444037,1.0813443345075582,3.5455280799943694,0.9896956579914937
321.04554855970383,371.52028925610745,51.8821127013301,1.409648085410081,7.7065035710853635,0.2511707864126582,11,D06_px-1055_py-0118,0.9114895548589202,0.2511707864126582,1.845606879496304,1.4274910975284627,3.556785200269225,1.7960214729738544
-93.45542427124664,382.5901130957693,50.70239457081891,1.375266983820462,54.67582221168203,1.203395627409439,14,D06_px-1055_py-0118,0.8892584637746767,1.203395627409439,3.279465366372701,1.9308875444353493,2.8807937714955485,1.693943745599031
-63.28366062734368,388.1142894591118,48.464160883643785,1.3834155978033742,55.484076179565136,1.125448583312807,13,D06_px-1055_py-0118,0.8945274217570804,1.125448583312807,2.6986407880635013,1.8601549141404727,2.447596659504133,2.55332333911481
-161.1349824651521,400.0835400364704,40.56975296220884,1.4270847847160817,32.369926407988885,1.346694486138495,14,D06_px-1055_py-0118,0.9227642619671216,1.346694486138495,2.544686746071137,2.016816498982769,3.4259743444553217,2.4948891068906125
-41.093494555578985,-476.0582290052987,43.926132746248186,1.4302994321188909,1.96451069277606,-2.2638827269039337,3,D06_px-1055_py-0118,0.9248428782973545,2.2638827269039337,2.975344008500601,1.973033408491303,2.9291897644846845,1.6455428577591942
96.72367860671504,-463.8689665522634,45.72300329615871,1.4234212404410589,4.268760912251025,-1.9722062811396015,4,D06_px-1055_py-0118,0.9203953853836621,1.9722062811396015,2.9806580006417356,2.372867295155405,1.9926484041171375,2.189343196595865
34.03504245542107,-450.8674749251928,43.22625898279256,1.4247640432018749,18.58438036032624,-2.102430849767721,4,D06_px-1055_py-0118,0.9212636522251435,2.102430849767721,2.378606176511699,2.9454818612684384,3.153133812178996,2.1791953390894854
-108.95562109567923,-440.017730707558,48.155248625002514,1.408796140010843,17.08542599242662,-2.4205099098249394,3,D06_px-1055_py-0118,0.9109386802535824,2.4205099098249394,2.9919765641983975,1.8324939177509332,2.8536560378427787,2.6688031431406225
6.144312823746794,-436.1513679963535,51.43758769518453,1.3913275886559973,27.489221809868184,-2.1636892206930045,3,D06_px-1055_py-0118,0.8996433773597211,2.1636892206930045,3.5262377302571766,2.2079614870286166,3.402098718011219,2.4252233508661356
69.79877324008656,-425.7608061071153,45.11380005112284,1.4112942261908128,31.599613040931217,-2.01528235836458,4,D06_px-1055_py-0118,0.9125539624532651,2.01528235836458,2.8425131487377047,1.563291701799113,2.108004695562337,2.105037616886839
190.6202246135844,-411.9589455129356,43.83889439051984,1.4232942383499567,17.35479115465796,-1.7443973086680562,5,D06_px-1055_py-0118,0.9203132648312469,1.7443973086680562,3.2170171470412328,2.868642997768995,3.2475566899940507,2.1747382738939405
180.01595705857443,-407.95564248435153,49.41812592533592,1.4019188434090892,21.62122639365225,-1.762210868938653,5,D06_px-1055_py-0118,0.906491766103132,1.762210868938653,3.133422679193797,1.3095336451799553,2.9100173306633845,2.2562847271942186
146.5254101588769,-388.3250793266945,47.07264428328199,1.3980514626341387,41.785814167141496,-1.8169669275617504,5,D06_px-1055_py-0118,0.9039910872333387,1.8169669275617504,2.7598064358874526,2.2356941766696727,2.3528259851055324,1.469213707860052
-143.38962668719842,-376.2979704518605,49.74163196257331,1.3830005116917103,49.20975925394282,-2.5418430418797637,2,D06_px-1055_py-0118,0.8942590238079295,2.5418430418797637,3.0178076988401887,2.1764363423064275,3.4214769597425425,2.9708779169483535
180.27892574575887,-353.3433031802911,53.3848923522801,1.3666340949456572,52.33578359073044,-1.7059944620700782,5,D06_px-1055_py-0118,0.8836763698328732,1.7059944620700782,1.8648911167972493,1.7615126751225938,2.5763184046921888,1.5887455362430836
-241.95282521076507,-334.89652806630124,47.21308900759476,1.3967676937871545,42.97468223369606,-2.8034239756616426,2,D06_px-1055_py-0118,0.9031609921855105,2.8034239756616426,3.4989351231658237,3.1818727564061033,4.131297759673884,0.4608949702728964
216.90863446299377,-326.9933313408259,43.9227292826933,1.4002613784669713,56.83272523529547,-1.5920780047470684,5,D06_px-1055_py-0118,0.9054200362168421,1.5920780047470684,2.5874937353678655,1.9690258454894094,2.9470865075037125,1.237123172606122
255.54718556807984,-322.2052739225564,45.50072812722658,1.4021938252354846,44.49121884917992,-1.5072446379417372,5,D06_px-1055_py-0118,0.9066695715179228,1.5072446379417372,2.5512456421478458,2.260752198906662,2.790673930874377,1.8580718620800918
-317.0870601841123,-307.1482279774438,50.20891617722776,1.3975736937574712,24.33730593843512,-2.979094289109819,1,D06_px-1055_py-0118,0.9036821581146272,2.979094289109819,1.804871010859717,2.349184995774759,3.12424190451137,1.9414572521995788
-308.00865722723614,-282.7205937127929,45.3944420162444,1.4052852519716303,40.11935677679253,-3.0059561142981384,1,D06_px-1055_py-0118,0.9086685123945664,3.0059561142981384,2.9117483898282486,3.1217060515564174,3.6765385915919007,2.009475978784894
-339.34687797902774,-247.93732691508964,51.1053430076999,1.3858565108129308,37.72735133900346,-3.117582955873805,1,D06_px-1055_py-0118,0.8961057353344603,3.117582955873805,3.6251362936167446,2.872671599013791,3.8383148648276344,2.259751875786937
424.1641445005787,-146.57579713947055,55.268008387445406,1.383549918701458,18.75010388753396,-0.9396968760181392,7,D06_px-1055_py-0118,0.8946142747077351,0.9396968760181392,2.848226321172484,2.518336377470786,2.6305619250510017,1.4104469805739863
423.5631104422487,-44.99103197533312,47.458715671935295,1.401031478738157,34.740947163312455,-0.7128031019437189,8,D06_px-1055_py-0118,0.9059179891177433,0.7128031019437189,4.130938569467979,2.518973781225257,2.505748787448848,1.7917332539545607
-435.83242053989073,-12.685485048505669,47.214325803100735,1.4057192255170003,28.326966766019893,2.5637112429126665,18,D06_px-1055_py-0118,0.9089491231071151,2.5637112429126665,2.7867045252106193,2.68753841735921,2.330479947819205,1.9183905837077795
-478.865253430536,43.85240298192474,49.56124034281328,1.413542436037284,0.8258386730619804,2.4432921661805502,17,D06_px-1055_py-0118,0.914007672647603,2.4432921661805502,3.4111795299168053,2.378987556791292,2.871766771525237,1.3589729943409758
-463.5638403002599,117.19380472486004,42.32532326465417,1.4354455278621925,1.9787134318221435,2.2869910394880844,17,D06_px-1055_py-0118,0.9281703843372459,2.2869910394880844,3.349886119840301,1.392456759272882,2.912929799497433,2.1585706373712976
-349.94114228350696,161.13791536523595,51.88169655768903,1.3665062840005453,59.90779914239332,2.103085313161719,16,D06_px-1055_py-0118,0.8835937262690846,2.103085313161719,3.030428045703978,1.9439189172073406,3.0630941918144585,2.1053207407267576
371.9458700295562,240.48889663617047,49.182484011888505,1.4015968790760434,23.57473344184001,-0.0330196135165722,10,D06_px-1055_py-0118,0.906283581429492,0.0330196135165722,2.534738254937967,1.6946880146765548,2.939537651340837,2.9787941164171334
-367.6540305430236,252.98978050153443,48.11980033578561,1.406412833642468,21.59246406303589,1.9319054635776167,16,D06_px-1055_py-0118,0.9093976155841187,1.9319054635776167,2.797494838190934,2.108960600623753,2.8104385818446778,1.7986415539487626
-295.0341928643624,266.00672825965864,54.2154217078776,1.3638364804799803,51.803368261882895,1.8009074535171212,15,D06_px-1055_py-0118,0.8818674102844729,1.8009074535171212,3.190145378921982,1.7509090720867369,2.6480464783093134,2.1683465626674114
-349.39799645743653,270.9768512947567,49.34464883678754,1.400764064266584,24.0332301140316,1.874957321774101,16,D06_px-1055_py-0118,0.9057450768141835,1.874957321774101,3.537559271494555,1.9464361995206223,2.5555054845009373,1.8385237593434507
-378.3374469502718,275.4837172235856,48.41947741899969,1.4129528731169678,7.610071683743968,1.905247945698799,16,D06_px-1055_py-0118,0.9136264566197432,1.905247945698799,1.922533102411364,2.1448211871724423,3.3689996613985116,1.53721567673592
-302.9488888563164,276.4116260821844,45.35353581236819,1.4022692054728172,45.24863891494664,1.7949873688724196,15,D06_px-1055_py-0118,0.9067183129731006,1.7949873688724196,2.269182848821404,2.181771617503561,3.3375138974099468,1.4448606490634401
-318.1061108316609,305.7547842797255,51.018958961686565,1.3947444108885338,24.346495263394445,1.769010578262307,15,D06_px-1055_py-0118,0.9018527215272484,1.769010578262307,2.908090566318,0.7427256274676992,3.0158303819021866,1.6326225698565895
-265.5450047609118,313.6508561738838,51.4090059104569,1.3806688150161144,43.615697594662265,1.6663488791437766,15,D06_px-1055_py-0118,0.892751330372311,1.6663488791437766,2.975159105322813,1.9616701188307635,3.1176094418897495,2.355108483132849
242.33785626262392,326.2647315655069,52.3312046387021,1.3752331759667056,46.33821449054176,0.3249625192422973,11,D06_px-1055_py-0118,0.8892366033501564,0.3249625192422973,1.6412230095436073,1.7188473225588345,3.1476111812962912,2.4794437581138316
181.24723761422817,356.0237838975008,39.91852750435192,1.4182669248810509,52.91595840364147,0.4929256890510894,11,D06_px-1055_py-0118,0.9170625643455464,0.4929256890510894,3.673018576861185,1.8265745420882704,2.6029292289269774,2.1572772513795577
-299.48902354704126,359.0787178734205,48.74104109552229,1.4117795126491808,7.833279895374233,1.6589769185448926,15,D06_px-1055_py-0118,0.9128677524995151,1.6589769185448926,2.6919376067191134,1.6653901107494775,3.5961004712255447,2.4975325254241447
221.79250459276983,377.03117255242586,43.59008251980549,1.4186721947065632,27.992863503392584,0.4320740834377229,11,D06_px-1055_py-0118,0.9173246150067557,0.4320740834377229,2.404065881506135,1.5675972127078674,2.7098940466661685,2.494084713771395
-29.79443936209,387.0997713319126,45.38648157028797,1.392849812022834,59.23596650373963,1.0406337151238496,13,D06_px-1055_py-0118,0.9006276589782289,1.0406337151238496,2.3801597119288758,2.584812508583137,2.7710717364436657,2.108584228998943
-262.1687737434932,384.8823936116663,32.554266947328415,1.4636612119005254,11.200043884181524,1.5617902927721068,15,D06_px-1055_py-0118,0.9464148678720554,1.5617902927721068,2.5367161507686613,2.2821398263917176,2.9444282269059667,2.198360903668964
-175.1314406458207,391.2270447852382,48.73687510827836,1.3976223189044197,32.799323945559195,1.3847118754913297,14,D06_px-1055_py-0118,0.9037135995176311,1.3847118754913297,2.8394854004363044,1.96442706115325,2.5693719460300484,2.247319187332244
-238.8545187830124,396.9128980675044,40.063224246741584,1.4385197040697348,11.88428271630255,1.5055445996271302,15,D06_px-1055_py-0118,0.9301581708862238,1.5055445996271302,1.3670265420299972,2.2674143791112806,2.9809368154561584,2.170954685115192
-198.21147993787588,408.7229629683462,38.16233004063491,1.4422598386047067,17.92596172155453,1.4153546100862044,14,D06_px-1055_py-0118,0.9325765713350154,1.4153546100862044,2.7051971306291094,1.7473906436041804,2.857998490747514,1.8112249677039396
-105.4632905317413,-477.6337209034468,47.28607475274941,1.4231521891271397,5.793249501681601,-2.3950926263392263,3,D06_px-1055_py-0118,0.9202214146849489,2.3950926263392263,3.2805932888608345,1.4650357285863698,2.8463721631869365,2.0063436415896754
-66.73702545102401,-460.9995342510649,48.83014067334005,1.4108969364687962,8.958273503032785,-2.321543020887157,3,D06_px-1055_py-0118,0.9122970717898301,2.321543020887157,2.475362447229479,2.3345821065341976,3.195734768039461,2.525993671628873
14.262147330282897,-454.5302201027135,42.84723923122056,1.4268440330387735,16.964524288674056,-2.1464083745906057,4,D06_px-1055_py-0118,0.9226085900363379,2.1464083745906057,3.541534827748417,1.4801566494755845,2.123263944488291,2.1983233860598093
-165.1355668771288,-441.7979455475469,48.211667515515785,1.4148140679383885,5.30266048054267,-2.5354771680394146,2,D06_px-1055_py-0118,0.914829919850631,2.5354771680394146,3.707644798524886,2.5191180646807436,2.687737334094117,1.832456842587595
0.4944887043903306,-441.39253196364433,43.56126807482815,1.4201156570369668,25.450419554314863,-2.176655566685149,3,D06_px-1055_py-0118,0.918257969118759,2.176655566685149,2.2004437927640605,1.7357823201670135,3.4313974221544683,1.6290875841084476
-21.376740683771057,-430.7325787503387,41.98326346461255,1.4221326387738151,32.19667868970896,-2.227363972455826,3,D06_px-1055_py-0118,0.9195621653961892,2.227363972455826,2.0384181990431616,1.4476462125969114,3.712823800484607,2.041937101263572
-157.34324107142766,-415.52842101033485,48.91592774889352,1.4030170074713386,22.722328680679027,-2.539749848288219,2,D06_px-1055_py-0118,0.9072018476352689,2.539749848288219,2.722134342535465,2.2446673459201403,3.7555467009907595,2.1106001944395185
162.06594834708304,-407.7560711953148,31.81477015331302,1.459706549200804,28.66607277461395,-1.7994627040280662,5,D06_px-1055_py-0118,0.9438577518222452,1.7994627040280662,2.7079049577222367,1.566093700966876,3.088788794002822,1.508416541282799
-203.5219421521117,-393.3008956719653,49.64747868793455,1.3999972838019976,23.54804098808876,-2.655302648292672,2,D06_px-1055_py-0118,0.9052492705263773,2.655302648292672,2.4104613277992195,1.94867553631718,2.4106156059993227,1.0189673195076532
238.0472696675446,-385.8946977427223,46.28067362933632,1.415034042741809,17.315268202906907,-1.6250434435170007,5,D06_px-1055_py-0118,0.9149721572911137,1.6250434435170007,2.8994697659332376,1.6285861744574899,2.172873901950329,1.874523737165513
-283.54314202199413,-320.0234039669605,52.35942217973249,1.3845796690178729,32.837508554550936,-2.9028063013884164,1,D06_px-1055_py-0118,0.8952801193729673,2.9028063013884164,3.22808136531694,1.693876368367574,2.5094414056345284,1.7988812247217267
-273.84710777391604,-314.3357133323628,44.45829937176365,1.4081801792267716,41.04109726778091,-2.8944456716708693,1,D06_px-1055_py-0118,0.9105403951591005,2.8944456716708693,2.872659058643777,2.7585738473809633,2.9685066025624662,2.063981630738791
340.4429146728309,-309.79960103336595,42.80856995209882,1.4286820576010848,13.401142148822942,-1.3452865588213925,6,D06_px-1055_py-0118,0.9237970711951894,1.3452865588213925,2.106448231292328,1.9546849858697741,2.8024862607102836,2.2861395058864704
-353.1727960563464,-303.6318154030843,46.20208585432823,1.4193506292010127,9.40096586544786,-3.0384587390797675,1,D06_px-1055_py-0118,0.9177632960944306,3.0384587390797675,2.5804229496853086,2.6218605551824052,2.2485615340221723,1.4329435149214198
308.44294250530885,-269.003474740224,35.449377892488656,1.4383204193244996,47.26845511929042,-1.3241838141682785,6,D06_px-1055_py-0118,0.9300293118003251,1.3241838141682785,2.6409017654679117,1.4060996254737508,3.115584214095591,2.577064064411478
-365.0944412867604,-259.1409541202668,35.40298004777236,1.449737415187646,22.48412986939144,-3.131304886530272,1,D06_px-1055_py-0118,0.9374116312492947,3.131304886530272,3.2555249781595377,3.043497245500453,2.1424362169120332,0.8579879488022739
-348.120413434454,-228.03998126447027,44.21069344185901,1.4087908895881631,41.55013961726837,3.114537688387873,19,D06_px-1055_py-0118,0.9109352852889235,3.114537688387873,3.6981798127428362,2.6043879601220254,3.04887933118613,2.0172569048356
388.3672540483992,-218.0658678941876,49.94554254489498,1.3999606902438264,21.856743057225746,-1.1186044324054754,7,D06_px-1055_py-0118,0.9052256088434414,1.1186044324054754,2.5292981889256616,1.6268414280374204,2.684922213554667,2.2490550212922624
-340.28505536674623,-208.3417088340117,51.201458704462254,1.3758801182845408,51.28869636975617,3.0839959850840115,19,D06_px-1055_py-0118,0.8896549213483903,3.0839959850840115,2.29146837003301,2.5883940948538706,3.005962881154841,2.8565496478289143
436.9180308471242,-202.4947245434965,50.7469403639106,1.4100717031702064,1.4580291808405264,-1.0409715538024806,7,D06_px-1055_py-0118,0.9117634694391643,1.0409715538024806,3.1258595560104823,1.4019233116793828,3.335907958108357,1.948698974798245
-413.1699374951955,-203.19878783524845,47.05244587122786,1.4148549618423585,12.68585411303718,2.9916827707539757,19,D06_px-1055_py-0118,0.9148563621710313,2.9916827707539757,3.798535154933511,3.9079201393074463,2.997148630067543,1.3197273936557177
-421.66398335520273,-190.5782603732348,46.59458502850538,1.417103240304745,11.280613462689187,2.9591017100191657,19,D06_px-1055_py-0118,0.9163101167329604,2.9591017100191657,2.657026919207025,2.211845710574261,3.104228120360553,1.5717586504923913
-361.35213517319926,-185.1750057713524,46.916101989329206,1.394869929238676,47.58299016618941,3.0081712794572963,19,D06_px-1055_py-0118,0.9019338826810723,3.0081712794572963,2.871493748369706,2.8165855407514786,3.5260543755615057,3.3448249454782175
-386.0863224542016,-126.97714582714848,42.33467277028507,1.411897890292379,48.093439057365856,2.8523528509990683,19,D06_px-1055_py-0118,0.9129442964159867,2.8523528509990683,2.4491662271550365,3.0512915781454693,3.5334929752224085,0.9145990794001453
-415.3185751487447,-117.35890240597207,49.95246521992112,1.3945774423727486,30.70317592604493,2.810008592565388,18,D06_px-1055_py-0118,0.901744758369845,2.810008592565388,4.149543339059622,3.057175345042956,3.370530805289585,1.8903621494189893
-413.8445843427889,-102.9248500645313,45.08988417602916,1.4095429344382813,34.807081095832814,2.778371754665248,18,D06_px-1055_py-0118,0.9114215634123523,2.778371754665248,3.1916746493724926,2.0580452329461023,2.589278783111653,2.252186394781216
-407.1741231450785,-87.79332930672265,49.659664669987706,1.3893943577079428,40.38188499645133,2.7469781633267165,18,D06_px-1055_py-0118,0.8983933350019726,2.7469781633267165,2.68204404129881,3.269589054509137,2.8662061283100613,2.2002990331110306
-417.8825712743847,-65.54441621991057,43.34735590762,1.4144249143106644,37.303267566547845,2.6901944244525664,18,D06_px-1055_py-0118,0.9145782900498479,2.6901944244525664,3.3997048189702266,3.387107533955636,2.8632703846124588,2.384289532952693
-472.9868942952661,-57.77902800654715,47.10859562509643,1.4198559515053013,2.354941515453845,2.6561686487691585,18,D06_px-1055_py-0118,0.9180900414764614,2.6561686487691585,3.5574156106109673,2.5142760964555735,3.0312767562110814,2.332673404464362
-458.4089723219602,-42.150455347833976,32.921651832649104,1.4612132061674783,14.615466644188244,2.626304748706497,18,D06_px-1055_py-0118,0.9448319680838021,2.626304748706497,4.176466733639656,1.9330479827822848,3.6529293718575224,1.8433909819307905
-476.58710793422665,11.010355141251624,45.72910877410703,1.424276052504443,2.42348418018571,2.511514727467234,18,D06_px-1055_py-0118,0.9209481135966154,2.511514727467234,2.651469812489177,2.6320345307511612,3.955101228278143,1.8641710283422745
-483.4500377032842,23.607427560357948,43.63721956813691,1.4329760960616371,1.984879377935272,2.4858207157410903,18,D06_px-1055_py-0118,0.9265736302849833,2.4858207157410903,3.4531761113203454,2.0298681934615006,2.5755996508327317,1.1922086634787876
-454.076053732046,74.28351501720482,49.65532866449343,1.4062663080042217,12.476917857940578,2.3724568406045154,17,D06_px-1055_py-0118,0.9093028709523465,2.3724568406045154,3.3036170702862258,2.748839124710587,3.852116193411432,2.4304619563690144
-420.0329236264441,134.80369924646362,46.62521364744691,1.4096012112930902,25.14039328469414,2.2240613236599054,17,D06_px-1055_py-0118,0.9114592456856787,2.2240613236599054,2.632143130409193,2.169220182971749,3.3265984907255346,2.8503438678282977
-412.7983342566247,151.58642819178968,44.35487561066918,1.4168493270272549,26.38485438360636,2.182683595409733,17,D06_px-1055_py-0118,0.9161459344078342,2.182683595409733,3.357207051694253,1.7257908411874696,2.641615996905612,2.5554148840886195
396.4863260448475,175.72011273804753,44.076999745947205,1.4156911911951953,30.326269189274115,-0.1898003951588465,9,D06_px-1055_py-0118,0.9153970746569816,0.1898003951588465,2.462850020704104,1.5343940043884658,2.726215381015146,2.1503972372195
433.42878950597685,192.84386550933,41.17111974886171,1.4380631471111067,4.551654827756636,-0.1883529040755591,9,D06_px-1055_py-0118,0.9298629575607883,0.1883529040755591,2.8520892819175385,1.7170083039022592,2.9302306996972614,1.84799136093822
-349.0164823605538,218.36181427505355,41.25189487578126,1.417846947185364,44.87997529132639,1.9755472436353751,16,D06_px-1055_py-0118,0.9167910034596386,1.9755472436353751,2.8231911787230946,1.6900897021627177,2.925462440689089,1.7462997536822933
359.4260073139953,252.93051165222465,41.23193684248008,1.4274548166875929,27.008215760061148,0.0062298622007004,10,D06_px-1055_py-0118,0.9230035275543892,0.0062298622007004,1.16668827190209,1.4032165798500031,3.3199765836654977,2.5866655213654957
-303.645939703382,295.96693169258936,49.50652858080264,1.3930703392342534,35.616662811635535,1.7620208679861085,15,D06_px-1055_py-0118,0.9007702536100745,1.7620208679861085,3.1157660850585156,1.3415823959768847,1.3252715932576007,1.8725773730701358
-216.1665628087253,310.29298296088814,57.4417510291203,1.3412305524014267,63.21338296698889,1.5722929717296736,15,D06_px-1055_py-0118,0.8672502391374634,1.5722929717296736,3.1151007400709876,2.1102321377611917,2.4220315526670673,1.1140974267063413
-259.23861265601806,322.1253230506944,38.15457908547262,1.4297759714404612,44.18425021181457,1.6414629360230686,15,D06_px-1055_py-0118,0.9245044044997405,1.6414629360230686,2.4180772972406555,2.4269070812885616,2.3467752838798357,1.1205041335791972
-254.7256273848736,341.1940639102555,39.066953956462896,1.43056688204487,36.135646941770574,1.6051197930626246,15,D06_px-1055_py-0118,0.9250158135260125,1.6051197930626246,2.5354447291925957,1.8893066891716126,3.2716846523825973,1.659069168273942
213.31652427580644,344.83831534147595,49.0451802522029,1.386816614364898,47.55475781615752,0.4098339298740582,11,D06_px-1055_py-0118,0.8967265458532404,0.4098339298740582,1.822803408279118,1.624226042042495,1.5233820893782855,1.9855675753876199
-207.7923721363675,353.28515614625826,50.26927914956002,1.384298539087928,44.53143945882636,1.4954937016649237,15,D06_px-1055_py-0118,0.895098338545997,1.4954937016649237,1.9645039196227558,2.67171632868176,3.3758000228373786,2.015885406702232
-33.97552765250575,372.2887299459155,56.56505387240338,1.3420850260076638,66.1537152969286,1.0548259244100158,13,D06_px-1055_py-0118,0.8678027485013597,1.0548259244100158,2.4027734441663546,0.9683914323204954,2.080360829838111,2.3353500455510003
-225.55679122683463,371.80591293972975,29.66718246950171,1.4662250757235595,31.42312730908901,1.5091131022589177,15,D06_px-1055_py-0118,0.948072682413829,1.5091131022589177,2.327774445104018,2.7828977130593566,2.5321559658471084,2.6470894048673657
-122.58487321856776,-453.0392869308389,40.22040321189775,1.439710369062515,7.938752268046699,-2.4420312962543584,3,D06_px-1055_py-0118,0.9309280642486083,2.4420312962543584,1.809473766157369,2.4895077714835403,3.058449653941107,2.4853658521941018
-76.66146349163297,-452.69566124273086,45.3095057019616,1.420126554995247,13.78246332851944,-2.345528736485937,3,D06_px-1055_py-0118,0.9182650158244188,2.345528736485937,2.9789109747416957,1.5696190515778938,2.802281953206307,1.8424240823316107
84.00701006948076,-440.8810017902284,43.41499217762055,1.423060778322353,20.70253350558141,-1.989489399193105,4,D06_px-1055_py-0118,0.9201623077385935,1.989489399193105,2.793127437245033,1.864625114615594,2.6902142349817106,2.105068760662696
101.93457362292256,-438.23234880410985,38.642986689763575,1.4394244218118506,20.64653274241971,-1.9492357635089093,4,D06_px-1055_py-0118,0.930743168504118,1.9492357635089093,2.9443548914103412,1.5133035696137163,2.965569055341314,0.7701022624567465
-123.5191406965512,-428.98193171204304,42.029988433211486,1.42694915210489,22.448790775829707,-2.458127915511,3,D06_px-1055_py-0118,0.9226765608524398,2.458127915511,3.6291921896381103,0.7768248112630045,3.410732399079967,2.1106420622821083
-231.9438908053104,-406.7154891063088,47.08835537143625,1.4172871638912148,7.689600736253965,-2.6960597460583795,2,D06_px-1055_py-0118,0.916429043172612,2.6960597460583795,2.428864389710058,2.046984798882513,3.042684269023705,1.616243621174597
205.8779483333149,-406.1830637438491,41.92927778806785,1.430077978348952,16.692283261872944,-1.708655320873353,5,D06_px-1055_py-0118,0.9246996845454721,1.708655320873353,3.271724089743235,1.8029474666569518,3.2427294141793377,1.9876363212662307
115.1242700670924,-401.4771140137064,50.00642595650697,1.3886369898972335,39.599556242102494,-1.8985172860107895,4,D06_px-1055_py-0118,0.8979036150103002,1.8985172860107895,2.846008256614501,1.4047010336136303,3.63358307966525,1.9752063321839162
-170.16453474470433,-382.4031205769508,41.42680367489328,1.419686592787173,40.44730738075253,-2.596453414928533,2,D06_px-1055_py-0118,0.9179805327953969,2.596453414928533,3.211327411154037,2.008638586834837,2.813932965649214,1.435226445343196
-331.390801411371,-344.0468512275209,46.79100461386048,1.421225495124791,1.6393196000443595,-2.944438659974568,1,D06_px-1055_py-0118,0.9189755991677807,2.944438659974568,2.7821941686219356,2.6456791280107046,3.5547932365117045,2.039167734048263
-260.6580118114442,-341.0988344555718,49.928353254343904,1.3937405429322876,32.172914247249764,-2.8302852122751743,1,D06_px-1055_py-0118,0.901203612599959,2.8302852122751743,3.2332897619979977,2.6977815426868643,2.3636315027237567,2.6621376116432893
-308.481826056459,-330.091581267271,47.731626078937154,1.4096697345178342,18.12139088409714,-2.9293462560632606,1,D06_px-1055_py-0118,0.9115035533425087,2.9293462560632606,3.7851096441180476,2.5294392741598988,2.5525975485974834,1.383595442589722
233.85825305338304,-318.54987785060933,44.58044105012732,1.3989515837801154,54.93987732767579,-1.5445066453158858,5,D06_px-1055_py-0118,0.9045731126559652,1.5445066453158858,2.9519972718834744,2.732160388551951,3.6194119866212553,2.031723936808041
-340.752174622629,-310.9924892064968,41.22038731986248,1.434190058386098,12.957405164884108,-3.0088038984610543,1,D06_px-1055_py-0118,0.9273585878855297,3.0088038984610543,4.135868551403934,3.1637494392108962,3.74736003263462,1.5075015836625831
-337.157153030012,-296.12548858077594,44.59636014569969,1.41907611723596,20.57499288091344,-3.0278756084634626,1,D06_px-1055_py-0118,0.9175857944956848,3.0278756084634626,2.013699642435418,2.2261022211639307,3.244691362507845,1.6981149673104654
374.65077574780094,-270.8952977657079,47.36005557745796,1.414484811436852,11.42147211810061,-1.2330154809975316,6,D06_px-1055_py-0118,0.9146170200034095,1.2330154809975316,2.8411124283740183,2.074099292135908,3.0856049126121903,2.256775519999505
-324.3397249391253,-255.82133598379025,50.00077908554266,1.3866869995506212,42.52153341096971,-3.0807318257145555,1,D06_px-1055_py-0118,0.896642735893442,3.0807318257145555,3.2457118281785835,2.3132151636284473,3.606833509111687,2.4012126461781667
352.53029855792977,-237.8724448420601,41.05728599164644,1.4233475726306708,36.181126776195526,-1.2005625494498742,6,D06_px-1055_py-0118,0.9203477511972342,1.2005625494498742,2.091671070656753,2.344197126637082,3.199536180333462,2.6752265375720783
-398.3459532675649,-208.2789271946956,47.572713718979685,1.409393743113264,19.61458646714925,3.0163805679748665,19,D06_px-1055_py-0118,0.9113250951265182,3.0163805679748665,3.6087039481030585,2.935272942880086,2.3489714478064876,2.1766105912582816
-429.37294625189634,-201.15376788376443,33.30854240831536,1.4631402330865275,5.647785853482105,2.9727304556993697,19,D06_px-1055_py-0118,0.946077998867531,2.9727304556993697,3.0546920691693735,2.764325276073183,2.279852272634421,2.2492436987642153
-414.4337279782762,-169.02701379529367,47.38275789948182,1.4093447578010234,20.885298889881938,2.921868819677542,19,D06_px-1055_py-0118,0.9112934208377997,2.921868819677542,3.331388070419143,2.822535556541912,3.0253043101919035,1.960615786732587
-468.01668957311614,-83.33474758293453,47.71781323317413,1.4175779627128848,2.985358227705092,2.7108256798456862,18,D06_px-1055_py-0118,0.916617075981127,2.7108256798456862,3.2236226652318836,2.8311711083463167,3.0323637946948834,2.5260674721333065
-475.76850167536986,-69.70601743566318,37.9701888295059,1.449903982256482,0.7948748791481535,2.680090547574807,18,D06_px-1055_py-0118,0.9375193348279388,2.680090547574807,2.483994247258164,1.6152356160920807,3.5767813557494588,2.6519487308069127
419.6660052925397,21.65241655646425,47.22326681125344,1.399601888756764,38.44607430552065,-0.5554308380426448,8,D06_px-1055_py-0118,0.9049936049758732,0.5554308380426448,2.8965416661351897,1.831577142712653,3.0252197118057937,2.3425144136271983
-412.3534622521522,178.16761232759325,46.974135497673785,1.4112812281257276,19.910514787604995,2.1267652004650923,16,D06_px-1055_py-0118,0.9125455578020043,2.1267652004650923,1.917773171091378,1.7091239441939108,2.688823756057066,1.8320461718954864
-360.0856549913641,192.7902921777549,40.35521756350079,1.4199489244253314,47.10315933416024,2.0430472463949307,16,D06_px-1055_py-0118,0.9181501584988369,2.0430472463949307,3.8033388965055654,2.02519111781747,2.33922452023501,2.2053603678879057
-407.1421984095834,208.0993052566776,31.24174256792304,1.4660632327007934,16.799181189771105,2.062107610167866,16,D06_px-1055_py-0118,0.9479680334405818,2.062107610167866,2.470883402513863,1.7672141302660087,3.293140996500256,2.672784551363435
389.93906033571193,213.4592917557652,42.0109031947498,1.4264174323691017,23.6537491139635,-0.1061215513013577,10,D06_px-1055_py-0118,0.9223327466832868,0.1061215513013577,1.7727246758582662,1.836299543118941,2.722033621936909,2.211987425124808
-384.1581244882941,245.1266000545304,47.93550717796308,1.41035587807156,15.583778467618233,1.966657686685644,16,D06_px-1055_py-0118,0.9119472191686306,1.966657686685644,2.6652728477102903,2.2651091862708563,2.8823475981605675,0.9793346086009682
437.2299708939004,246.21975858102883,45.61584468729348,1.431842129715292,13.694632216167122,-0.0941073789161706,10,D06_px-1055_py-0118,0.92584039871396,0.0941073789161706,2.557050127803392,1.878712892700261,2.821578237497556,0.8838142207216038
-398.1158101532336,255.60774460083044,32.4224807398071,1.4657524424674004,6.418998372356384,1.9638514374574965,16,D06_px-1055_py-0118,0.947767074027788,1.9638514374574965,2.8215979143775094,1.4270110065778612,3.0584947938921516,2.2925040213261076
363.8324361240764,278.71230463739266,39.39168045815029,1.4393304885352052,15.144690094828777,0.0467120380581511,10,D06_px-1055_py-0118,0.9306824305075909,0.0467120380581511,1.9483805533596457,2.2433565855474273,2.3065431774245058,2.2996018925950845
370.2194742643047,294.7091884121187,51.98153974899563,1.403375764080859,3.703870323655394,0.0653415753757417,10,D06_px-1055_py-0118,0.907433822484665,0.0653415753757417,2.4580816236518226,1.9780267403671954,2.4986896375133707,2.0702422215844654
-338.14010193493124,299.9011369051144,52.70787930845037,1.3932736379141522,17.17081597127884,1.8090751658252304,15,D06_px-1055_py-0118,0.9009017081377415,1.8090751658252304,2.207343586500252,1.4622268521563198,3.2110867409315844,1.0075551605330788
291.7482796672604,336.25451364898043,49.90121426715757,1.40002591846009,22.006464595073567,0.2491698249921845,11,D06_px-1055_py-0118,0.9052677859218354,0.2491698249921845,3.119460562142179,2.4642537467649817,3.0814624382916715,1.7413712331152718
-317.3870884439883,343.6260324638077,48.03166714369343,1.4141200547357484,7.819737682994173,1.7095407451419242,15,D06_px-1055_py-0118,0.9143811654475371,1.7095407451419242,2.5378146749859645,1.7693469858458457,3.3076703885976486,1.7242340007589307
267.830495505944,343.1377567816984,34.18097438241904,1.450571635863331,30.648727510566232,0.3010589248444949,11,D06_px-1055_py-0118,0.9379510449087776,0.3010589248444949,1.7912422595278261,2.2119908006510913,3.0516336056144517,1.5787332900938593
-196.25925019185885,372.04963007329206,52.11286802849466,1.3824564488590256,37.30539390813806,1.4492280592531532,14,D06_px-1055_py-0118,0.8939072284951052,1.4492280592531532,2.2037418076731656,0.657483112499492,2.9593767069918817,2.392151890915156
-118.8395773341421,397.12732844312086,45.718423353213154,1.4027194776160483,42.34990889313377,1.2545835813464148,14,D06_px-1055_py-0118,0.9070094624873992,1.2545835813464148,2.3877154441254866,1.5510124551284115,2.706972637453907,2.4526785275148155
-199.49060888118285,425.42171108643583,47.70346021621941,1.4158569958556415,6.523804071002473,1.4022963054857551,14,D06_px-1055_py-0118,0.9155042852563559,1.4022963054857551,1.135794749069429,1.930665377780086,2.674839310343487,2.407317468806041
-167.50102451582038,424.1920759482269,32.964568478555634,1.4600507273168497,17.374270019856567,1.3398935610843887,14,D06_px-1055_py-0118,0.9440803001029358,1.3398935610843887,3.0227432434137134,1.865733488122611,3.819931387869217,2.3522819290655796
-34.73125028722629,-464.9996105628092,41.09446703531,1.436033812931489,9.779034733022456,-2.2523283514819417,3,D06_px-1055_py-0118,0.9285507740965716,2.2523283514819417,2.4165941530551014,1.5525303960453374,2.3738382906619413,1.9513654631885706
0.5919427383308244,-462.5877101212079,44.938246069751926,1.4224401472540371,11.622071159581196,-2.1764962258103897,3,D06_px-1055_py-0118,0.9197610028015345,2.1764962258103897,3.2627109142009014,1.8583025607365395,2.7061081295585803,1.4032683958723664
-180.653070420128,-456.2748343561804,49.85034911875721,1.4157691989396046,7.206634018085253,-2.554769030466226,2,D06_px-1055_py-0118,0.9154475150789303,2.554769030466226,2.5759234424615296,2.349422990131198,2.7626949189943106,2.679041866855446
-52.29246443220431,-444.55317258168753,43.62635253052719,1.42196156966154,21.439514660178983,-2.2948670555564346,3,D06_px-1055_py-0118,0.9194515507607978,2.2948670555564346,2.0070947929540166,2.370054296080214,2.508608411426237,1.9957583481142955
-70.99233982250938,-436.5043660514357,46.50068389313975,1.4104192638145936,24.451234177602487,-2.339002528488746,3,D06_px-1055_py-0118,0.9119882048893223,2.339002528488746,2.692584896599526,1.8774484591433445,2.858454824768766,1.3201672567978147
-148.88108404047898,-424.0953573308073,46.8296792617478,1.4118577469510496,19.7596154567068,-2.5153908404044603,2,D06_px-1055_py-0118,0.9129183394153014,2.5153908404044603,2.1903070499148516,1.7135819152343543,2.8802398429290563,2.53227537415964
-171.73023987290946,-419.2338700309397,45.80740888736477,1.4164785841442495,17.62420739975704,-2.56655521166019,2,D06_px-1055_py-0118,0.9159062091395952,2.56655521166019,3.1611650706094014,1.7553701401969803,3.373920225856457,2.0817593437152944
5.110357030187497,-422.6804512275209,46.50062539308129,1.4031454764245088,36.974426272696405,-2.1656860919216743,3,D06_px-1055_py-0118,0.9072849166722508,2.1656860919216743,3.3174987887125833,2.1845212867442703,2.8872716912942513,2.4268324941030706
-15.775839092530338,-417.5258135463615,45.98140461386049,1.4030794612541255,40.19346257853533,-2.2155419981254703,3,D06_px-1055_py-0118,0.9072422307431246,2.2155419981254703,3.2562851943909124,1.457257122638091,3.0548852667351896,2.2444661098305887
105.21609476512393,-415.3073069959541,43.31321849791124,1.416497243684398,33.81742275653488,-1.9296512992429844,4,D06_px-1055_py-0118,0.9159182745452237,1.9296512992429844,3.39921509245831,1.2598694594126094,2.466464496484233,2.2923190731076897
217.3763964786676,-413.4106196186753,44.672408874359576,1.4247023348145644,8.774897625305528,-1.693692269419622,5,D06_px-1055_py-0118,0.9212237510958738,1.693692269419622,2.9924609570483507,2.110196827268268,3.7079498144550365,2.011122482581172
-246.96296406407603,-407.4426676324074,43.94064545155686,1.429851000098832,2.8526193014494083,-2.7226900579060977,2,D06_px-1055_py-0118,0.9245529186211924,2.7226900579060977,3.6544150947500675,2.4472751523011937,3.543270086384589,1.9178188381652481
-273.82479115496074,-395.8460922531619,47.27268666514249,1.4208329083228852,0.7688679917988566,-2.7829404454123225,2,D06_px-1055_py-0118,0.9187217494495311,2.7829404454123225,1.8112247712332494,2.724439190839785,2.8595322226545257,1.952857688886078
-154.22914384132974,-384.9375601494799,41.70683743716796,1.4172832954556789,42.89114101114376,-2.5588512082669785,2,D06_px-1055_py-0118,0.9164265418117254,2.5588512082669785,2.749041410604595,1.7916267501635816,2.9475837667770035,1.1529300985806081
247.0514733544489,-373.8846071566738,39.80184393156821,1.4349960580217862,21.65004326125552,-1.5938671616798787,5,D06_px-1055_py-0118,0.9278797535982729,1.5938671616798787,3.622369924590293,2.631615984409371,3.381819893541326,2.018886003998915
-257.3143627756588,-370.0569201297851,46.10274597241596,1.4147135076633288,19.067552921738752,-2.785365603693448,2,D06_px-1055_py-0118,0.9147648967847329,2.785365603693448,2.8921033642147376,2.0579089396435,2.514805337922248,1.534438708869611
193.94813806635565,-364.4733851752935,50.32370876132592,1.3854271313366275,42.60461849874224,-1.688753893866131,5,D06_px-1055_py-0118,0.8958280951831544,1.688753893866131,2.127262229659342,2.5364267067477897,3.4461423149028976,1.3612156834197866
280.6935238633544,-316.767549314619,47.351237743693616,1.4003457364652594,36.49376762455648,-1.45268335438507,6,D06_px-1055_py-0118,0.9054745827629653,1.45268335438507,3.5535467682153357,1.7825312860904199,4.178213432944483,2.125183847930911
386.78968336229167,-246.8368298283439,43.75072560151483,1.4251419389823012,14.205623666693045,-1.17499203953344,6,D06_px-1055_py-0118,0.9215080026131935,1.17499203953344,2.781006647645332,2.095724323786418,2.595306542532216,2.113606387107454
-380.5758660455173,-214.7561626096348,47.073792825242606,1.4065607918927807,27.72761508690803,3.0483633118495,19,D06_px-1055_py-0118,0.9094932865541367,3.0483633118495,2.884789321642929,3.1063585513807612,2.9982366329052903,2.9880484054294887
433.4402309178222,-162.70572627955778,23.22579629711032,1.4937695173282708,13.816781507006738,-0.966085196633658,7,D06_px-1055_py-0118,0.9658831353041417,0.966085196633658,2.730649766460365,2.3143973979495396,1.6864057716020142,1.898916899285919
-461.7885037318373,-135.6893591786921,31.83869263761505,1.469376352390862,1.1758512478702414,2.820403870388422,19,D06_px-1055_py-0118,0.9501103227273554,2.820403870388422,3.258600776245708,2.5208463162670647,3.4653289585102875,2.116218306405337
-428.0979619369811,-42.5361766230693,51.04441346341804,1.3902440474436863,31.38934612876369,2.6336489107466416,18,D06_px-1055_py-0118,0.8989427510775286,2.6336489107466416,2.6381407789127014,2.0745716673475725,3.2943981391909456,2.6268153163991843
-413.7481929643275,-24.039775464038065,48.789955621008005,1.3916257291519143,41.87140336901081,2.5926503014629803,18,D06_px-1055_py-0118,0.8998361573526296,2.5926503014629803,2.228572589976949,1.9124403818995344,3.5458132961183106,1.7164777863614928
-448.3577698328017,26.36924613404657,27.612805012588865,1.4764918002298877,22.404774935540388,2.475867835232522,17,D06_px-1055_py-0118,0.9547112273435799,2.475867835232522,2.886646566910739,2.824989118887537,3.8152934626178787,1.6774588302744344
-452.4102408515745,127.01547752565978,43.71186262912767,1.428648699342956,7.095531961422751,2.260906410925269,17,D06_px-1055_py-0118,0.9237755014827431,2.260906410925269,3.4823278867902214,2.6039360659951902,2.8340144787196566,2.2850883862456888
-445.98013474470434,174.91248210581244,38.14240461386049,1.4489107855391816,1.931456624088753,2.1608507157642043,17,D06_px-1055_py-0118,0.9368771260078018,2.1608507157642043,2.5840210500954894,2.181969693703477,2.4458317464116197,1.6721216523590896
-436.65861458232274,187.950412552362,36.51267660303506,1.4531791632774074,4.490343610631726,2.1281532924452926,16,D06_px-1055_py-0118,0.9396370926724275,2.1281532924452926,3.282176932909973,1.870097846242857,2.727722206777262,1.8596413145925168
422.3094376894577,242.7473935505578,44.34889661484499,1.4316312594301976,4.0654439900861234,-0.0852885776464575,10,D06_px-1055_py-0118,0.9257040483267371,0.0852885776464575,2.6130954077032067,1.8427964556655771,3.5747284452732595,1.8443492363717144
-313.91318884968416,263.4536896428246,51.35061053579858,1.3803606900749996,44.35902093723854,1.8363893634499096,16,D06_px-1055_py-0118,0.892552094358497,1.8363893634499096,2.9934969895446466,2.3158214891887834,3.454895792259272,1.815807594030189
351.3417152552957,283.3778821058125,45.44640461386052,1.4171203585579013,18.747904059127222,0.0717481269871612,10,D06_px-1055_py-0118,0.9163211855302801,0.0717481269871612,1.501775422781862,2.165080617505955,2.8264873439173086,2.220290309391533
-229.18048289501016,314.5360746487778,42.76699156404982,1.403316000180172,59.09088479538087,1.5935003685742064,15,D06_px-1055_py-0118,0.9073951786757615,1.5935003685742064,2.8967034313173228,1.6819323631989467,3.6517121820407006,1.5127270495365288
-294.7361970483692,327.0884187550272,44.615056446321205,1.4161475486612682,25.99794553464818,1.6972339386587023,15,D06_px-1055_py-0118,0.9156921589889596,1.6972339386587023,2.829480835478118,2.3276553338409496,3.1525040193175773,3.25439436494732
363.8493131455544,335.9037937224126,47.67113546991192,1.423761351592994,9.7435832848912,0.1385035864744717,10,D06_px-1055_py-0118,0.920615303933326,0.1385035864744717,2.5984779388155084,2.2006434748915797,3.193832924660008,2.1628885434883705
-212.65711272290804,339.08241987356894,50.01809758642719,1.3808567172508883,50.716951280590536,1.5239640136419692,15,D06_px-1055_py-0118,0.8928728294372931,1.5239640136419692,2.8566046356337864,2.3421193760920564,2.3615222909666773,1.627395542647489
-91.63196961444388,392.9119001418845,43.399260325283365,1.4067920683023112,49.83111436656344,1.1929341383536882,14,D06_px-1055_py-0118,0.9096428317021451,1.1929341383536882,3.7548782104928167,1.703526405115682,2.8342900647618197,2.4118038491555347
-99.61593549632714,403.6853385458534,48.67032842663809,1.3926232712349371,41.02999256701258,1.2057496633488127,14,D06_px-1055_py-0118,0.9004811759204681,1.2057496633488127,1.7030293920863517,1.4723456089727032,2.804740610316424,1.9510377855346748
-62.69135007828341,-457.2542317902437,36.92597519992757,1.448324012654618,13.384159167956057,-2.314030275085336,3,D06_px-1055_py-0118,0.9364977140390347,2.314030275085336,3.7630863195470226,2.5152750902308885,3.1857212949454508,1.813549956684362
-163.7660398842051,-455.99341011151495,33.10796849051246,1.4660533980456816,1.0226847526364509,-2.5225709997491053,2,D06_px-1055_py-0118,0.9479616742751257,2.5225709997491053,3.6125556945656685,2.4104212351238243,2.512551090256932,2.0629461593566303
63.30129700805706,-444.3635744377556,24.019853793822563,1.4886519748663818,22.9044910184486,-2.036274064283046,4,D06_px-1055_py-0118,0.9625740920409064,2.036274064283046,3.0160016357278097,2.5205550156985597,2.2478000619933534,1.9289786606631842
-145.20523982189675,-439.3830083923572,26.222041252408985,1.4838391082572326,13.71246342958898,-2.4969519984122823,2,D06_px-1055_py-0118,0.9594620545837758,2.4969519984122823,2.500450820541886,2.728406866349254,2.733593222053753,1.6349802034956207
-85.48392185172239,-440.0317796915836,47.59517406447975,1.4088756241199334,20.4142572169377,-2.369653477391372,3,D06_px-1055_py-0118,0.9109900753045621,2.369653477391372,2.3667433972664687,2.1334793919687325,3.3887189953358376,1.993513647104154
-46.50463695019111,-430.7710017026868,46.02129702913754,1.408816398837038,30.280371904729748,-2.2853161165860163,3,D06_px-1055_py-0118,0.9109517797701648,2.2853161165860163,2.9970854167719096,2.4450496818673777,3.147522942712861,2.0561133627233668
161.12488986904106,-429.0015309646901,35.64140106209351,1.4517082645740975,15.649211840986482,-1.8184957812605167,5,D06_px-1055_py-0118,0.9386859979856054,1.8184957812605167,3.039795817225045,2.4223352984923556,3.10401247283208,2.0018040719830537
-165.38258310394434,-397.8609348199216,44.23824399209883,1.4141321607298407,32.10920498324208,-2.5717254374801963,2,D06_px-1055_py-0118,0.9143889932786678,2.5717254374801963,2.733129182139289,1.4756259273045251,3.1647961310468586,2.3503878854990963
-236.34038119201008,-394.4677664397288,45.43599688853863,1.4199416035544534,13.308060585703233,-2.717560832708821,2,D06_px-1055_py-0118,0.9181454247660658,2.717560832708821,3.560117856223137,2.6606905333175046,2.782529367085394,2.5891291633121307
203.6935857770667,-389.6113104350658,39.312530831020126,1.4340871352234976,27.183014872449803,-1.6960454024322145,5,D06_px-1055_py-0118,0.927292036957937,1.6960454024322145,3.3729714266795425,2.6225300757157646,3.592584215152285,2.1929498251862025
-285.03335984483783,-382.92210676824186,42.87160488088318,1.4334969506526614,2.411599684397231,-2.8176600389611104,1,D06_px-1055_py-0118,0.9269104189659545,2.8176600389611104,2.7268060666230314,2.514138467410276,3.1243173090136676,1.5823946836094422
153.09340547014855,-377.5629049096009,50.03457602908702,1.3840617442512668,46.13544986916605,-1.7925561111166055,5,D06_px-1055_py-0118,0.894945225139541,1.7925561111166055,3.4802075862503963,2.0908058436047474,3.5820186944526977,1.6978223833076584
-196.5146570314668,-362.7696186584798,44.06579470863272,1.4079344186845828,43.87254716018833,-2.6742294015927865,2,D06_px-1055_py-0118,0.9103814844568336,2.6742294015927865,2.763424139289335,2.292915852613731,2.9271646748039544,2.1003110097770827
203.247761148418,-349.4836839505953,46.04080095230682,1.397354674413947,48.854186548250766,-1.651021199877546,5,D06_px-1055_py-0118,0.903540538482039,1.651021199877546,2.7105205234999596,1.222087684623849,2.8944379631106933,2.0270676933851934
301.78865526916525,-345.32215256825134,45.11876938501166,1.4205804630768135,14.151765267359451,-1.4595501187742554,6,D06_px-1055_py-0118,0.9185585163650828,1.4595501187742554,2.5932791522745107,2.5943253744640487,2.9075340593715837,2.2976933841240035
246.98757958575783,-338.4387388808751,45.600417926311536,1.404893925403974,39.5160425948589,-1.547338248390665,5,D06_px-1055_py-0118,0.9084154775537083,1.547338248390665,2.1189899778296795,2.1077693451161146,2.557832756214503,1.7257427618684225
-292.5293672805895,-335.1298495166321,39.97347072956296,1.4334213931387645,23.745825858090768,-2.8954059613626977,1,D06_px-1055_py-0118,0.926861562882354,2.8954059613626977,2.2914128446194884,2.4939219676268327,2.7756499052161763,1.7564043225734673
357.3284760079839,-292.26668778666067,42.88463042031208,1.428837653229778,12.53450023747638,-1.2925531646243762,6,D06_px-1055_py-0118,0.9238976805542226,1.2925531646243762,2.6482254437856563,2.164152905222592,3.0362651478268328,0.9151781022695005
-324.6788222109786,-281.7680156130985,42.31878013507708,1.4204925778108946,33.02592314788103,-3.0338140271312013,1,D06_px-1055_py-0118,0.9185016890599275,3.0338140271312013,1.671318663500436,2.8784352171913272,2.6711357797172637,1.3410342830006008
-367.7497375057052,-272.927359481763,43.945735933964045,1.424225261870272,14.742210985102986,-3.110110718740549,1,D06_px-1055_py-0118,0.9209152719725174,3.110110718740549,2.7685169826488263,3.479134169848913,2.3493273401290304,2.6185746266046577
-350.439140573658,-272.07048148711635,47.34085038548017,1.4080839566154095,23.40801743665196,-3.088406687266962,1,D06_px-1055_py-0118,0.9104781768607141,3.088406687266962,2.8812951553077775,2.5421601755623806,2.633026932990818,2.1846901586669123
391.686076737574,-266.77628786361345,40.77785348714781,1.439182859845786,4.917189975101508,-1.2049060767463782,6,D06_px-1055_py-0118,0.9305869726342425,1.2049060767463782,1.8723013299525588,2.081031515945611,3.137738060693062,1.9532140547216743
-319.2327725000575,-266.3956042343303,43.7936418769666,1.410149751415306,41.85917575122164,-3.053153432596244,1,D06_px-1055_py-0118,0.9118139360491784,3.053153432596244,2.5978571929338763,2.45926815428118,3.0575392905089807,1.6869129546872375
374.462185309435,-227.4603594913001,45.90085419653588,1.4109940852564926,27.18236879180017,-1.1528459133275746,7,D06_px-1055_py-0118,0.9123598889611292,1.1528459133275746,3.3303781589765444,2.6657558877804415,3.4241149510159543,1.9862245309618372
-336.837444625269,-223.3921776118857,47.19371731744354,1.3930560271825416,48.72004651719993,3.1202151505125477,19,D06_px-1055_py-0118,0.9007609993247114,3.1202151505125477,2.7855532617027823,2.653956784497286,2.3135117869836606,2.6995897873569357
-364.43781634115663,-222.64844827112768,44.30521836108886,1.4125270205811435,34.53613983992909,3.083035550165381,19,D06_px-1055_py-0118,0.9133510970159303,3.083035550165381,2.6533217541351495,3.7269803235996575,2.37233118700474,2.5766642682049126
-385.9937967877518,-198.7348869409931,43.98942647925168,1.416159345702109,30.03799248990805,3.010082278865653,19,D06_px-1055_py-0118,0.9156997870484845,3.010082278865653,3.0558461203559193,3.389012936997826,2.7971632392066486,1.811275497866674
-376.1018263016641,-190.7350413626797,47.99268774533323,1.397465338890172,37.36794045867646,3.003953782130473,19,D06_px-1055_py-0118,0.9036120950039945,3.003953782130473,2.780656838360439,3.0060785364809224,1.976512378314041,2.060671911499023
431.4629486990043,-172.74049537763122,44.32604037544991,1.4251058692570722,10.316835811432782,-0.9877961937427652,7,D06_px-1055_py-0118,0.9214846796447639,0.9877961937427652,3.674075960453358,2.4648535003330108,2.5623481365097116,2.0822610338016965
-366.06018039035,-154.96123200830166,49.64833154078741,1.3809582130603246,52.53656199340668,2.9350614083733606,19,D06_px-1055_py-0118,0.8929384574270877,2.9350614083733606,2.706238936337835,2.9368325669993833,3.3240367419467276,1.8292270767461623
-422.4118892420588,-147.09579514286486,47.649976042431945,1.408347909328799,21.02606418992065,2.869708762610746,19,D06_px-1055_py-0118,0.9106488507641665,2.869708762610746,2.8106205036302807,2.1664858648217615,2.4453417209672024,1.1519702128073201
-399.6463434765131,-133.96977901684863,47.747392139848046,1.3982541473725338,37.53722147220958,2.8580614602647945,19,D06_px-1055_py-0118,0.9041221447815939,2.8580614602647945,2.770925183467998,3.0389125726271553,3.5323431992904704,1.539202474066897
-391.7133042909745,-88.26547216232396,42.11104829496793,1.4108284232257726,51.27093275004256,2.756243373647403,18,D06_px-1055_py-0118,0.9122527705872592,2.756243373647403,2.7017152735999392,2.275652166109605,3.3617521444248797,1.5607274212947368
-469.032486786182,-42.835776351737685,48.722376746070495,1.4129692882113831,5.651124451675173,2.6256884208616755,18,D06_px-1055_py-0118,0.9136370707490825,2.6256884208616755,2.1733981101755546,1.7000004233441783,3.18485575676788,1.9741480101148756
-484.10562203845694,-37.22061951596166,44.690308858677895,1.4301261296634826,3.1019440238232505,2.6113474860034795,18,D06_px-1055_py-0118,0.9247308195647027,2.6113474860034795,2.350240931509393,1.987212798245925,2.7488860688127676,1.7514272816446264
-484.4999192133172,78.45101223365069,43.95695126526289,1.4338738949627476,6.396850480535647,2.3740847679842534,17,D06_px-1055_py-0118,0.9271541541257885,2.3740847679842534,3.5302179692117606,2.076780005845782,2.5359141557074594,2.8214422140184907
-460.7607163009003,90.76527403664822,44.68322017582017,1.4254463149519505,7.140694136157606,2.340113417967103,17,D06_px-1055_py-0118,0.9217048145125298,2.340113417967103,2.681426264553456,1.0495122950296556,2.6840740088180635,1.8735344061274528
411.562284482356,145.0093838490066,37.18935951334868,1.4404230278787458,29.581317036833298,-0.2682226218706471,9,D06_px-1055_py-0118,0.9313888750523086,0.2682226218706471,2.0337414942638574,2.1762943035389863,3.40762673817792,1.4455471617868585
372.0403222630952,167.84645336556187,46.62863694664236,1.3968135334003275,46.27982768714139,-0.1831686446826834,9,D06_px-1055_py-0118,0.9031906324404355,0.1831686446826834,2.001279810649016,2.6053271716163473,3.4046660863344678,1.4096438857986422
-394.1208942515181,175.3689755516269,44.267154127163565,1.4142142211732405,31.77644040686573,2.1159563630393765,16,D06_px-1055_py-0118,0.9144420542077041,2.1159563630393765,2.3053907614872577,2.0057824257115087,3.204621076548893,0.9363460399238959
-400.0306694964773,193.4832603564035,41.33281123324582,1.428660618831986,23.86420960776616,2.084113786071579,16,D06_px-1055_py-0118,0.9237832087182315,2.084113786071579,3.1443127574478416,2.1311176477917675,3.380009051027813,2.0418802326549113
431.47357507161007,232.7239861942976,37.03495389294403,1.455091779643476,5.153508217442209,-0.1123340131234926,10,D06_px-1055_py-0118,0.9408738054790968,0.1123340131234926,2.408602617845111,1.2813782804513159,2.628116588197642,2.1250086389217238
343.07344636847347,266.0311193357452,42.91456529493075,1.4198741760365234,30.212536867592632,0.0526021779341839,10,D06_px-1055_py-0118,0.9181018256018918,0.0526021779341839,1.7536550427433262,2.7783334397201322,2.526600117422308,3.2429345511380716
-378.7634269999591,295.24538352599814,46.2789694690016,1.4236128828792711,0.0752260861864329,1.8724989336965916,16,D06_px-1055_py-0118,0.9205193028936464,1.8724989336965916,3.5947121176871697,2.576798904305888,2.4676490021321555,2.4626418482132078
-363.78000226365776,297.1493887209455,36.649976042431945,1.4513283836124915,8.136267651305332,1.8496890039096248,16,D06_px-1055_py-0118,0.9384403639637686,1.8496890039096248,2.880557338135726,1.3751649222839246,3.1965993537577013,2.236888807289999
-272.90607808508486,367.830471957821,45.64740884219032,1.418652388698321,14.4554743427542,1.6021358996508377,15,D06_px-1055_py-0118,0.9173118082858279,1.6021358996508377,3.271828842356816,2.292799112920858,2.7120966287377715,2.5094570244410486
290.1562857588278,374.4029273874643,37.838321839000855,1.4485134718284247,5.438614857135917,0.3045167103184091,11,D06_px-1055_py-0118,0.9366202198330583,0.3045167103184091,2.514254564606005,2.320235393126114,2.4242749549245537,2.375280636530703
73.13218417338379,386.0973265502569,43.69151372712315,1.401382151218686,56.50845968649162,0.7766206287560683,12,D06_px-1055_py-0118,0.9061447367056603,0.7766206287560683,2.7908673426778634,1.0496507676450728,2.8820461873432976,1.8072085176672448
271.20488841888294,378.7691506952672,36.17603883347891,1.4518897060476863,10.686714220472425,0.3424223137889109,11,D06_px-1055_py-0118,0.9388033194715181,0.3424223137889109,1.649194015872763,1.1193134247575458,3.445594630473774,2.7453766544354004
261.0983765422596,396.64246977761576,44.50045500952899,1.4276112105075365,3.789707057562509,0.3816488713886955,11,D06_px-1055_py-0118,0.9231046530301718,0.3816488713886955,2.8037724332623304,1.7699507830491576,2.655435497699469,3.1110578281411234
269.0793092512436,409.4970339019629,36.23995055011858,1.457498389554424,4.905624263952973,0.3824685759195462,11,D06_px-1055_py-0118,0.9424299384027344,0.3824685759195462,2.4004293029014683,2.1590844982197903,2.988396951973053,0.898729768899232
194.44223438544608,424.7692980639552,42.61741507821631,1.4313579542922537,9.01501566242439,0.5345287311890184,12,D06_px-1055_py-0118,0.9255273270719052,0.5345287311890184,2.9199980450224943,1.475127496679831,2.657979628631481,2.4860237294659004
5.817913885432692,-484.2833336476122,44.9401546138605,1.428999690327744,2.35452240759912,-2.165762985958526,3,D06_px-1055_py-0118,0.9240024550180227,2.165762985958526,2.5973276264524365,2.4333100898173625,1.4045804237990658,2.037355049657536
-72.16895517692434,-472.0553693676649,44.71649302250489,1.4277203319682972,2.0383717050021346,-2.329483574964632,3,D06_px-1055_py-0118,0.9231752118261746,2.329483574964632,1.6057860499360008,2.060749190747644,2.8030680896494498,2.956221966615572
-22.312680291206124,-453.893900698346,44.70496741239941,1.4205926367185582,16.89283935093863,-2.2268946792982764,3,D06_px-1055_py-0118,0.9185663879377183,2.2268946792982764,3.060114039492115,1.8702524171534969,3.3117169790913836,2.086904441406487
73.75755666803806,-450.5493339606696,36.35644616510706,1.4488906223220963,16.669764023495816,-2.0155093624955605,4,D06_px-1055_py-0118,0.9368640883128226,2.0155093624955605,1.8849463661620747,1.445310597057852,3.0612870037134132,2.3531531458456336
202.40820689562184,-423.3539387226687,39.938423412729264,1.4405973839065072,8.026301650889252,-1.7317960714510503,5,D06_px-1055_py-0118,0.9315016150331422,1.7317960714510503,2.482835258724143,2.3068565921253743,2.711385079362663,1.082455237267916
-204.97589244705424,-421.0462040560674,42.57519051464379,1.4318265361392988,8.29263480437362,-2.6308281664459883,2,D06_px-1055_py-0118,0.9258303157849029,2.6308281664459883,3.136853518692191,3.300305735694499,3.2748190745794776,2.420984776121375
-146.4771729912356,-410.4440412804735,34.645695786191084,1.4490939377188756,30.264369180488814,-2.520562126725875,2,D06_px-1055_py-0118,0.9369955536497563,2.520562126725875,3.232054913561199,2.8887977817430626,3.074999123542707,2.384625518247937
-259.0937940039636,-401.6248956719653,43.72214535460125,1.430977243721894,1.9175602069556128,-2.750708523124444,2,D06_px-1055_py-0118,0.9252811566185141,2.750708523124444,2.8910255462296814,3.271079025270234,3.028887830707542,1.4357817765044825
123.04438876804362,-402.6094408403632,41.23160291414376,1.4212456889990883,38.91020925038225,-1.881173627381488,4,D06_px-1055_py-0118,0.9189886566859548,1.881173627381488,2.660250167537161,2.953252612167855,4.54156704052704,1.761973281864206
218.10324021165167,-399.2779225283726,34.1925203097818,1.4556852986021818,17.947401661921504,-1.6778207693845366,5,D06_px-1055_py-0118,0.9412575795125385,1.6778207693845366,3.4066752233926527,1.4999416565623709,3.5465985113356586,2.2021298601814285
-298.3593729209387,-385.5141389194652,45.32204245936015,1.428726747819646,4.444789079678856,-2.836414521023552,1,D06_px-1055_py-0118,0.9238259682425053,2.836414521023552,2.705140492671847,2.984547062443962,2.8060662124705322,1.7619708712692197
163.57954272835084,-378.2494762337458,37.32224764021839,1.4323571259673622,45.18775750124036,-1.7695995788845376,5,D06_px-1055_py-0118,0.9261733993468215,1.7695995788845376,3.076926745045664,1.4027601699554495,3.589798801861514,1.2415976939343305
232.6434017632321,-341.72568932275897,47.06267445513032,1.397411836855074,42.84379528780039,-1.5800592516075835,5,D06_px-1055_py-0118,0.9035775001667012,1.5800592516075835,2.5862393765155716,2.0632274681229177,3.26946796891691,2.026196552860993
-309.13380456539994,-314.9271567794759,38.98334023710527,1.4357190497771692,26.164108583071595,-2.953890977326918,1,D06_px-1055_py-0118,0.9283472457618146,2.953890977326918,3.034031755129086,3.6555017272813912,2.333647070522913,2.4869751727837137
357.4925329244687,-309.8940351874206,44.83584070408608,1.426019682363927,4.869639041941412,-1.3211775245220303,6,D06_px-1055_py-0118,0.9220755583971364,1.3211775245220303,2.5894074252175763,2.6070028635010827,2.6044470334681242,2.013850615988561
249.0414927754871,-308.5992866049264,47.13854490701039,1.38991757692939,53.60885759124278,-1.4987775076920458,5,D06_px-1055_py-0118,0.8987316526715999,1.4987775076920458,2.2693165390245467,1.344185197158204,2.672577355454002,2.244435989903293
-378.8360987257469,-295.8305302164624,43.1965230972728,1.433406608668412,0.2438775432282796,-3.085590802834366,1,D06_px-1055_py-0118,0.926852003127377,3.085590802834366,3.2810503729417477,3.170641326183262,4.132549889206066,1.375260293903637
-359.5349002799524,-289.65207872969665,43.91539939192836,1.4254930819406344,12.34500500313527,-3.0704077706778814,1,D06_px-1055_py-0118,0.9217350544157644,3.0704077706778814,3.123364543842964,3.7885483747256483,3.1490240033427197,2.9949309329210356
362.3783772962863,-280.0653074757418,44.067689840162814,1.423833125729546,14.706508808962326,-1.2649470120772317,6,D06_px-1055_py-0118,0.9206617136553362,1.2649470120772317,3.348501169772267,2.7244729505287575,2.546193046951969,2.396919013960566
-334.94926701677383,-266.6080234141379,40.895376083779865,1.4248758301746465,34.388906089023465,-3.0762962185698903,1,D06_px-1055_py-0118,0.9213359345622071,3.0762962185698903,2.9802332708028647,4.254665611464904,1.7173105669774,1.6118458047312951
-300.9698498000194,-257.19480107520405,48.27495600074519,1.3853530951446915,53.8238212030937,-3.0414405846256654,1,D06_px-1055_py-0118,0.8957802227983162,3.0414405846256654,2.5400750342967533,2.347023354941165,3.58133199519116,2.8314283890233396
-350.47516907306255,-255.84851714791887,47.09687103177095,1.4053431345904923,29.68726206364568,-3.1179913686625955,1,D06_px-1055_py-0118,0.9087059397518242,3.1179913686625955,3.251905230461366,1.418613452590637,3.352301547701258,2.6366535646834612
-350.1213194987768,-201.25531020796265,36.61251642787283,1.4322128101069385,50.605352740897104,3.0563090534865105,19,D06_px-1055_py-0118,0.9260800835747943,3.0563090534865105,2.34144686667698,3.5602981972294145,2.920573927313637,1.5796573432336163
-399.207679767095,-194.72724190383272,36.26343010473204,1.4458453866193133,24.665973644755297,2.9884405071343045,19,D06_px-1055_py-0118,0.9348950149221666,2.9884405071343045,1.9141218620850573,3.0963065163604595,3.264839467227741,2.2705635461448983
-387.6347236467114,-180.1733280476704,41.11018855718987,1.423903732872216,34.76925500558616,2.9697078418123493,19,D06_px-1055_py-0118,0.9207073687899107,2.9697078418123493,3.0610166520776994,3.567228627775565,3.666574398671113,0.39661226249343606
416.3704951954154,-173.13753705586424,50.150745931225686,1.4013366652113546,18.27767072334376,-1.001053842457944,7,D06_px-1055_py-0118,0.9061153250950578,1.001053842457944,2.143501361957758,2.050896866014205,3.3010821591882413,2.2029314902580053
-386.85185787158906,-158.02723851585304,31.84075047328986,1.4541054863130596,42.15947068147676,2.9224216737965203,19,D06_px-1055_py-0118,0.9402360604432924,2.9224216737965203,2.8265261245263935,2.6451495679122,2.5033744699474276,2.1007171160007667
433.99682666567776,-159.3779699999662,48.071551528649934,1.412178030149903,11.30495792921596,-0.958923477998912,7,D06_px-1055_py-0118,0.9131254370543315,0.958923477998912,1.652740201482154,1.5478126304749262,3.809640350202586,2.0368066684475536
-461.161263540713,-94.3247136769231,26.564810431426167,1.4841892845915108,8.532039290425416,2.73636770969298,18,D06_px-1055_py-0118,0.9596884813596191,2.73636770969298,2.9955010529428545,2.9807485233239333,2.4628466317476456,2.21995381056981
-418.76608940869625,-30.8867367507572,42.18103350052047,1.4174646224268543,39.46635796966774,2.608236348205097,18,D06_px-1055_py-0118,0.9165437892594759,2.608236348205097,3.5377465193700885,1.7042002773704068,2.181065863975823,1.6755958761139818
-461.48142553997445,-24.97116148333668,33.86330120555999,1.4585434923622504,13.339516261112465,2.5886712725072742,18,D06_px-1055_py-0118,0.9431057101098341,2.5886712725072742,2.751675578250946,2.484709152714757,3.3942680062112762,1.239261332240401
-469.982428405236,15.077421983113044,30.271097865394268,1.4720784413474743,8.502786371770128,2.5025432999749087,18,D06_px-1055_py-0118,0.9518575147292054,2.5025432999749087,3.968407149612311,1.4231583590256083,2.5840948446156533,2.524199106528566
-421.2324911684459,38.82989187290491,39.87159244256071,1.4267923977194878,37.80612110411613,2.4426912851636886,17,D06_px-1055_py-0118,0.9225752022321918,2.4426912851636886,3.327687884068098,2.578515324138361,2.1352567953181114,1.7437602980324909
-397.12190801659375,39.34643049290929,50.58891613459781,1.3781861000225524,51.36367295667998,2.4358564608688966,17,D06_px-1055_py-0118,0.8911459873028278,2.4358564608688966,2.4556637222491267,1.382245661854161,2.921096663999932,2.0743713191325828
-419.1577511576759,67.38253134472704,47.21644101359578,1.4013326786610418,35.68300083611143,2.3752198685190966,17,D06_px-1055_py-0118,0.9061127473602262,2.3752198685190966,2.363571421360329,2.8374970516221207,3.081553747275856,2.379978111572848
-425.8796259155296,93.63344832462242,31.651586955511164,1.459585009931587,30.44876414058831,2.318197356990062,17,D06_px-1055_py-0118,0.9437791635734879,2.318197356990062,3.188497451088108,0.8776607142546013,2.633939328271996,1.9159922220754693
-446.8095228115301,92.78474368099138,45.179638504075285,1.4196442746411322,15.600763315704569,2.3298625468656367,17,D06_px-1055_py-0118,0.917953169548856,2.3298625468656367,3.4863055653915933,2.615216345715655,2.8260330230005626,2.8491187765273134
-426.27016117747615,111.63274854655802,33.580519534622,1.454086631434176,27.262748827120674,2.278482455704732,17,D06_px-1055_py-0118,0.9402238687300993,2.278482455704732,2.158559675006731,2.8117912088751797,3.313038561341549,1.781807216544045
-473.0172870382823,122.5676629416943,42.335981576143865,1.4382842111136294,4.780662908383079,2.281070660503292,17,D06_px-1055_py-0118,0.9300058992859892,2.281070660503292,3.03393004452748,1.6409347024818584,2.6834102095192884,1.3592221708070111
384.3429802853559,170.07851114166198,38.1229855535176,1.432144433338829,39.80626943198854,-0.1903654147756594,9,D06_px-1055_py-0118,0.9260358706179777,0.1903654147756594,2.151533259109904,1.4724348189788508,2.151967656422348,0.9125473179521948
-309.3594290317039,226.6508578143145,49.769087924701694,1.373733236919729,61.44776215916647,1.9023115888027355,16,D06_px-1055_py-0118,0.8882667309483885,1.9023115888027355,2.4823891747252462,2.8343749485169143,3.3730523509917587,1.9012743373909484
-300.9194324687032,250.98506303349896,49.3689125366493,1.3793404605691608,56.20126134491312,1.8394457520441567,16,D06_px-1055_py-0118,0.8918924059243725,1.8394457520441567,2.7837830420687464,1.8039380740772137,2.7287697614101827,2.0737564943869966
370.3205237888756,269.36483527894865,47.12312981410696,1.4137826670549238,14.285959307443022,0.0218888428470779,10,D06_px-1055_py-0118,0.9141630079157442,0.0218888428470779,2.155957110573026,1.8830379445140808,3.662776626968661,1.6800320395525281
-257.64164130657593,289.51561286801314,48.87649509092137,1.3791541405350185,59.03566620275143,1.6910269515968293,15,D06_px-1055_py-0118,0.8917719299227806,1.6910269515968293,2.252040179318929,2.3754558016128513,3.4741818877464032,1.4083296263696141
-293.8550507974914,310.3395080660252,39.82963782244826,1.4283930455606375,35.00026855751571,1.7219383657281049,15,D06_px-1055_py-0118,0.9236101937334862,1.7219383657281049,3.4531217488567716,2.243400703614024,2.9807294194993608,1.6608680508311757
-241.0014912664434,335.15637110205506,43.81614428106394,1.4089305406131374,43.76391926586217,1.5872282700284257,15,D06_px-1055_py-0118,0.9110255847416074,1.5872282700284257,2.9292924100674975,1.2619610469188478,4.151863395051057,2.001725475170606
-161.9712841393775,359.12791237215635,53.251670957686144,1.3657662739155216,54.08905373727555,1.3875126443933894,14,D06_px-1055_py-0118,0.8831152299195555,1.3875126443933894,2.532876855987498,1.5722652733060027,3.2992156363354415,2.5954734148704763
106.40837563398306,375.2624841018687,42.14526472895568,1.406073420688222,58.627648356152406,0.6875125660209781,12,D06_px-1055_py-0118,0.9091781484945798,0.6875125660209781,2.697836627422113,0.7553056577753721,3.1711227597259164,2.5375562832905016
308.3503174648362,368.6847814327075,41.1696047894531,1.4397713152908505,0.5312437319479386,0.2672995525562441,11,D06_px-1055_py-0118,0.9309674725598817,0.2672995525562441,2.2599800738088724,1.5150085236677917,3.3102579841382243,1.7759710859133793
257.07764256950685,376.4951246090719,44.823316825942186,1.4206727708887872,15.943254646704418,0.364715701386645,11,D06_px-1055_py-0118,0.9186182033233504,0.364715701386645,3.0790517626726706,2.0063812725954424,2.9522600163775254,2.55681794934819
-191.2284780361396,378.2714146986215,40.04528651973595,1.4264570562728331,37.23958210471915,1.4318805686328866,14,D06_px-1055_py-0118,0.9223583678115299,1.4318805686328866,2.479319278569147,2.672734588058006,3.3821505090760002,2.3064458393592493
-272.221491995333,373.91658705132807,27.38158902291332,1.4799672569708469,13.76614645065871,1.5931064508128223,15,D06_px-1055_py-0118,0.9569584850460773,1.5931064508128223,3.0490505984013856,1.6322758123283805,2.631157458973213,2.132985977164744
187.03794261278105,377.0740861548268,36.781873447105056,1.4371578375133205,39.58880289072397,0.5033547310295058,12,D06_px-1055_py-0118,0.9292775772443559,0.5033547310295058,2.96030352386585,1.9387465500012184,3.050609929237563,1.4972121397556322
9.264056114925726,387.3861519643544,43.908428552924704,1.3982030977479678,59.97231670305965,0.939907084559963,13,D06_px-1055_py-0118,0.9040891356922666,0.939907084559963,3.425392450944074,1.4221359844812076,2.7730065537479285,2.027209968102809
119.60913647225766,385.3043488499308,49.81507292637866,1.3830714282464225,48.71677145756257,0.6628209855197186,12,D06_px-1055_py-0118,0.8943048790107676,0.6628209855197186,2.196223952631639,1.3217685555921515,3.017027378786672,0.7436546924229779
181.43741642969923,411.4241045951781,37.50252168432473,1.443181416153396,20.97215525214864,0.5484736764683641,12,D06_px-1055_py-0118,0.9331724706366332,0.5484736764683641,2.672543940199327,1.7860188085319115,3.726502955382066,1.9607435040810697
39.95048702597781,-465.1763389875596,45.9620915998305,1.4204873011474128,8.705451155887772,-2.0921036223844074,4,D06_px-1055_py-0118,0.9184982771277596,2.0921036223844074,1.872815358459186,2.2697101070820693,2.792461099907968,1.5714657857230425
-37.18145393662352,-451.0630269850967,36.724687442143306,1.4466036078211648,19.175112691061884,-2.2600206438720765,3,D06_px-1055_py-0118,0.935385286723273,2.2600206438720765,2.9733460431158365,1.0414620737199798,3.366860150365658,1.6775507751544894
-177.1255439190162,-447.7928365486218,44.82843825300421,1.4285456906509275,0.5584338358237346,-2.554442251968773,2,D06_px-1055_py-0118,0.9237088952511486,2.554442251968773,2.461471430586659,1.8097070325548228,3.0367227762058437,1.850183581155056
145.23667195370317,-446.4315046943845,41.94805048481766,1.4341857636638151,7.623706532431072,-1.8632473164953565,4,D06_px-1055_py-0118,0.927355810884275,1.8632473164953565,3.2069811864060647,1.7644105428771766,3.212688615105935,1.645271120569328
47.70463218294979,-442.6656271331477,46.74317097778157,1.4106610384586966,22.494605030891705,-2.0704234231757157,4,D06_px-1055_py-0118,0.9121445382784926,2.0704234231757157,2.006296247615488,2.3999075521761997,3.2953861597101453,2.2411548552360325
126.01658558724596,-442.5529270228182,43.78198552672359,1.4254466745012777,13.36228228183279,-1.9003686892126572,4,D06_px-1055_py-0118,0.9217050469999567,1.9003686892126572,2.5352027142982205,1.5217156181245004,2.4064001997418605,1.1978351023090614
-101.59648888229158,-426.3820132082453,46.769759549054925,1.408089679520868,26.92330576964872,-2.4116898490162058,3,D06_px-1055_py-0118,0.9104818773364589,2.4116898490162058,3.209655799602821,3.3176731217736384,3.57678069290247,2.251113531259887
-33.647186602380806,-422.2567896063951,33.70194324173548,1.448999620752656,38.252048145626816,-2.2572920262159557,3,D06_px-1055_py-0118,0.9369345675565286,2.2572920262159557,2.8455600660726827,1.2875258770709528,3.4407215669362983,1.9136555905898518
149.92688596565068,-403.3983935320065,40.277182502804976,1.4277947279836225,33.026174332159826,-1.821936968714412,4,D06_px-1055_py-0118,0.9232233168756504,1.821936968714412,1.654028679360641,1.3111967352870546,3.329333939527009,1.7412569873818593
-44.64433188471101,-407.5168884296049,40.87704146121666,1.418581307784596,46.05604631225185,-2.286892821040761,3,D06_px-1055_py-0118,0.9172658468071575,2.286892821040761,2.5944429115370253,2.1616045864277957,3.5533874335592195,2.782730834436602
-250.3895955719549,-388.049064366207,45.38442164549065,1.4207433323772531,12.049935146952748,-2.750806341205926,2,D06_px-1055_py-0118,0.918663828937557,2.750806341205926,3.6282508206875375,2.259519587804328,2.6095038035605156,0.47438489882306667
230.50240478814885,-370.0976090533232,35.91099204018661,1.4447557026543505,29.97210265232877,-1.6207492009566358,5,D06_px-1055_py-0118,0.9341904166877272,1.6207492009566358,2.707589397068037,2.4383891769850683,3.251398847739583,2.611549644251614
-272.45573246597706,-370.08909371744727,33.30102112073837,1.4597741550834633,15.077524531400286,-2.812379547364094,1,D06_px-1055_py-0118,0.943901466318458,2.812379547364094,3.001869088833911,3.8669538810987945,3.0705474899604246,2.1111844300251295
262.212775704183,-359.98291570633387,35.08315489677261,1.4501917646204898,24.043398553621728,-1.5482404561214118,5,D06_px-1055_py-0118,0.9377054171711708,1.5482404561214118,2.186426196134249,2.223303722536549,3.249156587345584,1.5730881692593441
-325.874284002375,-321.7892162115745,41.97198198106605,1.430724854279643,15.014899693657242,-2.969481330711008,1,D06_px-1055_py-0118,0.9251179596172557,2.969481330711008,3.412132849640633,3.3705988268915554,2.3369938646304265,1.9165083921596135
-389.5156153390312,-262.46868475596153,41.840945361271565,1.4345966053195416,7.489172291454167,3.1275610063057844,19,D06_px-1055_py-0118,0.9276214643347861,3.1275610063057844,2.4163730231843976,2.954181244951206,2.6034627104448442,2.226718396025627
-376.8256658039503,-255.33933812159623,44.3575506342076,1.4219832034627802,16.46534608922377,3.130150932899664,19,D06_px-1055_py-0118,0.9194655393470744,3.130150932899664,2.3169962527986385,3.3663184183902244,3.447631216495986,1.9577768035775336
387.9404085292017,-200.2134063868941,45.62270121029485,1.4113830293772127,28.236827010927414,-1.0834186551341474,7,D06_px-1055_py-0118,0.9126113832930333,1.0834186551341474,2.540663195797579,1.1331236832026936,2.6785648243498272,1.024059520022958
-350.4556458558155,-175.3600808571505,46.62325646571236,1.3897646033080613,56.689864224877965,2.9985625959765168,19,D06_px-1055_py-0118,0.8986327387231803,2.9985625959765168,2.0022310350974886,2.9254408076906038,2.5048486181522867,1.285022380161043
-441.1697658323107,-130.87551522690774,39.69668628780852,1.438852441994529,13.90878529278092,2.8229989122343166,19,D06_px-1055_py-0118,0.9303733218491445,2.8229989122343166,2.912272201030536,2.093996897887628,2.982124423289135,1.0565300388347318
-492.41175476058993,-9.552836718651353,40.34987959400348,1.4454145013626112,7.016866130547555,2.5540107873263658,18,D06_px-1055_py-0118,0.9346164011213949,2.5540107873263658,2.071036488454875,2.550374069449922,2.3264212449705797,2.4910659337115852
-490.27202266740966,52.01573771504487,39.48321352422016,1.4482082466219894,7.244586529720493,2.4289128679271825,17,D06_px-1055_py-0118,0.9364228588105273,2.4289128679271825,2.8077737540500154,2.295353209998497,2.31493921780093,1.862976149161461
-369.8061357441277,161.37650309370412,43.849119393795206,1.405134227791932,49.7392013292083,2.123141992883206,16,D06_px-1055_py-0118,0.9085708589704594,2.123141992883206,3.2020862143760684,1.9194186616120141,3.2604851848636205,0.49099961487326893
-410.0153321928702,168.39610379640257,41.49636474145223,1.42775142242944,24.55894081816456,2.144910916517089,16,D06_px-1055_py-0118,0.9231953151632278,2.144910916517089,3.3289676261719343,1.7083449323725277,2.730435775017012,1.8983316509604133
-374.9181513812324,175.64836131015244,46.087589062323445,1.4011860086193242,42.61035329050094,2.0964832791467587,16,D06_px-1055_py-0118,0.9060179093560321,2.0964832791467587,3.1336591118153825,2.1216835447832665,4.217798679672152,2.1522748947424484
-375.1796862598558,217.783033620964,40.63973794719385,1.4276567267486886,30.755235848731274,2.0086727623477865,16,D06_px-1055_py-0118,0.9231340841902009,2.0086727623477865,1.9616762568400457,1.4219933339438837,2.393641561870606,2.396620384359881
402.91149447176304,224.62632168084565,44.51622533099197,1.423407760256384,12.514483568020864,-0.098390415084607,10,D06_px-1055_py-0118,0.920386668990077,0.098390415084607,2.472722569181279,2.2627776018246752,3.4348766243005238,1.9098319550539595
-383.7370683115461,229.97278870242656,43.35450443872918,1.422795248084389,21.638025737864552,1.9947100898545385,16,D06_px-1055_py-0118,0.9199906137953261,1.9947100898545385,2.6658972348533774,1.7290180217123587,2.062402453398376,2.7486137770566645
-410.31705286755823,236.91766653923483,42.623922736714405,1.433268281069,4.73578247151579,2.0109759517978483,16,D06_px-1055_py-0118,0.9267625594120854,2.0109759517978483,2.5850248788915637,1.2013575073804263,2.789393935122039,1.774056449121721
-338.9370260941853,249.83346169058743,46.18355859309924,1.403628136308952,38.08292950567562,1.8994135650693875,16,D06_px-1055_py-0118,0.907597008355113,1.8994135650693875,2.784430317116089,1.1617523300455732,2.5223475866738974,2.172383179245722
393.02685798885966,281.99911913003393,36.45972641316848,1.4553546107735569,0.8866992637300655,0.0153990432321314,10,D06_px-1055_py-0118,0.941043754157948,0.0153990432321314,2.830268398273362,3.281264188319275,2.264047998054513,1.6873138002432513
233.29768732958672,338.4726131669228,40.851946485781696,1.4190853547621003,45.33332920915166,0.3603311972690713,11,D06_px-1055_py-0118,0.9175917675528448,0.3603311972690713,1.8816044150032716,1.9183013662776278,2.8909690787715245,2.166026826989403
265.7330790686144,362.2674282265416,29.59440085824997,1.4698013432729289,22.11672444953041,0.3309417823794329,11,D06_px-1055_py-0118,0.950385125179062,0.3309417823794329,2.1748275650540805,2.3940555908819348,4.1270603052197785,2.0554595835719196
325.87638685089394,363.1783291484533,40.13658113839051,1.4449181324303058,4.052256158802322,0.2325007914226191,11,D06_px-1055_py-0118,0.934295445060208,0.2325007914226191,2.371724954463853,2.267323048483007,2.710799103190448,1.9493167954623802
-291.8199638165082,368.7298231449252,27.53418920230183,1.480955507669235,8.753723601720424,1.6333037680315483,15,D06_px-1055_py-0118,0.957597495731429,1.6333037680315483,2.493591088184312,1.1575381425443125,2.5096886974081394,2.0901649181047177
29.27622941142536,386.816021193223,45.62258658197487,1.3917982079725484,59.40026115985347,0.8882756624591893,13,D06_px-1055_py-0118,0.8999476835165491,0.8882756624591893,3.4234452852332193,1.6977251092932453,2.222155639406429,1.4253204574863239
158.28262761642551,389.5562417631542,36.97284351092918,1.436337021238005,39.8393552102271,0.5778781512961054,12,D06_px-1055_py-0118,0.9287468309757292,0.5778781512961054,3.0233128626075114,2.679568887254929,2.8788449811623043,2.023709520577536
224.88844847468664,391.5932177179939,39.26024861634647,1.4378306112814003,19.50609482791623,0.4425155339880685,11,D06_px-1055_py-0118,0.9297125980617746,0.4425155339880685,2.268018291697037,2.5122498449200172,3.094251376930782,1.555867144611872
272.6535181853524,397.0720692513702,39.99456151367144,1.443741246169684,0.0140883793656598,0.3621000513906437,11,D06_px-1055_py-0118,0.9335344611345626,0.3621000513906437,2.4584978874241203,2.2302535521695686,2.8329376651588696,2.9309573024424282
-142.38065044718363,398.2545349983745,46.02636329154643,1.4049123737764748,36.90607081690899,1.3071678037034964,14,D06_px-1055_py-0118,0.9084274064166725,1.3071678037034964,2.8377866676065544,2.1122360352460325,2.179747635129601,2.041238578620491
231.7951850451381,419.9370327187722,40.59574787130356,1.4413186275503371,1.2314612029389878,0.4594577282588988,11,D06_px-1055_py-0118,0.931967976853985,0.4594577282588988,2.0647715693996647,2.763470376064504,2.6963614876959987,2.3175477347799585
-146.66319447349647,-469.6349345661101,33.980260915763154,1.464939454466224,5.958338051008923,-2.4804711464047995,2,D06_px-1055_py-0118,0.9472413895828775,2.4804711464047995,2.930309613639306,1.5300165653062396,2.680463511650485,2.2793399787681876
53.97461383626391,-468.1848474434363,41.75162164224116,1.4353373191293963,6.475967563930624,-2.0629977217308784,4,D06_px-1055_py-0118,0.9281004157183337,2.0629977217308784,2.7157576980375486,1.5528814262592858,3.284100796528402,1.9681470679274415
-151.10801622618578,-456.9195623386319,38.7236268360827,1.4476330960315995,0.438604019501156,-2.4971638493641164,2,D06_px-1055_py-0118,0.9360509619087138,2.4971638493641164,3.5832141098025754,2.9245125596429693,2.9320118965909945,2.04631538859414
124.02782209391368,-455.6749929533451,33.67819590586237,1.4615196451578003,6.837689342771512,-1.9120287646937013,4,D06_px-1055_py-0118,0.9450301139485544,1.9120287646937013,3.015242778095275,2.557519780790175,2.7220724477696754,1.8002657814535676
41.45879858862906,-434.53263513556686,36.803703464435216,1.441802242755564,29.53799618702516,-2.0826537045742293,4,D06_px-1055_py-0118,0.9322806862547904,2.0826537045742293,2.563022274881876,1.166208814431578,3.220107840363697,1.4779568382131885
-3.247221456634424,-429.0183109106764,40.031782887381326,1.4282203023181177,33.915369376978106,-2.185344671814636,3,D06_px-1055_py-0118,0.9234984965922927,2.185344671814636,2.235062663728651,0.9310960132769965,3.3421517139583514,1.5576929939069581
58.64085919468965,-429.0688148638845,39.68637431083022,1.4307313971256637,31.372627303513525,-2.0419473306757308,4,D06_px-1055_py-0118,0.9251221902730263,2.0419473306757308,3.3418640524988135,1.6337692142206526,3.2211617720215875,1.4980114586556676
169.20569796376375,-394.2708412296756,40.412096275140414,1.426889266356067,33.85147529214413,-1.7723860293576053,5,D06_px-1055_py-0118,0.9226378382555718,1.7723860293576053,2.2127534613061055,1.776732398461613,3.4031944749106,1.7087488092538143
251.1314527965195,-394.262654720864,41.82968603562671,1.4339874953679226,8.935204203899275,-1.610618834852787,5,D06_px-1055_py-0118,0.9272276090425273,1.610618834852787,2.812795698651543,2.334515896102385,2.9927742193520928,1.7994567815098224
-181.33992659423404,-367.46718059011226,46.01043282702665,1.3997429440137357,45.34480387628628,-2.6361987397240485,2,D06_px-1055_py-0118,0.9050848124160268,2.6361987397240485,3.26536308313118,1.7557208345038031,3.217075414454719,2.9687102096900686
189.73480947702305,-353.43645221737484,45.81506954828268,1.3968626029443905,50.90572819778674,-1.6851012243755834,5,D06_px-1055_py-0118,0.9032223611941137,1.6851012243755834,3.2512781246589038,1.546254908793619,2.575271912865876,1.16772563855142
-346.4788077943497,-330.19906824879746,42.47672376279667,1.4351000628568442,1.6532131778191683,-2.987227711810005,1,D06_px-1055_py-0118,0.9279470039437964,2.987227711810005,2.689699367790599,2.828368992051718,3.0280269587553432,1.5332697840256904
-252.04926423859607,-309.82792068650866,44.75194562607692,1.4000934854631402,52.2034706757056,-2.860702727704742,1,D06_px-1055_py-0118,0.9053114752781867,2.860702727704742,3.0510373517127296,2.789559762843333,2.8984360647552103,1.897705022554599
287.9993725400639,-306.2752162858621,45.05867992133449,1.4073792505742493,38.68472904864865,-1.4231212030996023,6,D06_px-1055_py-0118,0.9100225083840129,1.4231212030996023,2.6723364887332046,2.159736998602776,3.2249928096848555,1.9863273589923258
377.41440142550834,-286.9766923622727,43.89161737981794,1.4293271367997065,4.350919557474072,-1.257088005266202,6,D06_px-1055_py-0118,0.9242141844858653,1.257088005266202,2.9867073858974864,1.7172551796362505,2.4385596891921058,1.2641116799621517
-398.7075097313994,-246.6150795759332,37.59953127697918,1.4480301137958873,8.603834766376849,3.0885508961080768,19,D06_px-1055_py-0118,0.9363076767221394,3.0885508961080768,3.2742974028243106,3.630787332784,2.6269861926249236,2.65650272209599
-390.2867744923384,-234.2635216796765,43.27292932469118,1.4255729376977624,16.61900238698513,3.0752049077271626,19,D06_px-1055_py-0118,0.9217866897772925,3.0752049077271626,3.409184589820612,1.5992319075620007,3.084587799016483,1.9226010988330051
-400.1780249858064,-223.37295027076613,43.36434376426234,1.426242121496522,14.60985448984195,3.04371787412134,19,D06_px-1055_py-0118,0.922219389292273,3.04371787412134,2.075433565762596,3.9757805440997767,3.859612464683401,2.0473769232264742
-410.1484411821293,-182.17398714648664,43.53927746472016,1.4226352593712548,20.701495714432497,2.952604900889754,19,D06_px-1055_py-0118,0.9198871638332919,2.952604900889754,3.1002039018713967,2.7135653814602523,3.1237753993558375,2.3026431662134796
420.0008376169045,-181.07909718530664,35.28094264651679,1.4526746667899242,16.26509134361413,-1.0140391701124782,7,D06_px-1055_py-0118,0.9393108812700474,1.0140391701124782,3.001249809546697,1.9830935130906406,3.6404100802271824,1.8692907078367105
416.8625807298164,-151.60015669736654,30.579632757853005,1.4651308201263402,25.70431943263424,-0.95577969643242,7,D06_px-1055_py-0118,0.947365128125965,0.95577969643242,3.2169202852695884,1.5472804429830993,2.8898307909897465,1.7560804603371345
-404.3956006633579,-123.45553304145264,34.75015636701619,1.445022875424671,38.622436203986126,2.83091060492566,19,D06_px-1055_py-0118,0.9343631727053534,2.83091060492566,3.0489358644943025,3.530323446069051,2.144336672071301,2.066210370137682
-450.11030836627344,-0.814691370019493,41.46697177441428,1.4300016444972647,20.147713539296205,2.53642310136586,18,D06_px-1055_py-0118,0.9246503264757417,2.53642310136586,3.3106251895091634,1.9852141053453252,2.033121147534347,1.901687650573632
-440.946117427458,44.417254000773376,42.44141880832467,1.4245161322586395,24.46874343218269,2.434220061971715,17,D06_px-1055_py-0118,0.9211033510566228,2.434220061971715,2.61995234715088,1.2209444790800243,2.9925559506796704,1.5630097416764288
-454.5847324848173,49.91647673858071,30.937506308775767,1.467092753377609,16.78216778573301,2.42524452848119,17,D06_px-1055_py-0118,0.9486337296190402,2.42524452848119,3.7795282042906324,1.811042361811827,3.4279239074239554,2.215605558931158
-440.3517005201054,131.09673237319208,39.11445274220273,1.4405639745092231,14.449618125440622,2.2452593434159525,17,D06_px-1055_py-0118,0.9314800122537154,2.2452593434159525,2.858258158818699,1.6320156823779597,3.37594622854327,2.023627621145063
-428.1232536925856,154.43856159923666,43.03582253884832,1.4263361703074255,16.697296289430938,2.188408013579878,17,D06_px-1055_py-0118,0.9222802019941614,2.188408013579878,3.087798286616289,2.329537581787144,2.854987616470488,1.9806609263029324
-398.1275782229652,156.73269577040872,44.79842324740088,1.4110888068055598,33.94498614878705,2.1595715831083098,17,D06_px-1055_py-0118,0.9124211366608128,2.1595715831083098,2.0398791560920486,2.938787323087177,3.098111796206008,1.2531784443056009
-430.7197949573512,173.11902648186165,43.17887523501327,1.428659653841737,10.834391660633004,2.152444420811761,17,D06_px-1055_py-0118,0.9237825847479361,2.152444420811761,3.236901840547997,2.4842212919785105,3.0896583581637644,1.7443661508995874
-413.93596538472747,196.13941555498724,37.90139302973074,1.444178360015996,15.505947461159508,2.092111671133257,16,D06_px-1055_py-0118,0.9338171023904346,2.092111671133257,4.001614322926855,2.030151084630809,3.396641793914013,2.026730177459367
-346.0066221890842,234.78250098760765,39.22817574947669,1.4274550261755374,41.034733635418775,1.9384292319343448,16,D06_px-1055_py-0118,0.923003663010944,1.9384292319343448,3.5260958634091004,1.9173790461057592,3.0659589905179176,2.1180294747271953
-303.8883338713419,262.1286348063411,40.609591237625125,1.4163598249629714,51.64238425728655,1.8228597054349045,16,D06_px-1055_py-0118,0.915829418517596,1.8228597054349045,3.2588106186267067,2.152832762762106,3.56141842925703,1.835659796446941
382.3478226697444,267.1649226634804,43.84054276341692,1.4271924055567544,9.304158254734318,0.0029059268201053,10,D06_px-1055_py-0118,0.9228338504503562,0.0029059268201053,2.4876341365277383,2.592566280366266,2.425529816503522,2.2659845620039873
-308.31416834847295,301.3079462251529,45.3580180658364,1.4103182930508211,31.783916891560978,1.7607071820050133,15,D06_px-1055_py-0118,0.9119229163981895,1.7607071820050133,2.3103644170553634,2.0796309600667535,2.0922210692037058,1.4014532304060778
-357.37526006589474,312.1110053778891,33.818900141588585,1.4615775249660474,5.383847871259604,1.8167226509940937,15,D06_px-1055_py-0118,0.9450675394884467,1.8167226509940937,3.1580229298684572,1.2167803044587462,2.6023326767018915,2.052989780672435
334.51107456777294,317.00137246594346,45.15956394452621,1.4211680232465118,12.703107793277752,0.1515496311190537,10,D06_px-1055_py-0118,0.9189384373986188,0.1515496311190537,2.285700669423857,2.2126927736730932,2.784953264501249,2.2286619456944923
299.86578694780394,325.7115692526028,38.27617928419812,1.4385641285467377,25.33673909940495,0.2197102342563924,11,D06_px-1055_py-0118,0.9301868961029549,0.2197102342563924,2.3075292161789527,2.156963320198189,3.246065024217833,2.139103705801108
333.62043029026063,334.761273714204,38.44218383463971,1.446306791879169,6.046319287767062,0.1801255040126738,11,D06_px-1055_py-0118,0.9351933631973626,0.1801255040126738,1.9366448367572358,2.120971534958013,2.499182060962892,1.9081616834534358
-269.9601856495496,335.4032615570675,29.840318799499755,1.4645710056337318,34.19958583360881,1.6415277344659445,15,D06_px-1055_py-0118,0.9470031476657689,1.6415277344659445,2.3985379431261262,2.2446535191659023,3.701020077648244,1.9509441232809115
-297.0465215929899,346.2996646328205,41.17114627661289,1.4328488492083802,16.239977001987825,1.672806245036401,15,D06_px-1055_py-0118,0.926491351467431,1.672806245036401,3.407468685731517,1.4802069109968348,3.258020253389659,2.926488494144686
286.21454000010965,348.0949301795693,41.34060118942847,1.430591943238089,19.816099137801075,0.2756664256014564,11,D06_px-1055_py-0118,0.9250320182909377,0.2756664256014564,1.9135854073073506,2.063116195955443,2.9970080782158535,2.7807515155859535
-308.86775111897333,351.9137008192627,41.01438707000085,1.4368434770795624,8.541051272410527,1.6841628716305808,15,D06_px-1055_py-0118,0.929074309311886,1.6841628716305808,2.8011953777832135,2.303851861062819,2.871016509361787,1.1210924656405465
-256.3894423801723,370.37101634226576,34.1547482099196,1.4546708750662425,20.862408675550853,1.5693226515733532,15,D06_px-1055_py-0118,0.9406016452642806,1.5693226515733532,2.625094625637126,2.0384508208008327,2.764986617461182,1.9399759485736014
144.58516656951306,367.0588956462346,35.161667457349154,1.434526525458225,56.81379284427112,0.5885784998847702,12,D06_px-1055_py-0118,0.9275761501444877,0.5885784998847702,3.850456863691424,1.679086909097306,3.2041143694587944,2.852892367761641
109.38161837617076,389.4125464467516,30.298625055120112,1.4560608474770738,50.98988876826735,0.689984108950152,12,D06_px-1055_py-0118,0.941500412372985,0.689984108950152,3.256126238619734,1.3453246970530537,3.0011452281856004,2.0615499189828856
-263.8835420086268,395.3971920331731,39.6613561877104,1.4431356327586449,4.120517475723602,1.5523189682521783,15,D06_px-1055_py-0118,0.9331428667329826,1.5523189682521783,2.683149855199739,1.444008598324332,2.8635769788162886,2.4112026696594024
-20.87149476282644,-485.8908940862818,33.70118714868892,1.464588745554856,2.267776856505236,-2.22070457422837,3,D06_px-1055_py-0118,0.9470146184384931,2.22070457422837,3.196456023415303,1.605836092240452,3.2333513147388784,1.1619096331973786
-5.559811747494293,-477.93779146931706,38.39478046081149,1.4478369589563642,2.5998283816238086,-2.1894082532072745,3,D06_px-1055_py-0118,0.9361827812815554,2.1894082532072745,2.616523102096676,1.07390307161958,3.7736022446466975,2.9351791734959125
89.15996512539182,-449.4227219471883,23.046229243634457,1.4935666294051426,16.935548591633392,-1.981931013324964,4,D06_px-1055_py-0118,0.9657519463750378,1.981931013324964,2.6797272641142014,2.2069711698319674,2.5262435813929476,2.353379586540221
103.76754113841824,-454.8213874101055,31.77984334041957,1.4663733067916294,10.75257012618124,-1.953465144185841,4,D06_px-1055_py-0118,0.9481685297899576,1.953465144185841,2.9069170096991614,1.692225522869937,2.8068258093740983,2.1830073126272547
112.69944374991933,-435.3783006898865,43.32355515149487,1.42366308190316,20.12764753740987,-1.924481472431024,4,D06_px-1055_py-0118,0.9205517619778761,1.924481472431024,3.143657991368922,1.7864670575845485,2.528929913080707,1.9344784712060732
-108.86894628137664,-428.6970946347674,22.508968577265705,1.492663157090213,27.26589239080073,-2.426471590296372,3,D06_px-1055_py-0118,0.9651677540601715,2.426471590296372,2.2622965669006474,3.648842807971321,2.7077588215143833,1.2476320559080687
174.76417747605777,-417.16971973387217,38.26476860860424,1.4413687181955466,19.170747106889337,-1.7810592642035434,5,D06_px-1055_py-0118,0.9320003658597071,1.7810592642035434,3.3287822646620615,2.1267896942817006,2.505997340649798,2.0378789621353803
-84.56297765127873,-414.74573381114254,40.81517624015805,1.423522372963688,37.50173585119313,-2.378910077645373,3,D06_px-1055_py-0118,0.9204607784693457,2.378910077645373,1.7377430336664557,1.5809475310106231,2.6551204390269545,2.212301527258448
-196.4063121720528,-401.904225350822,41.89407863954199,1.4276980264626005,21.878001211230924,-2.632334069063669,2,D06_px-1055_py-0118,0.9231607889105059,2.632334069063669,2.9473201818296646,1.9456297521049621,3.047862349629956,1.885745543218932
-220.71691736558725,-405.07802188858136,39.34333874140077,1.4403313605447057,13.224220091854988,-2.6766758729076554,2,D06_px-1055_py-0118,0.9313296022321175,2.6766758729076554,2.895724516446453,2.220513135468139,2.666980779823951,2.8105349917717324
133.38275522819546,-395.1150040730494,36.04674336724804,1.4385895545061362,42.19370835717109,-1.852208567150261,4,D06_px-1055_py-0118,0.9302033367285649,1.852208567150261,2.7739139248304467,1.38515704096449,2.2625371927324953,2.4787552422065366
-320.9896499520776,-367.2299135931123,41.2745536153966,1.4413340922153497,4.063833810782455,-2.8960866072663323,1,D06_px-1055_py-0118,0.9319779764281867,2.8960866072663323,3.3309839608155816,2.074689811990401,3.434240583014331,1.944371484728898
183.86504184309152,-371.2225848929422,45.50409452668743,1.4033873671022192,42.556120372236194,-1.7178985682683972,5,D06_px-1055_py-0118,0.9074413250896655,1.7178985682683972,3.491447093709764,2.1356341466570887,2.53945896332844,1.2812466017690602
201.44610577513785,-366.2582341624633,43.51451206338476,1.411989234279999,40.48013757253881,-1.6749241015210612,5,D06_px-1055_py-0118,0.9130033601578358,1.6749241015210612,3.175117904780599,2.1620225007668403,3.3725781795692713,1.9961627515122653
-297.8513361204567,-355.86388487613084,43.479143220911226,1.4276403138117657,10.885424818249646,-2.874663040690946,1,D06_px-1055_py-0118,0.9231234714559131,2.874663040690946,2.9646087246282784,2.6906315365791813,3.7783270761429,1.6908897478788998
235.2227450119188,-354.61812816164854,32.06536455808663,1.4553848963527043,37.19088680969139,-1.592098755405407,5,D06_px-1055_py-0118,0.9410633370519635,1.592098755405407,2.780497684723422,1.9924897834978474,2.3339682003127047,2.0425080582899375
-311.86644387955204,-346.6327631334336,39.305019886939306,1.441831037319235,10.02533402912735,-2.9104266994937373,1,D06_px-1055_py-0118,0.9322993050464552,2.9104266994937373,2.539268502479617,2.4343440837798087,2.7281609735039374,1.9586446986970303
-248.47513371522373,-350.5240013757037,39.17273825915765,1.4314413714433996,33.63157206972886,-2.794428521981668,2,D06_px-1055_py-0118,0.9255812652588559,2.794428521981668,1.1356152994029352,2.914586409584744,2.634479073848642,1.365999697477824
-216.2086523917632,-346.8648885751394,45.51871583256866,1.4011118458195095,46.09721713953098,-2.7351678952095644,2,D06_px-1055_py-0118,0.9059699551055423,2.7351678952095644,3.3540545514705045,2.798072446508841,3.0578455981055512,1.3921586320299117
331.87318784198726,-323.88741780046684,43.38119842829349,1.4278563625017675,11.115497019523048,-1.3802004231550764,6,D06_px-1055_py-0118,0.9232631702405358,1.3802004231550764,3.313822020359855,2.282998974791071,3.2854289765676357,2.444340144512122
-316.9067158146632,-293.5471178941875,40.020787329909865,1.4292165331588151,32.02430427568987,-3.001421314366904,1,D06_px-1055_py-0118,0.9241426673005159,3.001421314366904,3.2176327804451317,2.7927223206701766,2.8675416843116497,1.6532774970884339
-374.59153666654936,-287.1280275674739,34.29930339669204,1.4594560645869787,6.948082348204025,-3.094588359500848,1,D06_px-1055_py-0118,0.94369578649805,3.094588359500848,3.372231921703686,2.925263901085515,2.5400549468505362,1.9500644013097268
-340.35102341784346,-278.91669718221345,43.156275164022304,1.4210428487129287,26.381808524683663,-3.062055279345284,1,D06_px-1055_py-0118,0.9188574985592899,3.062055279345284,2.147289772510433,2.788898856582093,3.120005399473067,1.4662927349820358
-395.1570272371968,-275.67162990619954,46.26232052977639,1.424138249488603,0.933131149737278,-3.1394416045068416,1,D06_px-1055_py-0118,0.9208590090811933,3.1394416045068416,3.5963913557307414,3.214368141975114,3.1067021425786883,1.5312223502993083
-316.4661990997667,-254.1362995862819,44.582361618021366,1.403390120716278,48.08343828885421,-3.0719778667181186,1,D06_px-1055_py-0118,0.9074431055982042,3.0719778667181186,2.447625098170077,2.7921935125911697,2.625079395952076,2.283243735547451
374.762566704571,-253.55349470578176,43.27125968632424,1.4247185575890062,18.367061782185544,-1.2018076925894436,6,D06_px-1055_py-0118,0.9212342408696036,1.2018076925894436,2.426050387952674,1.2469233217756046,3.2813366172879626,1.42689882143772
-413.23457482486464,-248.99641649138184,38.76749679822922,1.4477976409770037,0.338508908579513,3.0769089276058827,19,D06_px-1055_py-0118,0.9361573579664201,3.0769089276058827,3.0266305864965153,2.5298602234774847,3.067590255060355,2.031020716311923
411.17027667221726,-245.7197988320061,42.78552286054753,1.4342317683398658,1.3690581122409071,-1.1456404170541783,7,D06_px-1055_py-0118,0.9273855578701566,1.1456404170541783,3.315564644929071,1.5445322270109327,2.5572287929843527,1.249084977510422
-326.6279570564646,-237.42014735779875,40.24469849449508,1.4186504778581182,50.106672656040814,-3.120031173387591,1,D06_px-1055_py-0118,0.9173105727215023,3.120031173387591,2.7396207908917773,3.0740752794115167,3.4694777001957404,1.440899403934477
-357.49528930172005,-240.2436842358577,43.33882725057089,1.4172161827034486,32.34119672659028,3.126312149571853,19,D06_px-1055_py-0118,0.9163831461775321,3.126312149571853,2.5540183755173427,1.7993453686497125,2.515031998827381,0.8645797315086081
-416.6550255422504,-208.9066270966416,40.45821442981145,1.4380391153707517,9.993437234634598,2.999372043018851,19,D06_px-1055_py-0118,0.9298474184481931,2.999372043018851,2.4824873034474475,3.981501005705929,3.410857348189309,2.764918992784691
380.2432787203975,-175.89910471732946,44.246214167082655,1.4097265294630197,39.75038039051464,-1.0402589649479037,7,D06_px-1055_py-0118,0.9115402774014004,1.0402589649479037,2.8645676942778726,2.068076020461863,2.6522778826940723,2.428231637253107
-393.2362850664546,-139.32009086716045,43.479448371904255,1.4118102225541127,41.008827553088224,2.8751055640430505,19,D06_px-1055_py-0118,0.912887609765925,2.8751055640430505,3.2389548265944406,2.900185903237717,3.595199046267115,1.356510451854185
-424.8524059187564,-111.25346782566312,41.25840781166772,1.4272599330729463,27.2123607206193,2.7907261766430693,18,D06_px-1055_py-0118,0.9228775142741938,2.7907261766430693,2.959333807184581,2.304020176569532,3.379175860600442,2.047815804298104
-477.14142776545344,-96.58074764358126,40.35613918675193,1.4439460512134652,3.350853689089547,2.7343300481698454,18,D06_px-1055_py-0118,0.9336668896889807,2.7343300481698454,3.5999123054208138,2.8785923127418527,3.7769830857560036,1.6401501800213105
-443.2436094640229,-81.60882908272802,38.7173395732101,1.4393946571165863,20.14549380018121,2.7166912912892145,18,D06_px-1055_py-0118,0.930723922417724,2.7166912912892145,2.646589766480255,2.585661841970488,3.237789149376897,1.9142284336483002
-428.2919029844562,-77.33058327482826,36.95771188220357,1.4408891889798383,30.348820989496744,2.713244356173863,18,D06_px-1055_py-0118,0.9316902984919069,2.713244356173863,2.695942574035718,1.42944113887707,2.8687273886450915,1.628334432721422
-417.4145347447042,-46.68328717865524,45.156395887857,1.4068789954876595,38.9236168414335,2.645989446692918,18,D06_px-1055_py-0118,0.9096990395048572,2.645989446692918,2.8368951030270564,3.412709277888655,2.6072495538816405,2.407164405463221
-484.97786807803766,-1.90404097111066,35.83114820360407,1.4576182767092698,1.623971034774172,2.5385391384130584,18,D06_px-1055_py-0118,0.9425074583813267,2.5385391384130584,3.109277941118745,1.9673066128581067,3.3272760782271726,2.1610860711627016
-397.6854085311121,56.34303467169301,48.96037826157203,1.3854171095658927,50.0157805591067,2.39387240568836,17,D06_px-1055_py-0118,0.8958216150272627,2.39387240568836,1.781824188297958,2.0564620577062893,2.778760486264942,1.2039474610568055
-457.4230717383434,62.73959117846052,42.19127404807546,1.4311250603325874,12.583952438067795,2.3983048616535605,17,D06_px-1055_py-0118,0.9253767360032387,2.3983048616535605,3.3272187130508843,1.5512410366877558,2.7236326966400277,2.3698291379373755
-452.3941416243112,82.76836122129164,37.72509011754602,1.4452625337852965,14.335732237114373,2.3536581383819457,17,D06_px-1055_py-0118,0.9345181376889586,2.3536581383819457,3.618919010341194,1.6658119969107115,3.1560612780162245,2.5139821145187007
-435.575473757289,82.4396681658318,38.4895556303174,1.4380078258635056,24.93421594469106,2.347559606443978,17,D06_px-1055_py-0118,0.9298271864063617,2.347559606443978,3.0312964164312635,1.8086950195725588,2.1243326681679577,1.996683840956842
408.5402832424479,163.52740030709722,38.52750739758642,1.4369067262752389,27.02656214727739,-0.2262383478512977,9,D06_px-1055_py-0118,0.9291152067399809,0.2262383478512977,2.4422826971562426,1.7705932822658625,3.2633244746540537,1.9012559103061386
-384.3818847199069,189.0423679712448,34.56675095209823,1.447279333453683,35.07681121252517,2.077539972661883,16,D06_px-1055_py-0118,0.9358222162394875,2.077539972661883,2.92356519846338,1.4180881608597486,2.903566863117174,1.7699232498280333
417.6448914848038,190.2806143462496,41.9461313898168,1.431102750976449,14.392617006193234,-0.1794752373588418,9,D06_px-1055_py-0118,0.925362310597844,0.1794752373588418,1.8477884815773105,1.1174218511310146,2.9018980600702933,1.4639603943193111
-321.43731936693973,218.9153134550776,45.68585466581243,1.3919978415569396,58.76147453254748,1.9367179086566824,16,D06_px-1055_py-0118,0.9000767681645936,1.9367179086566824,3.2530677747246157,1.7261025082491184,2.651428654876811,2.0047474419331848
-426.01637688938,236.7295632500389,36.0542636823044,1.4574731887967822,3.192572578596071,2.0274181238277365,16,D06_px-1055_py-0118,0.9424136433943541,2.0274181238277365,3.5249003562383003,1.8960606435051448,2.735723067483641,0.9507377978830789
391.2314279882149,251.2836619539836,39.86943774015453,1.4396388519440644,10.789170723507254,-0.0360441281884311,10,D06_px-1055_py-0118,0.9308818207165267,0.0360441281884311,2.1999119614332274,1.5934563810526794,1.9407082370345685,2.184125346421954
-364.8866992648539,257.7413740044413,38.70707141901215,1.4382787511809474,22.69714405146516,1.919631433147111,16,D06_px-1055_py-0118,0.9300023688505129,1.919631433147111,3.103750119155741,1.8624861380596536,2.939438641159369,1.7543517472622363
-345.54502801824697,279.9147655138843,40.03306380668562,1.4331739010445466,23.83306031955823,1.8537635907670384,16,D06_px-1055_py-0118,0.926701532544907,1.8537635907670384,2.9225834531965167,2.197482088877086,2.204593942879061,0.957623095516005
389.1027142601608,296.13098913809904,39.481024251189126,1.4472097579021086,4.631259569072654,0.0435632581972091,10,D06_px-1055_py-0118,0.9357772281398404,0.0435632581972091,2.0833097015724413,1.0368247640082708,2.6637668707282285,2.16727369233772
-336.8876092594194,295.3980292567205,37.88577530891371,1.4414364693170572,21.954286386878493,1.8147394342721996,15,D06_px-1055_py-0118,0.932044174268505,1.8147394342721996,2.4287433968980254,1.8821686979178864,2.985335951087501,1.512369246007519
360.9784773034884,299.3851712624389,41.846464854824376,1.4343724835688292,7.95169835976327,0.0854159052981342,10,D06_px-1055_py-0118,0.9274765454455219,0.0854159052981342,2.6998085940680636,2.9045296581345372,2.237638281081666,2.373231880680484
396.29818747079946,304.5142921916753,42.91181457878969,1.4394625124756508,12.035807688684828,0.0481919922146039,10,D06_px-1055_py-0118,0.9307677982273452,0.0481919922146039,2.37285724058285,2.2292169205223686,3.9627223204350055,2.351325821833047
247.60387109648832,342.0523344940083,43.28924763180999,1.4143666644590391,37.77905233793189,0.3372449849931277,11,D06_px-1055_py-0118,0.9145406252369929,0.3372449849931277,3.0287071972029667,2.6859405840409805,2.751360862251856,2.513824048778396
275.12977840152905,354.72230603491147,46.07073991666698,1.4142013823170971,20.23479397075636,0.3041193826138001,11,D06_px-1055_py-0118,0.9144337525021988,0.3041193826138001,2.750057180555172,2.634006294751411,1.9935273291661528,2.789137463307244
-265.92645085528585,358.6900603708268,41.65848754999013,1.4282361679621485,22.434831796505705,1.601779703530685,15,D06_px-1055_py-0118,0.9235087554426857,1.601779703530685,3.0094137997918513,1.2541124415217197,2.874428914733419,2.3564345625287695
209.899031461632,387.95223222766464,38.327009812885706,1.4379062244522438,26.38193748373845,0.4678759754969844,11,D06_px-1055_py-0118,0.9297614901335951,0.4678759754969844,1.8111541569577332,1.6288485468349159,2.034679502281782,2.0796280731134265
-151.57641739561186,385.1889732835245,38.22900275653672,1.429657832988538,43.88089942667426,1.338717438107195,14,D06_px-1055_py-0118,0.9244280152462313,1.338717438107195,1.8961217101893735,2.094236647931564,4.114813076853014,1.661495080140761
-215.88024755728483,406.07644487972334,37.839089584213696,1.4448846179259125,14.327537643975518,1.4524428870899255,14,D06_px-1055_py-0118,0.9342737743176965,1.4524428870899255,2.273752304780119,2.8269643190797744,2.193817560877446,1.7255118907311728
-156.04169951462023,414.7461527639026,39.81714929471156,1.4334292078452808,24.87089431510759,1.3236690907489628,14,D06_px-1055_py-0118,0.9268666159331386,1.3236690907489628,3.4280548589046855,2.8439908941752754,2.380469663043752,2.3229843390217817
49.89483976540695,-479.1580600481302,35.559231859510305,1.4577225543979508,0.4945928034107965,-2.0740195622724817,4,D06_px-1055_py-0118,0.9425748851561517,2.0740195622724817,2.959984919451151,2.0264134086165537,3.057282960853997,2.868069509170394
-63.56248546728203,-473.8302972355759,26.872790541365816,1.4845333163856378,3.735604878493291,-2.311125873596965,3,D06_px-1055_py-0118,0.9599109350274047,2.311125873596965,2.679627316895704,1.721399633509065,3.5725534517082496,1.695014234720649
-10.189031042276174,-466.00993862778495,30.04523791849283,1.471953364339949,11.178945304778663,-2.199636782685236,3,D06_px-1055_py-0118,0.9517766389509936,2.199636782685236,3.0115078017279,2.236067570788192,2.509438834348155,2.104676591890171
-30.369183270781395,-440.6328321799018,38.61256107644556,1.4371026178070077,25.968118334233623,-2.2465887817981494,3,D06_px-1055_py-0118,0.9292418717473262,2.2465887817981494,3.001994954825988,1.967886857659563,2.6468862267329687,1.7054864210908316
-195.2404145101002,-429.39000645723735,37.42301751708629,1.449339260824835,6.76778253636121,-2.6045252095113565,2,D06_px-1055_py-0118,0.9371541815023118,2.6045252095113565,3.703766081533523,1.8028811668695235,3.928717505294233,1.3477497073832994
-137.36548456041174,-423.0274411150551,34.11408961527815,1.4533390220436362,24.53677598160988,-2.4917545161333665,2,D06_px-1055_py-0118,0.9397404586097691,2.4917545161333665,2.9636621422358855,2.019698675572995,3.244006389156909,2.3621495227729854
-53.53505816068229,-425.7493217509369,36.09491241918647,1.4421002992627725,34.40177213235796,-2.3028624968820166,3,D06_px-1055_py-0118,0.9324734119399386,2.3028624968820166,2.862521528617187,1.925297797732959,3.040196405813512,1.1526722585097997
-238.25834250810544,-407.2189601615936,35.360652919467384,1.4559978354356364,6.942617051050945,-2.7071574193973498,2,D06_px-1055_py-0118,0.941459668290689,2.7071574193973498,3.444104479888512,2.8092350413099214,2.477135838305281,1.9369195674227373
-268.47671091050745,-386.01162566620826,42.249902023186905,1.4334271987978136,7.109696701645419,-2.785485121368405,2,D06_px-1055_py-0118,0.9268653168672223,2.785485121368405,2.1750116575222016,2.5391038524466816,3.4125881347853873,1.2800295968520299
312.87596241178073,-356.00241050104864,38.06620373328815,1.447855136108655,5.233155389140961,-1.4567643427512185,6,D06_px-1055_py-0118,0.9361945347713955,1.4567643427512185,2.7414524343195215,2.446131195130482,1.980635791883108,2.0065068889128987
-283.4778101789475,-353.88930151701635,43.05763290170171,1.425730014721531,17.786840355229174,-2.853147740868096,1,D06_px-1055_py-0118,0.9218882570180494,2.853147740868096,2.6207671633046554,3.0770435250459816,2.5939708305461506,2.5926825020175097
-324.3420993492462,-336.6476660539369,32.165805553562905,1.4653305212535022,10.089751968153736,-2.94455929304014,1,D06_px-1055_py-0118,0.9474942564476969,2.94455929304014,3.2773534034218956,2.662698466639629,2.930364714010271,1.4067111913181298
-262.04734401239153,-333.9019379190117,36.0666673362436,1.440806766751719,37.40278025230992,-2.843181589704573,1,D06_px-1055_py-0118,0.9316370036300214,2.843181589704573,2.6078718534332537,3.786094047540783,2.466740973860335,2.9009698960163632
-301.3311724056859,-322.73591009745934,43.52039521601853,1.4203048622198058,25.36096163022444,-2.9288886853107354,1,D06_px-1055_py-0118,0.9183803106802223,2.9288886853107354,2.8280556506671424,1.9360332149907666,2.8266806046354063,1.6835747592338088
-329.20657626719566,-299.77756772117715,38.8705395619574,1.4372855173258434,23.635631274607704,-3.009928081460252,1,D06_px-1055_py-0118,0.9293601360167797,3.009928081460252,3.477124751899294,2.9793377568237567,3.2201458419630287,1.3895802107378392
-344.5588709201002,-241.71788525106945,35.69692227524905,1.441047878084717,39.74635644477968,-3.136821084789968,1,D06_px-1055_py-0118,0.9317929081170068,3.136821084789968,3.3795905470762255,2.5658032751647464,2.794977160626214,1.9762122013173844
405.99263981150864,-237.9592665628266,30.191633903801343,1.472411880159098,8.27421230767743,-1.1371285405804752,7,D06_px-1055_py-0118,0.9520731188910705,1.1371285405804752,3.242704103022886,1.9628777268348299,2.7059798836460756,3.65354034400251
-428.2273488150561,-56.25352492936346,39.65586860046017,1.4304695123409334,32.11777672977189,2.6652289184334004,18,D06_px-1055_py-0118,0.9249528535085326,2.6652289184334004,3.167555335235093,1.9878189679726825,2.926486764556949,2.1844009469846872
-398.7747508844882,128.91578484290983,32.5374332978318,1.4519173981710145,41.29588020600005,2.2219379543163207,17,D06_px-1055_py-0118,0.938821225416574,2.2219379543163207,3.0299005117514044,1.6506232221618644,2.387672229742911,2.127926929222911
428.6817187427409,176.88205707592016,40.16959114235789,1.438314076023782,11.54776820386411,-0.2156425901158658,9,D06_px-1055_py-0118,0.9300252101721194,0.2156425901158658,2.5488000038424317,1.1839366035415537,3.0205820162904926,2.5186807759877468
410.8016461222613,179.97575206096948,36.30828802193224,1.4468874102928393,21.868710717349074,-0.1940583427372483,9,D06_px-1055_py-0118,0.9355687956367755,0.1940583427372483,1.802933867677559,2.015948098871056,2.8078195384317968,2.6200355072240598
368.2463006228032,189.6311842484759,44.83952232473655,1.4057655582412287,42.70262827280868,-0.131437672249038,10,D06_px-1055_py-0118,0.9089790822115322,0.131437672249038,2.2863543006334694,1.373502429541397,3.2924296810249194,2.2199233205554836
368.320158209985,213.86722596038427,40.21561642538262,1.4265393807642557,35.896962136022466,-0.0809051772409014,10,D06_px-1055_py-0118,0.9224115994760973,0.0809051772409014,2.6012474716944416,1.4415552895916954,2.45588533332463,1.7746516491332778
-372.15951466438304,241.0254492976568,39.7051858928225,1.4338907020503768,24.71726694177101,1.9598986257369757,16,D06_px-1055_py-0118,0.9271650217210275,1.9598986257369757,3.211488166462018,3.222050087602679,3.492331705566678,1.2515730865470083
418.4080350501157,258.32493054173585,34.20862291187598,1.4641743740824995,5.805149903999563,-0.0538643908755229,10,D06_px-1055_py-0118,0.9467466825807469,0.0538643908755229,1.8142025798407424,2.5341319332046273,2.780719094640731,1.75249790243732
-383.6039470807898,266.84860818643403,36.24884511896005,1.452015894702419,9.749872476931614,1.9268222133146076,16,D06_px-1055_py-0118,0.93888491404957,1.9268222133146076,1.5924816090120948,3.332673341488386,3.413598075557114,1.166284586935046
428.43155646050735,271.7043886204704,36.611469760440286,1.460224605530517,16.142380028339232,-0.0418033169487279,10,D06_px-1055_py-0118,0.9441927311254127,0.0418033169487279,2.5905576134597874,1.9811893501576203,2.8822312411106896,2.8390173619257286
-362.93027038593175,284.8432833646638,41.68875315831366,1.4326656705014116,12.875331502419272,1.869182823393425,16,D06_px-1055_py-0118,0.9263729066727319,1.869182823393425,2.73465628763335,2.317021966177361,3.6174248429967326,2.096489143337615
273.73811980075027,317.1903366512671,36.738277341133255,1.4367050080531043,40.84158028083323,0.2518186421808497,11,D06_px-1055_py-0118,0.9289847741487525,0.2518186421808497,1.9118353380087831,3.631537970624991,2.9429302247233773,2.102476145030076
-307.1330104952817,328.9725125908009,38.89346004111224,1.438619977290811,20.531034395437985,1.7148952957307726,15,D06_px-1055_py-0118,0.9302230083407551,1.7148952957307726,2.5743978305401396,1.6244651783120814,2.123481996578318,1.9749803991313057
284.47982675333554,329.4669616787544,32.12147968267357,1.4577521578003172,30.887980332744007,0.2515632072016796,11,D06_px-1055_py-0118,0.9425940269492876,0.2515632072016796,2.3430126998016636,1.9996376392597948,3.1347352751063866,1.9756493880483619
-276.345420273862,358.8109544600241,27.61800288599881,1.4772527571354723,19.97073711819656,1.6201022058621135,15,D06_px-1055_py-0118,0.9552032680722675,1.6201022058621135,2.69836181961802,1.780958773027411,2.4976229990468766,2.199550431728364
-86.73755957540405,380.0669678845935,35.13237526848803,1.4330280613796205,59.824759421739856,1.1881906473329336,14,D06_px-1055_py-0118,0.9266072314688866,1.1881906473329336,3.172719105183651,1.9974090729653518,3.424850780224769,2.1402659752667876
157.05190516459277,405.7127460513908,36.29759509005101,1.4431355563925083,30.541624271839737,0.5944792575626446,12,D06_px-1055_py-0118,0.9331428173540373,0.5944792575626446,3.441660524523797,1.8517530928188624,2.80202123434445,1.5140156813717882
-182.199902079252,409.0074661981013,25.01351147481984,1.4850618238396902,23.53067788567052,1.382895856252238,14,D06_px-1055_py-0118,0.9602526721098862,1.382895856252238,3.1604845791335485,2.1957297798625985,2.656900730154182,1.7450556525985395
-81.721284629124,-474.9898979835696,28.92968015708749,1.478712884624262,1.0313582674896224,-2.3481562703969847,3,D06_px-1055_py-0118,0.9561473980069435,2.3481562703969847,2.467283991746615,1.500822950421905,2.8037088357143505,2.5937279088224976
5.614113903944301,-465.8973881644579,34.06626947872536,1.4587835059301444,10.878674767364087,-2.1657263336956523,3,D06_px-1055_py-0118,0.9432609047732569,2.1657263336956523,2.9096767621965673,1.0630151522525242,2.0728716101234896,2.437380913622776
-114.95183313180108,-441.6747388619295,34.99116267837661,1.4533854814241902,16.934804962801024,-2.43239075847148,3,D06_px-1055_py-0118,0.939770499611164,2.43239075847148,2.435724036787759,1.8889401012541998,2.7863198329501473,1.6554470907236525
175.49457819761275,-435.5041014825817,31.19675258145276,1.4689317443471666,8.856497526481235,-1.7947127683547293,5,D06_px-1055_py-0118,0.9498228356644288,1.7947127683547293,2.897767302432582,1.325184542448031,2.6975851241706517,1.5242663756438928
-90.7307280192717,-425.15678162255847,35.022253454866075,1.4474853236521128,30.907199328877653,-2.38802731758288,3,D06_px-1055_py-0118,0.9359554111242359,2.38802731758288,2.3999238538723984,2.4488794469465853,3.1998366472567445,2.0308091123518155
-235.2199629714836,-381.2636438290489,35.129969149445515,1.450733854067736,22.34232550613752,-2.730564235812168,2,D06_px-1055_py-0118,0.9380559364774276,2.730564235812168,2.614795250438306,1.9666914446022388,2.9640795328476255,2.711223153832658
179.29535830342405,-380.6624588032784,33.12397814327227,1.4502732294152556,40.142287715574525,-1.7375890372816505,5,D06_px-1055_py-0118,0.9377580929491088,1.7375890372816505,3.4961229458754794,2.280343674258047,3.3097526999769653,1.1835480129624525
-188.73884030025988,-376.8617012275208,40.31202961386049,1.4247007965338985,38.73062525668325,-2.642077052736031,2,D06_px-1055_py-0118,0.9212227564314793,2.642077052736031,2.8459276084754346,2.0035312013444093,3.4214312027204414,2.8065914716160583
-206.2966325365024,-372.38221253141154,41.035679061810015,1.4235707571385663,35.90784371903544,-2.6836785018937523,2,D06_px-1055_py-0118,0.920492064057911,2.6836785018937523,2.555489515339218,2.5892313334642183,3.140062744144385,1.465689695570295
290.4541221272348,-339.3932781526017,28.56192769398968,1.4727453607373278,23.879861984113745,-1.4699219139579118,6,D06_px-1055_py-0118,0.952288750059552,1.4699219139579118,1.8534378111532457,1.8765064417267447,3.8818052623355572,2.0576191274163795
287.6476355642633,-326.5453093033812,37.955391049429466,1.4374089741684508,30.248191057612644,-1.455624586079125,6,D06_px-1055_py-0118,0.9294399641835946,1.455624586079125,1.961116895901032,1.3412621144654446,3.537240371615558,1.6716447297651436
-353.6496182769239,-312.172495778038,30.4743879074166,1.4717328739518252,7.515231634616384,-3.025388228978524,1,D06_px-1055_py-0118,0.951634068129381,3.025388228978524,3.496102927068054,2.3474416085408816,2.121405396489523,1.8345730682060326
274.9420578478883,-308.3269697460394,41.1565157249716,1.4187085254270773,43.98759810021738,-1.4495528989890132,6,D06_px-1055_py-0118,0.9173481067367922,1.4495528989890132,3.644063398709241,1.8223483022550797,3.0236760072795335,1.4511842784787405
283.84100258097254,-315.4037216677724,31.62993619712546,1.4566134473348618,38.02984218624573,-1.4449999028597935,6,D06_px-1055_py-0118,0.9418577277934814,1.4449999028597935,3.00113180831639,2.436130019776993,2.4988058380037623,1.1308336126515863
-281.7612620174316,-299.37420880327846,38.93049552295139,1.4261290831687503,45.59919686185913,-2.932875481033536,1,D06_px-1055_py-0118,0.9221462978192103,2.932875481033536,2.1861455388223994,2.6404704100471976,2.185899419883859,2.188512683059014
380.1887862885061,-239.4891843148517,39.73616476146197,1.4355742573603143,20.88786515456212,-1.1691102544626926,6,D06_px-1055_py-0118,0.9282536218446454,1.1691102544626926,3.9532184845430702,1.9339180503663425,3.87134045682907,2.3073712084436124
-410.86216390252457,-229.38674988286408,34.563702325584984,1.4582700055293418,7.833665617427073,3.0438108126237946,19,D06_px-1055_py-0118,0.9429288713696069,3.0438108126237946,3.326724851314517,2.8605420790687432,4.098197968647721,2.3695573636921465
427.29440935467454,-224.82314273890805,38.77457231572384,1.4478705132445808,0.5825871811532011,-1.0913316382130327,7,D06_px-1055_py-0118,0.9362044777486004,1.0913316382130327,2.4987209751963775,2.130772603282633,2.5791545235357143,2.2153404223373068
-374.5269479391488,-209.13053803307648,38.31775878052719,1.43422522524142,34.19976960468074,3.0438717787805456,19,D06_px-1055_py-0118,0.9273813270511662,3.0438717787805456,3.299962736586023,2.8722955376128265,3.517645165155576,1.3162715378654353
431.9305771516442,-198.00318385414047,39.38218199901951,1.4439679006609172,4.29444143587051,-1.036808778335466,7,D06_px-1055_py-0118,0.9336810177137963,1.036808778335466,2.449331288163982,2.0985670309515143,2.9012759003454702,2.263585589556606
-440.8167569669265,-180.8397104867801,39.37844165089752,1.4443265755392836,3.445824859724951,2.9239139412792885,19,D06_px-1055_py-0118,0.9339129397151845,2.9239139412792885,3.521154560655975,2.882710673351102,4.361985819431014,1.0956066603093433
-466.830274760366,-102.9618398988861,35.152962953719566,1.4581458941722447,2.929401289766531,2.751692924223607,18,D06_px-1055_py-0118,0.9428486199885677,2.751692924223607,3.0834182713706406,3.162785936744662,4.1049217386168575,1.4541072434903266
-414.5464028765725,-88.38913470091029,37.37234191185661,1.4359724109091023,37.608610848065496,2.7446862692285285,18,D06_px-1055_py-0118,0.9285110710652748,2.7446862692285285,3.5642940160656034,2.541922211919626,2.3841597403906842,2.724624150298599
-462.858656515183,-60.12400553688735,31.348782943522053,1.4678319563781907,10.64282043688695,2.663786952313973,18,D06_px-1055_py-0118,0.9491117041014122,2.663786952313973,3.0352637466205428,1.7385723109757212,3.6860867439284517,2.2440506278302226
-435.582094129893,-1.3485151927436445,33.06816753887216,1.4545279798224515,30.58961244673344,2.5377090040308428,18,D06_px-1055_py-0118,0.9405092480741574,2.5377090040308428,3.2315693341915672,2.423928348112546,3.6951451995559683,2.9962097931967513
-418.6299668434697,85.22757346383715,43.14856510768766,1.416645870050994,34.62023085209779,2.333771019208144,17,D06_px-1055_py-0118,0.9160143775244928,2.333771019208144,2.3111225620797544,2.0068916092862326,2.084145118479853,2.2441826302677486
-389.96381672903857,204.25258837213104,32.2212414284819,1.458662513003467,27.694479297655107,2.0521283460582587,16,D06_px-1055_py-0118,0.9431826697938888,2.0521283460582587,2.827238594210155,1.3268884507934067,4.3245371397138905,1.9276583844998125
398.9838104089599,232.9549759930128,26.93982744398545,1.4813286353084183,14.129449953592712,-0.078504204276665,10,D06_px-1055_py-0118,0.9578387630017959,0.078504204276665,1.8545554300316887,1.7666628727385465,3.09590718735484,1.7491802657707567
-409.65819852397925,245.7847396611541,33.14280339473953,1.4644681071161678,3.352981847829767,1.9942118927519104,16,D06_px-1055_py-0118,0.9469366126738509,1.9942118927519104,2.647348382396412,2.343570780116253,3.166761784020399,1.6709878846724058
394.5319188796137,263.8954386139965,32.52428847979968,1.4657655957522069,5.409317544236103,-0.0174445591662864,10,D06_px-1055_py-0118,0.9477755790453433,0.0174445591662864,1.7905576576348856,2.4972130739737786,2.8128810977654286,1.5543672548681602
378.8820812773952,312.03478818316046,37.95241290115331,1.4523951804987558,5.647196528567179,0.081967268298705,10,D06_px-1055_py-0118,0.9391301632328558,0.081967268298705,2.744812644547755,1.9612543156754505,3.2992915480563068,1.0654365135139372
-218.7292212133512,328.1244992675287,37.35952342574171,1.4260645017040148,56.61120582257075,1.5517762605728138,15,D06_px-1055_py-0118,0.9221045389354484,1.5517762605728138,2.705511371832827,2.3557458740431825,3.5921472718017,1.785474301889865
-310.5720955104604,363.4868248892067,33.41628523334856,1.463678351794111,3.088733376485152,1.6708739823349503,15,D06_px-1055_py-0118,0.946425950662247,1.6708739823349503,2.9957912293116147,1.5205981648727884,2.905552720231385,2.237422475878614
284.8532392630286,364.4648445456453,20.855508614491782,1.5015447179980228,14.24745902544987,0.300417757624315,11,D06_px-1055_py-0118,0.9709106412971353,0.300417757624315,3.3681609090462556,2.109822139759196,3.164707354917871,1.4709147533354652
141.15500696803687,385.9617652609913,37.43949037378189,1.431546963073259,45.906506229329295,0.6132042865307404,12,D06_px-1055_py-0118,0.925649541638396,0.6132042865307404,2.4907784434809823,1.941881343803305,2.8346110059728153,2.0745884623975526
314.8512399497125,387.41551837935066,36.76682912657935,1.4579723727874947,10.926365560476713,0.2813818827155869,11,D06_px-1055_py-0118,0.9427364196944792,0.2813818827155869,1.9516446865694663,2.0455357274532906,3.4567199841325205,1.6142271171685518
-224.62708132855525,386.33934173314174,33.25072138404681,1.4568249525207924,23.265073147315093,1.4904657034284905,15,D06_px-1055_py-0118,0.9419944887125857,1.4904657034284905,1.9760668642780694,2.2363570932045516,3.297581251101874,2.3003380559279747
-248.4865347447044,388.9408821058125,37.917904613860514,1.445070806205692,13.255137574271773,1.5323350010969825,15,D06_px-1055_py-0118,0.9343941651258796,1.5323350010969825,3.541189745753461,1.838894455786816,2.6552468849343036,1.6571011282186143
174.40219457860394,420.3963031584441,39.57055874919882,1.437828339378426,17.170513101943527,0.5705730023986778,12,D06_px-1055_py-0118,0.9297111290314171,0.5705730023986778,2.9751167437228334,1.5381918644425858,2.0544269785015365,1.9139093025531078
-189.3442619754024,419.8442829379901,40.58571344418874,1.4360463292132428,13.537783528596322,1.3874911056420247,14,D06_px-1055_py-0118,0.9285588672229358,1.3874911056420247,2.2305196585331735,2.2528773226868903,4.1857116970899,1.9917223621353506
-73.00414992657045,-428.6744768820631,37.88771984844141,1.4375460514646143,30.465697372920147,-2.3464595845880902,3,D06_px-1055_py-0118,0.929528599442958,2.3464595845880902,3.1338327548058045,1.526695110715167,3.1920511660468875,2.3181208052170614
-111.9672773607381,-403.9842486958753,42.777311786856274,1.4150798068860493,39.81781231791865,-2.4481468014088303,3,D06_px-1055_py-0118,0.9150017487472322,2.4481468014088303,3.5666828988230668,1.7395789548160123,3.201597773436588,1.457194292067923
-267.0717407270293,-398.4230866229435,23.51202324064502,1.4955254455264724,2.9832755396236053,-2.7683047761879926,2,D06_px-1055_py-0118,0.967018532307343,2.7683047761879926,3.4763543942164024,1.7601807837710166,3.5274388123044167,2.3802546342779554
-130.0928416230112,-395.4767475238172,39.57061096306683,1.4255983929671583,42.15518694712671,-2.4955779857599603,2,D06_px-1055_py-0118,0.9218031493549776,2.4955779857599603,2.7990291346484675,2.016072847366754,3.9455364732346356,1.6470424643530954
290.2742899181088,-373.4841121138407,37.74780153100886,1.4486362398044943,5.871264202354666,-1.5170887210813004,5,D06_px-1055_py-0118,0.9366996025733443,1.5170887210813004,2.3782406745545743,2.4839221282730612,3.903185569443889,2.56691447301343
-203.0841421005691,-372.3428932421001,24.19307459397976,1.4832632505751069,38.90282217245618,-2.6770977798789546,2,D06_px-1055_py-0118,0.9590897004708766,2.6770977798789546,2.873238244491996,1.9559486547916634,2.8573217613856494,2.456884165553885
-319.423005492389,-308.66923219280966,33.76646899154292,1.4543751825565625,24.95040950795294,-2.9802936774726425,1,D06_px-1055_py-0118,0.9404104481585541,2.9802936774726425,1.7030485049989794,2.2575690224440534,3.066960610092333,2.399525006407958
-304.93694370828973,-301.65874254404747,39.69899565027504,1.4293583838494623,34.02450645290412,-2.9685782300096606,1,D06_px-1055_py-0118,0.9242343890743491,2.9685782300096606,3.462340838663346,2.107643056127092,2.742340273965187,1.0524174199243215
352.58252654832665,-299.1825503039273,35.37589663737015,1.4536383671405555,13.001587608660657,-1.3106289634610606,6,D06_px-1055_py-0118,0.9399340175071734,1.3106289634610606,2.4674386197363,2.1727795758704413,3.0083536668972206,2.047343706219498
347.7752290348232,-272.4610286553424,40.51851747475291,1.430624050752434,25.63284139683202,-1.2715410375644798,6,D06_px-1055_py-0118,0.9250527792626021,1.2715410375644798,3.4895191873668354,1.8835533711403003,2.895050379086393,1.5995504756170689
377.56488504205487,-264.2361583107509,28.558374611380884,1.4757453134610097,14.73786367296634,-1.2176001486009964,6,D06_px-1055_py-0118,0.9542285431192583,1.2176001486009964,2.761800281215842,1.3579823139944898,2.7594939780045427,2.1829995968807716
-335.5300691453967,-253.44685826632087,30.358033778724177,1.4601789442151991,40.641600139756406,-3.1016478511701258,1,D06_px-1055_py-0118,0.9441632061592852,3.1016478511701258,2.187544589459108,2.6973641270002444,2.807815633984057,2.329314152694402
-377.2133172389458,-238.95126399487856,39.87128944439684,1.434278903879011,22.674645692181,3.0992761612336897,19,D06_px-1055_py-0118,0.9274160360810223,3.0992761612336897,2.816021332174783,2.9184799954701335,3.6322727634870917,2.1312581203454735
425.64894312744593,-208.3055443582018,28.383004971482308,1.4789109892498231,6.312887247380786,-1.0620978788617312,7,D06_px-1055_py-0118,0.9562754940181657,1.0620978788617312,2.990658705297561,1.8682523593184879,2.7110803151693252,0.8445409017196277
411.12845399633966,-209.8041291531436,34.02744350843568,1.4578612033600673,13.701648865196772,-1.0788433346369397,7,D06_px-1055_py-0118,0.9426645366670993,1.0788433346369397,2.951492981352933,1.187240518450897,3.0808655215738723,2.123626325257198
367.5323645323176,-199.8375754809673,39.947256695229214,1.4249348809779427,40.79909487538265,-1.1049945078753272,7,D06_px-1055_py-0118,0.9213741172767212,1.1049945078753272,3.0090477226937864,3.0363862951293257,3.332013302834816,2.490010565177618
390.95998844341045,-187.88717009254128,34.62794948436846,1.4485909540369173,31.57872161588045,-1.0549699997373794,7,D06_px-1055_py-0118,0.936670320439344,1.0549699997373794,3.146148104084066,2.4388084140015023,2.9530196875674584,1.8960246617747807
399.9014012112654,-172.18050334668615,29.677968501533257,1.4663111474256472,31.08643028481663,-1.0135479055319316,7,D06_px-1055_py-0118,0.9481283370543268,1.0135479055319316,3.3657936580049137,2.268514889754658,2.486329593370086,2.29511197148043
-365.9818779181361,-166.9335262582712,43.30504545026889,1.4066623756807046,50.61586012476408,2.9625490064295064,19,D06_px-1055_py-0118,0.9095589714315143,2.9625490064295064,2.9534997964015997,3.4728852419750877,3.4118818165666225,2.061631200424195
-456.19056909286985,-157.9809976756083,30.432333575609107,1.4741189790528892,0.370539149657759,2.8679922453377764,19,D06_px-1055_py-0118,0.953176942481445,2.8679922453377764,3.3284487000493233,2.9675242506406576,3.244150742835819,1.325206232650927
352.6715514643096,-175.2112957156293,35.12377474771779,1.4344286593969426,57.27712882128395,-1.0680731190200947,7,D06_px-1055_py-0118,0.9275128691784387,1.0680731190200947,3.081377399870868,1.7768815154527644,1.9538340494663182,1.4677705537806043
-443.3851229799984,-145.67260809026598,41.27630657464482,1.4355614196926452,9.492246447926108,2.8520493120791066,19,D06_px-1055_py-0118,0.9282453209076171,2.8520493120791066,3.3626438288290106,2.949811833771534,2.452695958234516,2.077940805305869
400.9800208352767,-143.5587394960048,39.34209047888578,1.429629023877694,36.02485842065323,-0.9507808925973688,7,D06_px-1055_py-0118,0.9244093870482499,0.9507808925973688,2.0162863114456737,1.4077802272464175,2.2161406499548058,3.344691213223971
-422.145213901613,-133.9741670745154,39.03346550379024,1.4360295311861675,25.128180244898942,2.8419241120718386,19,D06_px-1055_py-0118,0.9285480054863223,2.8419241120718386,3.4731537300274304,3.128990180029194,2.781231269556908,0.9821526311053983
-473.6086603355214,-50.83575170017446,33.89617391388299,1.461751759255668,4.1800270883248345,2.6415407694315127,18,D06_px-1055_py-0118,0.9451802007524395,2.6415407694315127,3.0790859554109624,2.272707871756242,2.6335050066093935,2.3276689941766433
-407.052543794478,42.4990359519663,37.734526785806224,1.429889140788653,46.95861873461348,2.4305832742091806,17,D06_px-1055_py-0118,0.9245775806916386,2.4305832742091806,3.093305525373536,2.465166425817646,3.174744287209755,2.1356261025949257
-410.02638749551335,59.853933885747736,38.14575736466958,1.430106152096331,43.614305716567,2.3896611170508204,17,D06_px-1055_py-0118,0.9247179019124327,2.3896611170508204,2.3800925506242447,0.7740483410306733,3.5489235433924957,2.474891343784698
-452.5373843256483,160.11406428490378,39.20353959401047,1.4458061893084366,1.1726586690920158,2.194544574175893,17,D06_px-1055_py-0118,0.9348696696322234,2.194544574175893,3.457229814337999,1.9958587901808458,2.8387947526037216,2.2295548025607284
346.2309636475787,300.212367636359,42.40428242736528,1.42938802401639,14.770931697716604,0.1073511550183591,10,D06_px-1055_py-0118,0.9242535546397398,0.1073511550183591,3.02962551027108,2.2657304410910313,2.873176930060034,2.414663631153446
310.60922051476274,297.1498140833721,37.61376085509471,1.4369805365599957,33.71713102075631,0.1562762923252213,10,D06_px-1055_py-0118,0.9291629330514578,0.1562762923252213,2.7049280860692306,1.2248010209935654,2.5193899284061327,1.6427775748792184
357.0898576418258,312.4497675044547,32.28822213016559,1.4664860240428244,5.541738242541783,0.1118443487811314,10,D06_px-1055_py-0118,0.9482414136523769,0.1118443487811314,2.0866580037580027,1.4559108938315894,3.1074660758815886,2.0497410460777195
-295.0276409705812,353.3583696037147,25.403817770430408,1.4860977021799444,15.353097167056433,1.6594935207111612,15,D06_px-1055_py-0118,0.960922479203599,1.6594935207111612,3.005906325387774,1.1937754518734218,2.961068995611591,2.2448955234805115
333.2568821099195,371.8154820648036,36.51687313959354,1.4587518737819551,10.95318355279909,0.2330516472252966,11,D06_px-1055_py-0118,0.943240451177093,0.2330516472252966,1.1138994223932401,2.084895082909491,3.8188781596792643,2.0131093495060615
255.2046241338004,385.2379955904586,37.41666496099003,1.4468644680696865,12.956442325168496,0.3787324059100857,11,D06_px-1055_py-0118,0.9355539610145848,0.3787324059100857,2.1683218812559346,1.9595059711465035,3.1275359153779325,1.8911852958006201
217.926072465922,416.641225830399,33.83024169708091,1.4605533443548382,8.151618488525912,0.4818961407832774,11,D06_px-1055_py-0118,0.9444052962384694,0.4818961407832774,3.059783874797269,2.937691077248453,3.0076595919230296,1.882153118301635
-190.65071125486173,-444.4256864398623,28.10678063969124,1.481616921055078,0.0545404375494626,-2.58301462917375,2,D06_px-1055_py-0118,0.9580251708362155,2.58301462917375,3.083344900383337,2.539035963544303,2.36029716568187,1.80736423784569
-40.72807585163612,-435.7904279425487,35.873742066842794,1.4453635073198037,28.89290648718645,-2.2709631169258646,3,D06_px-1055_py-0118,0.9345834279716704,2.2709631169258646,2.9893013366641137,2.5262301337926387,3.5948883834764747,1.1839940437572025
119.19110280349408,-429.6357763172696,28.05992342784799,1.4742756144106313,24.47799368006855,-1.907157847245488,4,D06_px-1055_py-0118,0.9532782241374705,1.907157847245488,3.150365382822554,2.6663317906957387,3.0064676569514424,1.8553892961367722
-182.64772080263265,-419.6490324744527,34.84560687208335,1.4541948774983702,16.12195346903087,-2.5882871596174137,2,D06_px-1055_py-0118,0.9402938614877874,2.5882871596174137,2.969244639309052,2.124685980319705,3.5756360688703195,1.4923400735224264
-67.66509043746798,-418.25153873884057,33.21646512262811,1.4507636698850463,38.2496939682955,-2.3381670372972407,3,D06_px-1055_py-0118,0.9380752156197393,2.3381670372972407,2.1760874026215746,2.4220017276716215,2.7130531468042314,2.733486704479324
-146.0691138871077,-397.4326128650716,38.99430032587742,1.430052241493381,37.66888694277674,-2.529983023094468,2,D06_px-1055_py-0118,0.9246830428919484,2.529983023094468,2.751409303346062,2.7022585558805527,2.918121405527607,1.8128209817559071
189.2494929967248,-400.9886384385477,27.63700262485241,1.475197632889464,26.109140843944544,-1.7368130633005672,5,D06_px-1055_py-0118,0.953874408547992,1.7368130633005672,2.425974585163999,2.041837827521902,2.8415004709021403,1.6629149104265797
233.8609867616645,-391.1998038827421,31.467112570293978,1.464975675230084,17.725505105445222,-1.6389722912380216,5,D06_px-1055_py-0118,0.9472648102140755,1.6389722912380216,3.591145274307639,2.4933287281251424,2.7905058152430557,2.005204527683011
-216.28788291552084,-392.1931326389365,31.892012487000045,1.4616826484517742,22.780664051259578,-2.6817570095786465,2,D06_px-1055_py-0118,0.9451355131623033,2.6817570095786465,3.130911877922699,2.081441647041836,3.2856578209883347,1.9755168088316797
-201.7391113088246,-386.519084710641,29.65175373242255,1.4665469143191248,30.697143933094253,-2.6588196743709926,2,D06_px-1055_py-0118,0.9482807857846237,2.6588196743709926,2.67081824290033,2.235539810777982,2.7525261946183552,2.6682214218210465
258.4436577608062,-378.2247813769209,35.50391747205299,1.4521195337957715,15.775698703441035,-1.5783412943816657,5,D06_px-1055_py-0118,0.9389519279036258,1.5783412943816657,3.1786001339816092,1.5260676469516696,2.4572283688664593,2.217973285889817
-259.0714782358963,-377.961165022991,32.82126734550087,1.4610444582256,15.99294270706082,-2.778666225441468,2,D06_px-1055_py-0118,0.9447228543354715,2.778666225441468,3.787052016314319,2.363451367068767,3.125701982487289,2.010241237092504
-264.24126371666694,-355.29777209979505,36.51486255778576,1.4445996855777676,25.52552576026653,-2.817244195830714,1,D06_px-1055_py-0118,0.934089534817169,2.817244195830714,3.2230445908126355,2.090700971991181,3.549648180991932,2.573618235134811
-275.2953594178522,-345.39304481339644,41.74973180125568,1.4263867783506317,25.530146793284928,-2.850715134510144,1,D06_px-1055_py-0118,0.9223129255535033,2.850715134510144,2.667291317859412,2.444683613132039,2.343923443953912,2.256085303780496
-333.2770453469096,-324.3572960112359,23.53132827798265,1.493109259456388,12.440081607567947,-2.97673657778066,1,D06_px-1055_py-0118,0.9654562073637831,2.97673657778066,2.1700370489793523,2.6706892259843076,1.874884715160875,2.7787842606333713
261.4106826466001,-308.023832870033,33.54971379260445,1.4437242734394389,50.91082774283655,-1.4740542529154357,6,D06_px-1055_py-0118,0.9335234864335037,1.4740542529154357,3.7504470286492912,2.556075287909194,3.1714168477010016,1.6961557535723748
331.58787489384986,-302.285672111055,35.704537143980986,1.448980634296984,21.814801012768044,-1.346183375952983,6,D06_px-1055_py-0118,0.9369222907647476,1.346183375952983,2.841955337750557,1.243436294550743,3.980671834207567,1.4153076353385945
-363.6044211083407,-301.486663348733,27.7511773411332,1.480652215296001,7.373091833483784,-3.056301233522389,1,D06_px-1055_py-0118,0.9574013844940696,3.056301233522389,2.7458043560787724,2.900064059798903,3.44151080819983,1.7003974825378605
-357.90284059178083,-279.4739544758967,38.81540761236124,1.44004041279841,17.942373467956998,-3.085608050290329,1,D06_px-1055_py-0118,0.9311414731277666,3.085608050290329,3.080096495018033,2.2607537176287837,2.6515615475020335,2.3994605517712655
-381.3684236335932,-225.40656233863203,38.622515724971606,1.4374632014847557,25.11450947539646,3.0684233296813,19,D06_px-1055_py-0118,0.9294750279934287,3.0684233296813,2.827138819292647,3.215510688567606,3.4159220027076636,2.780303266846569
-420.78426225496935,-218.26947698339995,34.87799289306918,1.4580789366371918,5.559014181801956,3.0131248245005886,19,D06_px-1055_py-0118,0.9428053247190239,3.0131248245005886,2.147281265371742,4.088882543218645,2.8011736442571866,3.216672558953725
-432.532569192526,-45.07508142002341,42.10083723797396,1.4229426526862536,29.857134764910768,2.6384503025877617,18,D06_px-1055_py-0118,0.9200859267718969,2.6384503025877617,3.4414430180641817,2.3633174796724763,3.2262829130538755,1.503142306285517
-463.8276526561103,-9.381999126800425,32.17453964488982,1.464501152980264,12.38263447655811,2.5548377027046536,18,D06_px-1055_py-0118,0.9469579803898551,2.5548377027046536,4.04628327375832,1.7158995878823338,3.1672159536545554,1.9627672253244737
-481.5756000585915,14.413186481208763,33.21252699813442,1.4651366466212865,0.7233372042688302,2.504692824274883,18,D06_px-1055_py-0118,0.9473688955834885,2.504692824274883,2.7700076553347635,3.3058225006584596,2.679935688436799,1.868496253155178
-475.597293365394,29.29288210581245,34.151519556389246,1.4609756229960158,4.042679782235268,2.473099052417331,17,D06_px-1055_py-0118,0.9446783449338545,2.473099052417331,3.3210118499183787,1.5603414750824558,3.2129115090519367,2.1844301352353956
-444.8920347447044,52.2266321058124,36.10327961386048,1.4474303005975002,22.24853090728237,2.4177562577191685,17,D06_px-1055_py-0118,0.9359198327837445,2.4177562577191685,2.517588362859167,2.226838758253148,3.1985567396480894,2.208909504256566
-422.59708643406384,74.1548992515514,40.61777375153071,1.4261697789179535,33.816521857490216,2.360907352032317,17,D06_px-1055_py-0118,0.9221726120111777,2.360907352032317,3.7123926512738015,1.884054894090272,3.7952242086439005,1.668606309872448
-401.3080864713922,163.60333688655643,23.79768206708832,1.4865158370414742,32.94644932873757,2.1475077914389304,16,D06_px-1055_py-0118,0.9611928484984261,2.1475077914389304,3.9020016926163827,2.4829464489043462,2.907462238146561,1.5520747787826459
-353.5133198184677,242.7920200867208,33.98160131620358,1.4494912737789083,34.822248916259696,1.9328030461803476,16,D06_px-1055_py-0118,0.9372524742757176,1.9328030461803476,3.1549717274396967,2.282409123125584,2.511446287612716,1.4536488424468121
-284.8360033831541,267.6353400354401,38.60712618448776,1.419983327861118,58.67753994311391,1.780338941685844,15,D06_px-1055_py-0118,0.9181724040313889,1.780338941685844,1.8604805862561906,1.909693890208582,3.5272083291258376,2.777739102709812
343.28602705304843,278.7135562631159,35.79078663633243,1.4469094821701602,26.004553967114475,0.0749748571023992,10,D06_px-1055_py-0118,0.9355830674864963,0.0749748571023992,2.3873752578522254,2.1656176580143995,2.4432844871822277,1.6892852737233195
363.9630684704948,327.6942899733073,21.035190997979385,1.504813650738844,3.386248992686035,0.1260291208473907,10,D06_px-1055_py-0118,0.9730243589544952,0.1260291208473907,3.3488184503272396,0.9654278130387022,2.4699563447381685,1.9210070878336305
205.562154270252,342.8492719975092,26.415422148672235,1.4694835073525556,54.46602766487439,0.4237134962598555,11,D06_px-1055_py-0118,0.9501796099695727,0.4237134962598555,3.4118425533455827,2.0611810414827607,3.2025314013852593,1.2291984594605068
-166.2444906918409,383.3638953216714,37.78792443764905,1.432556771842637,41.42028575387741,1.372988425431946,14,D06_px-1055_py-0118,0.9263024919422481,1.372988425431946,2.631123061834592,1.769721207448127,2.976137651944635,1.637453970154191
290.6557040115422,387.9757582857125,28.550943758779965,1.480434830694425,0.7501063430055979,0.3208538580197667,11,D06_px-1055_py-0118,0.9572608218985009,0.3208538580197667,2.2878508549194274,2.3294511773505002,2.667570743448725,2.7962699629475196
-180.2851333362537,389.618991260742,37.61224968428303,1.4368172258252223,34.07003719464672,1.397199520938588,14,D06_px-1055_py-0118,0.9290573350440665,1.397199520938588,2.927279754468829,2.4965777408290255,3.030895004818275,2.6961057847038172
201.17137590821653,418.4451104959791,33.171972945872085,1.4613181299997415,12.03704971840682,0.5156798911000026,12,D06_px-1055_py-0118,0.9448998126601567,0.5156798911000026,3.0469425323996497,2.6697523526137172,2.9559153847985193,2.9630857011991205
12.482549743541275,-474.3187840475599,26.86302251756649,1.4839150505449934,6.062254287104111,-2.1514651375164053,3,D06_px-1055_py-0118,0.9595111594651873,2.1514651375164053,2.418469257514575,1.8369449090093155,3.532464700355164,3.214868502001286
-75.76042989801793,-465.7449418308839,28.54346198280212,1.4780012204654664,7.605366834150573,-2.3390285745523443,3,D06_px-1055_py-0118,0.9556872303565749,2.3390285745523443,2.562751215270806,1.9229051277773799,2.4766605185902284,1.9024921788048241
-169.55524769029535,-444.05912539887794,38.6154008615153,1.4464574764915124,4.276360417065632,-2.542521285762032,2,D06_px-1055_py-0118,0.9352907970545433,2.542521285762032,3.089718993083048,2.3981809849727993,3.3147609969744116,1.649336824554274
138.19489758855707,-439.0885381402484,32.807849681851,1.4615841739921671,14.641136234550745,-1.8728595160902264,4,D06_px-1055_py-0118,0.9450718388011055,1.8728595160902264,2.773322770554774,1.95925671913532,2.831286084603469,2.3465499176888835
-132.56822223841596,-404.4431034058084,29.76622803674008,1.4636134393970182,37.39706778781607,-2.4945198057422675,2,D06_px-1055_py-0118,0.9463839777950163,2.4945198057422675,2.3558633427549878,2.095530465815717,2.7281355370451434,1.2068982246806104
-245.0806832095314,-389.21283884249686,27.982966992406887,1.4774689173154745,15.371649852110464,-2.739735593411635,2,D06_px-1055_py-0118,0.9553430389472026,2.739735593411635,3.0010466828258684,2.79211886763938,2.8789012941459964,2.2643884869764532
-233.9425163960804,-359.94046651804075,22.529317457897207,1.4902311867923268,35.70013325046921,-2.754114386394124,2,D06_px-1055_py-0118,0.9635952229105935,2.754114386394124,2.543300705383914,3.1841176766861006,2.7834190879704677,2.8423627862140437
248.4969037850803,-360.2789936863295,31.066620076471395,1.4620235655709568,29.4696190489766,-1.5739726703549302,5,D06_px-1055_py-0118,0.9453559528567375,1.5739726703549302,1.4896215180216688,1.6376136923832083,3.107835905475075,1.698589754161061
261.03413230010574,-341.588751473314,32.02741709258993,1.456681732785182,34.37369763443928,-1.5252632893514075,5,D06_px-1055_py-0118,0.9419018817034962,1.5252632893514075,3.2082567951180123,2.6487255360674453,2.3727666544686654,3.356991845570288
311.1710839843926,-345.5420342821474,24.834113643960848,1.4888166575821682,12.3741561015014,-1.44466783118042,6,D06_px-1055_py-0118,0.9626805771820269,1.44466783118042,3.1147241659576004,2.0869216703705806,2.5094084340941922,1.5316914690309276
-338.54567313756144,-338.8828321799018,36.0534358638605,1.455516070473813,2.204133448287166,-2.962676317822934,1,D06_px-1055_py-0118,0.9411481552718413,2.962676317822934,3.502359429546324,2.556976364744033,2.5736666280287905,1.9099742836727427
-398.7978155018022,-215.00056539306087,35.73695215779924,1.4500348548596715,18.993308574575,3.0290661440082185,19,D06_px-1055_py-0118,0.937603958083955,3.0290661440082185,2.8515638282658893,2.683597075821263,3.5011748772420512,1.6244397394419683
-412.0713795050804,-194.97380902007603,34.87928124766006,1.4536255970959835,17.282525406230206,2.976555375632314,19,D06_px-1055_py-0118,0.9399257602957722,2.976555375632314,2.4220165938064784,3.129830977763863,3.0454599129965523,1.6564611766748774
-462.71962744594816,-118.37316811713984,26.33311547985437,1.4861774372472871,4.075543079764202,2.7850623591493378,18,D06_px-1055_py-0118,0.9609740365261613,2.7850623591493378,2.9712497830514613,2.8402785476768946,3.7575579945969535,1.9609535016382869
-447.0619658690528,-11.87801886216964,33.84873149397964,1.454876771265321,22.986999059766845,2.5611759385323816,18,D06_px-1055_py-0118,0.9407347793683082,2.5611759385323816,3.184259895794904,1.6690277705992653,2.1829887935904067,2.1806269533150062
-446.7477088930647,8.825120246531942,30.052350172599688,1.467692380088318,23.650594356330657,2.5148615429384646,18,D06_px-1055_py-0118,0.9490214529730336,2.5148615429384646,2.664511171055323,2.35181004839645,3.3947198290838987,2.199332210257486
-461.9465114888904,131.07148675697528,33.18278335140201,1.4648793207324764,1.7669315032824784,2.258142133171837,17,D06_px-1055_py-0118,0.9472025066370041,2.258142133171837,2.5128811914129185,1.4527861275998837,3.298158180987336,1.5642888889066064
-463.3553044380296,163.95354356101384,32.893683627690905,1.4681975858846312,5.524416383499613,2.194521658077285,17,D06_px-1055_py-0118,0.94934812302009,2.194521658077285,2.929579757676639,2.552630883802561,3.1773914134997536,2.2566596052916013
-365.2561637039804,178.49451106508843,41.55850868625868,1.4148038359688626,48.14682440923525,2.080059958803796,16,D06_px-1055_py-0118,0.9148233037785454,2.080059958803796,2.887190182572095,2.0101290596317924,1.9583310799010256,1.7680623061643714
-422.06381750667856,185.3504264773174,33.17837033231416,1.460514466194566,14.18253641623295,2.120816414722429,16,D06_px-1055_py-0118,0.9443801573138206,2.120816414722429,2.584343615000707,2.047320054604043,3.0360293739450825,1.488089988550561
379.8288987497274,185.3677381680104,26.114589456614567,1.476022551735246,39.68438198518106,-0.1529540350728377,10,D06_px-1055_py-0118,0.9544078075709956,0.1529540350728377,1.3370495809801781,2.257422477513789,2.5309765097144075,1.6916424549411337
424.5243223981529,201.84431067724097,31.483880804336707,1.468116286119883,8.483197519242992,-0.1631559890533431,10,D06_px-1055_py-0118,0.9492955539518612,0.1631559890533431,1.314359876888291,1.7553101819233456,3.050424647562346,2.7191869377388316
-340.5968318996042,204.7401669670699,40.08037897283487,1.416859036308495,54.24450450639739,1.9933692063025408,16,D06_px-1055_py-0118,0.9161522125055575,1.9933692063025408,2.435376684567174,2.335988209697645,3.3121697823369978,2.0664508138855657
-411.3964250517067,257.7708538201967,32.90336391016956,1.4669030972394914,1.6302075406769632,1.9748817815150488,16,D06_px-1055_py-0118,0.9485110964663418,1.9748817815150488,2.561551087489363,1.1191701101913831,2.763175782793417,2.184788291844486
-348.8136338438034,263.4558851088155,35.45123444369034,1.4466677249681603,29.30829834181497,1.8877342055549493,16,D06_px-1055_py-0118,0.9354267453755272,1.8877342055549493,3.4357810370164747,2.3739882044968583,2.9079008964613484,1.820826920143543
-313.46339863175484,272.6266301755235,38.146840307661535,1.4304568433063083,42.93128039600043,1.818779143194702,15,D06_px-1055_py-0118,0.9249446616109587,1.818779143194702,2.544720542971344,1.3351252675823655,2.7405929431450247,1.9406310737418941
-378.3786287044359,282.3965062668864,29.38801535211553,1.4753274267871068,7.347629954485569,1.8934629433386312,16,D06_px-1055_py-0118,0.9539583343045055,1.8934629433386312,2.475628983558513,2.094762696826302,2.793834816730533,1.4331876341952583
323.5607051785202,306.73372663556285,27.214264498697275,1.4771634671061649,24.570110740327152,0.1517279585982893,10,D06_px-1055_py-0118,0.9551455324360408,0.1517279585982893,2.2940648960850467,1.4223518024627717,2.075840447444235,2.300202459230781
336.8792631522837,322.18184307533664,28.34295157518648,1.477524366996262,11.32854068351014,0.1561217849540992,10,D06_px-1055_py-0118,0.9553788931475391,0.1561217849540992,1.387947970027592,2.8453252981582136,3.7469356619822487,1.0681774461095421
225.05030087743472,346.5369853101405,33.597601035000764,1.4463497745375544,44.96962772479833,0.3878448447161917,11,D06_px-1055_py-0118,0.9352211561228196,0.3878448447161917,2.972482491445865,2.081896931349223,3.2325117446383445,2.84307158045917
-151.03201942163312,357.9167196578641,35.807611510412244,1.4299291865710515,60.60704268152895,1.3631227174675011,14,D06_px-1055_py-0118,0.9246034746099508,1.3631227174675011,3.6641316908348407,2.1680371018582862,2.9659757872158323,2.4133137343644795
-129.91786530257278,402.52132507000886,36.82007239071311,1.437662918552767,38.259964645352966,1.276021543975895,14,D06_px-1055_py-0118,0.9296041666226394,1.276021543975895,2.941827548912854,1.8463453898077717,3.0166267895280163,2.178580645630468
-171.23394175279063,404.9170330492087,30.06641809094947,1.4659673799772144,28.30382873927277,1.3638959170085283,14,D06_px-1055_py-0118,0.9479060543145493,1.3638959170085283,2.8815122338351187,2.466248211248015,2.7449699902912514,2.608272430683789
288.6102578820237,405.01988671410726,36.611082033215325,1.458022561297261,9.68709482550895,0.3446957361371765,11,D06_px-1055_py-0118,0.9427688719801947,0.3446957361371765,1.7750781683475105,1.6019113642143967,2.7902449379707757,2.498454307848955
-142.47952607919308,408.42039881786985,38.3625286544646,1.435191669827689,31.87521540116279,1.2994712666469963,14,D06_px-1055_py-0118,0.9280062377326699,1.2994712666469963,2.9700742458558005,1.6653235419850732,2.709205507581488,2.645670250106437
-130.43043314545693,-438.3251047239148,27.704941772844503,1.4778629971049768,17.0980232400197,-2.4669976818413364,3,D06_px-1055_py-0118,0.9555978540429915,2.4669976818413364,3.0370424093803328,1.7326861096670827,3.218356111410282,1.846780644724574
95.71311104363276,-430.6620207019629,37.16308927908728,1.441918306845995,26.485459086664548,-1.959083812408404,4,D06_px-1055_py-0118,0.9323557342098207,1.959083812408404,3.5661969528026027,2.1972606219056416,2.0989679562480297,1.615118485408205
-269.1257547514634,-408.2714166437651,31.593827729778013,1.471721813973678,3.767958240356904,-2.7605798549117377,2,D06_px-1055_py-0118,0.9516269166603992,2.7605798549117377,3.1983812600028534,2.4327205085771784,2.266915879741313,2.6712414486118625
197.47540774887213,-377.46041778406885,32.05573717228458,1.4555419198722683,36.89692175932589,-1.6957656910108123,5,D06_px-1055_py-0118,0.9411648696964804,1.6957656910108123,3.3832042473074093,1.8662586211498473,2.4102786737094553,1.9849912168067068
-250.3774432414364,-364.7688499203313,33.55980330667097,1.4546245559854334,26.112202071450724,-2.779316066549692,2,D06_px-1055_py-0118,0.9405716949818057,2.779316066549692,3.214684387852668,3.6141911879952273,3.05953798599852,1.8051304193864357
225.3704130101672,-345.7955787809427,34.79581862120307,1.441821709616752,45.10635937757422,-1.6001751592000166,5,D06_px-1055_py-0118,0.9322932736805618,1.6001751592000166,2.9302069957742103,2.6045680354380822,2.893446994042594,1.4968261150153719
334.9416975499134,-318.0971178941876,32.24619214927128,1.4638083011378134,13.66811671236968,-1.3665892658636714,6,D06_px-1055_py-0118,0.9465099769314069,1.3665892658636714,2.886687807032473,1.952936208552804,2.5162317568568073,2.484881233535946
-345.8637607508963,-292.72668445765504,37.29385043429392,1.4448420358329244,18.769198721198222,-3.0461927160154345,1,D06_px-1055_py-0118,0.9342462404009804,3.0461927160154345,2.6105417357836154,3.2125362242207864,3.0041691557257386,1.874061226457803
367.9362262752602,-277.9767877894238,23.7853500576241,1.491608891938636,14.962012919561005,-1.253993034214926,6,D06_px-1055_py-0118,0.9644860579094372,1.253993034214926,2.5193545859479882,1.581576075998914,3.3311269537763346,2.5787923024053176
334.2039580664013,-266.9931268183324,38.25759697875884,1.4340590896910388,34.98094902372134,-1.2810449709192009,6,D06_px-1055_py-0118,0.9272739024957537,1.2810449709192009,2.783822146185423,2.72615568155343,3.0210322014930857,2.8477802292719065
435.2445732482799,-148.18187108887557,29.01556647805495,1.4740107664746758,15.383021929791028,-0.935127234180199,7,D06_px-1055_py-0118,0.9531069713760558,0.935127234180199,3.4780589985769543,1.7444898645103748,2.5213451242689797,1.9631211621306761
-403.2655794132922,-143.02327063193968,33.96221873489799,1.4492844241687004,35.457847261873155,2.8754357652116465,19,D06_px-1055_py-0118,0.9371187236885443,2.8754357652116465,1.8220979945046014,2.4142337044476765,3.2129900287759017,2.125810867287077
-435.4348759520534,-100.28248534825576,37.41563033564529,1.442678746066815,22.802080684984503,2.7609704168809843,18,D06_px-1055_py-0118,0.9328474401994618,2.7609704168809843,3.144953985865193,2.183068171235453,3.6852816189290127,1.615060596380513
-473.4187855417288,-36.76635275072315,35.67464584659166,1.4557236534950329,4.940236843709215,2.612118924326971,18,D06_px-1055_py-0118,0.9412823800883513,2.612118924326971,2.92288269790585,1.396769079292393,2.1458147609055627,1.3487940957597302
-433.3371181493236,37.47153052326334,34.05174393521776,1.4509304693199636,30.880378778880413,2.4483556812785325,17,D06_px-1055_py-0118,0.9381830694481217,2.4483556812785325,2.7663291580411897,2.7206238993035887,3.2106039022334207,1.4470239000917902
-479.1340772608655,47.44079856528532,35.355168910230475,1.4583030334063434,0.6931356522935062,2.435921180041181,17,D06_px-1055_py-0118,0.9429502274550141,2.435921180041181,2.3800382294118068,1.1669138664627747,2.5570080692301196,1.5095960455080781
-464.70465820149445,62.091297265157856,32.53837274478212,1.4644259621654896,9.169299361471417,2.401785308851394,17,D06_px-1055_py-0118,0.9469093614167954,2.401785308851394,2.073349373162442,1.9722780943024247,3.5031821433435555,1.4138440304994502
-486.418272386373,93.90704173928243,35.15870868909559,1.462042007618887,8.279898673472758,2.3439011814489485,17,D06_px-1055_py-0118,0.9453678776301845,2.3439011814489485,2.9524550003450454,1.6027761850163451,3.158234822921963,3.235650542090306
-444.89306151828407,125.83771494082193,25.45978460842423,1.4862806380548803,14.04166968641738,2.258964173216086,17,D06_px-1055_py-0118,0.9610407669811932,2.258964173216086,2.9481819822270734,1.972480262194134,3.371544989733291,1.7349246911524348
-385.7169217082113,148.14565236057484,35.174124375164126,1.4405705386503176,44.77787940024734,2.167906899596805,17,D06_px-1055_py-0118,0.9314842566790483,2.167906899596805,3.19321351473019,1.8565823599555442,3.527307944905844,2.039212720903512
-416.9250713778825,161.35246554124504,30.18758937249811,1.4672830966519024,23.492183526971417,2.165358491881193,17,D06_px-1055_py-0118,0.9487568070794019,2.165358491881193,3.569446177843989,2.981818692091191,2.8228526234435374,1.658336142851159
-373.5319327431647,199.49866091002087,39.06359091101211,1.42981978143334,37.63107822631764,2.044068982078865,16,D06_px-1055_py-0118,0.9245327323861972,2.044068982078865,3.723311000526645,3.155271063435001,3.1871746883251912,2.1248284590333486
-437.2259293884637,210.62294274249763,26.6890650484234,1.4863919051856564,0.9364528368078028,2.085691583930465,16,D06_px-1055_py-0118,0.961112713184328,2.085691583930465,3.749539594434448,2.0148855648290223,3.2473600263573683,2.140282931665449
-424.19015031261534,223.17273913520089,34.32108690139029,1.4610781468726377,2.2040954754925792,2.0502925541028723,16,D06_px-1055_py-0118,0.9447446376799886,2.0502925541028723,2.7329330213908505,2.2846990153453053,2.652563526256391,1.8038531485361087
380.9966764930375,242.14029265444748,36.29959173286397,1.4477140078735151,19.9766786392176,-0.0408336557409894,10,D06_px-1055_py-0118,0.9361032801429836,0.0408336557409894,1.646039678705126,3.557003376789421,2.5436904388375936,2.086948715664745
-355.56583552060573,275.74827233858286,34.29990758054237,1.4540545617113667,21.165372916787305,1.874978515749698,16,D06_px-1055_py-0118,0.9402031321947396,1.874978515749698,2.6508333104155453,1.622533515069569,3.097017984769093,1.8241745213189025
-392.2306867109341,283.5055815059457,35.57088250766185,1.4581989710894423,0.9368671756753316,1.9087463911518452,16,D06_px-1055_py-0118,0.9428829399412783,1.9087463911518452,3.482776434611273,1.6030606110206183,2.9963775960771803,1.7567608902720333
-312.15233585650174,295.7455318896296,33.76062635567644,1.4505907670088245,34.10893383924804,1.7761978165839882,15,D06_px-1055_py-0118,0.9379634152581366,1.7761978165839882,3.500897238048365,2.141874486078957,3.6008731468132797,1.5307797614246903
-327.3565991315263,317.7206511149568,21.1257012442,1.499671796040048,18.36919458170695,1.7641515127119352,15,D06_px-1055_py-0118,0.969699595207385,1.7641515127119352,2.5161062979299564,1.6502049605704099,3.4428548315509593,2.8184568598845354
-217.8943671687105,341.6888330021491,26.30928458268357,1.4712483226151898,50.91946439085217,1.5314953615348292,15,D06_px-1055_py-0118,0.9513207534186334,1.5314953615348292,3.4565542317945868,1.8457176635271808,3.477924357798696,1.1149814457291538
-310.15161503667514,341.123539040119,38.68709804451743,1.4424104124298454,13.480038470472152,1.7016949398323526,15,D06_px-1055_py-0118,0.9326739335563169,1.7016949398323526,3.607819184947154,1.13262985772801,3.446878439606233,1.2367958284344693
-156.8476851073783,369.6144582673495,34.667591636013015,1.43873635918454,52.36529089896703,1.3651408610408646,14,D06_px-1055_py-0118,0.9302982617899007,1.3651408610408646,2.5074712549468057,3.0794489800749147,2.556587079580521,1.6234033305946527
-177.92560328450847,370.06624949619135,41.03728371134878,1.4182364669831264,45.60625196231308,1.4119818249799154,14,D06_px-1055_py-0118,0.9170428700288524,1.4119818249799154,2.4216301847718773,1.5587488865815229,2.9491208703802645,1.8638392067297398
126.5684981631154,381.8209493327033,21.00182670636161,1.4906444148780396,53.33784877917162,0.6437292914785854,12,D06_px-1055_py-0118,0.9638624194455301,0.6437292914785854,2.004854899566244,0.9551779761232386,3.1360611767347866,2.0571402886726418
-133.46596127822784,391.8201431614473,25.87283114738404,1.474928538697334,45.34971176828231,1.2921205199147212,14,D06_px-1055_py-0118,0.9537004101238901,1.2921205199147212,2.571266665464578,1.1921166045820177,2.5170835943365093,1.5253235997702757
-206.1581829531733,392.6245433435975,31.694694516140657,1.4612798908755094,25.658738820563656,1.4473242881697672,14,D06_px-1055_py-0118,0.9448750869412448,1.4473242881697672,2.5640524281766703,1.889196541629097,2.991090383327623,1.5478897108798229
-228.40827507386453,414.2275058222283,37.55380016879087,1.4492592943594178,5.89128373980077,1.467740203022824,14,D06_px-1055_py-0118,0.9371024745559319,1.467740203022824,3.4448247419473175,1.6975831450207957,3.7090395403002585,2.865608430011318
83.38397271798219,-463.0573403667305,30.926558091754032,1.470014992435677,8.255886972498558,-1.999612529656818,4,D06_px-1055_py-0118,0.9505232724104631,1.999612529656818,3.4152354094120687,1.7212104088594216,3.1030006788257403,2.453332967279298
-2.118577871388932,-453.53391034701775,33.8432374979576,1.456496131987776,18.907378751897568,-2.182447091393516,3,D06_px-1055_py-0118,0.9417818707660431,2.182447091393516,3.638859213385692,1.490771465525166,2.978336359890001,2.0987899394507696
-76.3991176723252,-444.7878838792573,35.788103737521624,1.4493966269260103,20.12287926052386,-2.347881215129929,3,D06_px-1055_py-0118,0.9371912748751653,2.347881215129929,3.409990397256441,1.8254991723950427,3.3540262532540517,2.510713315832411
-99.02846544123908,-442.1943352550557,28.507543920825867,1.4743120655017086,19.721818087200973,-2.398088612846257,3,D06_px-1055_py-0118,0.9533017937000614,2.398088612846257,3.3700284299607293,2.22813778419465,2.5675864024129216,2.4702890164765203
25.46228211576092,-439.79479231279214,40.215227288279095,1.4312658178790003,26.48838718329108,-2.119944591849677,4,D06_px-1055_py-0118,0.9254677509414001,2.119944591849677,2.0624190084195404,1.4726076064875748,3.4171524107380398,3.1048574800737647
76.27817700841459,-432.3454763971423,36.10912621596162,1.4449285332465027,28.00361191394853,-2.003144223271089,4,D06_px-1055_py-0118,0.934302170309881,2.003144223271089,3.261514625972339,1.307007592149608,2.2442183019530377,2.0886893040446717
-220.49949568220427,-419.8686022691876,35.2721858638605,1.4568683840533518,5.372294068887584,-2.6613507084931487,2,D06_px-1055_py-0118,0.9420225718836192,2.6613507084931487,3.2190826218809865,1.5942825803369256,2.976249449960605,1.3832574674948672
-196.59260786824032,-411.4218709240277,21.00783907765521,1.5000347147897648,18.51412544177577,-2.623536416385479,2,D06_px-1055_py-0118,0.9699342613294143,2.623536416385479,3.083451386359902,2.090581670753427,2.621653553879608,1.3408806626481797
-164.12329010951112,-412.8185342032005,27.38758487137125,1.4762339335643555,25.58731004867883,-2.5561836159547844,2,D06_px-1055_py-0118,0.9545444887266077,2.5561836159547844,3.0382737197817953,2.49062744003574,2.8128910770122006,1.7709284880606697
232.3795369165335,-406.1497237573797,27.6344339298214,1.480188401295579,10.237025866764045,-1.6580842633845632,5,D06_px-1055_py-0118,0.9571014787082515,1.6580842633845632,3.0070648454821036,2.100514440630401,3.681134928622116,1.7302600464326972
-303.93786010355603,-371.5821657410775,35.00190700620499,1.4590902335291316,1.652003767269889,-2.8633700842421725,1,D06_px-1055_py-0118,0.9434592372546453,2.8633700842421725,2.6473542492499083,4.310730807094237,2.332258068685297,1.4603429164573245
-304.1879160396683,-340.8938804841156,38.80593698796122,1.4408603829087252,16.14748396904929,-2.9063340577386785,1,D06_px-1055_py-0118,0.9316716722594395,2.9063340577386785,2.687817387449122,2.997202600223509,2.458692519319049,2.1704866870241766
248.38546525529568,-333.2273504523271,34.13012554409306,1.445124321882999,43.34672896651483,-1.53722950346926,5,D06_px-1055_py-0118,0.9344287687843326,1.53722950346926,3.1744164830220427,3.117769404269345,3.886712107343719,0.7277176046381606
318.0319431558482,-307.99249082236435,34.69723334314227,1.4508027652521285,25.78968907491975,-1.3763422319617094,6,D06_px-1055_py-0118,0.938100494992022,1.3763422319617094,2.6283019172917297,2.1265209241329663,2.582956511652724,2.0046445799251638
297.1589483328442,-305.667780563158,29.5471491000888,1.4645672187640366,36.97456528770999,-1.4064916467504016,6,D06_px-1055_py-0118,0.9470006990459974,1.4064916467504016,2.7366778834908287,1.7746534707949702,2.5153111651707425,2.088075528326978
-375.83971644628616,-266.39799433711187,35.19960042403579,1.4537819485665182,14.141996499511322,-3.131959600385808,1,D06_px-1055_py-0118,0.9400268583880935,3.131959600385808,2.8430471284612744,3.2309228149450266,2.7199618376737025,2.285395083756444
-347.4822404166512,-265.1994428814129,38.53821605995148,1.4359825021054111,28.913642629961146,-3.096674650236828,1,D06_px-1055_py-0118,0.9285175961122895,3.096674650236828,2.6377711627059606,2.7022675994600593,2.1390938424844093,2.180055153523219
-441.75183548859377,-189.8922826125722,26.45572979983285,1.4863511395855211,1.9824549765839947,2.9405946229390603,19,D06_px-1055_py-0118,0.9610863538261978,2.9405946229390603,2.74937544359473,2.633878170611595,3.002250273736506,2.262513633777569
-440.7359633161329,-145.7992084865221,35.266700781107886,1.4544490166831203,11.843205643866952,2.8540896189592937,19,D06_px-1055_py-0118,0.9404581898863272,2.8540896189592937,2.3223355920234168,2.7858019850888,3.043129377209768,2.7109682236080634
-469.6341193144372,-137.79842622976886,32.14290447898048,1.4701014815715938,4.107208915254773,2.820019170075861,19,D06_px-1055_py-0118,0.9505791969669626,2.820019170075861,3.644172038488227,2.703455233114231,2.5734645607108324,1.8395539056641068
-466.3374026376809,-78.34941722529125,25.81943973091728,1.4869912699780443,7.193679235095942,2.7010686872150806,18,D06_px-1055_py-0118,0.9615002671798721,2.7010686872150806,2.7900227594716585,3.439114405369279,3.496161148790414,1.986300599469363
-415.2415917475416,-2.9702801330319497,34.61861895484577,1.4432347635230334,43.51894833902003,2.541766137092432,18,D06_px-1055_py-0118,0.9332069654660214,2.541766137092432,2.6198868849728725,1.6286434664761287,2.5885053177631283,1.39740668111829
-479.3197987370937,116.65066234998554,34.949801633045524,1.462228706775922,6.906744059021548,2.2958868785810087,17,D06_px-1055_py-0118,0.9454885987756249,2.2958868785810087,2.7800505077977724,2.2190628628345053,2.720429248182607,2.3318175713465035
-412.43363276587314,123.90782918358502,39.84818786282506,1.4293902410030892,32.90289794389861,2.242761004813816,17,D06_px-1055_py-0118,0.9242549881608012,2.242761004813816,2.540624034190178,1.7747680965009178,2.7251342689190325,1.2378926657898932
413.0289474795437,198.9418520237705,35.87409376609384,1.450985411784644,15.503752750755725,-0.1581066985556302,10,D06_px-1055_py-0118,0.9382185956785282,0.1581066985556302,2.6243729412345327,1.424061318733282,2.781873473272004,1.6553208641196104
-390.2080130055739,221.2045125405952,33.533225266034435,1.4562844265457588,22.16675585998536,2.0188960660239426,16,D06_px-1055_py-0118,0.9416449803597761,2.0188960660239426,2.6816871540551324,0.9288676152203093,2.9966498730280895,1.9253198052186096
378.2044975824206,226.90593284441232,37.00346413002404,1.4424312787261624,26.583263874596184,-0.0665926275938978,10,D06_px-1055_py-0118,0.932687425867865,0.0665926275938978,1.4613907328028883,2.7272841282311417,2.2946527871963514,2.133691054191714
327.4762129691203,230.84276914185327,40.856369648825535,1.4151839484769102,52.02907911374058,0.0070372230738454,10,D06_px-1055_py-0118,0.9150690875201348,0.0070372230738454,2.231232094521206,1.976607868460024,2.6847480843935267,2.1521744868062305
-371.2750374377025,274.33079952053413,36.55066852768448,1.449582176658642,13.366244153612628,1.8982614806378584,16,D06_px-1055_py-0118,0.9373112527937331,1.8982614806378584,3.3187902843908414,1.3880926760310484,2.9979145463329773,1.5754963339677934
355.9013199208614,291.6435234490549,32.39206247237962,1.4629133074529097,14.808948896979302,0.0795094746097067,10,D06_px-1055_py-0118,0.9459312669654958,0.0795094746097067,1.331635257605476,2.4705442236809456,3.642255442558149,2.5843074173219325
-272.53947240056465,301.7242038015731,38.90818765625448,1.424624861293372,48.51181727004837,1.698437509798822,15,D06_px-1055_py-0118,0.9211736561068651,1.698437509798822,2.322981794601435,2.0929505983819263,3.261416828322936,1.633587378993702
-261.83215379232337,308.0602630581935,24.85307128052716,1.47650431553813,51.6773326659972,1.6682749203136529,15,D06_px-1055_py-0118,0.954719319840464,1.6682749203136529,3.391799828417449,1.7406409985442115,2.4045669058078922,1.142579824497764
-235.43727820659493,333.4786682053342,24.61409821312781,1.4782963822915596,49.16552463554007,1.578560942999372,15,D06_px-1055_py-0118,0.9558780843181143,1.578560942999372,2.857852219621565,2.582297298758353,2.332214456635059,2.4894514109980257
300.67413782166744,355.7944750261665,34.49326302094016,1.4573662560304073,10.898056217075125,0.262187065482933,11,D06_px-1055_py-0118,0.9423444998253798,0.262187065482933,1.9757273036803453,1.4380812795026794,3.691796213691135,2.296080129155957
-197.6365546524489,361.4101047326637,40.92157455802169,1.4191335245312413,44.78727257227132,1.4642371682264064,14,D06_px-1055_py-0118,0.9176229145049716,1.4642371682264064,2.9321242801511955,1.8437690818949037,2.7291348977777794,2.279776880784145
49.30654092759089,-462.8682248360262,25.786445264267,1.485776074372543,11.980506778635233,-2.071652131878044,4,D06_px-1055_py-0118,0.9607145121300913,2.071652131878044,3.5588634841697644,2.92797853842366,3.2919222906218835,1.859554729116221
5.802499094416956,-446.6447497905751,20.197469625605777,1.5013441833846526,24.59864326128229,-2.164785282352894,3,D06_px-1055_py-0118,0.9707809740366563,2.164785282352894,2.3357128825749953,2.3141881638345714,2.745682691602342,2.686260957893899
-58.52541770158321,-441.6592328839206,34.43085019907608,1.4524558958883915,24.01620443623977,-2.3095209168828204,3,D06_px-1055_py-0118,0.9391694222820078,2.3095209168828204,2.7521477679345616,2.083503634613806,2.043009421301166,1.4873908716239266
-222.1049912903589,-428.5832290052986,22.35603057645676,1.4996656698127562,1.0834083041740428,-2.6559014395246705,2,D06_px-1055_py-0118,0.9696956339405659,2.6559014395246705,2.998885796855942,2.8284983996081765,2.914148961274814,2.3901384308744555
150.52820433439845,-427.2345637816334,29.6881499896968,1.4703050604734285,19.715918799534563,-1.83902547091292,4,D06_px-1055_py-0118,0.9507108326883406,1.83902547091292,3.1725848737472067,2.486277076783349,2.9923937128557236,1.8178747773909727
-147.711590475514,-422.4827645818848,32.65463279472277,1.459015944439105,22.90258882270461,-2.5141187860801057,2,D06_px-1055_py-0118,0.9434112013439099,2.5141187860801057,3.0984456955104767,2.2653224776174232,3.159384622277213,1.1811632384532236
186.87833953995525,-420.3092740691921,31.92031545011673,1.4644380980794554,14.956522235829084,-1.7594040862651146,5,D06_px-1055_py-0118,0.9469172085943519,1.7594040862651146,3.1399606293326703,1.8475875472892778,3.2786527413873707,1.2697108682487848
98.82274555131778,-420.3353232595899,20.971924965386847,1.4962132867851492,34.19410203476036,-1.946864825457813,4,D06_px-1055_py-0118,0.9674632958828581,1.946864825457813,3.2899390482573176,2.054243451857509,2.6353479856548283,1.9508761039263067
-254.00037298455555,-410.1872170574972,25.53299432566712,1.4895566431546154,1.0057641133709012,-2.732215447757384,2,D06_px-1055_py-0118,0.963159057681531,2.732215447757384,2.9145602814211045,2.713990988423463,3.049894618670133,1.1226856986940112
264.8073297140508,-389.9121286270916,26.03587870156366,1.486017151782824,8.17340854561661,-1.5811832860557706,5,D06_px-1055_py-0118,0.9608703946823807,1.5811832860557706,2.9378830237694804,1.7778438842103648,1.8054463311658753,2.410574115404813
-278.0420529170823,-387.32344188172647,30.560345423829347,1.472504416736531,4.228538090984387,-2.8003847749552704,2,D06_px-1055_py-0118,0.952132953770886,2.8003847749552704,2.263155096910946,2.9376085191194834,1.9994437990520266,2.0198337378693827
211.00278194796337,-360.1864314667304,35.7315450194767,1.4398623855867358,41.965083413402965,-1.6478514574386054,5,D06_px-1055_py-0118,0.9310263593304996,1.6478514574386054,1.6694635618648364,1.866112155922332,2.8011633546647694,1.9844630772846519
247.174919385047,-342.9209961451164,28.59779786907626,1.46708936230747,39.39316141449712,-1.5532309992559838,5,D06_px-1055_py-0118,0.9486315369263791,1.5532309992559838,2.388254815619761,2.1250032359242,3.0635242016000523,1.9968698548111332
-246.73750504173404,-341.3793951219103,32.79724619801891,1.4515735974809,39.89888337916045,-2.8036183416701026,2,D06_px-1055_py-0118,0.9385989211824634,2.8036183416701026,3.0752766366428395,1.9875470465604224,3.8981858411642687,1.2532113731755585
233.0021618441646,-334.70331179005825,33.06449258513521,1.4467043147229055,48.50740111452308,-1.5696415796858838,5,D06_px-1055_py-0118,0.9354504045991379,1.5696415796858838,3.4062722279988846,2.2082311533225036,3.5273269100143656,2.3585561404731767
-357.2687421811035,-323.30686069541764,28.760962902929577,1.479222308195563,1.1311054121845243,-3.0130343652243057,1,D06_px-1055_py-0118,0.9564767953005273,3.0130343652243057,3.123622299955686,3.6329126336434,2.6456449515495497,1.8160916305156072
-347.33130416517287,-323.32060741329974,33.50438858426742,1.462596002663097,5.387403461381098,-2.9989607623151664,1,D06_px-1055_py-0118,0.9457260951892104,2.9989607623151664,2.2363216580574488,2.239942491527748,2.6779881344424954,1.996458210238042
-285.1070438702399,-317.2186462230242,28.947876602433723,1.4667564783231306,36.90294157064847,-2.909911756002224,1,D06_px-1055_py-0118,0.9484162915202061,2.909911756002224,2.2702415811784586,2.4524292203420206,2.503002354835605,1.6212679395196354
-302.15513064787007,-306.8420899612267,27.611721187417288,1.4724712661906012,34.37010144003119,-2.955477982340452,1,D06_px-1055_py-0118,0.9521115183667836,2.955477982340452,3.032395262699433,2.3952370861451016,2.359695195953346,1.1348199321464998
-387.7180340717568,-276.9169698457353,29.364877023012586,1.476260266174913,4.559825073589423,-3.128364513956725,1,D06_px-1055_py-0118,0.954561515599998,3.128364513956725,2.6431782390416316,3.0213795696958714,3.750018731575575,2.231885761270944
-399.0755082716044,-262.53285657907225,34.416536979360046,1.4604033948425927,3.2458102246673093,3.1164888238807986,19,D06_px-1055_py-0118,0.9443083377028018,3.1164888238807986,2.8363870824610626,3.6316987645916248,3.4195184781028924,2.67297719859729
408.8161583246025,-256.5504182242205,29.723934866885827,1.476331914733982,0.5179354947649699,-1.1674066597478665,6,D06_px-1055_py-0118,0.9546078441226188,1.1674066597478665,3.2553024134778257,2.3397440244112957,2.257251066750992,2.051633571825236
-385.45663594207787,-252.0050939467174,29.265823308337133,1.473338654495524,14.875342683158747,3.1136433277795548,19,D06_px-1055_py-0118,0.9526723784765705,3.1136433277795548,2.139376603680187,2.4321229386510534,3.29193422457109,2.3050912822401646
-365.6424499390506,-240.75983874224403,30.90573912505016,1.4626127218009344,29.40729437713816,3.1169105696723265,19,D06_px-1055_py-0118,0.9457369059154211,3.1169105696723265,2.8038673297185,3.2796697054085007,2.8758715491498608,1.7578967377410475
-397.1059585779191,-233.2589871194896,28.407142590643275,1.4761851702393538,14.94397289818312,3.0657144255652287,19,D06_px-1055_py-0118,0.9545129579765863,3.0657144255652287,3.3799241079744458,3.2742397587408476,3.4022725814002603,2.7708206067042678
-425.3816112839541,-227.77650397634025,24.30275541133,1.4934652188663269,1.0616325366836463,3.0262277395689186,19,D06_px-1055_py-0118,0.9656863735218982,3.0262277395689186,3.2048097736204557,3.1403904022878524,3.1076326092931987,1.502710669665436
400.8714649974641,-200.5995350657745,27.31718906661285,1.477315217779836,22.99635732804325,-1.0709539803469312,7,D06_px-1055_py-0118,0.9552436556168729,1.0709539803469312,2.518099730606161,1.668963488841848,2.8460162623040284,1.8548892574720282
-416.0670955085932,-177.8944269219653,29.227915030527186,1.4717495542413956,20.06879965976321,2.9386516965319167,19,D06_px-1055_py-0118,0.9516448537359965,2.9386516965319167,3.5066801701205743,2.9017567126084285,3.400723534201643,1.1460785071803152
-400.477381325111,-173.6664339755185,34.9935857598864,1.4480829519187248,29.76171979391808,2.94378630005587,19,D06_px-1055_py-0118,0.9363418422685359,2.94378630005587,2.3578775842040427,1.9591101673004465,2.887218456654855,2.3985470298122573
-419.5668684455496,-152.65031524810158,35.01964055652866,1.4507060199331463,23.330904485116264,2.883553666404758,19,D06_px-1055_py-0118,0.9380379387067715,2.883553666404758,3.291464126808515,3.0641734956283964,2.7528493772059917,2.026647527280149
-449.4822292515452,-125.4731134016411,29.07682630060748,1.475230651493863,10.920125446969053,2.806833754012498,18,D06_px-1055_py-0118,0.9538957586376613,2.806833754012498,2.656567639604821,2.7887885134074777,2.8202004821265625,2.615365440973838
-415.8315149892951,25.32962246329117,31.34722775591132,1.4555477989884702,43.044061080493634,2.473775106126053,17,D06_px-1055_py-0118,0.9411686711793223,2.473775106126053,3.8483707380473686,2.0928134333663952,3.2733768476066487,2.1827090392919772
-450.2752009842943,71.33641830055939,32.350808841919445,1.462055107927267,17.554044524412006,2.3774905217297326,17,D06_px-1055_py-0118,0.9453763483927652,2.3774905217297326,3.0656786207468962,1.3839840851611154,2.670539744022983,1.2747200044784806
-407.3590187938934,93.77888460091133,36.92894337700432,1.43571058259185,41.43658987081278,2.3083435106092245,17,D06_px-1055_py-0118,0.9283417708130969,2.3083435106092245,1.8665057400331717,2.696947852743299,2.6321607805099427,1.6371658956236819
-444.3353254552379,109.8699127942283,29.679519073357312,1.4713676743628374,16.650822278080454,2.2922073892718813,17,D06_px-1055_py-0118,0.9513979271987144,2.2922073892718813,2.0929266479716557,1.95970427289773,1.8806723060076225,2.372324742211441
-430.837397198236,176.7802055258869,24.24185071051477,1.4908819940522595,11.972799079241042,2.145243949568751,16,D06_px-1055_py-0118,0.9640160400108292,2.145243949568751,2.705703652730256,1.6852243378863485,2.8421949221284946,2.2021503905951176
397.2951839253724,190.3074430606292,33.069486455292804,1.4558153900807935,27.400756045910327,-0.16026637338005,10,D06_px-1055_py-0118,0.9413416976872504,0.16026637338005,1.8115668134136835,1.951442067474157,3.2028671915707396,2.590409252861356
438.6095733935344,230.2670125405952,20.21973237305781,1.5080838728572816,6.9872740939158575,-0.1235379163119169,10,D06_px-1055_py-0118,0.9751389103335775,0.1235379163119169,1.5448831403512164,1.6804488273953524,3.8165003881673876,1.2203035374193978
427.7016899042816,252.06224248022733,31.87319868562338,1.4723433021505328,8.619872038644587,-0.0744342237739136,10,D06_px-1055_py-0118,0.9520287758105902,0.0744342237739136,1.9558976122959528,1.0193252403308128,2.5272915269379483,2.0449916661350485
372.6218032834647,263.3754173170802,33.692672219494284,1.4576840336461354,17.138529391976306,0.0083069490028097,10,D06_px-1055_py-0118,0.9425499773346263,0.0083069490028097,1.452204452670267,1.724256950770172,2.3683408045911563,0.9456395656263362
416.6510355244113,271.45830713785017,27.09005049169048,1.4871818566823296,8.721526565640602,-0.0295334379590599,10,D06_px-1055_py-0118,0.961623502043984,0.0295334379590599,1.655910820121061,1.076178062247764,2.44706489464145,1.3591913644661824
407.9188362449026,282.95202354277586,21.82454514707331,1.5032661207756612,7.783849097126222,-0.0005294900436378,10,D06_px-1055_py-0118,0.9720237138914674,0.0005294900436378,2.467742544780016,2.0289871745512436,3.0456852140860793,2.017024310264153
-320.32946445871306,327.91996887265685,30.86076476897444,1.4675937103728325,16.08157366189488,1.7375062592828652,15,D06_px-1055_py-0118,0.9489576523578469,1.7375062592828652,2.9430651441787887,1.2725259418627615,2.5185633049797627,1.481752669881946
352.5516886595509,353.70687146751465,30.68230886917962,1.47655595090087,10.413512874219634,0.1800542673534216,11,D06_px-1055_py-0118,0.9547527076727081,0.1800542673534216,1.6320697314779378,2.55494645078691,3.4754557807728066,2.479686448275812
265.97947666213975,390.30307221988096,32.12254529827112,1.4665436175592008,6.96311384596072,0.3656362531786061,11,D06_px-1055_py-0118,0.9482786540736906,0.3656362531786061,2.1346678730410575,1.5469259796407742,2.138446167921916,2.382351461612787
238.0106696805001,415.8070427599731,24.57878797124385,1.4920347765570536,3.2551893467961577,0.4439337552168426,11,D06_px-1055_py-0118,0.9647614382581075,0.4439337552168426,2.9168505932392055,1.7814496659823948,3.155383151454671,1.9262881521174697
-24.1807288774076,-460.663124982197,28.278699356920185,1.4767628623312934,14.47007552232526,-2.2302188601847512,3,D06_px-1055_py-0118,0.9548864982333195,2.2302188601847512,2.5784573757591307,1.890288551269919,3.2226482510080476,1.9879501316231676
-186.5083196765174,-458.8186135346973,32.034729004649705,1.4716145911478034,7.876465844442521,-2.5638703883888074,2,D06_px-1055_py-0118,0.9515575855366678,2.5638703883888074,2.596754780622067,2.1360585585611958,3.642568025115504,2.7963862252671476
-136.0347022704775,-448.7034323271772,26.631842758190373,1.4836332593449113,9.716211965378818,-2.472140984665893,3,D06_px-1055_py-0118,0.9593289510557378,2.472140984665893,2.070277295705803,1.8681470271855276,1.9831905842593835,1.5668423275465648
-67.11429833808491,-438.86721245683526,30.232633928281302,1.4664136752390229,25.484514567058056,-2.3295263869580216,3,D06_px-1055_py-0118,0.9481946323459969,2.3295263869580216,2.888233155252534,1.2858016852550231,2.874428782229098,2.5254250258316335
-244.88774705375903,-428.00773334692167,25.462715218243943,1.4915218062830295,5.889491854955963,-2.697471146070874,2,D06_px-1055_py-0118,0.9644297476386079,2.697471146070874,1.7123105267203882,2.6246245657281646,3.595473421689957,2.888348614344964
-236.18224567386065,-415.9451955018771,33.41791582781565,1.463723069563378,2.943440362144713,-2.69419788170892,2,D06_px-1055_py-0118,0.9464548655240663,2.69419788170892,2.4161809436381994,2.770383496642297,2.7317174974917116,2.1783040245803758
-207.9570879361937,-406.26082947811193,33.08547080771393,1.4597268996485653,17.14955390267795,-2.650882810607027,2,D06_px-1055_py-0118,0.9438709105820542,2.650882810607027,3.5598079794864717,2.3321357400899903,3.4167039313668264,1.5945701902004341
-337.49516723340986,-353.49463311713004,33.46182889199838,1.465850590685522,3.7910081342727153,-2.9400237417378987,1,D06_px-1055_py-0118,0.9478305374386717,2.9400237417378987,3.1356982927577057,3.6011265220151767,2.5025666129355217,2.330972762755172
279.335328468865,-356.7013035589696,23.31569606014904,1.4917878667464983,20.232852253742863,-1.5134206692507757,5,D06_px-1055_py-0118,0.9646017844298629,1.5134206692507757,3.185029837837563,1.9330841300050483,2.7977100392670815,2.477452308455662
-313.09053961681155,-332.12482800381,38.02895637999927,1.4433108576054836,16.53401064668367,-2.93368190134642,1,D06_px-1055_py-0118,0.9332561684990748,2.93368190134642,3.154708382165331,2.3519545910754145,2.8206080791667216,1.784671604566104
317.7052159743752,-330.78048318661325,19.89590125815579,1.5041566244522844,16.863523296748554,-1.4125377323765775,6,D06_px-1055_py-0118,0.9725995205826595,1.4125377323765775,2.233623768518803,1.126511897742729,2.5665482352630455,1.5866203830749084
348.04564224644605,-311.11652370961104,21.788914095529265,1.4991127470438967,11.423789507947276,-1.3364118703514585,6,D06_px-1055_py-0118,0.9693381097232274,1.3364118703514585,2.5613619401460648,1.9797508487620927,3.420710871619778,1.4263676472233684
358.6342623888906,-295.72111550551665,20.91232766453448,1.5016928010526704,12.779737875179135,-1.2965270875100274,6,D06_px-1055_py-0118,0.9710063929666193,1.2965270875100274,2.5324822376328,3.0268860680362812,3.774448670630873,1.8448054991420009
-359.0127110781748,-230.6301290007281,23.26624212928624,1.487107833565834,37.30905547196585,3.105627785154552,19,D06_px-1055_py-0118,0.9615756381138285,3.105627785154552,2.809080608021453,2.5071399987251772,3.1763130030291977,2.712067961420436
382.19884038591226,-220.29330389209773,35.706253098709,1.4469098224877686,26.687857578279875,-1.1298533170006968,7,D06_px-1055_py-0118,0.9355832875385423,1.1298533170006968,3.9917603204500094,2.3949089099089544,1.9063959137700384,1.9899499083693082
-385.0161547741594,-203.49439329919497,33.87383465804311,1.451694831410082,30.55887357976519,3.0208270372233463,19,D06_px-1055_py-0118,0.9386773119959491,3.0208270372233463,3.2836924205566396,4.281020700533949,2.8995452796239425,1.8271008048753652
-386.0547582083914,-186.35661510089145,30.37224260268732,1.4622241662634232,35.351082347288695,2.984341964098027,19,D06_px-1055_py-0118,0.9454856628444805,2.984341964098027,3.1032168046540693,3.3576172149405563,2.9490659761141105,1.9992246202183965
-368.8690488728918,-184.40776572327093,31.858206819236106,1.4525028045624464,45.69987033988127,2.998202695007304,19,D06_px-1055_py-0118,0.9391997538001192,2.998202695007304,2.3925052974947754,3.12941285144805,2.423620826115549,2.7384947020908017
392.3729333481606,-125.90771106302186,37.90330567135408,1.4302210294986697,45.12387670230629,-0.9174876572989524,7,D06_px-1055_py-0118,0.9247921825455957,0.9174876572989524,2.256413311944236,1.831901873937261,3.084309808849099,2.106671364868575
-411.5145347447044,-111.86333411040376,36.024107316563175,1.4415593576454344,36.121833515987134,2.80003285496646,18,D06_px-1055_py-0118,0.932123634829541,2.80003285496646,2.6027100387836013,2.983695732259239,3.039962084619556,2.293883830930656
-449.95525135708215,-78.43460044421083,26.91195835978885,1.4803944912920235,17.545410919006883,2.7071954694721456,18,D06_px-1055_py-0118,0.9572347381231823,2.7071954694721456,3.272854645731526,2.3238726199130264,2.7935815900042833,2.1911159746855966
410.9886216398008,-71.92746222704264,35.33797563251187,1.4412254463957488,42.14841897470546,-0.7802357121983269,8,D06_px-1055_py-0118,0.931907725185504,0.7802357121983269,3.3625049474237754,1.8469959700254168,3.0715752043506725,1.8430683369954233
-477.805966098161,-2.391421691655838,30.48041142982936,1.4729686092342735,3.57401699583096,2.539618085890328,18,D06_px-1055_py-0118,0.9524331042960528,2.539618085890328,3.7359218806799164,2.1651679891857043,3.9382593461981497,2.00368592778863
393.5820169794336,156.35862923224923,36.168914192404486,1.4401536946421578,38.0009463697175,-0.2288281549297426,9,D06_px-1055_py-0118,0.9312147220601774,0.2288281549297426,2.8671916836221563,1.5679940756182578,3.5177923643693907,1.9201093356858974
-409.5293725945489,182.9109896135867,34.4795121216348,1.4530756727836749,22.07367109001416,2.1145593468192088,16,D06_px-1055_py-0118,0.9395701749040563,2.1145593468192088,3.591979911498502,1.6505828920368866,3.1093334057276287,2.257491405527968
-401.7693217350846,225.7912238373745,36.33226123319167,1.4501023621686722,13.883811028874163,2.022609494552177,16,D06_px-1055_py-0118,0.9376476088416636,2.022609494552177,2.8259790138686247,1.0376748656958452,3.505869904999466,1.393126275928649
-336.71371387106024,227.41746727145303,32.46620086129525,1.4484818160012742,49.54875685029055,1.9405866196132944,16,D06_px-1055_py-0118,0.9365997509258916,1.9405866196132944,2.7702777885062844,1.9234428767457628,3.0748040022570216,1.9767819394294284
-315.68672952240365,254.61068027095016,30.802067987184444,1.4544804585018598,50.23183779904349,1.8559034002419668,16,D06_px-1055_py-0118,0.9404785204139698,1.8559034002419668,2.6543409090533703,2.0382079260715527,3.88223855392172,2.052885328721265
382.2027181866189,274.0914080689616,28.03983007449699,1.4793321341485888,8.649830902675774,0.0151548998047579,10,D06_px-1055_py-0118,0.9565478096267775,0.0151548998047579,1.7327906147738916,2.1739564123967487,2.4681308324489,2.2729839670063834
388.75283869817935,304.5579973986829,27.55588645854641,1.4851624382558597,6.536901188436502,0.0575715648893573,10,D06_px-1055_py-0118,0.9603177301838522,0.0575715648893573,1.7775115540839095,1.0094419886013064,3.680732038524443,0.8858625646598051
-305.04757398315337,304.70163994189323,28.89588801297822,1.468052811286022,33.90553213304241,1.7497822965300722,15,D06_px-1055_py-0118,0.9492545106243389,1.7497822965300722,2.5846953182062737,1.0001178293618287,3.023982286120358,1.837606098670042
385.1694143521758,320.05990181024606,21.788728094977103,1.5039599721069383,10.60009423161955,0.086355723664602,10,D06_px-1055_py-0118,0.972472363627263,0.086355723664602,2.2006630719728815,1.5990236890032672,2.286939267047775,1.5337278310273583
-301.61582060029286,322.0610588285292,29.05852957264716,1.4698238665924912,27.36760401841229,1.7164449137579347,15,D06_px-1055_py-0118,0.9503996889348918,1.7164449137579347,2.1934282410033474,3.2745958521723035,2.388418211377507,1.3256858934577411
325.19150200070254,340.55576924492016,31.55998729102584,1.468046450724562,7.949227583820516,0.2014927635741854,11,D06_px-1055_py-0118,0.949250397835201,0.2014927635741854,2.1580829846294636,1.6842277038820062,3.0433339208651295,2.596604170425633
-281.2560098404897,345.223444047064,23.10678136992692,1.491132349291741,25.28379435339167,1.6474614006179935,15,D06_px-1055_py-0118,0.9641779216805547,1.6474614006179935,2.8587919707191984,1.6212558815654916,2.8910552525228113,2.6983025096366555
-210.031757084904,355.4025104770165,33.62361315070484,1.4461419208278752,45.20941119097364,1.4975691621453064,15,D06_px-1055_py-0118,0.9350867562770196,1.4975691621453064,1.997367205540397,1.4931542098713053,3.361451661245452,2.329656484680021
307.345795833808,378.04957632068846,30.23012821349317,1.4756289692550495,2.488385574725612,0.2812126894974192,11,D06_px-1055_py-0118,0.9541533140393208,0.2812126894974192,2.5102577583592676,1.6274899527036335,2.9841582086213467,1.3743430511210237
130.54508955390517,396.8026747381618,35.72957733891542,1.4399577953652904,41.78173531553409,0.6459780975896648,12,D06_px-1055_py-0118,0.9310880520447905,0.6459780975896648,3.8640478849623134,2.3393588954024827,2.5709152968809668,1.8545235902072714
-210.3138508541268,414.7775021666026,31.147696407173555,1.4681172126063016,11.760322374699,1.4330902459058144,14,D06_px-1055_py-0118,0.9492961530252767,1.4330902459058144,2.775349185528131,2.915180772830939,3.0781782520915666,1.430877138789485
-200.20689585581545,425.03864599470137,27.39119628052714,1.4813431177375351,9.028164316417076,1.4040228022706729,14,D06_px-1055_py-0118,0.9578481274545311,1.4040228022706729,3.6941843852510226,2.3774550542774833,4.386262846045696,3.0194257587366193
25.43755651004841,-485.0395133314499,27.85391411956391,1.482797622531194,1.2914098102574485,-2.125379563000981,4,D06_px-1055_py-0118,0.9587886217102493,2.125379563000981,2.643592625652004,1.7307786528639422,1.8873621159390455,1.686869367260064
-48.23520789585447,-471.250931388089,20.789414494978303,1.503381579151079,7.029370011488084,-2.279776316029728,3,D06_px-1055_py-0118,0.972098370186399,2.279776316029728,2.762522392133987,2.574433602456261,3.207022892472396,1.3584439027918225
-12.941976229772957,-474.9613228982231,28.411880804336704,1.479058909112066,5.500308961965232,-2.2050176022817904,3,D06_px-1055_py-0118,0.9563711401661554,2.2050176022817904,2.8763531222254635,2.2827831744370815,2.9312086083519717,2.0153070953714014
34.87587515475428,-472.248123307954,28.889308712855097,1.4772122373853254,6.493897387490449,-2.1040589361969357,4,D06_px-1055_py-0118,0.9551770676826762,2.1040589361969357,3.038913821520789,1.8859241653394099,2.1598025870366295,1.160135568574083
-88.17581294019305,-437.06140360847326,29.528735440928187,1.4692580600195149,24.329710368024053,-2.376850629534092,3,D06_px-1055_py-0118,0.9500338339483343,2.376850629534092,1.860696089888058,2.262192391942958,3.2289644176653347,2.447695535834846
250.7506101192116,-384.08267540077225,26.132379152929843,1.4833706398596114,16.353152905018362,-1.5993956505732432,5,D06_px-1055_py-0118,0.9591591392280691,1.5993956505732432,2.7456195323315793,1.7123609843192031,2.945152363561074,2.4512236159882135
-177.39373935915478,-372.38400314008913,29.877597692184736,1.459816757944483,45.87336059710208,-2.6223439631424603,2,D06_px-1055_py-0118,0.9439290136639469,2.6223439631424603,3.1719100967492224,1.8078117343454407,2.2660740367506556,1.604640167859491
-201.799979316716,-355.76592131299094,33.83245194132576,1.4442196641304983,47.6405915317128,-2.6937487810066445,2,D06_px-1055_py-0118,0.933843809956196,2.6937487810066445,1.9282947439935092,2.979230355466508,2.8914195515615697,1.5816338107680115
200.9303583194572,-355.1030643263283,31.747688843322805,1.4516536256805026,48.54466512962881,-1.6628552825154372,5,D06_px-1055_py-0118,0.9386506680466538,1.6628552825154372,2.7526003052443464,1.756578097908051,4.108607993579621,2.7275967509012027
-285.5549759211749,-348.9382943647758,33.32655167268405,1.457570031042458,20.678246585760007,-2.863608374106807,1,D06_px-1055_py-0118,0.9424762623531681,2.863608374106807,2.797912772032558,2.691729808509729,2.527172606690101,2.8036687574304837
328.9097849246033,-334.5172866850935,29.728810745448527,1.4736111217064594,9.263301508222469,-1.4008298197668705,6,D06_px-1055_py-0118,0.9528485579211989,1.4008298197668705,2.6423972501408053,1.7636697241486636,2.4894784199720954,1.745783728137291
-331.6015592586519,-305.44580766595425,25.93695829095265,1.4825182217241262,21.45229121106786,-3.004208755893077,1,D06_px-1055_py-0118,0.9586079589477503,3.004208755893077,3.2643068179485466,3.2771389227369774,2.8646136813093395,2.757742391501003
-295.76789501692895,-292.0854207440387,27.479805294421965,1.4694408861697672,44.055988253476414,-2.969438214142053,1,D06_px-1055_py-0118,0.9501520507770839,2.969438214142053,2.728617218033821,2.313910668043314,3.275635822594666,1.4282071606661852
-346.4301314442414,-277.6071299690517,26.886729628954072,1.4778886228540555,25.8353182297069,-3.073016798496114,1,D06_px-1055_py-0118,0.9556144238541823,3.073016798496114,2.944014757034366,2.773284267036684,2.531649645988862,1.40500676285845
320.0321957503049,-276.65817921013786,25.15418114675924,1.479571856950268,39.521665613959954,-1.3198143293214233,6,D06_px-1055_py-0118,0.9567028162784758,1.3198143293214233,3.219276917793367,0.9771292054968255,3.2989464004118587,1.997841785480944
-351.7572628386519,-253.2556093124351,20.947511208259755,1.496581586849265,33.12921932814288,-3.124567143882848,1,D06_px-1055_py-0118,0.9677014416051627,3.124567143882848,2.904710751076227,2.1813897282176464,3.1157589446654805,1.20402546957987
-373.1024671826368,-194.560284357354,24.96356985602569,1.4797772312349469,40.99743883296094,3.015285758425156,19,D06_px-1055_py-0118,0.9568356129085417,3.015285758425156,3.448459998275484,3.1860035972166125,3.199486744025319,2.036586542020476
446.41654503122777,-193.28704449260363,34.95657942552748,1.4606919590909575,2.4843534721302944,-1.0155853374184185,7,D06_px-1055_py-0118,0.9444949256186175,1.0155853374184185,2.73223439869666,2.024987830045501,4.1041718376822445,1.8415818058108733
422.4759011788998,-190.15554477857305,19.079547200243383,1.5075239414260275,13.896396907600716,-1.02991492550402,7,D06_px-1055_py-0118,0.974776854259932,1.02991492550402,3.3035806210054175,1.2085820945222514,2.7258989704572003,3.192912819452265
412.0132128808044,-190.209058192695,32.11590936284284,1.462344948299061,18.930721039534543,-1.0394855738881694,7,D06_px-1055_py-0118,0.9455637614600413,1.0394855738881694,2.5127565843491846,2.110756458733865,2.868064381301839,1.830309812679542
375.1554888086727,-158.5487220701376,29.31300815323283,1.4605192154054765,49.29210572528143,-1.0068337240518113,7,D06_px-1055_py-0118,0.9443832281910017,1.0068337240518113,2.9924911118049904,1.703085468445765,3.5709105923289783,1.9930638729201597
433.7433174959093,-123.28333105526956,34.25067389121216,1.454467426418823,20.54916285502196,-0.8839073874721595,7,D06_px-1055_py-0118,0.9404700937664335,0.8839073874721595,2.8003992948893233,1.9946221997500353,3.159950284654865,1.9407801217263838
-485.4534685990164,-64.21073311420803,29.344206734988063,1.4788637777185865,3.998957693047658,2.6661193498632576,18,D06_px-1055_py-0118,0.9562449666702152,2.6661193498632576,3.0483612778769804,2.23241493949382,1.9696957603723173,2.896097142694659
421.8606080164647,-30.6101343537105,34.47716544691389,1.4460442591082785,38.56025322803441,-0.6794124226394642,8,D06_px-1055_py-0118,0.935023607439914,0.6794124226394642,2.8458850922380696,2.098737188337898,3.4439186102772403,2.150132819794329
-394.0429667658754,79.42008356132025,36.456932235428496,1.4321585911052732,51.83417910984798,2.3357258578240447,17,D06_px-1055_py-0118,0.9260450251412716,2.3357258578240447,3.146196757309512,2.092994358328734,2.898968393988459,2.785983995458241
-461.1360747805191,98.90767872898978,26.364663759422,1.4850045551389135,7.956652243089252,2.3233273778403185,17,D06_px-1055_py-0118,0.9602156417168977,2.3233273778403185,3.0823154535727824,1.5143720491960306,2.7456742750726306,1.3845444349664109
-431.1698426003306,123.14651267906076,32.051022448255424,1.4612719526691025,22.41974680696785,2.2564096790735566,17,D06_px-1055_py-0118,0.9448699540344583,2.2564096790735566,3.1468598894592064,2.8851297620012555,1.5003776562361488,1.814389098732642
-435.6627789370328,144.22176379138784,30.67953535400096,1.46830671758467,15.77630557951204,2.2149280734489363,17,D06_px-1055_py-0118,0.9494186884368907,2.2149280734489363,3.1962985568673954,2.142541492109178,3.617047007373583,1.5625281508475148
-363.0662489717624,278.1106936434844,20.718222515728712,1.5012145731252025,17.6498155042799,1.880947027049444,16,D06_px-1055_py-0118,0.9706971670220446,1.880947027049444,4.02004345321043,2.3485159579662565,2.114580246383483,1.739602858112261
-347.5858019969001,286.3614768360508,23.263750912480305,1.49149134150987,21.99079692507894,1.8454927389406863,16,D06_px-1055_py-0118,0.9644100488763329,1.8454927389406863,2.9736736630458727,2.261809216835392,2.6391272932848215,1.5998985649993518
340.7327445918855,302.3544611129691,25.3790781342513,1.4852944791456175,18.457012385269536,0.1188111335450443,10,D06_px-1055_py-0118,0.9604031088631654,0.1188111335450443,1.409034352723713,1.457418533588322,1.918993962994545,2.072590781964479
70.44268255597322,381.635772500115,33.08713329199145,1.4403747415606134,61.22955644889319,0.7812902692879365,12,D06_px-1055_py-0118,0.931357652738686,0.7812902692879365,3.758172094614413,2.6151375796209315,2.8885497360368255,1.6317545780953941
-116.93167155032668,377.2932017361196,25.04098678388073,1.473572632899278,57.67714207140938,1.264351804740611,14,D06_px-1055_py-0118,0.9528236707553255,1.264351804740611,3.267561387514417,2.7374505137695633,3.4493163448908906,1.8326459235165595
-286.43289223262707,381.07220577731016,22.3515978505755,1.498788063091678,4.972244358173839,1.608373015289163,15,D06_px-1055_py-0118,0.9691281665224095,1.608373015289163,3.2390814442509477,1.783259551623242,3.6035873627728225,2.0892383434584882
-120.4605855782654,396.79554403530136,30.376911582977755,1.4585709348265028,44.39717145643442,1.2585579657536323,14,D06_px-1055_py-0118,0.9431234546233652,1.2585579657536323,2.89875353247925,1.5513059386888457,3.4388795679102064,1.7086024238063637
-93.39064468127933,-483.3452151457732,27.419079032465163,1.4853165400564423,5.513889248526368,-2.368641140983608,3,D06_px-1055_py-0118,0.9604173736218634,2.368641140983608,2.7084571762181047,1.6111162021521848,2.5388658627107743,2.3529763734805256
20.10854426697095,-461.3590646767018,28.623522452578925,1.4757254885151836,14.114132804067708,-2.1342179729079427,4,D06_px-1055_py-0118,0.9542157241531396,2.1342179729079427,3.2800507843149003,1.8234132736616468,3.449906920104895,1.0537440642607183
-161.07808614657344,-441.8772113521315,30.70813358582313,1.4706830719530566,8.39696315355883,-2.527337076851644,2,D06_px-1055_py-0118,0.9509552578884056,2.527337076851644,3.0652718065417037,1.7930968355068202,2.957208363077301,1.6686130587166006
-45.88995108094545,-442.8130179734897,27.53425156072808,1.4759295204086946,24.96692821917605,-2.2810400299250944,3,D06_px-1055_py-0118,0.9543476527825034,2.2810400299250944,3.225475784065765,2.586179918406903,3.389628701270083,1.6240547705925514
-229.0089952655807,-396.7090443100619,27.56369481642361,1.478483670659031,16.62875076946466,-2.701315877101097,2,D06_px-1055_py-0118,0.9559991864516635,2.701315877101097,1.885043158361671,2.139354663483065,3.824638546822354,1.99087231873943
-187.5455122216821,-394.85405232223593,22.599525106482247,1.491425380385767,30.611744588519,-2.621203195193548,2,D06_px-1055_py-0118,0.9643673978939572,2.621203195193548,3.249621663366685,1.7596531509149198,2.7066701890118536,2.7855528439161636
271.9017619130171,-378.3732218219748,26.82935777316765,1.4824399445131295,11.59909173845881,-1.5546706224999762,5,D06_px-1055_py-0118,0.9585573442865839,1.5546706224999762,3.5931745789218508,2.043162056959052,3.3382427856496504,1.7633795232033362
297.0935058076466,-351.90051764947503,22.49321024224713,1.4957975955875868,15.44800099447707,-1.476626973580989,6,D06_px-1055_py-0118,0.9671945066803993,1.476626973580989,2.997531180893903,2.373439821104834,3.507480350066577,1.9668950956233577
379.7491210670382,-292.79113976250227,27.937354221657017,1.4814021224753418,2.7086320866937967,-1.263793275551614,6,D06_px-1055_py-0118,0.9578862803827367,1.263793275551614,2.404033686212099,2.3047284207073813,1.9411064247729903,1.3709250175110115
-331.9272544486821,-287.3094213169443,25.69249619572912,1.481000252305418,29.13853045337652,-3.0351026745624403,1,D06_px-1055_py-0118,0.9576264279656078,3.0351026745624403,3.0290681318534673,2.7034829313201656,2.669833198030741,1.6223759586319273
-383.02867147703336,-235.0684388675364,29.98212303796248,1.468516617185312,21.99364803992125,3.0850523959179523,19,D06_px-1055_py-0118,0.9495544111719012,3.0850523959179523,2.3786868792835936,2.9858907367701457,3.5528835224578774,2.5222262331699254
-385.9324434679857,-221.42799599932908,29.672011199649035,1.468558302605391,24.912860523105053,3.055506036702339,19,D06_px-1055_py-0118,0.9495813652928519,3.055506036702339,3.2059120141401833,3.000205036684882,2.831076870352628,1.5433295106497027
-406.3313979522515,-208.8079079885272,25.893869236501985,1.4838164026781029,17.568806375560314,3.0093075076841176,19,D06_px-1055_py-0118,0.9594473729774742,3.0093075076841176,2.1716587200659054,2.9317209529355397,2.4596524464612806,2.213620476775878
-418.9589197714423,-122.23669008670088,30.17808910583909,1.4648132322001173,30.365762741663048,2.8184959627834845,19,D06_px-1055_py-0118,0.9471597732714465,2.8184959627834845,2.1965881985928695,4.075498166697843,3.065855915745183,1.9201993167742828
-475.9372525437872,-85.39609663532973,28.478386689725426,1.480434017151814,0.0567854330115551,2.712151197274886,18,D06_px-1055_py-0118,0.9572602958554409,2.712151197274886,3.442196199635724,3.06767958442091,3.8864246116314694,1.8579693438652503
-441.76575076759417,-43.669006306204736,33.62006937304028,1.4548043840386238,25.144608286991627,2.633144066549705,18,D06_px-1055_py-0118,0.9406879732173811,2.633144066549705,4.105196308453692,2.4747627700763566,2.9062710100412827,2.1772811244140895
-405.5557034034029,42.720345585228095,30.38820408265201,1.456652328152244,48.837994213326624,2.429662359462478,17,D06_px-1055_py-0118,0.9418828684362385,2.429662359462478,3.1302206933836407,1.9177814083210212,2.8841328927035303,2.5599371875900725
-437.26276076310114,54.97745503616723,30.427712104005025,1.4649728167149398,27.57389702182155,2.4095385038359245,17,D06_px-1055_py-0118,0.9472629618756687,2.4095385038359245,2.8717793168353665,2.2472740651711813,3.522473166639127,3.0516093366162105
-451.1799938327743,90.72158916390104,30.23764446395421,1.4700555441859462,14.982630161959436,2.336182903756047,17,D06_px-1055_py-0118,0.9505494934915856,2.336182903756047,2.86848661894224,2.100094819074383,2.6256285822016334,1.9405946663484896
426.3130917144396,166.94665642487857,33.941248971837126,1.4572346703182546,16.121036474286086,-0.2337304600879836,9,D06_px-1055_py-0118,0.9422594154674914,0.2337304600879836,1.9319461248734746,2.0231914691171236,3.0594476486901687,2.7430409823380044
-372.6514672600417,181.37214590949336,37.18361320281758,1.433633833284612,43.70028976665424,2.0816562049018006,16,D06_px-1055_py-0118,0.9269989283539045,2.0816562049018006,3.057017574639116,2.177184996117856,3.6213932179891595,2.220460465474445
364.8022611835554,203.775155494082,25.063503498979287,1.4787785178590358,42.882467665988656,-0.0975646971201958,10,D06_px-1055_py-0118,0.9561898369734961,0.0975646971201958,2.471583600210291,2.086973196707755,2.886159294421496,2.0134179763312057
-357.7687750273898,250.46913652277365,37.01204065626331,1.4411460464442665,29.366569588926552,1.923829017865585,16,D06_px-1055_py-0118,0.9318563845514964,1.923829017865585,3.4293121151548918,2.5275671396501393,3.0043816523961375,1.3654391348499506
261.14594289117,315.39361860429483,23.13274989763579,1.4841009758675985,48.4813136603168,0.2722342766295721,11,D06_px-1055_py-0118,0.9596313802431902,0.2722342766295721,2.286671211302096,2.309646000945038,2.636399301420188,2.334413642996399
-297.90536409079687,340.9132489319687,29.54476984512047,1.4707341737795645,19.886411702148337,1.681992304109528,15,D06_px-1055_py-0118,0.9509883007319198,1.681992304109528,2.937998690414395,2.73637128292709,3.538532096185844,1.118931904715525
-320.480499656985,347.7953382461634,30.30105373666754,1.4725445285630585,6.745114316314471,1.7083640984562232,15,D06_px-1055_py-0118,0.952158890393852,1.7083640984562232,2.6215836686821987,2.525042663567155,3.0592247026599475,2.441286743711098
226.1021702041366,384.6512116109284,26.82320039586091,1.478570822997999,24.387551903826022,0.4324080905930595,11,D06_px-1055_py-0118,0.9560555398404795,0.4324080905930595,3.261766078093733,2.128078365325187,2.529023866244607,1.747876054308087
-183.6281941038949,394.7129158326253,27.388015069172468,1.474308671876188,31.35303642859889,1.3992550306937406,14,D06_px-1055_py-0118,0.9532995993550705,1.3992550306937406,2.825014074720289,1.8218225011916274,2.8897885171310094,2.079023231800676
273.90539759981823,396.00911421614296,20.118620330748342,1.5066034812980718,2.019465799654654,0.3587071428841494,11,D06_px-1055_py-0118,0.9741816774913616,0.3587071428841494,3.4770900072902347,2.569813843738771,2.2433765074430365,1.5081159523096488
256.8075481868289,402.2459390007015,22.548116282134345,1.49823541088105,4.623632267343567,0.3956152336435582,11,D06_px-1055_py-0118,0.9687708172501545,0.3956152336435582,2.0590551451631245,2.0790866636171152,3.010354156794393,1.8852283882532028
253.461540116196,424.1475710284226,27.72873895882765,1.484673513518706,6.721875899393865,0.4251795886091497,11,D06_px-1055_py-0118,0.9600015875978832,0.4251795886091497,2.3858355777185127,0.7617766734677709,2.6658703710470286,2.0564848338313366
0.8257305526854871,-477.29106312311353,28.345495328451875,1.4796828500856671,4.112011891716236,-2.176045824708822,3,D06_px-1055_py-0118,0.9567745853140417,2.176045824708822,2.258343785278623,1.4580993984839015,2.8889801017499988,2.3813542541968733
-33.59785882391957,-477.08596668189807,24.55214679413069,1.4919820900737997,3.801960887087944,-2.24808285572346,3,D06_px-1055_py-0118,0.9647273707630601,2.24808285572346,2.129947867201761,2.5756892466316836,2.516331220353437,2.1498956716336997
-176.23926728089066,-452.1637740720772,24.68437923102016,1.492702290424078,0.7629526071495434,-2.54943111621599,2,D06_px-1055_py-0118,0.9651930579820752,2.54943111621599,2.684775424612332,2.338191185683748,2.9392729703794305,2.714543933519627
-223.0971837029108,-440.439599921725,23.30072714340844,1.4983170223398636,6.118861636847896,-2.6466361836315726,2,D06_px-1055_py-0118,0.9688235878622209,2.6466361836315726,2.9813539206104362,2.5112654626348805,3.161518306486493,2.4957106772912976
-181.25883919314865,-437.39417369259326,30.70584791548044,1.471350729879919,6.364063624724054,-2.5706393200595983,2,D06_px-1055_py-0118,0.9513869707625993,2.5706393200595983,2.9068459948572687,2.1919151195073523,4.129559176830557,1.8786660934292523
-12.123336928604676,-436.8352995307812,25.04276422501971,1.482861165068877,30.489838350065327,-2.2055213862358367,3,D06_px-1055_py-0118,0.9588297088155961,2.2055213862358367,2.4902957132870203,1.444507674548272,3.7543333016040537,2.252854503477984
-206.39100726856083,-427.058207068258,25.51821277443964,1.488215348022485,6.284030655178015,-2.627962618627508,2,D06_px-1055_py-0118,0.962291765684632,2.627962618627508,4.107923629339282,2.3575239167827293,3.2571182110740344,2.3049944309021577
81.1461876671273,-424.7526924106836,25.84071633172169,1.479121127551408,33.37619048131751,-1.9890070840985068,4,D06_px-1055_py-0118,0.956411371099086,1.9890070840985068,2.9710012896359053,2.6060464892160202,3.580492212479523,1.4820854975152686
-291.6694307673169,-383.8754845406644,23.48427560114095,1.4959956834546353,1.3927217582958065,-2.827520904351448,1,D06_px-1055_py-0118,0.9673225918554353,2.827520904351448,3.547568682496536,1.7272602701740312,3.010812797945063,2.197619771816554
-260.403200192602,-347.0405365413539,26.122501505999423,1.4784329150229938,32.41831524609432,-2.821503388337983,1,D06_px-1055_py-0118,0.9559663674576345,2.821503388337983,3.800503809106589,2.622558085229536,3.1267843675271867,2.05132711758509
255.5623720349567,-326.82042297893327,26.312930037589297,1.4735299176297303,44.69252898139087,-1.5141285618235,5,D06_px-1055_py-0118,0.952796050725597,1.5141285618235,3.3700527682984323,1.4545705325701848,3.672653299492948,2.508854919755976
340.40853489053967,-297.8189322002037,26.047079649388703,1.4824297789518317,20.498159297687263,-1.325745411950447,6,D06_px-1055_py-0118,0.9585507711545815,1.325745411950447,2.5246002492975324,1.9805268611272802,3.1361079065086157,2.053553679057377
333.97172134316827,-245.85286899086816,27.93422973216383,1.4675354093210793,44.64170240369032,-1.2415567518890538,6,D06_px-1055_py-0118,0.9489199544385859,1.2415567518890538,3.1096622939874337,1.7168522618947102,3.002633494996279,1.5117377892974333
370.85649826914016,-240.0678314192141,29.73977522088927,1.467597342865529,26.952780436769046,-1.1814779443214571,6,D06_px-1055_py-0118,0.9489600011562351,1.1814779443214571,2.262738620759771,2.2842554779115356,3.188242246453756,2.1944039952292425
-373.5989707275696,-216.1968719795437,18.419008929265885,1.505241662607474,34.4707934382958,3.0592138740011423,19,D06_px-1055_py-0118,0.9733011147999078,3.0592138740011423,3.5333009206962402,3.1469302392896763,3.4081164170947877,1.921689850062683
-429.2152411019193,-182.5707976789168,28.493856682478054,1.4770883175570286,11.127751199301883,2.9367882637141736,19,D06_px-1055_py-0118,0.9550969401456678,2.9367882637141736,2.395814010532614,3.0928004101316446,3.025356427935426,1.3094118509054598
-408.90575756537055,-160.48795172622428,26.841592126328067,1.4770646324034824,28.857909587582128,2.9086212914500416,19,D06_px-1055_py-0118,0.9550816251388331,2.9086212914500416,2.408957324624835,2.5736633600891383,2.6067821326864484,1.7790104583583053
392.060904333232,-157.7411903420471,29.692864547998795,1.4631194965810974,39.35120720520001,-0.9895002174208184,7,D06_px-1055_py-0118,0.9460645904797925,0.9895002174208184,2.8111572921733483,1.8792345255898089,2.894821597191407,1.988368615299043
419.0500652143709,-133.8822109983414,26.637610875370623,1.4779084354886476,28.45947093586977,-0.916219576645524,7,D06_px-1055_py-0118,0.9556272348597601,0.916219576645524,3.2625931586883636,2.076617078174691,3.125416594207419,1.4960243593059943
-437.07281367340426,-113.33575717861672,17.18243890163103,1.5123185015259468,21.648076041090405,2.788331344792517,18,D06_px-1055_py-0118,0.9778770545840069,2.788331344792517,3.409139146695172,2.770762832672032,3.1187196938010535,2.052034226625949
-450.0884477881826,-108.62723193552756,26.64371395099522,1.4824966674523403,13.509448539953723,2.771430795338298,18,D06_px-1055_py-0118,0.9585940217858453,2.771430795338298,2.172493787289746,3.131313706463879,2.120167107861622,2.1292590557218185
409.8157660776128,-104.6350329561216,35.60581181694158,1.442002577672121,38.42205170049857,-0.8569609488356451,7,D06_px-1055_py-0118,0.9324102243897372,0.8569609488356451,2.208497986083959,2.13385310388831,3.0572529985759216,1.9737650026875673
-442.6474892901589,-92.21264819721787,26.62329855325441,1.4804559572325977,20.542740321815472,2.739996432054145,18,D06_px-1055_py-0118,0.9572744824844827,2.739996432054145,2.8301238998678717,2.0759120465661463,3.259039515753602,1.6571632571013577
395.1713176773761,-91.10997932865992,42.051436532748994,1.4126018292399445,48.71081888372652,-0.8335779898481357,7,D06_px-1055_py-0118,0.9133994688839276,0.8335779898481357,2.909338124130599,1.975889314686585,2.8821136600769375,2.3926922554292602
-426.2258118702824,-38.02694713645005,30.52005278177228,1.461507278011042,35.82725992541589,2.6235953684867037,18,D06_px-1055_py-0118,0.945022117254053,2.6235953684867037,2.146644253381411,2.314982677300393,2.4971831306053858,2.3168331105477824
-428.0389006171101,-20.81291343607841,27.554994160363208,1.4721955550834578,35.73032334182665,2.583198738864096,18,D06_px-1055_py-0118,0.951933241393317,2.583198738864096,3.4895969453204168,1.8604322023765563,2.582391785781093,1.1695386471677307
-459.610563861786,106.34212268978978,17.193514375443954,1.5147841459375917,8.523049267058013,2.307239770391044,17,D06_px-1055_py-0118,0.9794713596807691,2.307239770391044,2.8101468088811283,1.730404423353647,3.151058426771395,2.8218115100050762
-417.7351252064757,128.2304748385906,30.51663549955316,1.463766314597614,29.9765676007612,2.2367778297080023,17,D06_px-1055_py-0118,0.9464828281038149,2.2367778297080023,3.166632090343833,1.6926957617047707,3.581832833221487,2.5714516471549427
-425.9293398421556,145.6862404266521,23.36289636798341,1.4911198624214643,22.111362318567387,2.205044263238491,17,D06_px-1055_py-0118,0.9641698475718833,2.205044263238491,3.464314716453133,2.5177093239123804,2.900130759117632,2.0424161184394545
-462.2730230613472,149.8461343709531,25.15559631629248,1.49132482017151,1.2255922459019075,2.2211495568768904,17,D06_px-1055_py-0118,0.9643023748673746,2.2211495568768904,2.5673655375186417,2.703389139723132,3.185869838959995,2.181917213793057
-418.2441180780377,237.4095487724792,26.42598794719385,1.4864615367059346,1.925919740041195,2.018332265749281,16,D06_px-1055_py-0118,0.9611577374737797,2.018332265749281,2.8298710707671964,2.485664927303036,3.4421262313149947,1.1752618117750475
-382.71657973447935,246.1244567479393,32.7048401966826,1.460667472780261,18.073888323158428,1.9631048838536211,16,D06_px-1055_py-0118,0.9444790925772593,1.9631048838536211,3.4151364473634223,1.5110369491657214,2.4828617733679192,2.227085975017799
-390.6562807442992,272.357155956329,25.247331289979627,1.4894141722088865,5.069390249316768,1.925783299319483,16,D06_px-1055_py-0118,0.9630669348458766,1.925783299319483,3.1577395746288914,2.3964187733556113,2.8562971299242657,2.033619209364517
-309.7537477704845,268.6895171125967,25.37472890151321,1.47587939206379,47.90589149252492,1.820086998901172,16,D06_px-1055_py-0118,0.9543152393998614,1.820086998901172,2.4808078688266306,2.0704149512604344,2.2731907185994027,1.066820874719448
-284.8958584668537,314.8905404719111,21.085318986949176,1.494553294936521,38.82172638834783,1.6992476449884966,15,D06_px-1055_py-0118,0.9663899320789159,1.6992476449884966,3.5737097842932934,2.1117052538822376,2.3097339009342632,2.1511474148108296
372.1850253009206,314.8699262641961,20.84125144455953,1.5051208854652,1.9214113210480264,0.0951899220670157,10,D06_px-1055_py-0118,0.9732230193484346,0.0951899220670157,2.347293633036066,2.543028701779426,3.3627654815131223,2.7352507904823105
334.9887885181355,358.9053637631279,31.748379149898483,1.4716343002554424,5.048122068916428,0.2128721732958691,11,D06_px-1055_py-0118,0.9515703296009024,0.2128721732958691,1.3062642302962644,1.1200199311925576,2.6328962575682704,1.6631938991031654
226.2038234222902,363.55364117244176,30.805042510964824,1.4605621144991976,35.626291075987524,0.4072320140238966,11,D06_px-1055_py-0118,0.9444109670828885,0.4072320140238966,2.906075331985022,2.0292204234944915,2.578036353711551,1.3770243328198934
-58.65393730515952,382.7234368711041,39.72695226677655,1.4142377014187617,60.85303382712584,1.115887710886454,13,D06_px-1055_py-0118,0.9144572367193959,1.115887710886454,2.469700189920629,2.225452308939058,2.4068860870526745,2.547121190055896
-33.39770536979542,389.9327888521333,29.93625234808752,1.4536538877395384,59.5041991592488,1.0492581747032528,13,D06_px-1055_py-0118,0.9399440532487209,1.0492581747032528,3.0453478146097464,2.0280157237440184,3.1050530244530847,2.771187129175744
74.0617718755047,-479.0435638872189,24.887049213163664,1.4919729473874124,0.4151166433675257,-2.0243868603561648,4,D06_px-1055_py-0118,0.9647214590300315,2.0243868603561648,3.749460599988039,2.5718503601545577,3.2022834051821993,2.6453008757687346
-114.2324404432869,-470.5151826902536,30.44182694536181,1.4743693690614867,0.5441803579379325,-2.415949303266516,3,D06_px-1055_py-0118,0.9533388466331548,2.415949303266516,2.880722954561806,2.30134074548122,2.785510492492003,1.5788886310353205
-18.530981323335794,-451.5109834404061,27.472905214100592,1.4775362435629216,20.6326831751548,-2.218794986887128,3,D06_px-1055_py-0118,0.9553865726290847,2.218794986887128,3.73435018843868,1.6326170857497804,3.629962585843135,3.007728520842763
27.4433045990506,-445.613485329569,21.942809969068666,1.4953265792654722,24.61795644872376,-2.1162680971049768,4,D06_px-1055_py-0118,0.966889943816647,2.1162680971049768,2.1299606752007842,2.550453399007971,2.4752284451376205,1.7316402769863748
-250.04934456656275,-400.5103340713662,32.17181385796255,1.466350390290587,7.059535449900409,-2.735890945379336,2,D06_px-1055_py-0118,0.9481537117998861,2.735890945379336,2.3768324186739616,2.411732614185198,2.9400766114776946,2.7092645860326523
-221.5468731515041,-378.9482248323176,25.568311117122,1.4814232906789575,29.177389652605825,-2.706821888097211,2,D06_px-1055_py-0118,0.9578999679099222,2.706821888097211,3.5435089886696876,2.7791506334704774,2.8712653212608377,2.623078038074195
-299.44580773955346,-376.6009810288454,27.466437726443303,1.4831962947723356,1.6988251155540866,-2.849538712815002,1,D06_px-1055_py-0118,0.9590464063214397,2.849538712815002,2.819602639262736,2.8831196402421595,3.801871176353645,1.5507953427751506
-239.8648453037105,-370.3843849749329,32.755566104543675,1.457088757740893,26.95371685021757,-2.7524695099183165,2,D06_px-1055_py-0118,0.9421650672457159,2.7524695099183165,2.821746853890754,2.8316880870373153,3.1307894549755324,2.8697191307807186
272.9392318727255,-345.95322326100194,26.83144892700676,1.477392732502799,27.96221269971096,-1.5098101370479746,5,D06_px-1055_py-0118,0.955293777247271,1.5098101370479746,3.1839845024221156,2.2312774987225517,3.2718210503922007,2.3283441434026573
-284.02578794163526,-335.1356941942728,28.147662073366064,1.4725390716939792,28.71337246472791,-2.880813777795761,1,D06_px-1055_py-0118,0.9521553619393254,2.880813777795761,3.362849693602834,3.619899819721866,2.3199547967552623,2.5036801567406872
-390.33490134348233,-291.53910703200154,25.10300678629773,1.4916911842387384,2.024544605497624,-3.107061370238577,1,D06_px-1055_py-0118,0.9645392687588434,3.107061370238577,3.407497446168809,2.7653102205698947,3.10866662866942,1.873083300737544
-343.9829665687002,-290.93857350943443,14.58441305591731,1.5210339078996629,22.442024710248745,-3.0465252584773723,1,D06_px-1055_py-0118,0.9835125049905401,3.0465252584773723,2.3074719417309524,3.0561622670499986,2.9208401227749277,0.956384892876806
355.47155221181737,-275.38711789418755,30.46314374429528,1.4669460573419757,21.778791664810115,-1.2661079589430737,6,D06_px-1055_py-0118,0.9485388748069755,1.2661079589430737,3.626917451711502,1.7024972733021877,3.5825838509874437,1.3783995742621524
-371.0155147191398,-273.1451579453166,28.09315578556908,1.4772593948114054,14.862558809414397,-3.113955554949756,1,D06_px-1055_py-0118,0.9552075600458063,3.113955554949756,2.4080316292641664,3.706236201670721,2.719205525298732,1.6282855294272187
-370.1317603544604,-251.28080691857767,28.4607338821532,1.4732333047299917,23.46418609538648,3.1310341643261723,19,D06_px-1055_py-0118,0.9526042584884094,3.1310341643261723,2.4980720915873995,3.3677269922699047,2.7071923191764573,1.1325753600638766
385.9808970896997,-248.42491946449448,23.79760018845008,1.4912036665564463,16.33557441424881,-1.178856414460757,6,D06_px-1055_py-0118,0.9642240359856304,1.178856414460757,3.2300903994180485,2.354416016785187,3.6005749030391665,2.5255882667997946
-413.402681817757,-241.2010124273273,26.882749558224305,1.4845998382600782,3.3798060212737937,3.0627768099250923,19,D06_px-1055_py-0118,0.9599539485953651,3.0627768099250923,3.218656806700817,3.086322325297138,2.5236812533811763,1.8292025164684893
-433.7739724957083,-142.50575243234016,23.92036713059412,1.490370184371412,17.90271377075993,2.8520302808551703,19,D06_px-1055_py-0118,0.9636850998400188,2.8520302808551703,3.5396488650536995,2.762963593133531,3.797408452252997,1.1781850349958476
-478.7638769150476,-109.74923481969942,23.825816524039567,1.4963080828700914,4.5121841093489365,2.7599544218578327,18,D06_px-1055_py-0118,0.9675245917780255,2.7599544218578327,2.8306538318315924,2.3612065427664968,2.5482240261054088,2.3798639754846707
-417.1423449291596,10.575631593436585,30.684750034008687,1.4581433165861295,42.68404567035861,2.5092659788538625,18,D06_px-1055_py-0118,0.9428469533010837,2.5092659788538625,2.8059859440564088,1.9436929162906247,3.1419356264713936,2.0166153615433444
-434.42028613617,24.253253163326374,30.8243730739718,1.4622327567323197,31.156137295202257,2.4788420106643687,17,D06_px-1055_py-0118,0.9454912175093303,2.4788420106643687,3.179596330670008,2.2926678026849583,1.7943086856224162,1.5942247482811527
-470.0373192845293,86.0359698700661,24.978611532502384,1.4905485721143157,4.040893061187319,2.3535764590595094,17,D06_px-1055_py-0118,0.9638004467596184,2.3535764590595094,2.8721850546944485,2.3350174566952404,2.609588609787007,1.4505145845032983
-405.0565407029962,152.01584139081749,30.980093789630075,1.4610746639304395,32.724900352435725,2.175583528440591,17,D06_px-1055_py-0118,0.9447423855821305,2.175583528440591,2.4995305270894406,2.439547432335501,2.3242554437591494,1.7676727819761056
-378.8704092795263,167.77967636418575,30.998119127417112,1.4562082928178528,44.53303722929087,2.117727829257668,16,D06_px-1055_py-0118,0.9415957516916588,2.117727829257668,1.81674974547202,1.7451859487344692,3.01722904347249,1.2359649029443416
-381.964448981411,217.75168141970607,21.62054698092737,1.495287675116704,29.03956939942111,2.016481470242131,16,D06_px-1055_py-0118,0.966864788087632,2.016481470242131,2.604316255506837,2.1215279222118992,2.493407827463759,2.463355008397074
408.791262356745,238.7709980478415,28.10039012110689,1.4797307996981568,6.6436814663495625,-0.0783405098054894,10,D06_px-1055_py-0118,0.9568055899111438,0.0783405098054894,2.188365764661843,1.9061602423167323,2.7986812052379424,1.8416785348358626
368.1038053236825,242.4181914001861,24.62778737212392,1.4850439477084638,28.095056158596265,-0.0246107288246979,10,D06_px-1055_py-0118,0.9602411132626372,0.0246107288246979,1.1125227666974307,1.9200247321714947,3.653514979541778,1.7450681543622264
440.0473047856284,255.27347897469693,25.4146531461501,1.4940901098458317,16.005798231671406,-0.0813174493258228,10,D06_px-1055_py-0118,0.9660904329510844,0.0813174493258228,2.3537423501457946,2.2462111147507278,3.2788656360255417,2.6431099798840547
-368.5549969105403,265.46144576689096,30.04333483588136,1.469384160201496,18.88567884207185,1.9104080957355216,16,D06_px-1055_py-0118,0.9501153713192082,1.9104080957355216,2.808540468195979,1.9859960628180902,2.800534130667733,1.563405521690529
-324.9150005108897,277.2182446271602,17.1305802077124,1.509169112037552,37.49683245688925,1.8282628590405672,16,D06_px-1055_py-0118,0.9758406345352263,1.8282628590405672,3.968008850538515,2.8485872922457283,2.854240053537625,2.246401297259146
-289.73817630809805,282.0652324924241,24.949717292602088,1.4761547313529664,51.6267623003676,1.7626330023980017,15,D06_px-1055_py-0118,0.9544932759529019,1.7626330023980017,2.9153713963775942,2.35908998158944,3.078340239491065,1.4747823654828927
-305.1576310699924,284.9088073069431,25.250976259870527,1.4780120131769314,43.10597517410616,1.7835176736461604,15,D06_px-1055_py-0118,0.955694209008815,1.7835176736461604,2.50872815633055,3.012225572848007,2.9146377200578866,2.2655867199357376
-377.9247709651767,293.02296084597,22.777703826458943,1.497649101977173,3.9707037803351,1.8750860955141693,16,D06_px-1055_py-0118,0.9683917052949538,1.8750860955141693,2.738573777821008,2.079919922872317,2.65170782899163,2.1370184934047107
-265.69581183225125,293.7881031401956,32.72703882362646,1.444365990401039,56.09866575251095,1.699046011784905,15,D06_px-1055_py-0118,0.9339384256752394,1.699046011784905,2.8357612597084816,1.706224655645811,2.7215927664648927,1.9791832558011744
405.1423798833536,298.5655131592323,17.2385455690943,1.518148091045723,11.936163911450592,0.0281104680408955,10,D06_px-1055_py-0118,0.9816465130831792,0.0281104680408955,2.1946242388614263,2.2889303432943433,2.7313380250174375,2.710183466950264
-372.8844373195129,308.4090581670512,20.2838611204715,1.5063970589116908,0.455704995561689,1.8435706575171091,16,D06_px-1055_py-0118,0.9740482031504799,1.8435706575171091,2.6237369026508857,1.9954944034617395,3.406355724328458,1.3851546144858116
-248.0154587693449,310.83902173620254,22.83434095882967,1.482683629840693,56.15898458186166,1.637270046524053,15,D06_px-1055_py-0118,0.9587149131387288,1.637270046524053,3.1412835306275784,2.353106062220939,3.1904076372260883,2.2593508678476013
257.0434139732444,336.6316000545304,27.09499435745022,1.4726943774574546,39.00816804489489,0.3116842577156691,11,D06_px-1055_py-0118,0.9522557838692257,0.3116842577156691,2.5111324555568206,2.088979965823185,2.899568457559244,2.7840123026096357
328.2316389440316,352.7655218306619,23.756228345588795,1.4950918790444938,1.5416665711801445,0.2144294673843489,11,D06_px-1055_py-0118,0.9667381848051894,0.2144294673843489,1.7893071638547358,2.0479021653159863,2.689485163490084,2.2826351534960767
-257.54007229018896,355.77875044851834,26.566260717069213,1.4780074389940532,28.92398946772028,1.5903885353069045,15,D06_px-1055_py-0118,0.9556912513061382,1.5903885353069045,2.899125418637073,1.763641895353651,3.6635530381418837,1.5162769855377494
248.374818379723,375.7683301541907,17.847481212724404,1.5099135896268936,22.317526289515285,0.3797624402854449,11,D06_px-1055_py-0118,0.9763220196082347,0.3797624402854449,2.903678568404247,1.946808764737531,2.2406271721578266,0.923499697247806
319.0964879129809,378.23585822338754,24.20915721643246,1.4956743080508694,6.9238823531565,0.2630241926357826,11,D06_px-1055_py-0118,0.9671147879881064,0.2630241926357826,1.8492762282026092,2.1091623352229867,2.911356314044242,2.319964553954215
299.08127343772355,393.9216614485354,19.05021078421601,1.5116089009196432,6.406574301946193,0.3144279584856729,11,D06_px-1055_py-0118,0.9774182212429328,0.3144279584856729,2.8101453903174596,2.525084308756777,1.9845598534100604,1.805184300309079
-253.04314746146736,394.6543271925176,25.69452600114369,1.4866753645500577,9.835988664391834,1.533964294956149,15,D06_px-1055_py-0118,0.9612960002419652,1.533964294956149,3.2516109943333955,1.9866435724096658,2.4732469801856825,2.1369590245159205
0.5802883120102601,-487.5767578261919,21.598007920922782,1.5027529177271184,2.0163121191519053,-2.176585711582736,3,D06_px-1055_py-0118,0.9716918727581305,2.176585711582736,3.567390281790417,1.972085132658246,3.178676300827002,2.3625742731513446
-130.0031128332824,-461.0210689431386,18.58795473041061,1.5111659801258133,3.739362545026836,-2.452628494230126,3,D06_px-1055_py-0118,0.9771318251690586,2.452628494230126,3.203675928671792,2.7324761352032247,3.825098100012756,1.6736204068121583
-30.541435329499613,-443.9892231573455,24.62725256707688,1.4858667164253183,25.322485629750304,-2.24645635178272,3,D06_px-1055_py-0118,0.9607731219953412,2.24645635178272,2.7937833877102065,2.804534105078961,2.791938970233489,2.3931028083489814
-187.834048791781,-382.6645058972247,27.91958229039807,1.470372154956133,37.15948407316091,-2.6340833985952794,2,D06_px-1055_py-0118,0.9507542165093146,2.6340833985952794,2.964620562792315,2.4447578836481556,2.984888090899279,1.10817779576663
285.03694551845365,-369.1363859862928,22.75738323228154,1.4958659770422629,11.645673877059494,-1.5202347423991809,5,D06_px-1055_py-0118,0.9672387226675867,1.5202347423991809,3.4645120465567993,2.1905642093976354,2.679821165507163,1.9271604408781808
218.85431446164472,-372.05812979894944,24.203448264654128,1.484745480553442,34.02731962380602,-1.6460585984326142,5,D06_px-1055_py-0118,0.9600481220493786,1.6460585984326142,2.110177764179415,1.6055774378480274,3.376723894983454,1.5363456632789894
-301.9961500475736,-348.4115174691078,26.63564478389236,1.4821549316221754,14.762372247372753,-2.8919312989006176,1,D06_px-1055_py-0118,0.9583730527064416,2.8919312989006176,3.089122371290273,3.4512486904360777,2.556080390518371,1.8704481657202376
-348.2193805596823,-299.3206861761259,28.686602851745988,1.4749782592516212,15.799127300098746,-3.038545518274867,1,D06_px-1055_py-0118,0.9537325598259069,3.038545518274867,2.758586789749268,2.961782853703043,3.296348286844313,2.2180591389490654
-314.4533570479873,-269.74941075505257,27.71384859510073,1.4682450979474966,44.92568175214154,-3.03954647226291,1,D06_px-1055_py-0118,0.9493788446941587,3.03954647226291,2.3224714644681255,2.4674956492271685,2.8077612156616114,2.7208370728516096
-407.4516807142032,-268.75234665235746,23.72118674893676,1.496167926347843,2.5087133081992192,3.1177026906286365,19,D06_px-1055_py-0118,0.9674339654668227,3.1177026906286365,2.5469072381531928,3.427880392357523,2.8721149829342973,2.2828701168973815
-355.4930592151207,-268.18860803297497,28.24331841955808,1.473528799794482,24.81812923890692,-3.1022526932480146,1,D06_px-1055_py-0118,0.952795327924521,3.1022526932480146,3.2508233795443466,3.139257574884799,2.611042486837486,1.5142424499631377
401.11620771469234,-224.9778216838241,19.120283190813325,1.5069221804038797,16.097172222010443,-1.1181370678960372,7,D06_px-1055_py-0118,0.9743877508433517,1.1181370678960372,2.4082418193814794,1.4496990723012533,2.409931001612179,1.4941985937612665
438.9345528091198,-186.79329382201203,19.06352066881232,1.5093918577735264,4.990510346793656,-1.0093249980178844,7,D06_px-1055_py-0118,0.9759846636825229,1.0093249980178844,2.6471739435697503,1.7539557404747717,3.0527018950610643,0.47109531494683043
-437.0801735112241,-162.50658925982634,27.197616067605,1.4813054494967142,11.32289749340913,2.8905757286447327,19,D06_px-1055_py-0118,0.9578237708733293,2.8905757286447327,3.6734195040342117,2.736424093956015,3.669942881340355,2.302034168540045
-471.7688620797514,71.56719230289906,25.21197873554001,1.489687159878728,4.462742167247654,2.384061297040964,17,D06_px-1055_py-0118,0.9632434508233331,2.384061297040964,2.9095176177670314,2.3126369681253554,3.605386396997441,2.9774567448329723
-420.9709941675205,76.45018987261463,23.488400546457854,1.486538070576739,36.54701402351356,2.354966558912348,17,D06_px-1055_py-0118,0.9612072248774467,2.354966558912348,2.841312129891011,1.8243361517858008,3.363636346018743,2.0645617373992406
-385.32897885618166,115.83108608143937,36.74932390264286,1.4311965142980636,51.539248991786906,2.2426031151786048,17,D06_px-1055_py-0118,0.9254229387001096,2.2426031151786048,2.6198348837745904,1.8433403117373643,3.7117445404118543,1.7643914629959525
-385.0536346862589,136.5409592536792,33.69013634968752,1.4446035062386198,47.960516223540026,2.1938440295448185,17,D06_px-1055_py-0118,0.9340920052865688,2.1938440295448185,3.0358666523695756,1.5011492959330535,2.7243152330479203,2.2692723457619386
-428.57488828005785,158.0821750351055,26.389965219921123,1.4821502500951889,17.55331941203042,2.1812403231760498,17,D06_px-1055_py-0118,0.9583700255942189,2.1812403231760498,2.8779216513106736,1.7003721926421025,3.4872978161718478,1.9859702427379813
-444.04316970878233,164.26321395665056,23.982950970343552,1.493021963746793,6.967028471634137,2.180298094671826,17,D06_px-1055_py-0118,0.9653997612703905,2.180298094671826,3.3052092198906324,2.1890953091508827,3.6962668146751243,1.1208197080597233
-415.3051235254183,175.5165816885663,22.28955482248358,1.4948860312421308,21.73150462094992,2.134759406615885,16,D06_px-1055_py-0118,0.9666050819948593,2.134759406615885,2.767166568095514,1.9998597425826672,3.443058737532107,1.5889572441948983
-448.1023249814242,202.9711514454885,24.041429531744768,1.495750047554138,5.0117281831865625,2.1093027516215885,16,D06_px-1055_py-0118,0.9671637617474681,2.1093027516215885,2.4679377511715104,1.7073342849335282,3.674273881933196,2.3984858317735434
397.53546525529566,206.19339415400523,24.03224798735448,1.4884231727251276,23.565146181887314,-0.1285004405678324,10,D06_px-1055_py-0118,0.9624261467742536,0.1285004405678324,1.8833476737823869,1.7110213941273968,4.373779143216463,1.5562632369795733
-412.28209072374193,226.4244399905196,22.416735723912893,1.497607244584254,9.085033681300274,2.0323859695028923,16,D06_px-1055_py-0118,0.9683646399750104,2.0323859695028923,2.3428723382219667,1.2272124211762714,3.4559176120880726,2.4536414612015145
422.70562341103886,280.90512711318416,22.604463185097583,1.5023831184293623,15.024795916629444,-0.0204501364245531,10,D06_px-1055_py-0118,0.9714527576195455,0.0204501364245531,1.085920453242296,1.509767290625721,3.1602418104577077,1.3661774243804539
-305.8428327799174,360.2726830754476,19.519950161194004,1.5073360157633893,7.844292835973476,1.6676837658953652,15,D06_px-1055_py-0118,0.9746553400463084,1.6676837658953652,2.878737798103467,2.4132476300844625,2.122906820137339,1.8109676145265174
315.69654786176056,365.1877717928314,26.06363139682611,1.4879214091331954,0.7899950598789474,0.2509777108032119,11,D06_px-1055_py-0118,0.962101702483662,0.2509777108032119,2.2020557680436523,2.6031462971038755,2.7747503443181136,2.159275560060225
-240.08529367327577,366.3310815105744,26.618354018622423,1.4775700805834244,29.70563176972809,1.5439633252374405,15,D06_px-1055_py-0118,0.9554084519130529,1.5439633252374405,2.616275168396686,1.3621362368012546,2.2337952049490912,1.1451366190384062
340.58859220964223,368.0687670338924,22.827095670771087,1.500879574613539,11.111907598871255,0.2171770142096026,11,D06_px-1055_py-0118,0.9704805543458491,0.2171770142096026,2.7063015605371907,1.744749227175754,3.3127263953180592,1.7171512397666235
169.60697063163977,388.0175774463143,22.35939744540173,1.489742261938347,39.48378690490472,0.5517324303211727,12,D06_px-1055_py-0118,0.9632790802490838,0.5517324303211727,2.6167635286130966,2.273629801425823,2.218424963508895,3.426366397979394
-234.6623003852207,406.7503994841639,19.459736292112723,1.507128528929648,9.792421110907128,1.4870925501469694,14,D06_px-1055_py-0118,0.9745211774253796,1.4870925501469694,3.6332621548408603,2.176306797123709,2.8610801773699954,1.3553515025346363
51.33838539832307,-485.041754366178,21.605194840320564,1.5027545517306078,2.1296355074854887,-2.0723252406153394,4,D06_px-1055_py-0118,0.9716929293176567,2.0723252406153394,2.563584476369309,2.7760822932265263,2.694542058725605,1.9372261445255166
4.810175874319366,-459.9585924789888,25.343699530820743,1.4862339354344585,15.58225519375145,-2.167318394398136,3,D06_px-1055_py-0118,0.9610105686989838,2.167318394398136,2.19393648439315,2.495629402478764,2.437315182306021,1.2599820457202369
35.78617259393407,-459.8378340745589,26.2236150471054,1.4835475478535862,14.700822080241949,-2.1001089396911325,4,D06_px-1055_py-0118,0.9592735293303563,2.1001089396911325,3.4443182663640144,1.9451940583344443,2.516160612689265,2.096331746323928
-192.3760887305772,-427.6393479648232,18.87105143525304,1.5089616707636968,10.263643815359105,-2.600509954298424,2,D06_px-1055_py-0118,0.9757065013736785,2.600509954298424,3.1882120554114115,3.832725924281214,2.9716996206258104,2.367677001060849
-224.00918639846924,-412.11418334105593,22.825908484374224,1.496069599570328,9.900993966007718,-2.6756620410653227,2,D06_px-1055_py-0118,0.9673703865980289,2.6756620410653227,1.8407304734057126,1.4732555513265697,2.7118263435731578,1.7040203645061227
-102.71235027868497,-408.5204188650613,26.5056279148314,1.4742914337773387,40.56131252354015,-2.424095487246722,3,D06_px-1055_py-0118,0.9532884530645819,2.424095487246722,3.7385240532474504,2.2800630076965778,2.9543828537050354,1.2917123677484068
-152.0989247421784,-389.77411966231085,27.05583249969027,1.4716378224410631,42.3418574251096,-2.5498256966438904,2,D06_px-1055_py-0118,0.9515726070738666,2.5498256966438904,4.05195071120779,1.1859291464929491,3.0827464708104597,2.723203256473247
286.1158814772807,-382.74599729653545,21.47193823179004,1.501778612049444,4.289123338515594,-1.5358544647597678,5,D06_px-1055_py-0118,0.9710618790330076,1.5358544647597678,2.6947181212035956,0.970846581213646,2.8697225078820656,2.8855205935132116
-298.5570879361937,-363.1792987452514,23.219010996839245,1.494962028961998,9.169360171908352,-2.8658271718454,1,D06_px-1055_py-0118,0.9666542227191074,2.8658271718454,2.062418166893724,2.6841128482966923,2.1349174896991308,2.865136704972359
-305.9831087683192,-331.620051590827,31.538843305958608,1.4636738782535847,20.66143002630156,-2.9229873636371124,1,D06_px-1055_py-0118,0.9464230580357077,2.9229873636371124,2.565724426534716,3.434930819982884,2.967982969236571,1.820913162828644
-321.92991091164555,-319.056618168762,27.63381537717732,1.477272895598431,19.737933507194384,-2.967656602186056,1,D06_px-1055_py-0118,0.9552162897610335,2.967656602186056,3.573326901056391,2.666512615983242,2.9469746551381646,1.8169657217622364
-376.8187253774077,-308.0769453387233,25.221568952397888,1.4912435672240798,1.7328021522484391,-3.063207265365539,1,D06_px-1055_py-0118,0.9642498360715924,3.063207265365539,3.1400141735802456,2.751819136627484,3.2711239435565584,1.5038783713424744
296.35856661250045,-267.48514850348585,29.66704423268812,1.456963646066425,54.46044594929788,-1.3412141920891587,6,D06_px-1055_py-0118,0.9420841690515859,1.3412141920891587,2.6937501617090596,1.323600015788633,3.5231285248303745,2.37685352747639
-387.2849928805653,-267.2878761880264,25.89991962175941,1.4863210492863683,8.681308333985555,3.1387032010071785,19,D06_px-1055_py-0118,0.961066897201765,3.1387032010071785,2.2308504702828573,2.9206395051801186,2.92296175757131,2.934095036620191
-405.16735641513327,-256.55298696867965,24.58528723237066,1.4920883469750077,2.9603505886108223,3.0990891386214536,19,D06_px-1055_py-0118,0.9647960773122941,3.0990891386214536,2.373216725288045,3.1911857468689737,3.712907646800173,1.8348270504236726
420.1758740603271,-227.6348537432441,25.45646750694226,1.489025168226247,3.983160980033688,-1.1034751283360766,7,D06_px-1055_py-0118,0.9628154018067838,1.1034751283360766,2.340947188114732,2.0725213584723017,3.3766197694061266,1.8418823981983032
-387.400117694976,-174.3755341081449,27.46210666149944,1.471673543393831,38.1382747160738,2.957564674334766,19,D06_px-1055_py-0118,0.9515957045232758,2.957564674334766,3.1084785466485836,3.4603761795905563,2.757556937884032,1.0937358467675826
-431.42570699190287,-167.4693751578257,12.87865483193741,1.5280096550942208,14.555147478063589,2.904885566603693,19,D06_px-1055_py-0118,0.9880230780697256,2.904885566603693,2.8346404811174413,2.7949275961156,4.43287676622564,2.0063163560153505
-408.0646190617363,77.91089222385625,33.81938100509154,1.446203498415039,43.50111342656294,2.345955825441046,17,D06_px-1055_py-0118,0.9351265728298842,2.345955825441046,3.211179931236386,1.6293852578246661,3.5267505139126287,2.061638463768741
-456.71962919232885,136.0312450136544,24.582881431261683,1.4916001666462213,4.914207293585889,2.245135392725905,17,D06_px-1055_py-0118,0.9644804160666386,2.245135392725905,3.334398812268603,1.832843317096574,2.725607821896008,1.9686667476041302
-400.7695678342202,185.6866682430469,15.91064181344251,1.5154350121147862,28.10064451139209,2.1007333205176177,16,D06_px-1055_py-0118,0.9798922148773703,2.1007333205176177,3.20056133195757,2.702819837154612,3.264412413453331,1.4020655575510257
-372.08438612474674,204.35116000154247,26.99564382122071,1.4732714194442982,38.396926067445975,2.032379335034193,16,D06_px-1055_py-0118,0.9526289037628833,2.032379335034193,3.2929457567535274,1.5865173197153941,3.006679826827156,1.9591716203905267
-423.1499598724392,217.6169853417617,21.233719562111503,1.5022504915077337,5.627147142810088,2.0596079610886284,16,D06_px-1055_py-0118,0.971367000007409,2.0596079610886284,2.918904503338543,1.612670302233088,3.893209219843513,2.156684552868242
420.7064864754548,243.1827229546188,23.250250767706632,1.497318805630051,1.0677349310204818,-0.0828679856758319,10,D06_px-1055_py-0118,0.9681781330753866,0.0828679856758319,1.4933166132988323,2.7050821272079917,2.042727067928145,2.246182632290743
326.2426961969997,333.09794937038635,23.937772326865,1.4919736246224862,11.637844615961797,0.1888153911399427,11,D06_px-1055_py-0118,0.9647218969355643,0.1888153911399427,1.9504371587543843,1.8361331306996505,3.0685004898156505,2.680080363199168
-241.45946666603567,347.4301892162512,24.90672987861086,1.4804769308538224,39.50580168927604,1.5711704037320895,15,D06_px-1055_py-0118,0.9572880441931614,1.5711704037320895,2.7189742230308034,1.3735659615645464,2.839547353911534,1.9781419151421762
-173.78397284429315,363.335659629796,23.759367153833068,1.4802877721114118,52.7755129754791,1.409955369628475,14,D06_px-1055_py-0118,0.9571657326604448,1.409955369628475,1.9988551468231832,1.8901753138174895,2.3681295234223807,1.018948156891473
210.71273225340505,371.91805961439024,19.95412641205388,1.499103137225676,37.07865160635242,0.4483508997303217,11,D06_px-1055_py-0118,0.9693318959390759,0.4483508997303217,2.9377732260871925,1.7005774970956493,2.4871500524568275,1.3952453425784705
313.7451800882389,391.8895282007263,17.446984524479774,1.5173790407101646,11.1283182327806,0.2887125571665205,11,D06_px-1055_py-0118,0.9811492390789242,0.2887125571665205,2.6311432308939775,1.5750793514253019,2.672358335935085,2.5217443308749274
-215.20381778242603,399.85947715952216,20.994824548909207,1.4997856871906183,19.73781847897311,1.457554317425819,14,D06_px-1055_py-0118,0.9697732381223864,1.457554317425819,2.74747408596245,2.3084278739542805,2.8199595379653153,1.8807718320680884
-184.0928575819599,421.34230868851057,23.97645930394998,1.490744716956949,15.811239026216242,1.37574026552706,14,D06_px-1055_py-0118,0.9639272755597637,1.37574026552706,3.122282729757555,2.4296330423887307,3.122959186962433,1.3505660874172705
-76.4787246531565,-486.06693905663167,23.947825733724244,1.4960591565316288,5.081850926071581,-2.333838358351974,3,D06_px-1055_py-0118,0.9673636340469534,2.333838358351974,3.662490619822814,1.2082379312228695,2.9504611622101446,2.3050656503052984
-128.48074479036646,-462.7626430083428,20.12551420290157,1.5064164530728232,2.822158795398934,-2.44859344104072,3,D06_px-1055_py-0118,0.9740607435678227,2.44859344104072,2.9477011195308194,2.146392358214146,2.72499186004502,1.6977008261387299
-277.3021494236034,-397.3562922061141,22.22427158633758,1.5003502982360302,0.0966076782344771,-2.7870693620357114,2,D06_px-1055_py-0118,0.9701383200714042,2.7870693620357114,3.1827750206310315,2.7766046102025674,3.9610983077326014,2.447432065368641
-241.44372168007607,-369.3158461777177,20.07338515590357,1.5009202339474257,28.13883704808336,-2.756789382668941,2,D06_px-1055_py-0118,0.970506844991386,2.756789382668941,2.807815846722035,2.5967765159811407,2.571272030471934,1.8968311381995244
265.6518751166209,-367.24912097585167,21.50029521478501,1.4979485377392003,20.24270351853221,-1.551546063928623,5,D06_px-1055_py-0118,0.9685853228171312,1.551546063928623,3.274626344056073,1.4298721760338395,2.6817489195033053,2.449628544686884
-275.7945347447043,-351.82711789418755,30.217768250224083,1.4671761857484291,23.500768304559585,-2.842617511348175,1,D06_px-1055_py-0118,0.9486876776471521,2.842617511348175,2.815137441227816,2.631827592803865,2.349182711019303,2.5072579769128174
-343.32900842891485,-332.4593254965268,23.476887070000828,1.495365215655301,4.112416180440221,-2.979257084086953,1,D06_px-1055_py-0118,0.9669149264106226,2.979257084086953,3.9025926141158442,3.0614702022068796,2.736110592154671,2.3150144617007786
319.8015146380117,-308.436505358575,16.53800005545594,1.5135937870609495,26.37312192026008,-1.3742893761624386,6,D06_px-1055_py-0118,0.9787016642554905,1.3742893761624386,3.8935261235578356,0.9675509515424434,3.87505338826333,0.8860122123886156
320.1136861141913,-289.6685902868256,27.372324859259265,1.473560535803636,33.695180068095226,-1.3424913061612926,6,D06_px-1055_py-0118,0.952815848678003,1.3424913061612926,3.7482142954508935,1.9606713214346698,2.219837572773508,2.6473282082147325
404.4088712117218,-211.13464537769747,16.97255392427428,1.5136222987893548,18.624335650206945,-1.0881363839545126,7,D06_px-1055_py-0118,0.9787201001636447,1.0881363839545126,3.7227613029912963,1.97442562901379,2.4605891378666573,1.9917208531269897
-401.6702650317749,-182.78699624149112,15.771512172646965,1.5158695528873842,28.362402739593563,2.961673004271917,19,D06_px-1055_py-0118,0.9801731923635124,2.961673004271917,2.195747129633255,2.5045017142506234,3.430473411996665,1.378012553482852
-456.7724239819039,72.391126619919,24.032271907486404,1.49102034549902,14.0771584146745,2.377436354955215,17,D06_px-1055_py-0118,0.9641054991460042,2.377436354955215,2.36650271079997,2.3850847148272196,3.52944641372322,1.642195017545709
-444.30649972023866,82.08630986785211,24.0766711603452,1.4889984425012537,20.97195013779072,2.351921604461362,17,D06_px-1055_py-0118,0.9627981207425029,2.351921604461362,3.0096561156788653,0.7995689970069124,2.2296056322695676,1.4040379446672508
-409.43912160484143,111.53478456449848,28.413665798866475,1.4681480683836932,38.35107244512528,2.268657601266568,17,D06_px-1055_py-0118,0.9493161046139679,2.268657601266568,3.0669746525262154,1.058853964495508,2.680148943014685,2.2227128161650267
426.0737528158774,184.6401599733408,24.0675273925358,1.49122716367163,12.851432316436671,-0.1980554992252787,9,D06_px-1055_py-0118,0.964239229405379,0.1980554992252787,1.7942072763275674,2.2104239074120473,3.853290516433214,1.4015994304494221
-370.68888065235456,249.3401607087582,17.773638782029025,1.5096652290164587,24.71645161698615,1.9424865413736767,16,D06_px-1055_py-0118,0.976161427681361,1.9424865413736767,2.5199077663941436,1.8399875385857491,2.7774705286594434,1.635123056638446
393.2330811925915,286.3104044223811,18.715852687015285,1.5116705332828313,1.083560277997833,0.02235329833587,10,D06_px-1055_py-0118,0.9774580732144061,0.02235329833587,2.031229492307683,1.5331062906346613,3.7155818413654305,2.0508763148253526
-325.9432428786756,301.0921165555732,26.83384480524808,1.4780272304038036,25.97444493438576,1.7888269619438857,15,D06_px-1055_py-0118,0.9557040485875661,1.7888269619438857,2.8216780843144225,1.8182020016670022,2.6887519953578933,1.1709978331854503
-289.02756970060113,328.7345547618072,25.41774567887194,1.4816977484786689,29.98942273436268,1.685027729041941,15,D06_px-1055_py-0118,0.9580774344849317,1.685027729041941,2.3082782119815346,2.806793292120682,4.124284047902995,2.3088880413205644
310.28214771975064,345.8053307630004,27.56935090138024,1.4797570865782907,12.395852667800227,0.2325097889776769,11,D06_px-1055_py-0118,0.9568225872148822,0.2325097889776769,2.1391756664423545,1.9406086213620304,3.0072475924711757,1.6608828787267906
-48.50802634246372,391.60326887561774,19.27653042518796,1.495781530354179,58.43301794449661,1.0870593453322832,13,D06_px-1055_py-0118,0.967184118773943,1.0870593453322832,3.3096012726831963,2.5864978470661955,3.0985211062445543,2.988313429894557
220.89446355750275,407.07733032313,25.322847737799407,1.486877774189568,13.534363925056994,0.4666455669746331,11,D06_px-1055_py-0118,0.9614268799091147,0.4666455669746331,3.740817920933251,1.9255095378183589,2.5065731025007745,2.1564211000470594
290.5110086359316,408.8890955062077,17.48384398874822,1.5172211363461372,10.854450888468705,0.3460861853378061,11,D06_px-1055_py-0118,0.9810471368734395,0.3460861853378061,2.8398950939581318,1.5622852256000361,2.731872784700527,1.565548180136095
228.8862757922764,426.9033380328642,20.42241778508645,1.506024060114144,0.1276043339358921,0.471665395496852,11,D06_px-1055_py-0118,0.97380701919013,0.471665395496852,2.417536300350057,1.9615947181545712,2.0322300907092794,2.577105285864037
44.83082427456014,-445.5257518696692,22.16028377323005,1.4948049305076965,23.747341157212475,-2.0774888870493142,4,D06_px-1055_py-0118,0.966552641621199,2.0774888870493142,2.80329929556297,2.20869339468198,2.8341174088076597,1.8168397555188762
-153.84743065881105,-418.90194441769887,17.10459379767599,1.5118971855815402,25.0711059346728,-2.5297467295333145,2,D06_px-1055_py-0118,0.9776046283759363,2.5297467295333145,2.2090537563103476,2.31447705724824,2.9626906000793847,1.679253843929385
-174.9657381425335,-420.68513110796766,16.86026728493175,1.5139266976585155,19.01176644245612,-2.57191920444144,2,D06_px-1055_py-0118,0.9789169268699855,2.57191920444144,3.15838859256322,1.6801214767446688,3.0174082966052413,1.3434202360416856
-119.0323890908281,-412.3258440753413,28.15614750083517,1.4702030973221116,35.27025909234129,-2.458820096759805,3,D06_px-1055_py-0118,0.9506449025116052,2.458820096759805,3.161255195228036,1.88833013035457,3.263854014471573,2.2454901891390535
-210.72565751490365,-415.1519447567268,24.740292336840582,1.4892244029322133,12.013064499958432,-2.647474490299673,2,D06_px-1055_py-0118,0.962944228536897,2.647474490299673,3.1540652559832205,2.1481079886676833,3.39773430140304,2.0876117956508784
-290.60815575783755,-397.56888149643896,23.694762962828577,1.4969074373777491,5.329093196215126,-2.8089815708300354,2,D06_px-1055_py-0118,0.9679121391233821,2.8089815708300354,2.0531113106381516,2.594843156400934,3.2573136877716755,1.8490348927321707
-269.4599637179814,-358.0838267549471,21.748549480245856,1.4962725783723647,23.53977332737287,-2.8228784076864604,1,D06_px-1055_py-0118,0.9675016342901509,2.8228784076864604,2.453823363257653,3.1027081298387014,2.5991422290376702,1.7417715299868723
283.2291078669795,-327.0124099904075,21.516937259908616,1.4944268284310918,33.622041853724966,-1.4640024605367508,6,D06_px-1055_py-0118,0.9663081578404152,1.4640024605367508,2.524330058498817,1.6184865622187914,2.3152583981866077,0.8531647782544425
-270.9150084538469,-325.64839690887254,29.80027718610114,1.4629866005234209,38.69222313125999,-2.8716823494403245,1,D06_px-1055_py-0118,0.9459786588421677,2.8716823494403245,3.036920294289934,3.83271043358275,1.7664870514693405,2.1998176223352197
-341.4618242487412,-317.9243958641991,24.99072410636336,1.488575110610329,11.35619994231962,-2.998854838756523,1,D06_px-1055_py-0118,0.9625243910075356,2.998854838756523,3.008044712865712,2.845778092518755,2.3468409440204407,2.320508840993997
274.24672212556425,-317.60450667361306,16.391787274858075,1.510771471752741,42.39650524946853,-1.465504974845969,6,D06_px-1055_py-0118,0.9768767329477577,1.465504974845969,2.6043293099055065,2.0542417715677193,2.999691988364041,2.2731014660096407
-363.1937769193337,-287.96820520884984,24.920745635277285,1.4882672141969204,13.337748517311638,-3.0781892922582257,1,D06_px-1055_py-0118,0.9623253027615364,3.0781892922582257,3.8034019001273482,2.9358432700112287,2.4075414045257,2.079951474213601
-412.2047573426193,-220.5852131322828,20.94104394888444,1.5019940101803058,11.038234577411115,3.0259721185014885,19,D06_px-1055_py-0118,0.9712011571609663,3.0259721185014885,2.4618877686168177,3.816382523192052,3.1925105408482715,2.5290572249310914
-390.79950206496574,-210.4443727961484,25.19421507137685,1.4836915783661715,26.03737754746453,3.028582007541526,19,D06_px-1055_py-0118,0.9593666605942237,3.028582007541526,2.8882621589669486,2.8981950553677995,2.7392416185073936,2.0292985302751685
414.3795311893616,-200.2183266853964,18.866679339135203,1.5078099596344066,15.909822148006356,-1.0570777424549265,7,D06_px-1055_py-0118,0.9749617958862395,1.0570777424549265,2.828583491477987,2.7340063895774627,2.863743026799218,2.3149833984977617
-459.0479155445144,-170.3911430514202,23.68894941034796,1.496503697750927,3.509641502181524,2.8900338793507045,19,D06_px-1055_py-0118,0.9676510779006983,2.8900338793507045,2.6353441154532704,4.099630561747861,3.091940081167686,1.640950112624889
-425.3714154786493,-154.92069587583893,23.93076241202561,1.4896490876420878,20.414546452825,2.883882730359797,19,D06_px-1055_py-0118,0.9632188330152526,2.883882730359797,3.218531030030322,2.3592695745658974,2.6143460782590853,2.174564289337397
-414.4811793384041,-142.39224134513825,16.992098020349943,1.51121785310519,30.26976633959083,2.8655243499900616,19,D06_px-1055_py-0118,0.9771653666460915,2.8655243499900616,3.436982002622768,2.7592219136985934,2.5285744741751772,2.2236545798655047
429.5962339147832,-120.1128067170616,20.65159399373425,1.4996909071204956,24.962719273270977,-0.8796123102385014,7,D06_px-1055_py-0118,0.9697119525825273,0.8796123102385014,2.951762806731094,1.040079090759884,2.6670616289324496,1.7764155430169
424.1711795410101,-67.4406099576796,24.65203953449543,1.482721399033167,35.38319793279089,-0.7646536072758485,8,D06_px-1055_py-0118,0.9587393349960646,0.7646536072758485,2.8092370255224846,2.2492921062274136,2.4893104112514743,2.787702178276767
-444.91373793195527,97.40347971537427,25.536942462466072,1.484748463317238,18.50131965288909,2.319086833375356,17,D06_px-1055_py-0118,0.9600500507279425,2.319086833375356,3.803082357823205,1.9113506758113386,2.602652971248318,1.9504565840397439
-429.5128083170815,133.62764970209415,26.35287871744617,1.480907749986751,22.07599157083638,2.2329910130540664,17,D06_px-1055_py-0118,0.9575666152377803,2.2329910130540664,2.7219633440959345,3.15646935935513,2.058057380318036,1.8186438816543817
-413.0355935224389,138.35646326579683,24.84635595679549,1.4832661618864016,31.42060253420157,2.2113860889079424,17,D06_px-1055_py-0118,0.9590915829476901,2.2113860889079424,3.312027245565748,2.5324097372831043,3.0745039252673685,2.2502131650701878
400.757019507495,157.4448664655387,21.45092563047831,1.4943009253988968,34.94910651119454,-0.2326359532264581,9,D06_px-1055_py-0118,0.966226747948146,0.2326359532264581,1.5352779065397382,2.391610173428064,2.2255563228045996,2.832765844116854
415.5898107197172,169.68153501184185,20.36127424992788,1.5011267179838426,23.15257657671713,-0.2193463291162738,9,D06_px-1055_py-0118,0.9706403591956665,0.2193463291162738,2.289984651710789,1.68537748488168,2.360834460272823,2.0571028449833175
-337.65516190861763,253.03076320186548,22.86568199045564,1.48761723145072,40.42966384830089,1.8915113245745652,16,D06_px-1055_py-0118,0.9619050187983741,1.8915113245745652,3.7010562028302294,2.4028620756683354,2.5049637240863047,1.9128853209562793
353.57315103024257,276.3802706408443,21.211001216832926,1.498210073635926,23.169244488335263,0.0564890406084099,10,D06_px-1055_py-0118,0.9687544339878932,0.0564890406084099,1.8489855742263117,2.2777019032896497,3.3601884599083682,2.476701905099441
-308.6299602766192,335.2373235951742,22.519276954286056,1.4949115833632076,18.602569853467514,1.7079141597191727,15,D06_px-1055_py-0118,0.9666216041976041,1.7079141597191727,3.1628402706232226,1.5241540452149578,2.790218905327178,1.4325588567268317
-225.39576463387127,356.46482347156154,21.557121453331376,1.492321069689673,40.66214039926814,1.5276544601772453,15,D06_px-1055_py-0118,0.9649465576525941,1.5276544601772453,3.7056418951623,2.068470008173728,2.7784064164716136,1.6519964944351595
-70.19405928458161,380.83904008127246,28.780837129198005,1.4569517526393998,62.28881404913878,1.1460854160647864,13,D06_px-1055_py-0118,0.942076478667995,1.1460854160647864,2.7240658752750617,2.1313066874600217,2.795650004106658,2.073135163538467
-166.99892477531213,387.4443119265383,27.98659919191033,1.4690956781163094,39.98289657624855,1.3707811945139667,14,D06_px-1055_py-0118,0.9499288365307506,1.3707811945139667,2.5524982386662094,1.9328952892433189,2.194609100527956,1.9845890662752357
128.14231184357456,397.3569835778984,18.04790216038396,1.5043900072898708,43.66414841504343,0.6518598360523135,12,D06_px-1055_py-0118,0.9727504277636397,0.6518598360523135,1.64382311058905,2.169484408518575,3.504759046245592,1.5163274829087863
207.25775043676185,399.17547570787815,17.6572100937056,1.5104727692100477,22.757921900577344,0.4849159016209906,11,D06_px-1055_py-0118,0.9766835895309768,0.4849159016209906,2.866108309238677,1.9080528911447145,2.510343439915455,2.313540506871521
251.42684623067,415.2694924389848,20.43917380748678,1.5061123261265137,0.5615637050144642,0.4193961707720973,11,D06_px-1055_py-0118,0.9738640926889393,0.4193961707720973,3.137983192323636,1.9096289617319255,3.8870493990457855,1.662371508787082
-56.13797395609534,-487.8813065970509,22.833671864682003,1.4993873179201769,4.387007471714867,-2.292336857314711,3,D06_px-1055_py-0118,0.9695156494144369,2.292336857314711,3.2807375816242996,2.2398982417588553,2.474438448030104,2.0509153165755256
-66.83597693887376,-452.4160489631186,14.41039743921698,1.5223571687932445,18.0327235990996,-2.3244462198884817,3,D06_px-1055_py-0118,0.98436813590675,2.3244462198884817,2.3210114207988415,2.0852207402453926,1.927441741764752,2.2296320717343034
-235.3087576901885,-424.7010641919906,22.680721131354403,1.499053292227664,0.7657726718291542,-2.683728800464269,2,D06_px-1055_py-0118,0.9692996657707664,2.683728800464269,3.0455814121225284,2.494023963620507,3.1302004489611415,1.746718402346014
-241.33896674997263,-400.69647581318657,15.697038463053786,1.519214923378818,11.193054958370396,-2.719883866012221,2,D06_px-1055_py-0118,0.9823363352724661,2.719883866012221,2.5628631599653997,2.893451223714628,2.9855150766765384,2.0951551301246862
-172.38996811116118,-395.8999499577848,20.1242421980495,1.4992188291198156,34.250476699470084,-2.588454444570286,2,D06_px-1055_py-0118,0.9694067032290524,2.588454444570286,3.6053174648460926,2.3381541471829985,3.2652151948217174,2.106643413708795
-308.27782100914595,-383.7527661611965,23.58366392066409,1.4972204753923009,5.180877052743085,-2.854540368240878,1,D06_px-1055_py-0118,0.9681145519691774,2.854540368240878,3.089732527722648,2.4121624228444714,3.4533688881888516,1.9816785018588856
-286.0893365803322,-363.5982651616051,18.53262697514544,1.5092479916446355,14.346819931955965,-2.844433398515307,1,D06_px-1055_py-0118,0.975891638710447,2.844433398515307,2.040640239333288,2.735495855127997,1.9870486641819645,2.1732902634952254
320.1372886718024,-353.5375636182225,19.828357055745755,1.5069238491924872,4.996072421302131,-1.4419163533262984,6,D06_px-1055_py-0118,0.9743888298952093,1.4419163533262984,1.5635173328642797,1.696330788821528,3.4684757416958543,1.971562928493015
337.0896239799535,-323.71169942251885,16.032702482514082,1.5180677878021844,11.441753843669972,-1.3721354577532527,6,D06_px-1055_py-0118,0.9815945883734135,1.3721354577532527,2.6571595771335126,3.034661686650155,3.357100429185281,1.9600851063127032
359.44607085248174,-317.46869611715744,20.857740445027275,1.503984311337349,3.2260406769815404,-1.3304442120354798,6,D06_px-1055_py-0118,0.9724881015653499,1.3304442120354798,2.298008528069099,2.252666571091427,3.209198203608259,1.9725065742572492
-418.1104954433943,-203.13587335270287,25.00743081473388,1.4882193190164137,12.461746022868285,2.986870767223628,19,D06_px-1055_py-0118,0.9622943333605831,2.986870767223628,3.0841022165725684,2.6213455583600442,3.127634759390986,2.026767419616438
-444.4296478668763,-173.39852060911969,23.779956650059603,1.4942583615079958,4.645421835348259,2.906607770427075,19,D06_px-1055_py-0118,0.9661992258010429,2.906607770427075,3.410467988670919,3.0128657297076407,2.8858699060119357,2.3574111684979684
-450.32887253328266,-141.75031757016973,18.377338190207183,1.5109818476878107,8.221650685673808,2.8395652970730967,19,D06_px-1055_py-0118,0.977012763684361,2.8395652970730967,2.5820282258811673,2.6936299740493883,2.545797319336993,2.684208320355014
-430.4173849075708,-130.15778564663054,24.0528378386162,1.4886884721906244,22.37249193461741,2.828269375456172,19,D06_px-1055_py-0118,0.9625976914982262,2.828269375456172,2.4405819427919333,3.1297018297575203,3.4777190240905362,1.3597836526102838
-441.6950442233773,152.391329973111,23.52975769442924,1.493476117458875,11.024704423854246,2.2023863399507344,17,D06_px-1055_py-0118,0.9656934206376806,2.2023863399507344,2.9271570405279093,2.5813301192230558,2.74208845048451,2.173306232424764
411.74700371683423,191.06894545422875,23.04154036046685,1.492860215740748,19.69785827389961,-0.172507747626623,9,D06_px-1055_py-0118,0.9652951737357035,0.172507747626623,1.703385257213001,2.2226403124640357,2.28224108070369,1.9062357699637282
-403.8611331353408,237.44512789952137,21.85125099279248,1.4991625621476403,10.341631668337412,2.0031102814449584,16,D06_px-1055_py-0118,0.9693703205616675,2.0031102814449584,2.9797661284908763,0.9373026926798937,3.352961539019592,1.822180128933525
381.1657865404363,240.7091070054109,23.254106851382005,1.4916036418021887,21.69715787498791,-0.0437142448510695,10,D06_px-1055_py-0118,0.9644826631298586,0.0437142448510695,2.776898176269629,2.5325471457555397,2.9038294749798412,2.5756983215835527
375.4376270405118,272.1075543512797,21.95641158736117,1.4980742372353866,13.455429078322538,0.0201807244473526,10,D06_px-1055_py-0118,0.968666601101414,0.0201807244473526,1.7487348257419282,1.6367532863392635,2.27226021473501,2.2268881612068334
-287.17645329324705,297.2971592723827,23.75971768083599,1.482593071055585,45.91968083608225,1.7319007556169357,15,D06_px-1055_py-0118,0.9586563571150085,1.7319007556169357,2.175781671377461,2.030839152807383,3.007099344960851,2.297560206781002
-323.6039513921565,337.8048304572074,17.626292785407657,1.5128925581835122,11.067058571356313,1.7277476027556131,15,D06_px-1055_py-0118,0.9782482441402398,1.7277476027556131,2.931605679671974,1.8705199465432547,3.093157876115977,1.5038552371756748
251.93675682087303,352.670721409366,25.12221808610252,1.481857127369886,32.80607393100678,0.3435126764668509,11,D06_px-1055_py-0118,0.958180490131311,0.3435126764668509,3.464963660717844,1.6102542796956252,3.3133025458365335,1.9411230009388718
-226.97401690005773,395.5143236733422,24.42994205262886,1.4885625225183643,18.22972794711717,1.484801838278397,14,D06_px-1055_py-0118,0.9625162514481234,1.484801838278397,3.242304717586647,1.8476730677777105,3.3043370880196283,2.3144524985484622
-150.8578877638679,394.47281702204725,16.123537915053703,1.512129689039953,40.65300589820015,1.3290846955077886,14,D06_px-1055_py-0118,0.9777549669434166,1.3290846955077886,2.2943854697631365,3.054681579933093,2.8433452105681036,1.9754838586901098
-199.75451901834296,402.172048608663,17.54438475932932,1.5107606128725293,23.23580095043934,1.424812269714081,14,D06_px-1055_py-0118,0.9768697115102849,1.424812269714081,2.808449951334194,2.8237334949319663,2.7645684400512516,0.882749820722712
-220.3971243758625,410.54016608827305,16.98384980344008,1.5147792867552434,12.294492000851108,1.4565054328883855,14,D06_px-1055_py-0118,0.9794682176951903,1.4565054328883855,2.7941152926391135,2.379898866931427,2.85067979579126,1.0660072244804781
-249.3193145715768,410.246973185978,24.148766299972635,1.4935609092933009,2.668405728532776,1.5099006009100933,15,D06_px-1055_py-0118,0.9657482477056676,1.5099006009100933,2.6858788185373674,2.835443363466629,3.0323093366707705,1.4614842280461597
206.4893807627661,424.2644225488831,21.04314598428812,1.5022920945617089,8.223268075459828,0.5108659021963443,12,D06_px-1055_py-0118,0.9713939008697882,0.5108659021963443,2.7570851345554166,1.8180843919840943,2.884462745741113,1.7919126613404113
-109.1107490875462,-484.09865081874096,19.979069236627765,1.508935825701624,7.531916667171799,-2.399460994331531,3,D06_px-1055_py-0118,0.9756897897529785,2.399460994331531,3.5335009758826965,2.33130202049775,2.4968339831457724,2.0520562354995615
-145.13646155108526,-460.86369593610186,17.681054285427592,1.5145582541489797,1.0815845134968072,-2.482866403031081,2,D06_px-1055_py-0118,0.9793252962710577,2.482866403031081,2.680265001521869,1.5086712737652006,3.1713590192460144,2.1989352988885607
-79.50782614931646,-433.62294898133945,19.98610462384352,1.5011626397888254,28.394050758697404,-2.3591185815283944,3,D06_px-1055_py-0118,0.9706635865176998,2.3591185815283944,2.810430733916117,1.992864137613013,3.0526534572644115,2.917890297588899
-261.9885118314474,-388.0466268958242,27.534661569670675,1.4805670872626482,10.066023436539185,-2.771626498609407,2,D06_px-1055_py-0118,0.9573463400372084,2.771626498609407,3.269438941984914,2.3982176872405794,3.167913322755238,1.700752346696207
-299.7332586564515,-336.1728483652669,16.36287748207758,1.5149615462361603,22.432698443396816,-2.905933208680418,1,D06_px-1055_py-0118,0.9795860681110843,2.905933208680418,1.9755177294584008,3.3697677999090354,3.721845825745504,1.4686365054455028
333.26365862156257,-289.2539633423174,23.71575888344416,1.4883032090807635,27.82983932124085,-1.32179881819726,6,D06_px-1055_py-0118,0.9623485773369364,1.32179881819726,2.455089139754609,2.3310906604804735,3.1718382297194343,1.6812975438496172
-379.8138468147481,-269.27707411682667,20.931848641377712,1.501739786420336,12.29109431591064,-3.13185063109931,1,D06_px-1055_py-0118,0.9710367740754233,3.13185063109931,3.571855291478335,3.720826061247346,3.2477336759893314,1.139652612610077
400.1616687688708,-254.29236087844484,16.418986178998523,1.5175695395992903,7.025948253734271,-1.1730753261740876,6,D06_px-1055_py-0118,0.9812724171610622,1.1730753261740876,2.9172398811902136,1.8666414693496867,2.628500005705824,2.3245370885119723
-376.6388749206574,-227.6632469264456,24.92814948189568,1.483874207441171,28.49525650461237,3.078305800994058,19,D06_px-1055_py-0118,0.9594847499925625,3.078305800994058,3.4020733588711947,3.5287857609576863,3.6637082518943647,1.4143852482259422
434.9380873167785,-198.19115044391623,18.37782414369775,1.5117111512227162,4.423328258012248,-1.034544160765342,7,D06_px-1055_py-0118,0.9774843370942554,1.034544160765342,2.1943066797412545,1.9476334130872885,3.301331611530143,1.601403842106422
-393.8751232891079,-186.3376591448444,22.82518811359768,1.4903794063404034,31.5020963790434,2.976500416668338,19,D06_px-1055_py-0118,0.9636910628378037,2.976500416668338,3.007259690985713,3.3105206021800737,3.1275751592152794,1.633837800194354
-441.9241217653533,-152.91717689123766,22.410932637459325,1.4971999638574376,10.857406659088724,2.867743132139558,19,D06_px-1055_py-0118,0.9681012890491795,2.867743132139558,3.0998805577520665,3.2249680789830757,3.32605815898434,2.30371136119624
-430.1661816485251,-93.67708422415384,24.347301261496284,1.485918284360166,28.44876480995606,2.749034928054911,18,D06_px-1055_py-0118,0.9608064662281789,2.749034928054911,3.181164214156735,1.7895316053902124,3.0510831878015408,3.0177409966957054
-480.464225429648,-35.915233965218754,18.74519294444929,1.5110119545539196,1.9103281258634297,2.6092254666369192,18,D06_px-1055_py-0118,0.9770322310211181,2.6092254666369192,2.976604832779519,1.8874275492479942,3.5005176585986106,2.5847486603643737
-425.1505726793724,194.56998783113733,21.122704227488896,1.5014053787764683,10.99802881339184,2.105416028706304,16,D06_px-1055_py-0118,0.9708205434589985,2.105416028706304,2.525874216275329,1.6539451123460052,3.0885044244353788,2.086624699913137
415.96958233782937,208.45974391003503,23.79865989217143,1.4922673287967243,12.276491752741492,-0.1424189026342912,10,D06_px-1055_py-0118,0.9649118083679333,0.1424189026342912,0.7371050042915002,1.6679238615217769,2.7412295334031174,1.6997405910064667
-365.6029715755394,223.2610191507803,29.18339604854998,1.4663703026339487,35.670543277348315,1.986388432363691,16,D06_px-1055_py-0118,0.9481665872779397,1.986388432363691,2.5642580241799706,1.9518349994308193,3.014332752154793,2.9750945197589074
330.030962514497,236.5387082608635,29.83369905395449,1.4582368522474756,50.03506874904673,0.0148778226498607,10,D06_px-1055_py-0118,0.9429074341964264,0.0148778226498607,2.365859355339633,1.7547561907307152,3.2353122112875705,2.151945543529176
435.058731754878,240.1649957231892,23.367603444269832,1.498579945735273,8.215138074036872,-0.1025799542383686,10,D06_px-1055_py-0118,0.9689935962005602,0.1025799542383686,1.8635818874206251,2.1157311255263025,3.605792058097025,2.426155545771942
406.2296636183193,249.5279422887688,16.998727675969292,1.515996274129157,5.29311759947268,-0.0561454763550496,10,D06_px-1055_py-0118,0.9802551313165392,0.0561454763550496,1.8927464000943062,2.2384345153304412,1.9067031398938628,1.4630826330280582
379.25928854183576,256.31142876146896,22.92062013822056,1.4939134287841638,17.226206762656716,-0.0126659937503839,10,D06_px-1055_py-0118,0.9659761895850142,0.0126659937503839,2.0245841602999457,2.6689756084857272,3.8165680586547808,2.10675927497589
-407.0288377645192,275.9803027166976,19.91007814505372,1.5085896508354053,4.625993724750458,1.938780523871646,16,D06_px-1055_py-0118,0.975465950357899,1.938780523871646,3.29986832129779,1.9960894982791966,2.9816552065199837,2.055240770821981
-340.09169794295184,332.56991386922977,17.698403518570274,1.513617100422116,5.950100958930648,1.7603966141235723,15,D06_px-1055_py-0118,0.9787167388584441,1.7603966141235723,2.218564904296701,1.490868885347516,3.5460854332987104,1.8443947437929074
-254.7543196909409,333.41739823484465,23.91656590418308,1.4833307609426232,41.85514280580316,1.6162622254536934,15,D06_px-1055_py-0118,0.9591333532062455,1.6162622254536934,3.193487082404829,2.473294597294582,3.81088218391694,2.4597834620231254
299.47732631939164,333.4028269141133,18.876640466388267,1.5060857897442463,23.73129016689893,0.2319723122680567,11,D06_px-1055_py-0118,0.9738469340551562,0.2319723122680567,2.5382100252077398,1.7450394082416467,3.5740713392399677,1.4511286552264677
368.2071998425475,339.0539618689611,22.06153000571004,1.5030907406260683,10.450240190426484,0.1372220479967112,10,D06_px-1055_py-0118,0.9719103117053912,0.1372220479967112,2.4523479618223902,1.5218066576440479,3.0486093269797117,1.9410160628583544
277.15129238752246,380.0458414647134,21.18706002313354,1.501609368684417,9.17034014332495,0.3337235641806829,11,D06_px-1055_py-0118,0.970952444940167,0.3337235641806829,2.635646530589562,1.8457260809904392,3.419319063890483,2.5174035020786363
293.793915959521,379.8866849227138,21.40027785329709,1.502346821960879,2.756334190606765,0.3055243172758329,11,D06_px-1055_py-0118,0.9714292880371419,0.3055243172758329,1.7515038502033002,1.067757781932787,3.1209065443475525,1.982761438126104
156.09636595548662,379.3945275545712,17.647486727164107,1.504713817655503,48.39711533470489,0.5734912898694607,12,D06_px-1055_py-0118,0.9729598060964901,0.5734912898694607,2.4803222387983936,2.290911842689555,3.3289645368606244,1.5905314812950626
185.68825901043127,385.54162491600135,18.977361885840764,1.5026756177703555,36.84398723198433,0.5149732138231421,12,D06_px-1055_py-0118,0.9716418899972488,0.5149732138231421,3.0449471746760604,2.8466432206391934,2.041235782513517,2.2627685597441736
-166.2212906789709,415.6964000607728,19.74240278793229,1.5030575965227393,23.97162301979245,1.344204401570383,14,D06_px-1055_py-0118,0.9718888804671252,1.344204401570383,2.3414777586564006,1.7002924860113913,4.363161944711965,2.136583414341951
33.11462922159509,-480.4433589829756,16.8215342314885,1.5171100391006171,2.163143854821044,-2.1089595484159958,4,D06_px-1055_py-0118,0.9809753005194494,2.1089595484159958,2.6032378096943405,1.5004638236124404,3.2475478369127275,1.3005896880864452
-57.18018147627591,-453.9465615659539,19.82641156796342,1.5042283210798169,17.586861714881707,-2.303078297883072,3,D06_px-1055_py-0118,0.9726458801867273,2.303078297883072,2.879850816641241,2.3964137962406156,2.6645039718813313,1.2340581431767847
-54.09968049207552,-435.5037796804248,21.747293073863204,1.4947049716524554,29.56286276050457,-2.3013659476240425,3,D06_px-1055_py-0118,0.9664880074380927,2.3013659476240425,2.9725330225921143,1.809121735293067,3.403239575833018,3.1291374461226136
-234.00639826176464,-378.6550793989995,20.552113275277804,1.4998827039530562,25.581870848631866,-2.731320958144117,2,D06_px-1055_py-0118,0.9698359699251132,2.731320958144117,3.512405032349482,2.877886025679428,3.973900380092489,2.1556143759490274
265.1646511625986,-349.80709737084226,12.767496626858645,1.5260777993788288,30.040725745757584,-1.5291546423300917,5,D06_px-1055_py-0118,0.9867739249482483,1.5291546423300917,2.137898708510887,2.0276204536439524,2.4883369427353745,2.5258224769013156
-235.5928231757661,-341.38356797342686,29.68162648390802,1.4611470578723034,44.404626866121646,-2.781834562317174,2,D06_px-1055_py-0118,0.9447891960751372,2.781834562317174,3.4459098598633595,2.2170111565994635,2.627845416226257,2.4337375239566006
-360.8533564969702,-330.2313431855125,21.599479710968808,1.5029664598824282,3.036544220117719,-3.007455129671055,1,D06_px-1055_py-0118,0.9718299507976791,3.007455129671055,2.5886323436870002,2.265227702885338,3.0438345880783744,2.319186833356514
-301.90782068467274,-319.89253653557773,22.050393555408675,1.4938254231446584,28.88382096509315,-2.9342584658253776,1,D06_px-1055_py-0118,0.9659192844453498,2.9342584658253776,3.263333575747426,2.979150767959098,2.2099887625151236,2.5966326041828016
281.9988936861861,-305.6225728868093,25.774774018680887,1.4757277428824922,44.11738222293661,-1.4325582636262877,6,D06_px-1055_py-0118,0.9542171818447975,1.4325582636262877,3.0406145115780596,2.21198074525818,3.350618156388318,2.0221710627919203
-316.9775032604465,-300.2671963165148,15.99767032715772,1.514486710743597,31.39177173742508,-2.990239829692724,1,D06_px-1055_py-0118,0.9792790357416389,2.990239829692724,3.7641491088986543,3.20541810892553,3.3035220253229776,1.1107997464640924
372.5121394570475,-287.68280594165856,17.318042082071884,1.5142493794938854,9.22107472527523,-1.2645865631800688,6,D06_px-1055_py-0118,0.9791255754862795,1.2645865631800688,2.9408066965307027,2.266843150292286,3.192868262077961,2.560023657240926
-330.8409541239625,-271.14060767465685,20.6083841747992,1.4968113236788905,36.84147989818172,-3.062023843508088,1,D06_px-1055_py-0118,0.9678499912486783,3.062023843508088,3.2187737572783304,3.6133105016902274,2.1075734716061563,1.8887783847087407
-392.9573371776848,-259.98780273311525,17.65528611870394,1.5132131523035923,8.86943656418299,3.1191126201678285,19,D06_px-1055_py-0118,0.978455542823384,3.1191126201678285,3.3669408799725344,3.0036617333441686,3.352847932711128,1.5600768375749847
-404.95911636336,-244.3363725809731,19.261871006178808,1.5082225453786344,7.616370407370368,3.077499983115421,19,D06_px-1055_py-0118,0.9752285770781126,3.077499983115421,3.7032168377220254,3.6037110276936803,2.789154092136896,1.2238800103790672
-388.8925567227263,-241.9439057217446,21.56375457159509,1.498489863034627,17.156659797525265,3.09114999461343,19,D06_px-1055_py-0118,0.9689353480168028,3.09114999461343,3.5070131388076415,2.8887753628260975,3.2422925524967976,1.805641875590818
417.94260811243856,-232.82051897009907,19.27101609025021,1.508904833140636,4.077249777490067,-1.115229498729109,7,D06_px-1055_py-0118,0.9756697497189364,1.115229498729109,2.178412358508053,2.8642383125634896,2.367274514903619,2.4335556449533744
-396.28723031022497,-223.40989816324583,19.35917242651618,1.505420747043864,19.310465791346644,3.0479573208426207,19,D06_px-1055_py-0118,0.9734169122070031,3.0479573208426207,2.69286911950019,3.1842454836805665,1.7694174966444511,1.4294902900247646
-439.07238274292826,-208.7711540075599,17.146143753947797,1.5165923252730933,0.8372235459981994,2.9784549122347466,19,D06_px-1055_py-0118,0.9806405426808951,2.9784549122347466,2.8077918046799293,3.0778841385797913,3.4235504553644587,2.078966327876717
-388.166651395692,-197.65567857151584,24.62309793465073,1.484048756944427,31.439880685072865,3.0055961090173784,19,D06_px-1055_py-0118,0.9595976150761747,3.0055961090173784,3.351516095105683,3.523949986217399,3.3235219153736377,2.2027276653990935
-474.3671530013093,54.24835750527458,21.19071326755449,1.502621728916194,4.572936784024478,2.4207483493301827,17,D06_px-1055_py-0118,0.9716070450397024,2.4207483493301827,2.819209143225619,2.0674960470449166,2.4922598591675174,1.3734852258153845
-424.71738112394246,122.79394531217488,22.10587510360517,1.4940235202921146,27.421970585994927,2.25316837125208,17,D06_px-1055_py-0118,0.9660473756211706,2.25316837125208,3.61223119844484,2.0652476685680394,2.6185568673089765,1.0551587358787131
-380.5402281753613,139.55974341968104,26.370893664955418,1.4710344220053533,50.86659801020113,2.183102713608688,17,D06_px-1055_py-0118,0.9511824435995645,2.183102713608688,2.4126004464149013,3.0809587035019232,3.3195079368861427,2.272596449731194
-392.6022885102577,170.8162088903573,19.24236073697768,1.5017634997046152,36.68019370155076,2.1242296892471773,16,D06_px-1055_py-0118,0.9710521072718117,2.1242296892471773,2.647369093522599,2.2430214777018698,3.260034231231975,1.2234490181608022
-446.6933963160565,181.10117179047305,19.80317906602511,1.5076731132483876,1.712846454099406,2.1494378223960013,16,D06_px-1055_py-0118,0.9748733099351944,2.1494378223960013,3.265776067099827,2.3200162476034194,3.3358678171926095,1.2707766855925948
443.7110176859907,214.3274502054509,16.815619157854087,1.5183442645468144,5.093398639900727,-0.156996717175689,10,D06_px-1055_py-0118,0.9817733604141092,0.156996717175689,1.1823116885938187,2.155454307088614,2.7284972312094293,2.026992364044454
-352.6817516865085,214.92618542413825,28.547734445442984,1.464854338451837,45.67343885941483,1.9873065285552356,16,D06_px-1055_py-0118,0.9471863528975744,1.9873065285552356,2.690048609137154,2.465476243053088,3.1244980258874686,2.2925810439969414
433.8663792337902,219.6501939337693,27.5157594525702,1.4839659220456598,1.645496556951798,-0.138334637021799,10,D06_px-1055_py-0118,0.9595440533781981,0.138334637021799,1.6223673238157699,1.8633495924170296,3.6520783165130375,2.184188067158771
383.1843840869884,232.1971777327288,17.742140453783065,1.5099501911334785,23.87362945765477,-0.0621839149900763,10,D06_px-1055_py-0118,0.9763456864306775,0.0621839149900763,2.06114581988533,2.4155165707018442,3.1664337612392126,2.020221849981021
324.36211281249734,263.07264771892187,27.33707606634892,1.4704315347261028,42.80892122426548,0.0744606780312496,10,D06_px-1055_py-0118,0.9507926119362708,0.0744606780312496,2.028798566014026,1.9832798072392548,2.061625187089232,1.8162663201278013
393.75297155252485,274.06346145090066,21.13072451310484,1.5031366274865592,3.096605098203895,0.0010763132303656,10,D06_px-1055_py-0118,0.9719399825108039,0.0010763132303656,1.774860066126209,2.2086011306844666,2.8487479260598536,1.6449732864739546
-337.6951071644788,276.3065392321494,24.010939161417586,1.4863371203712803,31.01524590576804,1.8488649107207853,16,D06_px-1055_py-0118,0.96107728889185,1.8488649107207853,3.2868848519790115,1.9271568544615483,1.908584815463809,1.4643817022335668
-317.4706811959213,295.256891105608,20.20606405341869,1.499216916471467,33.11391410163816,1.7854530297990845,15,D06_px-1055_py-0118,0.9694054664955656,1.7854530297990845,3.266220085081952,1.6352058707001365,1.956870631474239,2.5826950770834527
-300.2085623097886,297.20928843557255,20.531767043671607,1.496162299524877,40.289050422307696,1.754235311654917,15,D06_px-1055_py-0118,0.9674303271187743,1.754235311654917,2.8442950841309345,1.5395762670750794,3.0956552296667965,1.4053418182486714
-273.35165529977803,303.303142296619,25.829817449940265,1.4737774104082886,48.99090877724552,1.69732152651983,15,D06_px-1055_py-0118,0.9529560815055439,1.69732152651983,2.9088423302098922,2.205232991473794,2.374351413571168,2.4698119570119887
-336.8205953507649,302.30540735833773,26.17898037143624,1.482041284581002,20.29861156526897,1.8031662810084408,15,D06_px-1055_py-0118,0.958299567634499,1.8031662810084408,3.2856031623075728,2.6223620508786576,2.487274934761092,2.331721568631616
-227.1200340211153,352.4980340595028,25.21706307985181,1.4785413560209932,41.9148023094026,1.5361856708066406,15,D06_px-1055_py-0118,0.9560364862610564,1.5361856708066406,3.220558607740557,2.2049079446231397,2.1633432333243956,2.027313523412184
-198.43962484728263,360.980855490897,22.79750663770301,1.4858576489276694,46.92129227062185,1.4664476237129254,14,D06_px-1055_py-0118,0.9607672588799429,1.4664476237129254,3.0193714299480643,1.6325698351478684,1.9235624678084227,2.497383613018524
-22.58156442071849,-471.65259026010096,15.83670545785725,1.5192441389587852,8.310234576723076,-2.225616863463971,3,D06_px-1055_py-0118,0.9823552262965841,2.225616863463971,2.736774436482947,2.8631697409905357,3.6894684428643165,1.5689544157247952
-121.69851230081402,-448.109898442816,21.475145262239607,1.4997643346591591,13.058896323634826,-2.4429614678035283,3,D06_px-1055_py-0118,0.9697594314073655,2.4429614678035283,2.114113302383614,2.3921750133112036,2.886083391214571,2.124472803863304
-181.3661229574866,-407.6590199225074,24.05339849063052,1.48804843361537,24.62898513772717,-2.5963777206316943,2,D06_px-1055_py-0118,0.9621838375143211,2.5963777206316943,3.8879498161579225,1.719501225218317,3.565090876276831,1.8945250657293133
-153.80424062705725,-406.4915506672968,23.278652513020177,1.4885798969886272,32.1859631665817,-2.5394978412120035,2,D06_px-1055_py-0118,0.9625274859174422,2.5394978412120035,2.0914518030359406,1.9911284291367815,4.2383349147074325,1.7611969601813384
-287.03045653241384,-357.444883257316,24.3331364574359,1.4893157673264754,16.675860513660496,-2.854347161971264,1,D06_px-1055_py-0118,0.9630033054738416,2.854347161971264,3.4339196946608603,2.264622264544644,3.0279163845831736,1.9436176975757578
-226.36580636220185,-349.6024586876769,27.73737612962856,1.4686940776557844,43.50857300333036,-2.752388003029452,2,D06_px-1055_py-0118,0.9496691585098433,2.752388003029452,3.043304431617817,2.9151146911196824,2.760106520004037,2.09390628118118
-274.5256874393151,-343.5739143013731,24.824323775537152,1.4841721032337545,28.710328766373607,-2.851924742542088,1,D06_px-1055_py-0118,0.9596773717583682,2.851924742542088,3.325404796154646,3.1035715337086045,2.1413188110833703,1.5258248906930523
-352.14362484382445,-273.0820549695857,12.939970155680328,1.5261521666425275,25.7007132524501,-3.088959259524297,1,D06_px-1055_py-0118,0.9868220114066959,3.088959259524297,3.2591814372520584,2.2648035035966796,2.3563898819566904,1.9639771617255501
383.1842727510368,-272.58357445296093,16.175067305512982,1.5179272108662498,9.555831358998944,-1.2252918286275798,6,D06_px-1055_py-0118,0.9815036902194099,1.2252918286275798,2.681828955032585,2.1414234584562193,2.311952141961278,1.79934335121161
330.12521539726043,-270.0620525903829,23.826742490067204,1.485062979092307,37.38628319984059,-1.2926357394106542,6,D06_px-1055_py-0118,0.9602534191053274,1.2926357394106542,2.744093122412156,2.3446626727215563,2.2128803244907007,1.7041100256738115
-444.4453517537822,139.84065085879854,18.37381741844723,1.5102012897105948,12.235109636883124,2.2297790863328726,17,D06_px-1055_py-0118,0.9765080487483724,2.2297790863328726,3.127120034149132,2.639675043534875,3.047855927842411,1.5134778985318094
-398.31331841108135,145.6168265019897,23.674923293269728,1.4851228788794282,38.96645015035324,2.184123351528381,17,D06_px-1055_py-0118,0.9602921507794695,2.184123351528381,2.851283403435839,1.8571767201383058,2.6259088102727572,2.600766290350618
396.6734480879138,220.0360825963092,22.589890205522067,1.4943306259923137,19.93066321439369,-0.1005324919702028,10,D06_px-1055_py-0118,0.9662459525857806,0.1005324919702028,1.5689530397499378,1.5284415677681709,2.7741024138916393,2.692194150033089
-394.62903069761086,224.1105715833693,20.44289100090981,1.5016058675441768,19.949780239230904,2.0181296229932686,16,D06_px-1055_py-0118,0.9709501810753116,2.0181296229932686,2.4428266544252457,2.876662387080732,3.7047712852016805,1.746875438294929
-354.84145609301896,258.5105000833405,16.879561917231285,1.5117142177242977,29.780936855667903,1.9049989534129863,16,D06_px-1055_py-0118,0.9774863199183308,1.9049989534129863,1.9267533507167816,1.934044221921912,3.0659364789753774,2.405664695127382
343.90333938628737,262.1253482602216,18.461799784003176,1.5052058774862531,33.97111459330358,0.0442880522504137,10,D06_px-1055_py-0118,0.9732779758586715,0.0442880522504137,2.155182105506941,1.9435297301954473,2.454064750042866,1.7317409758279805
429.0550191849629,262.6132314095651,15.086639449829365,1.5246895543001164,11.682991943455306,-0.0577296828966665,10,D06_px-1055_py-0118,0.985876274746097,0.0577296828966665,1.859561299094441,2.7034738002965844,2.685569998794409,1.2293315620866574
-364.127686672142,287.97771203778524,18.00825268642285,1.511189018124489,13.35006874062259,1.8654640172696408,16,D06_px-1055_py-0118,0.9771467217204568,1.8654640172696408,2.804313945663027,2.0012776871871862,3.8773872183457243,2.7037934106506847
382.7586722918314,290.6136398865973,24.069171866905208,1.4938971485884878,2.3387163355701546,0.0424221646000568,10,D06_px-1055_py-0118,0.9659656626822621,0.0424221646000568,2.7370684471182694,1.6151225585331193,3.026967851372196,1.8082188729783655
-221.63052822414647,322.60760045393783,23.14025989370112,1.4800898825618622,60.18219369071247,1.5657626581628463,15,D06_px-1055_py-0118,0.9570377757190656,1.5657626581628463,3.683822010561286,1.691415605824898,3.2763404553557827,2.6984326079281926
-312.6403474382028,349.8616669355339,16.232047028721183,1.5176230039320968,10.233248212079673,1.6930910079947767,15,D06_px-1055_py-0118,0.9813069876197568,1.6930910079947767,3.1270255129034066,1.7634847534879061,3.1260706398517595,0.9740542752673229
178.6042809719531,371.0814930632004,20.31631330229436,1.495045811376854,47.186891669588704,0.5152347535724223,12,D06_px-1055_py-0118,0.96670839708845,0.5152347535724223,2.200935128769412,2.0430188023316274,2.547294056019123,2.606947305963793
-215.92918012893995,385.3316709819027,15.340213236536158,1.517417370792627,28.12420669726725,1.474588462665849,14,D06_px-1055_py-0118,0.9811740236121442,1.474588462665849,2.0800296589049405,2.211231260872103,3.4667185064693813,1.9888302019115194
180.22155007828903,401.5321320181855,14.333654876741662,1.520734471037387,29.20537163057304,0.5419323639062305,12,D06_px-1055_py-0118,0.9833188867569334,0.5419323639062305,4.047384981126757,2.0388361832193946,3.1242342372484164,2.1988427671633906
-133.7251351894782,-474.6892231573454,18.315919069012462,1.513720702603328,5.436563118988715,-2.4523703864846373,3,D06_px-1055_py-0118,0.9787837288448192,2.4523703864846373,2.9842392801869213,1.979423358884231,2.331133126889813,1.361461034262359
-266.50477226106864,-416.16589477842166,18.502496815094844,1.5132592520862105,6.10881770644653,-2.7473593612578844,2,D06_px-1055_py-0118,0.9784853513059214,2.7473593612578844,2.8397886309949,2.3795815789095585,3.220928211548248,2.0997397003469094
-213.956669576165,-403.1561066582325,25.7391948760328,1.484252126613724,17.86132785229347,-2.66568410668858,2,D06_px-1055_py-0118,0.9597291155061459,2.66568410668858,2.8800907782862866,2.270828193536046,3.7571148838290087,1.6984556550338712
-248.1502437276293,-381.0854252438534,17.28747736812926,1.5123787278178296,19.54623797410858,-2.754971011169974,2,D06_px-1055_py-0118,0.9779159973786995,2.754971011169974,2.616291928511099,3.45097970221443,2.4827672429691274,1.9081813133540044
298.84762115959205,-368.2352063943162,15.513146316973462,1.5205136085014352,6.9953939041051285,-1.4960214257059443,5,D06_px-1055_py-0118,0.983176075301604,1.4960214257059443,3.428339694780756,1.996055460498733,4.013150661861229,1.97216777278043
-313.0142845883566,-363.98439118999744,14.669809867143783,1.5238186783838328,3.256881050112895,-2.888027453152968,1,D06_px-1055_py-0118,0.9853131595193346,2.888027453152968,3.659547263328097,3.5439869713970795,2.5536153011778615,1.7458829198859072
244.382489236804,-347.47858278872667,18.37569528129768,1.5043463168562374,38.9061499620621,-1.5648370169018584,5,D06_px-1055_py-0118,0.9727221771851328,1.5648370169018584,2.470308784468682,1.1852133880630138,2.871283305714107,1.6463251209020124
-287.7934972807274,-340.7909219287697,21.537446880911432,1.4966487125266308,24.910401160870776,-2.879060612139296,1,D06_px-1055_py-0118,0.9677448455968505,2.879060612139296,3.8191512384352144,3.365516893327469,3.8080977270647374,1.6596891643422071
-356.5231789128512,-290.3056732523877,20.997603548141115,1.500649995222762,16.05825512092224,-3.065191157503196,1,D06_px-1055_py-0118,0.9703321065035331,3.065191157503196,3.3612467910841692,2.5718101624707397,2.411133540031419,1.4327150878269772
369.0499080004686,-230.24713701099125,20.64206987862821,1.4979183673860383,32.15140813541029,-1.1647813972917902,6,D06_px-1055_py-0118,0.9685658144291454,1.1647813972917902,3.4299705501273987,2.100451891888238,3.308440697228926,1.7500053337513934
386.92353496038953,-213.1081545340446,23.954916678203688,1.4875585787919416,27.522194090933453,-1.110418240891089,7,D06_px-1055_py-0118,0.9618670935272412,1.110418240891089,3.4933261246987475,2.002302805399567,3.678023409496624,1.5361986037269597
-443.2151716873794,-161.32992044195825,18.19720079220445,1.5115107340869407,8.522644837212056,2.883704454709946,19,D06_px-1055_py-0118,0.9773547457957145,2.883704454709946,3.0014759174496586,2.718011263618253,3.014780573900562,1.7769744940360255
415.8942403924072,122.37939033250348,22.485024357918974,1.4911720042198002,32.956382641833954,-0.3208007247076244,9,D06_px-1055_py-0118,0.9642035628693725,0.3208007247076244,1.5594101503803797,1.7206194409648434,2.6329113573966483,2.071170740205167
421.8609499332193,156.99184395696943,19.89182362574292,1.502913537789512,22.38680194807489,-0.2507175514396992,9,D06_px-1055_py-0118,0.9717957309555685,0.2507175514396992,2.5688704190983866,2.17933303663131,3.0280213468708164,2.338843208912104
-363.3039314540279,301.7269223251908,19.548187063586283,1.5072008046968692,8.053521783838221,1.8415444097138844,16,D06_px-1055_py-0118,0.9745679115057315,1.8415444097138844,2.428917192656738,2.986551893505543,2.2666222927820665,1.9686902624712834
-347.35565738045784,338.2288430576124,23.106578500376656,1.4976047109341353,0.3379547864622054,1.7625266292296735,15,D06_px-1055_py-0118,0.9683630016968877,1.7625266292296735,2.500460809877564,2.5837957550657658,2.618858035776139,1.9198326808381048
-154.69309994313434,375.13958075387177,14.526354461222011,1.5157775221792475,51.4853739037423,1.3549339618311895,14,D06_px-1055_py-0118,0.9801136845827684,1.3549339618311895,2.4394318488810613,2.6342981943730157,2.483593957625711,1.8840459155173466
200.64860202590395,412.498204736254,17.725572566932442,1.511416613662516,16.956130781963225,0.5110896850494088,12,D06_px-1055_py-0118,0.9772938867879594,0.5110896850494088,3.3801391704624364,1.5570914686017758,3.110913898586605,1.3922299645465925
-107.40366292859336,-468.5142332389794,18.03875810319579,1.513124096002697,2.6897783941489024,-2.403125271808629,3,D06_px-1055_py-0118,0.9783979583177896,2.403125271808629,3.346586873271467,2.3261819159149493,3.037993189467099,2.672906437746388
-322.8267631213554,-373.2838456317248,16.777646624938484,1.5185421511811297,5.579899404584069,-2.890816277869505,1,D06_px-1055_py-0118,0.981901315470475,2.890816277869505,3.1866438675378213,2.636194308565245,3.097760527603557,2.6176516168734913
-332.8646645185271,-344.4051453320816,18.7334550402602,1.5106967462417709,3.7492468188160046,-2.946135961407629,1,D06_px-1055_py-0118,0.9768284148438028,2.946135961407629,3.0552861118975114,2.8170173879020393,2.744643505843641,2.4464847594279675
-315.46010141593905,-329.58228303054494,14.462325540268637,1.5220655312570488,18.74639611540789,-2.941284102467748,1,D06_px-1055_py-0118,0.9841795607788166,2.941284102467748,3.544280615668387,2.4167648502443804,3.428493195963835,2.362806614192335
335.78602042531656,-303.6947931197253,15.956657910182514,1.5166280737449769,20.92395643037912,-1.342236505404819,6,D06_px-1055_py-0118,0.9806636579243813,1.342236505404819,3.676664081298443,2.161819689479857,3.6074037457807417,2.4283290147004597
441.0307653084024,-208.1881517054816,18.773183689803204,1.511644840743084,1.9159384061103424,-1.0480174019544302,7,D06_px-1055_py-0118,0.977441460215843,1.0480174019544302,3.952982440553719,1.9680329127652865,3.820946953106108,2.386816234405628
-427.6455673385142,164.50059506116713,16.855203573049778,1.5142624450178117,17.341618094491423,2.1673954296343525,17,D06_px-1055_py-0118,0.9791340237569586,2.1673954296343525,2.79186136092238,1.9935449495440636,2.3407097112849646,1.871493535135071
-399.28405972928175,180.91321523351127,25.02708012280561,1.4831860245300246,29.6144577689347,2.1091891967286127,16,D06_px-1055_py-0118,0.9590397655018696,2.1091891967286127,2.036001387725304,1.1114659022062547,1.73331656852985,2.0690551804394146
381.9332521569579,210.81430810220743,21.98487347025946,1.4934204820288028,31.229209708584,-0.1026278908537773,10,D06_px-1055_py-0118,0.9656574463303937,0.1026278908537773,1.5050013707138754,1.198967692945756,2.757363396568872,2.364694470804671
418.1612228310533,255.4057440586745,13.756758149214022,1.527630006242655,3.147036631952517,-0.0586690971434208,10,D06_px-1055_py-0118,0.9877775941320691,0.0586690971434208,1.8677382638927627,2.2221839416282556,3.0793739458135865,1.700637574503311
300.2007656068522,276.7855055327244,25.14446977919397,1.476340869484194,49.04311735616983,0.1378588821541928,10,D06_px-1055_py-0118,0.9546136343346363,0.1378588821541928,1.8039480177015172,2.2827537312207307,2.7133733510535576,2.1030739588855036
-347.78273146601583,300.48632472876324,20.450912810581823,1.5024477847082247,16.19574210604452,1.822043910732064,16,D06_px-1055_py-0118,0.97149457134479,1.822043910732064,2.419773780889131,2.2232146758205715,3.291326056539628,2.6375990757814156
-302.52647504321175,316.34778991968426,18.0449340256252,1.507458240252963,30.5546827106931,1.726885676799049,15,D06_px-1055_py-0118,0.9747343713639454,1.726885676799049,2.655546422549866,2.6539732714088493,2.8168608322654674,2.1958472037122165
346.3649440826573,319.1892556128699,13.849200487910425,1.5255914574570368,9.174286288124392,0.1376096322241619,10,D06_px-1055_py-0118,0.9864594524310353,0.1376096322241619,2.1637805022805914,1.8829886990373028,3.283664263589168,2.9025364967925236
341.6547692410184,352.6320611658957,17.358822817310852,1.516458660445699,3.975430699741764,0.1942282031481317,11,D06_px-1055_py-0118,0.9805541139507157,0.1942282031481317,2.115250731134014,2.11466521706649,2.6550026388140093,2.215823859693109
320.02469529029406,356.7050615522012,13.300310118155778,1.5281238948745406,3.865374051286665,0.23256802874106,11,D06_px-1055_py-0118,0.9880969464114688,0.23256802874106,1.6760481654232706,1.8356023361956795,1.6695270798540132,2.0842915395346338
-238.6396987559508,360.903116407593,13.570279965313205,1.5225809186007573,34.08370452896895,1.5480455837217757,15,D06_px-1055_py-0118,0.9845128142946118,1.5480455837217757,2.894831427436405,2.353103732533106,3.1329451983330348,2.1188339923747948
-170.7974607099895,394.0602501539881,14.551195616340124,1.5187192074047942,36.101259886487696,1.3728058484613412,14,D06_px-1055_py-0118,0.982015801419247,1.3728058484613412,2.408599376886106,3.3438494404757693,2.4843486610208716,2.8315367264462257
-249.7393339414914,397.0918044619034,14.373345711584705,1.523691995732693,10.39250252240015,1.5252306646464855,15,D06_px-1055_py-0118,0.9852312455193153,1.5252306646464855,3.1518752427317676,2.02164578965204,3.075921292821164,1.65556408121338
-26.68273231836119,-489.8497175475671,14.301127317500004,1.525977572822634,3.550978622913988,-2.2321933421359117,3,D06_px-1055_py-0118,0.9867091176675967,2.2321933421359117,3.491525198472455,2.7891692323124824,3.4070555011209995,1.1703484233266914
-254.883975576954,-395.51844429210695,18.77407041360044,1.509489191384889,9.222197566854277,-2.750225510324483,2,D06_px-1055_py-0118,0.9760476003622601,2.750225510324483,2.3079095524119,1.888576331131849,3.2915034780095525,1.6558191317814541
-268.1378493514459,-388.2698707031763,17.193314726220024,1.5147974590582494,8.45367809912267,-2.7821628916869394,2,D06_px-1055_py-0118,0.9794799680494448,2.7821628916869394,3.500953595092569,2.5120086365299046,3.7754031212809913,1.9113536513340101
-284.3084300935416,-375.4756062662806,17.125474381302354,1.5149128881022915,9.034423139989885,-2.8258661888062098,1,D06_px-1055_py-0118,0.9795546053784779,2.8258661888062098,2.8626077044982257,3.4676449408605796,3.023002120527636,1.7680053979020485
302.4061660061002,-336.26560198428405,17.252866894875865,1.5121720091957431,21.17985081371063,-1.4453435047798624,6,D06_px-1055_py-0118,0.9777823314894774,1.4453435047798624,3.7013221390326985,2.1998709296088412,2.9180772191465625,2.1949485204805015
-286.15009606852004,-328.3406286015204,23.89693998050552,1.4865833531164827,31.54029120791455,-2.894622258998445,1,D06_px-1055_py-0118,0.9612365049243046,2.894622258998445,2.806529435382449,2.784348529791658,3.2901077336957067,1.5118808217642812
309.59168932168564,-297.45417183609624,21.40093435106661,1.4942583674978775,35.758673251328275,-1.3723859594819543,6,D06_px-1055_py-0118,0.9661992296741475,1.3723859594819543,2.7558824053023563,2.647555095087411,2.906242614384104,2.160383134989331
280.806466696218,-294.3422547817956,25.011390204638587,1.4764882566951891,50.04091466456293,-1.415907765618602,6,D06_px-1055_py-0118,0.9547089360661339,1.415907765618602,3.5578827221397593,2.073407599123368,2.8542715907140304,1.6237141371900181
415.3148110984022,-255.04297403179507,17.6806175406262,1.5150429094654687,1.6421455466400516,-1.1576989832241982,6,D06_px-1055_py-0118,0.9796386782159976,1.1576989832241982,2.979018972515469,2.373541044288689,3.2383940118047905,1.7105098370823841
353.9169659982377,-205.3826305242024,25.346738937783243,1.4757860543086576,48.46316863632279,-1.1327975349719004,7,D06_px-1055_py-0118,0.9542548864722352,1.1327975349719004,3.4133378204433997,2.145871251698635,3.5911430514963794,1.4909128574136086
-420.8527083124865,-191.0669136967968,17.325204954189473,1.513191391531413,14.71845026699583,2.9607880419198747,19,D06_px-1055_py-0118,0.9784414721366982,2.9607880419198747,3.221378400361109,2.987417797997521,2.475958662343003,1.978738951569599
293.8474703734652,298.1068035268572,19.82640235584455,1.4980553347465206,42.84175958801711,0.1856138826779444,11,D06_px-1055_py-0118,0.9686543786032313,0.1856138826779444,2.202197936788519,2.3627575167824344,3.040107129619041,2.782463531830536
383.4379535698407,300.9270091335826,13.523851685622958,1.528136708805311,1.4699308058373504,0.0584320681011308,10,D06_px-1055_py-0118,0.9881052320000315,0.0584320681011308,0.8192278187131288,2.4990587860019424,3.037546826687894,1.763974115422172
-352.97025635016973,322.8422501672984,15.27669923384343,1.5217027464101434,4.34376770716176,1.7937658814604394,15,D06_px-1055_py-0118,0.9839449812393998,1.7937658814604394,3.1099211734421783,2.2680333215432302,4.509544130267367,1.4458289722738358
316.1270975718662,342.8800049417565,12.292921514107832,1.5302668311651817,12.252805102948455,0.2189921327659966,11,D06_px-1055_py-0118,0.9894825858954392,0.2189921327659966,1.690244197134618,1.3833500458836738,3.5286875385832817,2.6124349570836567
200.640595214256,358.94426377475907,19.44037406210492,1.4981926760502915,47.648221609767575,0.4541096953725357,11,D06_px-1055_py-0118,0.968743184571993,0.4541096953725357,2.510350194491694,1.9650489648370373,3.2669835273222665,1.8435875116472409
304.1963669203915,369.56868480766616,18.247794811787003,1.5122133174779169,3.979520536006305,0.2751412679440372,11,D06_px-1055_py-0118,0.977809041750088,0.2751412679440372,2.261003641001855,2.066183381703488,3.009608910925575,1.4137997283754413
-140.6156339767477,378.4590859907696,18.91738413501696,1.498835194406294,52.53350829060736,1.3195574333971791,14,D06_px-1055_py-0118,0.9691586420016615,1.3195574333971791,2.6916794899565573,2.6386716636385454,3.2392061465246886,2.348523801408251
236.2136703835008,384.20937249042777,16.333183460014368,1.515139482176788,22.03006495203056,0.412582655444864,11,D06_px-1055_py-0118,0.9797011228917738,0.412582655444864,1.9864382910418712,1.7944755792879592,3.4295460116869934,1.9427830268508803
-206.6861427849053,413.5126811007873,15.82014833245347,1.5181967728441883,14.739329248002832,1.427328587025087,14,D06_px-1055_py-0118,0.9816779911175,1.427328587025087,3.466493283804194,1.6329569946486884,1.6192853946841965,2.6013517596280273
-92.66558534144328,-448.5555562871948,11.92034561234766,1.5307786178673757,17.687607234102302,-2.3814966300525,3,D06_px-1055_py-0118,0.9898135112080713,2.3814966300525,3.702577297177012,1.270836413451668,3.2199283037360042,2.2174690150667757
-154.49956553579855,-448.7379279368213,18.681376191311927,1.5103114647910505,6.595126802740083,-2.509361930715086,2,D06_px-1055_py-0118,0.9765792888231688,2.509361930715086,4.118104572755385,1.0766655802804068,2.9302645077984995,2.3209494211873887
-177.22179557362298,-436.1314743915388,13.776717795537024,1.525804204213788,9.33767159369171,-2.563743908317938,2,D06_px-1055_py-0118,0.9865970161596112,2.563743908317938,4.23934517071441,2.2666082341960982,2.864890425597543,2.4914956062999387
-245.3170333867467,-416.4600999691468,15.51119277246994,1.5214647691088348,1.0889346506941138,-2.710107139986912,2,D06_px-1055_py-0118,0.9837911032419894,2.710107139986912,3.532225579198986,3.339858149183703,3.444811512851998,1.188134169438984
-303.37609535512763,-378.30219995580575,13.232634098456003,1.5288391877497474,0.1667704420681275,-2.8536992990979617,1,D06_px-1055_py-0118,0.9885594604184497,2.8536992990979617,2.484596383889971,2.000502534873518,2.883164084389701,2.578905225753194
-345.2671637047309,-352.7921336513612,15.771081177138,1.5216833589479686,5.603712565786736,-2.952394596101088,1,D06_px-1055_py-0118,0.9839324451536557,2.952394596101088,3.017850947540359,3.47492812956585,3.077612302342849,1.8488881070780758
-375.15548813657927,-276.6589966937629,11.961730774238788,1.5313375633748578,12.42010967776605,-3.113150573942445,1,D06_px-1055_py-0118,0.9901749297756403,3.113150573942445,2.897383205572608,3.2812325839931176,3.0508721938971046,2.548232062440058
-377.4001428270528,-243.05775456974987,13.424130500250158,1.5248214484837292,23.55261641620899,3.106781437611079,19,D06_px-1055_py-0118,0.9859615585640612,3.106781437611079,3.017733721274748,2.8708507701614714,2.7370291610912836,1.5669979322187908
417.8401961474067,-172.60197166661322,16.375005007077505,1.5151293064028082,21.33201263682633,-0.9987117809187762,7,D06_px-1055_py-0118,0.9796945431561708,0.9987117809187762,2.4757684173360843,2.360972488738942,3.4230764313859936,2.2260524729967526
-416.3726393916125,-154.05952184588898,14.499853205152078,1.520591984421756,26.7058137367207,2.8889965165005456,19,D06_px-1055_py-0118,0.9832267537889968,2.8889965165005456,3.48618699106743,2.9140491852075083,3.366630857470773,2.2514669880123113
-371.2125060042141,223.40098016160272,20.84925753017496,1.4968961088909962,33.25978626549403,1.9928606733687289,16,D06_px-1055_py-0118,0.9679048140346209,1.9928606733687289,2.6793819660293483,2.222379109886626,3.2846384240137967,1.0439321623285882
433.7799606681397,247.8372857755373,15.417429078692294,1.5233546063010248,9.454226886643596,-0.0878976813724052,10,D06_px-1055_py-0118,0.985013086855413,0.0878976813724052,1.470278261365439,2.0639138303752627,2.716542459849796,2.7308675353509404
398.9904527169842,269.20902587845114,14.030265020659044,1.5259806815129353,2.472841215194876,-0.0134184796739543,10,D06_px-1055_py-0118,0.9867111277712307,0.0134184796739543,1.4983872550575537,1.7425304905930235,2.5578705319190203,2.480634643023751
241.99590545222583,330.74251430969315,20.28403131527961,1.4947969142922313,48.4895752248716,0.3321474525976221,11,D06_px-1055_py-0118,0.966547458273141,0.3321474525976221,2.6419351916352434,1.4943349297053157,2.6020760741003235,2.005850848118037
334.5014028741621,334.5910715314496,13.088654518767328,1.5282611275833402,7.837593769953628,0.1785526469055504,11,D06_px-1055_py-0118,0.9881856821618668,0.1785526469055504,1.7338588769851917,1.938795800869248,2.792101369760956,2.32714916583081
-295.8392970431748,336.66817768249706,12.872913501830736,1.5266364893928308,24.041856983854643,1.684753564770253,15,D06_px-1055_py-0118,0.9871351783117207,1.684753564770253,2.3931702474805263,1.6827335401168035,3.988361419062258,1.1946659954218712
331.7822571175805,363.7299556582381,13.547695693672722,1.5284860984154327,4.650732696582338,0.2243204247149166,11,D06_px-1055_py-0118,0.9883311500738389,0.2243204247149166,1.7814427857861284,2.0325518420620634,2.481992771902956,2.0274307335027313
-190.0577220926362,365.4875536386593,14.642572497072194,1.5161668780843447,47.47610577692723,1.4433451199965752,14,D06_px-1055_py-0118,0.980365445177694,1.4433451199965752,2.7984897147416947,1.827860820343357,2.587979487527357,1.8464119670372134
258.97414800112125,385.9342673871977,15.33055736587039,1.5200934741262393,13.153455453644028,0.372798293699528,11,D06_px-1055_py-0118,0.9829044131054915,0.372798293699528,2.595851666084029,1.2484138762937993,2.4676220492347603,2.6076246795241036
245.057661296766,399.635916978574,12.089924877762485,1.5311405842192969,10.691986079730668,0.4137462395025001,11,D06_px-1055_py-0118,0.9900475615021846,0.4137462395025001,2.9162866940876304,1.5600583003844006,3.714840036973886,1.7665413955233675
-326.7683229591483,-358.9864621564826,12.823088264724504,1.5301793376506814,0.1504370302625375,-2.916226532766813,1,D06_px-1055_py-0118,0.9894260118998368,2.916226532766813,3.159155898798704,2.414088681025262,2.8488678727544494,2.007262074545182
334.77129024722336,-341.44334004465577,16.161992279343224,1.5188446139473837,4.407477302899849,-1.4022441385119766,6,D06_px-1055_py-0118,0.982096890277427,1.4022441385119766,3.5263755580600904,2.2530419010944565,1.911667113210783,2.5635803996794246
323.2811312846138,-295.9946641019632,18.786095499775115,1.5049540759812912,30.117867599676856,-1.3483442783243629,6,D06_px-1055_py-0118,0.9731151590222951,1.3483442783243629,2.232317010303297,1.6350010906238626,3.0684121119880774,1.5768357818792988
365.8915428242681,-247.19078042917343,20.25998918003404,1.5003252081953915,27.912285158677943,-1.2011308707947603,6,D06_px-1055_py-0118,0.9701220966535102,1.2011308707947603,3.5126778862387127,1.3845751314078318,3.011322656481389,1.7455213825476217
406.9847916026012,-184.95565082831928,17.70905431445931,1.509927026463696,24.528425820130902,-1.0335307886483287,7,D06_px-1055_py-0118,0.9763307079727438,1.0335307886483287,2.3137094262760662,1.2560719247657626,3.0124587863384433,2.3620345663614075
417.2247917922125,230.42273073108285,17.45649883690652,1.5145093140602763,5.346378848824713,-0.1023915253250539,10,D06_px-1055_py-0118,0.9792936512242345,0.1023915253250539,1.027184021543892,2.354766380058665,2.310609964436126,2.185716892303378
-262.65559722382227,348.8192703450373,22.94275443009837,1.4901367578549378,30.89589142632161,1.6092254198410552,15,D06_px-1055_py-0118,0.9635341644159257,1.6092254198410552,2.4222388167974356,1.4400515285630815,2.130709482081704,1.6561266054232902
-259.8867569669265,365.3102895132198,15.752549395005303,1.5167924631127274,23.8090511107643,1.5821619795246495,15,D06_px-1055_py-0118,0.9807699533843512,1.5821619795246495,2.6239609519407967,1.981111483946879,2.700738972422041,1.9622698155041878
-308.66514233490807,371.55155475490574,17.518095584135324,1.51505938994574,1.1815210672215244,1.6570264538354271,15,D06_px-1055_py-0118,0.9796493346243466,1.6570264538354271,3.5942764498410438,1.1768044515058569,3.6812640668301033,2.2389671501888424
-248.7894044005959,376.3145088002859,14.1405912666238,1.5226097226538526,22.075473862041804,1.5479702208226604,15,D06_px-1055_py-0118,0.984531439222213,1.5479702208226604,2.0431928293070465,1.6334177837549602,3.098453543449179,2.390757412942653
-177.29106087200364,377.3789117330304,14.717904695253935,1.5165434608025634,44.22731179825257,1.4030104873529536,14,D06_px-1055_py-0118,0.9806089465293785,1.4030104873529536,3.26424107454098,2.376925515073072,2.5034649218754055,2.0576603416852564
-279.5876929572647,393.58841954542606,20.34202659453684,1.5060641642428996,1.175175556727709,1.581458991556199,15,D06_px-1055_py-0118,0.9738329508356561,1.581458991556199,3.306121808817274,1.839282030062523,2.613199304851098,2.5359882696764267
218.93025692196235,417.66052099470136,15.976265724971595,1.5187212107901158,8.712479303206123,0.4810110199335241,11,D06_px-1055_py-0118,0.9820170968239753,0.4810110199335241,3.9077784888670704,2.827476266910832,2.8833165229679096,1.9899655621445573
-171.5034236335932,-461.9221178941876,15.130663873119772,1.5235888812488882,4.989541173373766,-2.5332830410336578,2,D06_px-1055_py-0118,0.9851645708819249,2.5332830410336578,2.4489584570262615,1.6006257733178035,3.5008856148728817,1.0749242096214195
-196.95352391437936,-453.2568651866063,15.895772844907412,1.5213524544259762,5.97839955404902,-2.5876903939827725,2,D06_px-1055_py-0118,0.9837184796834272,2.5876903939827725,3.085252479249493,1.7185082952903739,2.572837516879324,1.813113665006335
-130.26939971959914,-424.60821166539125,11.997629339060666,1.5292617055233657,26.702297408275285,-2.4754585905815865,3,D06_px-1055_py-0118,0.9888326637387546,2.4754585905815865,2.817135486739399,2.062495243695734,3.4370078007956932,2.9127927781459855
-268.97173181708166,-335.27230087060394,18.58383345636525,1.5043782084916923,35.637404676425945,-2.85388639133068,1,D06_px-1055_py-0118,0.9727427985678065,2.85388639133068,3.4758325470241482,2.800182594756105,2.6131456098801538,2.8902771327657355
388.63536495439297,-283.6813706524624,16.05164533602698,1.5195175073483853,2.479851351321031,-1.2375196108441964,6,D06_px-1055_py-0118,0.9825319884504352,1.2375196108441964,3.1382997346823407,2.4356367462778508,3.4345896225510177,2.1477406958187055
418.54289099787,143.32416923452524,13.701107584157512,1.5231865177703796,27.75605156432914,-0.2770590362794615,9,D06_px-1055_py-0118,0.9849043994875796,0.2770590362794615,2.4577042905413546,1.322225330684909,2.6952912518830514,2.5282576676437643
-405.2157846511484,210.35889213500187,10.403726296369314,1.535753747276162,18.69497745619145,2.055780409970132,16,D06_px-1055_py-0118,0.9930304690694803,2.055780409970132,3.5171839719536746,1.752158939008735,2.8998357740590057,2.4779602296386996
-332.9366656331014,295.1473493837132,20.59857818325662,1.4996907431180315,25.709610035527703,1.8093085376411064,15,D06_px-1055_py-0118,0.9697118465372423,1.8093085376411064,3.427363218432057,1.2158557645531503,2.4504589918250903,2.2837207539928217
-268.2683417590601,329.16642017595603,11.398398980569596,1.5295235454961569,39.39316573078281,1.6476332092468815,15,D06_px-1055_py-0118,0.9890019715274955,1.6476332092468815,2.906808729507287,1.7948711752626532,3.4783276679149457,1.137786278482954
-251.8307744417416,328.7756265923351,11.838468547921536,1.5268467222891575,46.192533348008,1.6174577428475243,15,D06_px-1055_py-0118,0.9872711165583461,1.6174577428475243,2.2629817968852137,1.5181957941116626,2.410549985785149,2.3526786961590336
229.81106232909627,356.30037547165904,15.7248830618272,1.513799173633568,39.60553345826554,0.3909698588812913,11,D06_px-1055_py-0118,0.9788344688310351,0.3909698588812913,2.6535713925545936,2.040181125716397,4.486290643247564,2.51174393194086
309.5595936956626,381.0121481608583,13.349478008355902,1.528985228737077,3.729887782027788,0.2815204394425541,11,D06_px-1055_py-0118,0.9886538916711219,0.2815204394425541,3.112324346496444,1.7037109744231402,2.464172765440282,2.079582212491572
282.2450064440339,403.1648737637896,14.200549556509088,1.526433831704668,4.563719344145625,0.3530415663514186,11,D06_px-1055_py-0118,0.9870041382543587,0.3530415663514186,1.819901740001466,2.1729676305316614,3.9817119915617116,2.396343078361965
-226.0314006145583,421.80135488137694,17.913038079995943,1.5132718723370011,4.07342287915003,1.4557482592934503,14,D06_px-1055_py-0118,0.9784935116594836,1.4557482592934503,2.680029165278299,1.838544615435791,3.0878299572314427,2.037940518147709
266.5680665102872,421.0966927161946,14.409938555674556,1.5263430865732817,8.622361154179487,0.3994618454025201,11,D06_px-1055_py-0118,0.9869454617376672,0.3994618454025201,2.880519746102839,1.570715897287248,2.975654092950119,2.4212905215320277
-123.30278071702108,-477.6244040298808,12.875818047035011,1.530660559767444,5.24883401741522,-2.430418210736192,3,D06_px-1055_py-0118,0.9897371739107926,2.430418210736192,3.9122996918308326,2.708465753206088,3.6545259195102684,2.524033262638846
-159.17345633886953,-434.553421619116,12.096632537799051,1.5306047567222114,14.588472496633017,-2.5288903774713023,2,D06_px-1055_py-0118,0.9897010912222228,2.5288903774713023,2.4014929298593595,1.750463158534674,2.6361764373909256,1.6312155267096293
-257.63703755054047,-364.93437939811577,13.67637094382684,1.5237304116152155,24.957487057253843,-2.79250519575475,2,D06_px-1055_py-0118,0.9852560855315299,2.79250519575475,3.3803452394371347,3.472452637893684,3.6604429249478407,1.7622367975038202
-298.48441262801504,-352.6022060895742,15.080970421187487,1.5206161309801878,14.981424112422872,-2.8802454587176776,1,D06_px-1055_py-0118,0.9832423671438647,2.8802454587176776,3.2676181734474694,2.3793778666678698,2.6080087625791624,2.3171828611322267
-342.4885689435644,-308.1400247972908,11.362253252239212,1.5328717875293445,15.970443454392012,-3.0159179176227497,1,D06_px-1055_py-0118,0.9911669711979645,3.0159179176227497,3.3363305416962254,2.866819102292722,2.3511377359077423,1.3191537932743813
372.52149066364416,-302.71599266732727,14.25815597502202,1.5251297959097585,3.312021154039087,-1.2893644504774002,6,D06_px-1055_py-0118,0.9861609384383733,1.2893644504774002,2.5383519365576985,1.1183951552273883,2.814955418203536,2.228437078953426
391.4515203011673,-262.2067509217105,15.176909201016484,1.5212796630242245,9.017556902758995,-1.197170312985812,6,D06_px-1055_py-0118,0.9836714121897264,1.197170312985812,3.509217959108829,1.4024473360218668,3.701931318945662,2.2186406594321775
409.2509981351142,-235.93498637491308,11.406211870096342,1.533666037325172,8.379030293812832,-1.129943646117361,7,D06_px-1055_py-0118,0.9916805393717084,1.129943646117361,2.256823195743421,1.7475830584442418,2.899498367272068,1.655485911303447
424.710956307238,216.648517199658,16.751304221018927,1.51679581704065,5.286666024055137,-0.1352781468247332,10,D06_px-1055_py-0118,0.9807721220605625,0.1352781468247332,2.3265129266216027,1.8150627246992026,3.4305830745850496,1.8617589508290493
363.5081127832064,302.0240372664414,15.332819514749076,1.5209252266154871,8.06741582162141,0.0862967856519335,10,D06_px-1055_py-0118,0.983442230816184,0.0862967856519335,2.511267627088037,1.934452343596684,2.6434083457644704,1.7538315751482545
283.03310508076174,389.5933819074784,11.721999615843856,1.5333642661032576,2.416745688370668,0.3355369980843929,11,D06_px-1055_py-0118,0.9914854117227733,0.3355369980843929,2.305459440785683,2.523636471493914,2.430470493743872,3.139527792812351
-190.47340363930584,392.9975264931304,16.55199587350063,1.512553925873792,31.291644496730385,1.4151239055051033,14,D06_px-1055_py-0118,0.9780292818215999,1.4151239055051033,3.537956540460042,2.8858008095440795,4.13194785514639,2.137102998164838
-143.7210653569492,-450.7479342207182,15.051608695493144,1.5218900604605854,7.756748971849333,-2.4864354509388003,2,D06_px-1055_py-0118,0.9840660999797601,2.4864354509388003,3.6803286285411185,2.7229794805074135,2.7211575455581762,1.7576778751242959
-223.457323892729,-388.2736290793375,10.945250401580608,1.533225952812735,24.24871314672396,-2.6999971392688176,2,D06_px-1055_py-0118,0.9913959772597222,2.6999971392688176,2.9992645864393146,2.289604448035571,1.5347700247105047,1.4194162584426482
-206.08740175294668,-395.2012056642923,15.74913907587876,1.5164881345581536,25.50564728120139,-2.658455208799534,2,D06_px-1055_py-0118,0.9805731721439761,2.658455208799534,2.611819094464694,2.173076445404904,2.9494209839014136,2.010089178027081
-280.88566150526776,-393.6200052181312,12.194291937804168,1.5320195104682794,1.0912882460670517,-2.7975684933486096,2,D06_px-1055_py-0118,0.990615882137477,2.7975684933486096,2.8939252292282465,3.559440172517585,2.1338834073234376,2.211119692294647
386.67900033094907,-239.0083971238988,11.138185906845363,1.5331188004278824,19.955114224988847,-1.1606055982113492,6,D06_px-1055_py-0118,0.9913266916837106,1.1606055982113492,3.2175980380663365,2.514737183535604,2.5483255786733063,2.3284938758256395
421.29036116894247,-221.3756452650434,14.92128896235704,1.5225982889431604,5.941081231420696,-1.0907952794576152,7,D06_px-1055_py-0118,0.9845240460948239,1.0907952794576152,3.5683537814891224,1.8928248716559617,4.004479800800501,2.049096078245614
-406.5881874393152,-206.1069981337085,10.97805132044732,1.533762657852768,19.141776207324824,3.0037800513409905,19,D06_px-1055_py-0118,0.9917430149658657,3.0037800513409905,2.6903924059483475,2.645522437659458,3.512746178215947,1.2975295537593816
406.685748026453,134.3060834792723,21.47630261426445,1.4938035552110505,36.42890568259293,-0.2880107183439684,9,D06_px-1055_py-0118,0.9659051444672402,0.2880107183439684,1.83143891050542,2.5773859808912016,3.045183912446036,2.4746248126604264
392.55216254514414,251.8329464144943,16.688101903708912,1.5158031464173012,12.033219038880588,-0.0365835615874132,10,D06_px-1055_py-0118,0.9801302534169184,0.0365835615874132,1.9421977236800099,2.1751825467841206,2.3178903719377875,2.476732993375103
-354.6026561471115,291.5555508656241,12.723236115691977,1.5281835491985645,16.975550471324027,1.8464793172800336,16,D06_px-1055_py-0118,0.9881355193672389,1.8464793172800336,3.244575976956102,2.158073602623472,3.1083394310659695,2.1232218368865947
-314.4802490304186,306.9576440105743,18.802356994812897,1.5050671301926928,29.379892516132145,1.7613195269646402,15,D06_px-1055_py-0118,0.9731882607658379,1.7613195269646402,2.394742070751231,1.6108556284937894,3.3185432286767673,2.115871170118529
-247.42695009459143,341.00954124802456,18.045332379097545,1.5049978764232963,41.19426539601079,1.5914997660594672,15,D06_px-1055_py-0118,0.9731434807330817,1.5914997660594672,3.3641295280452668,2.7388874334028737,3.9610856889963344,2.0486223528038705
-277.1532691646468,385.3403221825144,12.754482274454915,1.5294801043580062,6.852065005522206,1.5873410149173073,15,D06_px-1055_py-0118,0.9889738821454112,1.5873410149173073,3.1328746695437846,2.0438219881650586,3.0855308836195343,2.218371096176963
245.0838921037487,421.3151789070711,12.105515783236456,1.532605368742949,1.4065236431068229,0.4369532601066178,11,D06_px-1055_py-0118,0.9909947027122828,0.4369532601066178,2.9952315057078875,2.441365496012297,2.4559903358487585,2.1172103432408225
187.7819768832026,-430.6455675065906,17.290009265023286,1.5142375668249926,9.780909847226894,-1.7665851096372664,5,D06_px-1055_py-0118,0.9791179373215332,1.7665851096372664,2.581938560456005,1.998895945761645,2.996696813984709,1.9086531207276822
-231.1463381753951,-415.68555090299606,11.798131549419168,1.532652812603184,6.259891041632443,-2.685260176154616,2,D06_px-1055_py-0118,0.9910253802859935,2.685260176154616,1.7526651349736873,1.2930053256599368,2.313765507740021,1.8886896282885641
-269.9362640339755,-379.2742342364239,12.895917968319509,1.528203922351517,12.777261835076049,-2.796322973657003,2,D06_px-1055_py-0118,0.9881486928084033,2.796322973657003,2.9297714273481765,3.016309383688447,3.0908321169868977,1.9608145795041556
335.2491768392201,-254.0201379887501,14.226576008659606,1.518807597324805,41.87326970465864,-1.255393934795164,6,D06_px-1055_py-0118,0.982072955037713,1.255393934795164,2.4861128365267784,1.899832646942813,3.1400727979954413,2.751583021315213
431.2200277208985,208.43411490713325,11.718928004064082,1.5331712767534655,4.104279147878685,-0.1567330666313544,10,D06_px-1055_py-0118,0.9913606232891528,0.1567330666313544,2.719292410134993,2.4786099606291234,2.8810538870722757,2.01682633423416
354.18318392644795,237.9930839561069,17.919102258940427,1.5062812870588076,37.70034615183425,-0.0153287457692898,10,D06_px-1055_py-0118,0.9739733441585501,0.0153287457692898,1.6731216981945787,2.4176352589533723,3.6155914016709567,2.2948311951638334
-336.0902535945445,276.301444406132,15.333225700122457,1.5166310669891547,32.42313240242822,1.8465381597535877,16,D06_px-1055_py-0118,0.9806655933796423,1.8465381597535877,2.7924053137755114,1.696850980132096,2.3509004818513466,2.4102146344157784
346.9840193964242,288.5663663113758,14.677950268426002,1.520801149283634,21.93422767332214,0.0867595495313001,10,D06_px-1055_py-0118,0.9833620014361355,0.0867595495313001,1.9146374834990736,1.5401776604520976,2.4977759173012495,2.3912339298367926
-273.3153611909853,304.7231300396967,12.998264117992733,1.5219822634043212,49.25697726955622,1.694933252965526,15,D06_px-1055_py-0118,0.9841257191293991,1.694933252965526,3.770419447864892,2.045668911705258,2.6859480255162254,2.283030719684595
-336.7865219753508,303.27842081291533,11.78389463780303,1.5308165222176475,20.819176286290485,1.8015183075647792,15,D06_px-1055_py-0118,0.9898380204595036,1.8015183075647792,2.9118492996282255,2.467345566669917,3.2303865482047134,1.8205813075199297
313.8501190089353,318.8344240731502,11.86680276552528,1.5300119552867402,24.59874733110365,0.1862964942495709,11,D06_px-1055_py-0118,0.9893177811449562,0.1862964942495709,1.922979605794978,2.0683630857594855,2.8865433012227637,0.6461430195534987
-313.48308538824097,329.3087298954039,12.48777282874579,1.5285658072332882,19.85104717145532,1.7245997599272256,15,D06_px-1055_py-0118,0.9883826904232761,1.7245997599272256,2.616232954515697,2.5295896297817846,3.5123328827872884,2.0090216224973005
321.57182714542245,373.7915682371992,13.919061163994968,1.527394723840378,5.160667463815116,0.2533749877542955,11,D06_px-1055_py-0118,0.9876254586775983,0.2533749877542955,1.8152563587753552,1.2516355059289728,3.085648719891286,2.3653708145496934
-193.5155001509794,418.7502272385559,12.17192754225954,1.5302247575117425,15.550310029721118,1.3967090842209005,14,D06_px-1055_py-0118,0.98945538073974,1.3967090842209005,3.157854828076668,1.7557115218531418,2.2445632494102057,2.582572717423611
244.1583624515573,429.3675238503608,12.15411489423434,1.532957764267418,5.642513902166058,0.4467704077771385,11,D06_px-1055_py-0118,0.9912225644339827,0.4467704077771385,3.335463431274433,2.2119338266569906,2.7231912883928957,2.1806924286917466
-166.51468912525235,-449.6296342971208,11.829278021811092,1.5328584794772626,3.76230056491039,-2.5324525550198103,2,D06_px-1055_py-0118,0.99115836610667,2.5324525550198103,3.0733146925141197,2.9989115078997584,2.7377348644263204,2.136003916941257
311.4161319219623,-308.0937845608542,13.940071280527206,1.5218786839881808,30.559988401024214,-1.3870148827521298,6,D06_px-1055_py-0118,0.9840587438630987,1.3870148827521298,2.7963544602006047,1.913708684023665,3.1011133878890202,2.4614769176028597
332.99303567783085,-277.5988784575678,14.362249684283029,1.5198729117948082,33.48569355138318,-1.3019033074813864,6,D06_px-1055_py-0118,0.9827617957647697,1.3019033074813864,3.5010069748408386,2.3592516143240023,2.84282470889366,1.8730016582306217
370.452441793587,-213.47659996590065,14.540351050336824,1.5185243407456648,37.34999182995858,-1.1297595626405492,7,D06_px-1055_py-0118,0.9818897991026228,1.1297595626405492,3.3604716547134723,1.1822118799513892,3.444688662304733,1.5089024454296471
386.0509702968665,-188.0436507086224,14.677710999850262,1.5182587948977344,36.13960262963201,-1.0602502653487529,7,D06_px-1055_py-0118,0.9817180950658282,1.0602502653487529,2.4816046930323683,2.229781126739603,3.2161868339065656,2.1144485147849017
382.1145630153962,259.7353606488311,10.993227933935884,1.5342077493380368,15.121652945567746,-0.0099863995134589,10,D06_px-1055_py-0118,0.9920308146259214,0.0099863995134589,2.150279293798878,1.8411523575448918,3.237867539696531,1.5224223034077937
393.6879007853816,296.7975812462135,13.866820086639848,1.5275530090683307,5.125735596871834,0.0390068715923397,10,D06_px-1055_py-0118,0.9877278071526969,0.0390068715923397,2.6662346217320385,1.9122854522245492,3.1862271248475187,2.4096903865795194
299.2005465761435,355.1198609131067,16.84190732455545,1.5150556649495648,13.339767438432034,0.2636731459482495,11,D06_px-1055_py-0118,0.9796469260124804,0.2636731459482495,2.6862996161094417,2.0832976023540786,3.4898736399521653,2.7768076157489725
-211.04218297921463,353.04262227903035,11.857913607864475,1.5264723643798477,48.02798716900594,1.502603103518545,15,D06_px-1055_py-0118,0.9870290537856254,1.502603103518545,3.352130791766691,1.9377620855516438,3.30189481086803,1.9477540409322593
349.9500869321873,358.88232995857305,12.401772712020032,1.5327513124299446,10.41105328880144,0.191019311305731,11,D06_px-1055_py-0118,0.9910890710497926,0.191019311305731,2.2378918500983445,2.169589429022738,3.0507255262704334,2.5786987131661006
267.23206558697063,371.5367958703233,12.601172441389508,1.528461752652248,17.898193844336788,0.3402803638383991,11,D06_px-1055_py-0118,0.9883154079116088,0.3402803638383991,2.4557663286126425,2.6669045861209906,2.582461271254269,2.5722202820874975
-232.11486587053207,391.9373743795432,13.340609911873685,1.525769868104276,19.259960721094217,1.4984993049939828,15,D06_px-1055_py-0118,0.9865748141607587,1.4984993049939828,2.6973408852630367,2.583493259074264,3.1106635252172756,1.4919692324178189
-268.6171925520133,390.9435797802311,10.414095643760843,1.5370318899912676,7.151415397089238,1.5658322271351577,15,D06_px-1055_py-0118,0.9938569262161225,1.5658322271351577,2.7065259938292057,1.1466807795739715,3.1939136444402516,2.1967420522457157
-261.5827433233419,407.0553211302026,11.948065673574549,1.5328249282569602,0.9086470003296654,1.5349879416962735,15,D06_px-1055_py-0118,0.9911366716233624,1.5349879416962735,3.0523584789607403,1.3843669968141403,2.77069157093426,1.1631485680422826
-229.8549736161777,-378.9239204020245,14.14930430038089,1.5217186828493725,27.223647777037,-2.723033639293972,2,D06_px-1055_py-0118,0.9839552858665257,2.723033639293972,2.1875465283262607,1.8221314728979296,2.1743621146016023,2.062869571306617
339.8556972869878,-289.86268099548914,11.719423855513014,1.530453946195341,25.066011110762474,-1.3131543737346605,6,D06_px-1055_py-0118,0.9896035759477172,1.3131543737346605,2.9995254650740226,2.468118541259994,2.112234671722903,2.3715142572221417
421.5448833257399,-240.64267685283983,13.125437283589974,1.529219231061619,0.1362141634228919,-1.1256961469953857,7,D06_px-1055_py-0118,0.9888051994172469,1.1256961469953857,3.2318855773947694,2.3356024227474688,2.5844635570191397,2.369160282982384
365.49741643614846,272.9790827715281,13.252154336479007,1.5261339338755482,18.82680840736612,0.0345154135636566,10,D06_px-1055_py-0118,0.9868102219559601,0.0345154135636566,2.6116774563382803,1.5986456397190238,2.971074051777016,2.0920145181956737
374.7626874775178,289.47843766136793,12.66696016941603,1.5296668830632467,7.579130422068999,0.0507237418320154,10,D06_px-1055_py-0118,0.9890946547273476,0.0507237418320154,2.2942131138037225,2.0674101808768954,2.7363518582868314,2.6805389818117167
360.16169574749256,314.97761199776926,10.522124901975758,1.5369761685427823,4.464652520965217,0.111592713374179,10,D06_px-1055_py-0118,0.9938208962886523,0.111592713374179,2.680761347474821,1.8084569891487512,2.718255740644302,1.5502382452992265
-282.5255284022096,328.7163070529583,9.87750045600285,1.53575171392523,33.73115787487308,1.6737895705794852,15,D06_px-1055_py-0118,0.9930291542887523,1.6737895705794852,2.277306749987422,1.5995809894116955,3.141058157325049,1.8373960346021208
-233.86308060600183,347.1085122325836,13.727743167178916,1.52037898238819,43.24634800110539,1.5567046908510305,15,D06_px-1055_py-0118,0.9830890249964218,1.5567046908510305,3.0673532315184064,1.8858532137463286,2.456577322907103,2.001342183814713
255.8194369455539,343.3927863522737,9.588702698789746,1.536359757234917,37.14349730382838,0.3235387092608062,11,D06_px-1055_py-0118,0.9934223198819367,0.3235387092608062,1.8827868054179338,2.713793447076215,2.621930022987004,2.7330053455830825
-329.7290210713858,349.0919064960564,10.74099071881244,1.5363975650922257,3.3329593015855608,1.7206984000744638,15,D06_px-1055_py-0118,0.9934467667402592,1.7206984000744638,2.634681651306506,1.350634507925198,2.5025808189131724,2.809662612652882
332.8756643364596,376.91526087048834,12.47867873330921,1.5326375367788156,11.455255729522491,0.2403850673330633,11,D06_px-1055_py-0118,0.9910155028176397,0.2403850673330633,2.165022021320957,2.5667342710186367,2.630126921059717,1.3214484563363849
195.36177031239188,381.65135274202765,12.58936954045106,1.5256529141896331,36.67413813632385,0.4907061075779587,11,D06_px-1055_py-0118,0.9864991908383847,0.4907061075779587,2.6926730044500298,2.2155934073625065,3.0641682755172104,1.2738091568780168
-208.0528096773189,426.4127203807451,13.620326446744514,1.526660527656939,6.943249462156473,1.417749079199082,14,D06_px-1055_py-0118,0.987150721642626,1.417749079199082,3.6938832079329824,1.5137254922593426,2.7597599174185796,2.9543181817234063
-152.8998288623514,-470.8732616850372,12.913670409067493,1.5306882596441935,6.4143459205445765,-2.491750381591744,2,D06_px-1055_py-0118,0.9897550848692718,2.491750381591744,3.566099014560014,1.3941300167343034,3.1081182957172304,1.7069885104049578
-197.71891140252933,-436.5241735971053,10.481351563462624,1.5371598467783305,3.978451510057937,-2.6030713383100474,2,D06_px-1055_py-0118,0.9939396640824655,2.6030713383100474,2.4342444278905013,2.4927855366162612,2.633303138555768,2.019210781558747
-281.0304161569322,-352.79661967792475,12.138491586427849,1.5294171894514106,22.212053037291128,-2.8504274067198097,1,D06_px-1055_py-0118,0.9889332008712688,2.8504274067198097,3.2695846156765445,3.2402029279432147,3.0526811932230506,1.7790415005471911
430.9836043346296,-148.52243620956463,12.836487865574496,1.5275018418517936,19.058795566494894,-0.9388469626591464,7,D06_px-1055_py-0118,0.9876947220274749,0.9388469626591464,2.8226020064974424,1.3546431996482964,3.698579805800924,1.389040699499383
407.9662451995853,262.0127706851996,10.730596814417597,1.5367611245503534,0.3036507249513533,-0.0360779346353926,10,D06_px-1055_py-0118,0.9936818471493934,0.0360779346353926,2.1956653138858186,1.8811039982006417,3.316285357086877,1.6767519729430125
-276.0605582127617,298.8125952740003,12.075055200561962,1.5251635106065196,50.938618609774494,1.7096581123883974,15,D06_px-1055_py-0118,0.9861827386268466,1.7096581123883974,3.5463177076841,2.2717808472812724,3.1187047022333454,1.9008347534531693
-284.2678392536605,360.467582538178,11.636475645361427,1.5318192399458077,17.021712061085907,1.6315730684552876,15,D06_px-1055_py-0118,0.9904863856402529,1.6315730684552876,2.669835717594353,2.7435696132884804,3.7718828391020125,1.9235720918519021
222.6985132359653,404.5803933243143,9.512740478548096,1.5391172883794475,15.308644466669534,0.4606334038940306,11,D06_px-1055_py-0118,0.9952053612391749,0.4606334038940306,3.2365075688495697,1.8870339262910307,3.68232716114856,1.9695416812659605
-210.63929044503004,-425.5957606737749,11.05908105251416,1.534982886475727,6.780921530963383,-2.6373577012688174,2,D06_px-1055_py-0118,0.9925320244043763,2.6373577012688174,2.8880590582428036,1.5625513503922828,2.5757102143985016,1.4349853943588093
372.1934869874784,-253.98821728696475,12.693440408043957,1.527484586188675,22.48065677602898,-1.2058016961065106,6,D06_px-1055_py-0118,0.9876835643797913,1.2058016961065106,2.506028602058482,1.6985877799637665,3.0460492681594733,1.1871619544868466
426.4997509695814,239.181453534384,10.798096343183827,1.5368362902773856,2.382039561355896,-0.0958817028919233,10,D06_px-1055_py-0118,0.9937304499005214,0.0958817028919233,2.3280227932218476,3.0106102845467464,3.069458483511762,2.71091047426627
382.970806329316,274.9654123428711,11.159479117972808,1.534396801118741,8.993087484971966,0.0157119552384848,10,D06_px-1055_py-0118,0.9921530569963561,0.0157119552384848,1.2489425799140972,2.480568092910702,3.156302573786627,2.9567447243490395
283.1492648772239,344.5129955273625,15.4962155779437,1.5173863510323748,25.36879974141385,0.2758744470004074,11,D06_px-1055_py-0118,0.9811539659908437,0.2758744470004074,3.1116016519824745,1.457248201406608,2.2519249788940487,1.7073525475874511
296.8922709633088,378.6682498335842,9.896486940973602,1.5391651890088918,2.7200394575986024,0.298881615623396,11,D06_px-1055_py-0118,0.995236334163454,0.298881615623396,3.024227602752746,1.5075310334003333,3.2989635443600864,1.8557051749480529
-199.00366810797323,383.0855269194631,12.504969948391247,1.5262605329533503,34.76633855054166,1.44292338798414,14,D06_px-1055_py-0118,0.9868920819168012,1.44292338798414,2.8583370246944226,2.217805768505333,3.9674486563975133,1.7910959606064423
-247.06409598087373,-370.4352521940731,8.403014686351924,1.541770873826389,26.098203530271064,-2.7659788961776304,2,D06_px-1055_py-0118,0.996921190489643,2.7659788961776304,3.026863556719257,2.109481718595992,2.2732511971175104,1.5720117255281691
400.40334998494507,-270.7262028615078,13.32182053780582,1.5284184409335355,1.191941077176068,-1.201507637301527,6,D06_px-1055_py-0118,0.9882874022131526,1.201507637301527,2.6682232840476026,2.3342730326243535,2.229013451927289,1.923889362976594
389.6216705715194,-221.2939556577072,9.5715421024031,1.537944742457618,24.2343836038724,-1.1235155701080597,7,D06_px-1055_py-0118,0.9944471838107786,1.1235155701080597,2.0776738329947024,2.044176175664399,2.468007705115891,1.9563002375109393
419.2917474868944,222.49160690656265,9.174991111750783,1.5410676254007418,6.974412283361005,-0.1191239780096505,10,D06_px-1055_py-0118,0.9964664645186131,0.1191239780096505,3.1550011746511193,2.835937369520861,2.741270344101395,2.9189855873094332
-248.93623826640777,354.61520806813843,10.707481599937466,1.532794174969288,33.816183920403944,1.5758769084476358,15,D06_px-1055_py-0118,0.991116786305331,1.5758769084476358,2.6456532145115847,1.7498220714441182,2.1172429235927086,2.6214391012456657
255.82315864488777,411.87018168387146,8.947143010484979,1.5424142478523943,0.3623924754396626,0.4080083389380343,11,D06_px-1055_py-0118,0.9973372012022746,0.4080083389380343,1.9469845472937888,2.500210915141841,3.573987031058121,1.9462044690512066
-49.97090476328787,-479.0489555980901,10.455144031576763,1.5374133280524276,2.3980282469611325,-2.281712693195681,3,D06_px-1055_py-0118,0.9941035670707951,2.281712693195681,3.113706639554149,0.6473128588095256,3.2394196296990136,2.954053836565227
-467.6372801784942,131.20339580444255,13.64962949970527,1.5275873382600995,0.3523471927370565,2.261079099741735,17,D06_px-1055_py-0118,0.9877500046784822,2.261079099741735,2.606138608975107,2.006646623423193,2.9520346092379337,1.7886649323186146
389.2989134486435,239.603827308014,8.925161493496773,1.5407676081615798,18.3783591527785,-0.0552588476656821,10,D06_px-1055_py-0118,0.9962724710087405,0.0552588476656821,2.615586073890402,2.0700030304655748,3.9262595775028553,2.26108197619691
-314.3867464649312,314.29447000751384,11.402122950344449,1.531356807632616,26.46492182468029,1.7493617361758385,15,D06_px-1055_py-0118,0.9901873732642805,1.7493617361758385,2.964135229195157,2.142577738320502,2.7649684163498196,1.4466714229831876
331.2903263664068,306.1281135872939,12.81955276200864,1.5271009733345733,22.16570447933111,0.138963928973976,10,D06_px-1055_py-0118,0.9874355172868734,0.138963928973976,1.9432040989833645,2.1399975438153405,3.0410575632780223,2.5001611825298253
-295.5816996674746,318.27669874756634,9.326536651727965,1.5377746336832785,33.155895164172705,1.7122607237703362,15,D06_px-1055_py-0118,0.9943371901374604,1.7122607237703362,3.303407120192495,2.444516392051568,2.672428210050105,1.8756353507868422
-239.0296950945585,417.6047771495441,10.585836100740948,1.5369631009506737,2.7013402370570816,1.4836817809224625,14,D06_px-1055_py-0118,0.9938124466806704,1.4836817809224625,3.239562406373719,2.8576009428478377,3.084697952772723,2.382927699653736
45.992460485820345,-478.1547490547599,11.02386884279531,1.5355046707795124,3.2143016057054865,-2.0818834685251453,4,D06_px-1055_py-0118,0.9928694142449416,2.0818834685251453,2.683850525058631,2.801859913228749,3.240476830558868,1.6266729324099771
413.9619187436679,238.41160303604505,9.01500926502331,1.541771563949267,5.003103316816919,-0.0844493066833228,10,D06_px-1055_py-0118,0.9969216367285315,0.0844493066833228,2.24603795667523,1.7760315298445235,2.2790261516427046,1.4777351002219161
-304.77015942070227,298.72908739352624,8.953649300226516,1.53852978101442,38.10556238256237,1.7592246978837969,15,D06_px-1055_py-0118,0.9948254743495549,1.7592246978837969,3.083635386031582,1.9055066663732476,2.0072604734383317,2.3132085093780743
308.93370373768045,362.0553211302026,9.218017079985202,1.5410085234943585,6.142032768191427,0.2574229767646727,11,D06_px-1055_py-0118,0.9964282487604403,0.2574229767646727,1.4542975530052822,2.710698644979515,3.3012828503507503,2.3564762539315534
206.06610498593545,415.11837032130063,7.98403087648677,1.5442988999635627,14.295185569191515,0.5030507298033734,12,D06_px-1055_py-0118,0.9985558321014704,0.5030507298033734,2.698033764236956,2.355408569229838,2.5726493531539854,1.6960050947916545
339.9036470734775,-271.52136031843,9.92595006840594,1.5357087850966114,32.694826235812684,-1.280999701619125,6,D06_px-1055_py-0118,0.9930013961700466,1.280999701619125,3.906033050615039,2.4767130385100176,3.085059854773116,1.2070523421864439
404.8733440431745,-227.69560274267243,7.327465219921123,1.546532352340851,13.624767423646633,-1.1192833310134247,7,D06_px-1055_py-0118,1.0,1.1192833310134247,3.3082193744420625,2.023956758372501,3.876571653514865,1.8929998613022154
403.73461958933376,184.8873429937617,10.833666770308696,1.533279906862522,26.804800692853632,-0.1775400759965105,9,D06_px-1055_py-0118,0.9914308643732737,0.1775400759965105,2.3008349967920854,2.0624994085870973,3.245808958989631,1.5630941601490742
381.32751512946646,210.0192742357598,11.82389832239403,1.5290355422815247,32.427568356728216,-0.1035543589497162,10,D06_px-1055_py-0118,0.9886864248052472,0.1035543589497162,3.2983076363472623,2.2277380290531266,2.7094386316434966,1.434910918823521
344.8809036016963,343.68709450780824,8.07243811350412,1.5452948858984137,0.9387365329133104,0.1766848770164771,11,D06_px-1055_py-0118,0.9991998444516442,0.1766848770164771,2.195315953680501,2.3203205712380806,2.903350861851501,2.375826774494379
269.51228300789245,377.5357905099673,7.38854342405881,1.5462962435180556,14.041541579630293,0.3438412152495538,11,D06_px-1055_py-0118,0.999847330175513,0.3438412152495538,1.5588333755053299,1.6971845295861359,2.4471049986842477,2.7169937060364457
-258.38827536635483,383.8629571326078,9.808757239798354,1.538195927742275,14.712147189593566,1.5562781714119027,15,D06_px-1055_py-0118,0.9946096021942523,1.5562781714119027,2.302808105374912,2.2301829812024994,3.0926588597362903,1.1489735605577125
-323.6764901113356,359.29315840761893,14.551904082510871,1.5245347597600356,0.9745687709063872,1.6971124478689037,15,D06_px-1055_py-0118,0.9857761833772701,1.6971124478689037,2.83328834509038,2.3088163209189005,3.009228514522091,1.0439102940685012
-303.2872802356863,-371.0485206997988,8.58212605674629,1.5432522111114737,4.027011781022338,-2.863024302718737,1,D06_px-1055_py-0118,0.9978790348456582,2.863024302718737,2.3341314776487807,2.4285325529399473,2.240995720833001,1.3841153761675555
-237.366238151518,336.73905445050195,7.9897412872072096,1.5409697326139402,47.73109981990058,1.577821560583958,15,D06_px-1055_py-0118,0.9964031662716327,1.577821560583958,2.4231265021985524,1.8125898181630298,2.3982391879184295,2.917844559377479
